1 0 111116 1
1 0 98429 1
1 0 97779 0
1 0 104972 1
1 0 102956 1
1 0 149702 0
1 0 99465 0
1 0 104200 1
1 0 105595 1
1 0 1087875 1
1 0 219732 1
1 0 106448 1
1 0 99103 1
1 0 1525367 1
1 0 97186 1
1 0 102616 0
1 0 106444 0
1 0 100247 0
1 0 4172500 1
1 0 2649076 3
1 0 112202 0
1 0 110297 0
1 0 219733 1
1 0 112795 0
1 0 3204919 0
1 0 102601 0
1 0 802972 0
1 0 109368 0
1 0 97605 0
1 0 101595 0
1 0 110668 0
1 0 96901 0
1 0 96425 0
1 0 105502 0
1 0 107863 0
1 0 112750 0
1 0 118105 0
1 0 111834 0
1 0 105155 0
1 0 2812588 1
1 0 799976 0
1 0 101231 0
1 0 101362 0
1 0 117968 0
2 0 103549 3
2 0 4172500 1
2 0 106843 1
2 0 109246 0
2 0 107016 1
2 0 4170684 1
2 0 103631 1
2 0 106821 0
2 0 105116 1
2 0 104671 1
2 0 104571 0
2 0 108555 1
2 0 95917 0
2 0 105502 0
2 0 145692 0
3 0 4168363 1
3 0 145683 3
3 0 149007 1
3 0 215496 1
3 0 215694 1
3 0 2959735 1
3 0 3162143 3
3 0 145821 1
3 0 118475 1
3 0 112261 0
3 0 111091 0
3 0 145878 0
3 0 117892 0
3 0 118029 0
3 0 111910 0
3 0 112584 1
3 0 112212 1
3 0 903973 1
3 0 112578 0
3 0 145890 0
3 0 130157 1
3 0 623142 0
3 0 117937 0
3 0 107922 0
3 0 118385 0
3 0 118407 0
3 0 2809767 0
3 0 117907 1
4 0 3162143 1
4 0 149007 0
4 0 118029 1
4 0 623142 1
4 0 215496 1
4 0 215694 1
4 0 2959735 3
4 0 118394 1
4 0 111920 1
4 0 117892 0
4 0 145683 1
4 0 111091 1
4 0 145821 1
4 0 4168363 1
4 0 109066 1
4 0 620568 1
4 0 107492 1
4 0 903973 1
4 0 112212 1
4 0 92614 0
4 0 78783 1
4 0 106656 1
4 0 145890 0
4 0 107151 0
4 0 89400 0
4 0 109612 0
4 0 97129 0
4 0 117959 1
4 0 117937 1
4 0 105171 0
4 0 107922 0
4 0 121159 0
5 0 2959750 0
5 0 2811844 0
5 0 4164893 1
5 0 145636 0
5 0 183480 0
5 0 145702 0
5 0 219618 0
5 0 219106 0
5 0 219194 0
5 0 150544 0
5 0 111789 1
5 0 1740 0
5 0 117932 0
5 0 2789927 0
5 0 2657779 1
5 0 145652 0
5 0 105455 0
5 0 108089 1
5 0 90700 0
5 0 107162 0
5 0 110056 1
5 0 111834 0
5 0 88181 0
5 0 118501 0
5 0 108088 3
6 0 3203656 0
6 0 3206414 0
6 0 110319 0
6 0 109592 0
6 0 145653 0
6 0 945737 0
6 0 932059 0
6 0 145705 0
6 0 117947 0
6 0 177069 0
6 0 112883 0
6 0 117932 0
6 0 110654 0
6 0 110056 0
6 0 106257 0
6 0 90700 0
6 0 110887 0
6 0 110176 0
6 0 2959750 1
6 0 3183079 0
6 0 100934 0
6 0 108891 0
6 0 112246 0
6 0 2672209 3
7 0 4162936 0
7 0 802400 0
7 0 3195892 1
7 0 147531 1
7 0 2795703 0
7 0 2797292 0
7 0 2675751 0
7 0 145689 0
7 0 219617 0
7 0 145834 0
7 0 110753 0
7 0 111094 0
7 0 145872 0
7 0 145715 0
7 0 2672535 0
7 0 623142 0
7 0 110932 3
7 0 2678467 0
7 0 147530 0
7 0 820745 0
7 0 111980 0
7 0 217512 0
7 0 84978 0
7 0 145868 0
7 0 99578 0
7 0 118366 0
7 0 108594 0
7 0 130162 0
7 0 134749 1
7 0 110382 0
8 0 112174 0
8 0 145868 0
8 0 145715 0
8 0 134749 3
8 0 4164892 1
8 0 112748 0
8 0 112834 0
8 0 147531 1
8 0 127913 0
8 0 145713 0
8 0 145794 0
8 0 146981 0
8 0 110932 0
8 0 2678467 1
8 0 110974 0
8 0 2670643 0
8 0 145911 0
8 0 855517 0
8 0 107922 0
8 0 102866 0
9 0 4162936 1
9 0 112537 1
9 0 118212 1
9 0 112285 1
9 0 2675751 1
9 0 118423 0
9 0 112641 3
9 0 127923 1
9 0 127887 1
9 0 112230 1
9 0 118011 0
9 0 118134 0
9 0 112293 0
9 0 145680 0
9 0 110873 0
9 0 111694 1
9 0 109720 1
9 0 802400 0
9 0 110233 0
9 0 110295 1
9 0 118318 0
9 0 110543 0
9 0 111828 1
9 0 145665 0
9 0 2790213 0
9 0 2655498 0
9 0 110915 0
9 0 145908 0
9 0 854177 0
9 0 145866 0
9 0 111191 1
9 0 2445368 0
9 0 95907 0
9 0 110895 0
9 0 109193 0
9 0 118209 0
9 0 105502 0
9 0 110095 0
9 0 107371 0
9 0 3212516 0
9 0 147530 0
9 0 118317 0
10 0 112931 0
10 0 147531 1
10 0 112423 1
10 0 145871 0
10 0 111500 1
10 0 121163 0
10 0 4164892 0
10 0 145715 0
10 0 112802 0
10 0 219105 0
10 0 1992989 0
10 0 84978 0
10 0 118213 0
10 0 728301 0
10 0 118226 0
10 0 118087 0
10 0 145794 0
10 0 112657 3
11 0 811228 0
11 0 218926 0
11 0 110916 0
11 0 2810524 0
11 0 2811846 0
11 0 110392 0
11 0 109540 0
11 0 112847 0
11 0 110275 0
11 0 111730 1
11 0 109031 0
11 0 109349 0
11 0 109539 0
11 0 112132 0
11 0 109367 0
11 0 110126 0
11 0 111835 0
11 0 873668 0
11 0 137736 0
11 0 4151824 0
11 0 3171724 0
11 0 3197746 0
11 0 2809767 0
11 0 217512 0
11 0 104940 0
11 0 85814 0
11 0 104371 0
11 0 931123 0
11 0 1747 0
11 0 110800 0
11 0 137744 0
11 0 99424 0
11 0 1758 0
11 0 2742710 0
11 0 3187209 0
11 0 212830 0
11 0 111157 0
11 0 2750102 3
11 0 102335 0
11 0 4170683 0
11 0 98843 0
11 0 2801434 0
11 0 2812588 0
11 0 118017 0
11 0 4151832 3
11 0 3153112 3
11 0 2804672 3
11 0 2641101 3
12 0 110281 0
12 0 145626 1
12 0 112671 0
12 0 137004 0
12 0 118630 0
12 0 118449 0
12 0 109794 0
12 0 118157 0
12 0 4162535 1
12 0 146983 0
12 0 2675750 0
12 0 137736 0
12 0 3153112 1
12 0 2672535 3
12 0 2801435 0
12 0 4151832 0
12 0 145738 1
12 0 111630 0
12 0 110395 0
12 0 110275 0
12 0 809121 0
12 0 183479 1
12 0 811228 0
12 0 2752078 0
12 0 624280 0
12 0 96880 0
12 0 118343 0
12 0 100301 0
12 0 111586 0
12 0 111280 0
12 0 105909 0
12 0 111867 0
12 0 108231 0
12 0 108766 1
12 0 4155979 0
12 0 3211503 0
12 0 3216389 1
12 0 4151830 0
12 0 96838 0
12 0 112024 1
13 0 109535 0
13 0 108605 0
13 0 109731 0
13 0 145817 0
13 0 89923 0
13 0 109676 0
13 0 109536 0
13 0 112142 0
13 0 109532 0
13 0 112326 0
13 0 802973 0
13 0 803271 0
13 0 2959737 0
13 0 111455 1
13 0 2642828 0
13 0 2812588 3
13 0 4151822 1
13 0 811777 0
13 0 4162111 0
13 0 145967 0
13 0 105229 0
13 0 118383 0
13 0 102967 0
13 0 111834 0
13 0 109218 0
13 0 108496 0
13 0 97242 0
14 0 111455 0
14 0 4106440 0
14 0 2812588 0
14 0 111029 0
14 0 2959754 0
14 0 2641100 0
14 0 614392 0
14 0 93720 0
14 0 102316 0
14 0 118456 0
14 0 111297 0
14 0 4170683 0
14 0 109986 0
14 0 620666 0
14 0 145958 3
14 0 145931 0
15 0 111455 0
15 0 4106440 0
15 0 2812588 3
15 0 111029 0
15 0 2770446 1
15 0 4151822 1
15 0 4162111 0
15 0 90648 0
15 0 117934 0
15 0 111834 0
15 0 110590 0
15 0 108912 0
16 0 145817 0
16 0 2812588 3
16 0 4151822 3
16 0 108605 0
16 0 134747 0
16 0 111725 0
16 0 109532 0
16 0 107715 0
16 0 111029 0
16 0 111869 0
16 0 109935 0
16 0 2770446 1
16 0 4151826 0
16 0 145647 1
16 0 111203 0
16 0 118206 0
16 0 2155 0
16 0 212969 0
16 0 102315 0
16 0 90159 0
16 0 87001 0
16 0 105502 0
16 0 103127 0
16 0 89968 0
16 0 180037 0
17 0 4161363 1
17 0 137739 0
17 0 110031 0
17 0 118374 0
17 0 118011 1
17 0 105192 0
17 0 3187209 0
17 0 148484 0
17 0 111122 1
17 0 112428 0
17 0 4161362 0
17 0 108437 0
17 0 110593 0
17 0 118125 0
17 0 117987 0
17 0 105729 0
17 0 112405 0
17 0 118440 0
17 0 2441473 0
17 0 3183080 0
17 0 111302 0
17 0 92658 0
17 0 109218 0
17 0 111168 0
17 0 110810 3
17 0 103841 0
18 0 104630 0
18 0 148484 1
18 0 205712 1
18 0 87295 0
18 0 112428 0
18 0 3183079 0
18 0 110810 1
18 0 112126 1
18 0 107922 0
18 0 2646093 0
18 0 182568 0
18 0 106088 0
18 0 145784 3
19 0 104139 0
19 0 105721 0
19 0 2654533 1
19 0 96615 0
19 0 98107 0
19 0 103133 0
19 0 99101 0
19 0 109180 0
19 0 104895 0
19 0 106639 0
19 0 92051 0
19 0 111195 0
19 0 100157 0
19 0 110209 0
19 0 3203656 0
19 0 137132 0
19 0 109382 3
20 0 95560 0
20 0 102879 0
20 0 104539 1
20 0 107685 1
20 0 112924 1
20 0 104604 0
20 0 107488 0
20 0 104519 0
20 0 127891 0
20 0 109402 0
20 0 106545 0
20 0 108111 0
20 0 118243 0
20 0 2654533 0
20 0 106333 0
20 0 4151817 0
20 0 3158927 0
20 0 99191 0
20 0 106493 0
20 0 108897 0
20 0 147528 0
20 0 118358 0
20 0 100157 0
20 0 110209 0
20 0 4172500 0
20 0 95564 0
20 0 112775 3
21 0 867657 1
21 0 117890 1
21 0 145831 0
21 0 4160986 1
21 0 902267 0
21 0 118280 1
21 0 3181482 0
21 0 217515 0
21 0 118258 0
21 0 112799 1
21 0 111438 1
21 0 2659300 3
21 0 873660 0
21 0 121161 0
21 0 118372 0
21 0 85426 0
21 0 118371 0
21 0 112777 0
21 0 84722 0
21 0 95292 0
21 0 4170683 0
21 0 2646093 0
21 0 2811845 0
21 0 110265 0
21 0 118119 1
21 0 112742 3
22 0 867657 0
22 0 4160986 1
22 0 3181482 0
22 0 118280 0
22 0 217515 0
22 0 118258 0
22 0 145643 3
22 0 112799 0
22 0 111438 0
22 0 130156 0
22 0 112915 0
22 0 117928 0
22 0 111021 0
22 0 117890 0
22 0 112880 0
22 0 118372 0
22 0 2659300 0
22 0 1303477 0
22 0 103506 0
22 0 145644 0
22 0 103406 0
22 0 117949 0
22 0 118284 0
22 0 96577 0
22 0 109807 0
22 0 103971 0
22 0 104572 0
22 0 110265 0
22 0 118119 0
22 0 873660 3
23 0 118449 1
23 0 112257 3
23 0 4162535 1
23 0 142878 1
23 0 111630 0
23 0 4151832 1
23 0 137736 1
23 0 111441 0
23 0 2675750 1
23 0 118044 1
23 0 4172499 1
23 0 2801435 1
23 0 3153112 1
23 0 2810525 1
23 0 2811847 1
23 0 118180 0
23 0 1738 0
23 0 3217227 0
23 0 118233 0
23 0 623242 0
23 0 111993 0
23 0 146983 0
23 0 107645 0
23 0 108837 0
23 0 110548 0
23 0 92144 0
23 0 105502 0
23 0 112324 0
23 0 94035 0
23 0 2657927 0
24 0 4172499 1
24 0 2801435 3
24 0 2804671 0
24 0 1738 0
24 0 112257 0
24 0 145778 0
24 0 109265 0
24 0 112357 0
24 0 182558 0
24 0 93875 0
25 0 112616 1
25 0 105488 1
25 0 118021 1
25 0 134732 0
25 0 100475 1
25 0 111983 1
25 0 111893 1
25 0 101911 0
25 0 111485 1
25 0 118105 0
25 0 98773 0
25 0 3211503 1
25 0 94683 0
25 0 105721 0
25 0 105739 0
25 0 112345 0
25 0 2655499 1
25 0 117845 1
25 0 2621067 1
25 0 110318 1
25 0 97072 0
25 0 106384 0
25 0 110095 0
25 0 109544 0
25 0 94143 0
25 0 105482 0
25 0 109974 0
25 0 106449 3
26 0 219617 0
26 0 145758 0
26 0 117872 3
26 0 112616 1
26 0 625709 0
26 0 105698 0
26 0 108792 0
26 0 118026 0
26 0 626208 0
26 0 104764 0
26 0 112724 0
26 0 110915 0
26 0 100157 0
26 0 111770 0
26 0 145885 0
26 0 2670966 0
27 0 4157382 1
27 0 4157405 1
27 0 4157406 1
27 0 112346 3
27 0 110706 0
27 0 112584 0
27 0 111237 0
27 0 110059 0
27 0 109919 0
27 0 118011 0
27 0 111141 3
27 0 2777833 0
27 0 118475 0
27 0 95586 0
27 0 821305 0
27 0 110320 0
27 0 118506 0
27 0 106577 0
27 0 118343 0
27 0 4154603 0
27 0 145636 0
27 0 104816 0
27 0 103617 0
28 0 4157382 1
28 0 4157406 1
28 0 4157405 1
28 0 112346 0
28 0 111141 1
28 0 112584 0
28 0 110706 0
28 0 111237 0
28 0 110059 0
28 0 109919 0
28 0 111495 0
28 0 112523 0
28 0 112071 0
28 0 2777833 0
28 0 217703 0
28 0 145636 0
28 0 931121 0
28 0 145827 0
28 0 4168298 0
28 0 2679557 0
28 0 4151831 0
28 0 108736 0
28 0 103617 1
28 0 118343 0
28 0 118297 0
28 0 104005 0
28 0 2808290 0
28 0 213842 0
28 0 118489 0
28 0 1269289 0
28 0 110384 0
28 0 104758 3
29 0 205788 3
29 0 112620 1
29 0 4151826 1
29 0 102187 0
29 0 93432 0
29 0 1756 0
29 0 118044 1
29 0 111471 0
29 0 100296 0
29 0 103762 0
29 0 112349 0
29 0 103885 0
29 0 117832 0
29 0 1759 0
29 0 90973 0
29 0 108579 0
29 0 112436 0
29 0 626206 0
29 0 112080 0
29 0 109560 0
30 0 4094005 1
30 0 4157383 1
30 0 98137 0
30 0 109534 0
30 0 105801 0
30 0 205788 1
30 0 106152 0
30 0 108717 0
30 0 98688 0
30 0 103536 0
30 0 87779 0
30 0 99973 0
30 0 118381 0
30 0 89720 0
30 0 145921 0
30 0 112324 0
30 0 145625 0
30 0 1528394 0
30 0 145779 0
30 0 94971 0
30 0 112646 0
30 0 111869 0
30 0 109225 0
30 0 145841 1
30 0 218921 0
30 0 118117 1
30 0 2672535 0
30 0 2642828 0
30 0 802770 1
30 0 118046 0
30 0 145916 0
30 0 84940 0
30 0 2156 0
30 0 109220 0
30 0 117832 0
30 0 105502 0
30 0 104783 0
30 0 112704 0
30 0 117913 0
30 0 182567 0
30 0 110701 0
30 0 92916 0
30 0 118226 0
30 0 102142 0
30 0 93534 1
30 0 89410 0
30 0 89728 0
30 0 145843 3
31 0 145760 0
31 0 4156357 1
31 0 118023 3
31 0 118455 1
31 0 109450 0
31 0 110015 0
31 0 110644 0
31 0 110312 0
31 0 111597 0
31 0 109727 0
31 0 118061 0
31 0 112141 0
31 0 111226 0
31 0 109380 0
31 0 103950 0
31 0 104453 0
31 0 104988 0
31 0 109732 0
31 0 110985 0
31 0 112252 0
31 0 137729 0
31 0 118148 0
31 0 145925 0
31 0 177069 0
31 0 2798228 0
31 0 112486 0
31 0 2959752 0
31 0 148797 0
31 0 111681 0
31 0 110447 0
31 0 616433 0
31 0 2152 0
31 0 2750100 0
31 0 2809764 0
31 0 105502 0
31 0 107895 0
31 0 111139 0
31 0 112744 0
31 0 111437 0
31 0 104267 0
31 0 117924 0
31 0 2795279 0
32 0 4156357 1
32 0 109450 1
32 0 112141 0
32 0 111226 0
32 0 109380 0
32 0 103950 0
32 0 104453 0
32 0 104988 0
32 0 109732 0
32 0 110985 0
32 0 112836 1
32 0 118023 1
32 0 118455 1
32 0 219511 1
32 0 219616 1
32 0 111744 1
32 0 117924 1
32 0 110312 3
32 0 112329 1
32 0 118139 1
32 0 118148 0
32 0 110992 1
32 0 110561 1
32 0 111434 1
32 0 118458 1
32 0 112090 0
32 0 111754 0
32 0 130162 1
32 0 111240 0
32 0 107106 0
32 0 112850 1
32 0 1728 1
32 0 127911 0
32 0 112315 0
33 0 2809767 1
33 0 109532 0
33 0 2676594 1
33 0 109147 0
33 0 110795 0
33 0 109535 0
33 0 100193 0
33 0 85641 0
33 0 118302 0
33 0 121158 3
33 0 109360 0
33 0 2679204 3
34 0 2676594 1
34 0 2809767 3
34 0 92570 0
34 0 2675753 1
34 0 103971 0
34 0 2679204 3
35 0 118025 1
35 0 2620886 1
35 0 3203656 1
35 0 3206414 3
35 0 145704 1
35 0 145749 1
35 0 4164893 1
35 0 118329 1
35 0 112747 1
35 0 145658 1
35 0 145783 1
35 0 118146 1
35 0 821306 1
35 0 218927 1
35 0 219731 1
35 0 945737 1
35 0 3205767 1
35 0 112351 1
35 0 145904 1
35 0 213843 1
35 0 214063 1
35 0 2657779 1
35 0 118176 0
35 0 214467 1
35 0 932061 1
35 0 205203 0
35 0 110916 0
35 0 118160 0
35 0 2678134 0
35 0 623142 0
35 0 145915 0
35 0 118407 0
35 0 812524 0
35 0 4106441 0
35 0 149005 1
35 0 104947 0
35 0 84669 0
35 0 85175 0
35 0 2768888 0
35 0 104667 0
35 0 2654532 0
36 0 3203656 1
36 0 3206414 1
36 0 112351 1
36 0 3205767 0
36 0 118217 1
36 0 821306 0
36 0 118025 1
36 0 118146 1
36 0 145658 1
36 0 2642830 0
36 0 213843 1
36 0 214063 1
36 0 214467 1
36 0 145704 1
36 0 145904 0
36 0 945737 1
36 0 932059 1
36 0 111510 0
36 0 145783 1
36 0 145749 1
36 0 110056 1
36 0 118329 1
36 0 112747 1
36 0 145753 0
36 0 118096 0
36 0 118079 0
36 0 109923 0
36 0 118319 0
36 0 2620886 0
36 0 88107 0
36 0 779833 0
36 0 145858 0
36 0 118070 0
36 0 118238 0
36 0 100465 0
36 0 90015 0
36 0 105224 0
36 0 112259 0
36 0 112069 0
36 0 104947 0
36 0 111777 0
36 0 112476 0
36 0 131163 0
36 0 109087 0
36 0 118213 0
36 0 109098 0
36 0 122254 0
36 0 902769 0
36 0 104667 0
36 0 100648 0
36 0 3170730 0
36 0 118142 0
36 0 106249 3
37 0 118385 0
37 0 4151829 1
37 0 145731 1
37 0 85483 0
37 0 4151828 0
37 0 100246 0
37 0 99471 0
37 0 109065 0
37 0 102316 0
37 0 108530 0
37 0 145629 1
37 0 110774 3
38 0 118269 1
38 0 4154603 1
38 0 1993216 1
38 0 4151829 1
38 0 112887 0
38 0 145855 1
38 0 118133 0
38 0 103954 0
38 0 903975 0
38 0 118290 0
38 0 145917 0
38 0 145834 0
38 0 219735 0
38 0 118315 0
38 0 112910 0
38 0 145731 1
38 0 109065 0
38 0 145629 3
38 0 112896 0
38 0 106715 0
38 0 105502 0
38 0 109813 0
38 0 110774 1
39 0 105058 0
39 0 102086 0
39 0 112568 3
39 0 111432 0
39 0 4154602 1
39 0 2674861 0
39 0 2675754 0
39 0 103135 0
39 0 112420 0
39 0 93335 0
39 0 130141 0
39 0 96872 0
39 0 111502 0
39 0 621044 0
39 0 105200 0
39 0 621090 0
39 0 118182 0
39 0 118457 0
39 0 1731 0
39 0 108442 0
39 0 122254 0
39 0 99304 0
39 0 98478 0
39 0 112855 0
39 0 103899 0
39 0 855518 0
39 0 95048 0
39 0 97053 0
39 0 100157 0
40 0 112573 1
40 0 105322 1
40 0 112730 0
40 0 2681317 3
40 0 112644 1
40 0 110476 1
40 0 105397 1
40 0 106447 0
40 0 110959 1
40 0 111690 0
40 0 105068 0
40 0 145664 1
40 0 104936 0
40 0 112530 1
40 0 798510 1
40 0 105038 0
40 0 105318 0
40 0 111728 0
40 0 625711 0
40 0 91948 0
40 0 98817 0
40 0 145687 0
40 0 145883 0
40 0 799985 0
40 0 112479 1
40 0 103780 0
40 0 107944 1
40 0 931120 0
40 0 105200 0
40 0 145766 0
40 0 108598 0
40 0 97466 0
40 0 621044 0
40 0 1731 0
40 0 92047 0
40 0 112551 1
40 0 96511 0
40 0 145943 0
40 0 112420 0
40 0 103135 0
40 0 3204918 3
41 0 4154239 1
41 0 109186 3
41 0 111198 1
41 0 110132 1
41 0 110075 1
41 0 111254 0
41 0 112585 1
41 0 112924 1
41 0 2654533 1
41 0 2654756 1
41 0 117833 0
41 0 112914 0
41 0 2810525 0
41 0 2811847 0
41 0 111891 1
41 0 98051 0
41 0 1729 0
41 0 112440 1
41 0 89444 1
41 0 3214775 1
41 0 108323 1
41 0 127862 1
42 0 4154239 1
42 0 112914 0
42 0 145121 0
42 0 109186 1
42 0 110132 1
42 0 112585 1
42 0 111198 1
42 0 873669 0
42 0 112924 3
42 0 110075 1
42 0 2654533 1
42 0 145756 0
42 0 2620702 0
42 0 145795 0
42 0 107729 0
42 0 109675 0
42 0 108710 0
42 0 117833 1
42 0 104603 0
42 0 3189783 0
42 0 2654756 1
42 0 111891 1
42 0 4160985 0
42 0 2150 0
42 0 145943 0
42 0 137003 0
42 0 118131 0
42 0 102209 0
42 0 117864 0
42 0 134735 0
42 0 101349 0
42 0 89444 0
42 0 3214775 0
42 0 127862 0
43 0 4154238 1
43 0 112427 1
43 0 2680590 1
43 0 112920 1
43 0 145960 0
43 0 112305 1
43 0 109241 0
43 0 103735 0
43 0 110519 0
43 0 106761 0
43 0 625832 0
43 0 87883 0
43 0 108846 0
43 0 118113 3
44 0 92333 0
44 0 122257 0
44 0 102311 1
44 0 205720 0
44 0 145876 0
44 0 100137 0
44 0 92293 0
44 0 103170 0
44 0 800569 0
44 0 85249 0
44 0 2781925 0
44 0 100427 0
44 0 2679833 0
44 0 2680440 0
44 0 97190 0
44 0 4154238 1
44 0 111733 0
44 0 98290 0
44 0 944097 0
44 0 118224 0
44 0 183480 0
44 0 145903 0
44 0 90651 0
44 0 135284 0
44 0 92563 0
44 0 802408 0
44 0 1738 0
44 0 90745 0
44 0 105633 0
44 0 118178 0
44 0 107106 0
44 0 108806 0
44 0 104318 0
44 0 91227 0
44 0 96678 0
44 0 109763 3
45 0 118090 1
45 0 118396 1
45 0 111698 1
45 0 855656 1
45 0 118306 1
45 0 2677564 1
45 0 2678135 1
45 0 118012 0
45 0 2771248 1
45 0 111007 0
45 0 868384 1
45 0 182568 1
45 0 145854 1
45 0 145693 1
45 0 3214779 1
45 0 145903 1
45 0 800568 1
45 0 2784695 1
45 0 2812587 1
45 0 2959748 1
45 0 799969 1
45 0 145849 1
45 0 109604 0
45 0 118281 1
45 0 3181481 1
45 0 3204917 1
45 0 118450 1
45 0 144101 0
45 0 130159 0
45 0 3214780 1
45 0 104281 0
45 0 110523 0
45 0 107922 0
45 0 112142 0
45 0 618680 1
45 0 148799 0
45 0 111754 0
45 0 111221 3
46 0 866024 1
46 0 858802 1
46 0 2804673 3
46 0 623145 1
46 0 4172498 1
46 0 150542 1
46 0 3204917 1
46 0 618680 1
46 0 145772 1
46 0 1269289 1
46 0 1723 0
46 0 118452 0
46 0 903971 0
46 0 145861 1
46 0 145764 1
46 0 101984 0
46 0 118453 0
46 0 626207 0
46 0 2654754 0
46 0 95926 0
46 0 91319 0
46 0 218451 0
46 0 118264 0
46 0 112677 0
46 0 105502 0
46 0 621294 0
46 0 2620703 0
46 0 218457 0
47 0 94794 0
47 0 93640 0
47 0 88525 0
47 0 91497 0
47 0 92971 0
47 0 91831 0
47 0 93233 0
47 0 95775 0
47 0 85382 0
47 0 92967 0
47 0 95407 0
47 0 2675754 1
47 0 2677566 0
47 0 110999 0
47 0 3171725 0
47 0 1299599 0
47 0 100794 0
47 0 105502 0
47 0 103135 0
47 0 2674861 3
48 0 4154237 1
48 0 88692 0
48 0 107402 0
48 0 92596 0
48 0 109299 0
48 0 110997 1
48 0 2675754 1
48 0 103019 0
48 0 99428 0
48 0 96287 0
48 0 110583 0
48 0 104023 0
48 0 91978 0
48 0 105502 0
48 0 110187 0
48 0 103544 0
48 0 111362 3
49 0 111953 1
49 0 118449 1
49 0 4162535 1
49 0 2675750 1
49 0 112671 1
49 0 117906 0
49 0 137736 0
49 0 2801435 1
49 0 118289 0
49 0 623242 0
49 0 3153112 3
49 0 2672535 1
49 0 2810525 0
49 0 183479 0
49 0 98255 0
49 0 95847 0
49 0 101852 0
49 0 90620 0
49 0 85116 0
49 0 95414 0
49 0 111834 0
49 0 3181025 1
49 0 89415 0
50 0 111953 0
50 0 118449 0
50 0 623242 0
50 0 137733 1
50 0 118289 0
50 0 112933 0
50 0 3153112 1
50 0 112671 0
50 0 112733 0
50 0 137736 0
50 0 111241 0
50 0 109199 0
50 0 109776 0
50 0 109387 0
50 0 110268 1
50 0 145918 0
50 0 111304 0
50 0 118203 0
50 0 4162535 0
50 0 111611 0
50 0 98255 0
50 0 2760668 0
50 0 137729 0
50 0 110162 0
50 0 107922 0
50 0 3181025 0
50 0 2810525 1
50 0 3203623 0
50 0 219509 0
50 0 2811847 3
51 0 4151831 1
51 0 112770 3
51 0 112931 1
51 0 105869 1
51 0 103302 1
51 0 111209 1
51 0 103165 0
51 0 89879 0
51 0 112243 0
51 0 97778 1
51 0 98744 1
51 0 105511 0
51 0 104697 0
51 0 102245 0
51 0 118076 0
51 0 145692 1
51 0 110773 0
51 0 112217 0
51 0 98985 0
51 0 100687 1
51 0 118404 0
51 0 106959 0
51 0 1741 0
51 0 2959749 0
51 0 92777 0
51 0 178546 0
51 0 2752078 0
51 0 182992 0
51 0 616433 0
51 0 78783 0
51 0 109978 0
51 0 145849 0
51 0 105627 0
51 0 145901 0
51 0 106561 0
51 0 103299 0
51 0 99998 0
51 0 104293 0
51 0 107187 0
51 0 111908 0
51 0 149006 0
51 0 3197367 0
51 0 215412 0
52 0 4151831 0
52 0 112770 1
52 0 112931 1
52 0 103302 1
52 0 84894 3
52 0 112243 1
52 0 98744 1
52 0 85451 1
52 0 85452 1
52 0 86293 1
52 0 105511 0
52 0 106788 0
52 0 102271 0
52 0 110472 0
52 0 110974 0
52 0 105869 1
52 0 100687 0
52 0 132763 0
52 0 85447 0
52 0 90150 0
52 0 802399 0
52 0 127923 0
52 0 92777 0
52 0 91913 0
52 0 118076 0
52 0 112463 0
52 0 103439 1
52 0 3007018 0
52 0 107187 0
52 0 91418 1
52 0 85111 0
52 0 91094 0
52 0 111242 0
52 0 111908 0
52 0 90478 0
52 0 1859075 0
52 0 117754 0
52 0 100134 0
53 0 2808291 0
53 0 117916 0
53 0 117922 0
53 0 799985 0
53 0 112677 1
53 0 205712 0
53 0 4151830 1
53 0 118218 0
53 0 118262 0
53 0 104381 0
53 0 621045 0
53 0 625711 3
53 0 111727 0
53 0 118205 0
53 0 109717 1
53 0 118206 0
53 0 145792 0
53 0 872994 3
53 0 148483 1
53 0 118357 1
53 0 145863 0
53 0 108879 0
53 0 811778 1
53 0 85308 0
53 0 105352 0
53 0 1283337 0
53 0 145628 1
53 0 112573 1
53 0 85603 0
53 0 110293 0
53 0 145850 0
53 0 145647 0
53 0 2771250 0
53 0 616862 0
53 0 1744 0
54 0 4151830 1
54 0 104488 0
54 0 799985 3
54 0 145884 0
54 0 2363931 0
54 0 616862 0
54 0 2771250 1
54 0 103537 0
54 0 105798 0
54 0 110509 0
54 0 105318 0
54 0 105444 0
54 0 110873 0
54 0 117922 0
54 0 111069 0
54 0 621045 0
54 0 109827 0
54 0 104007 0
54 0 112106 1
54 0 112835 1
54 0 205788 0
54 0 872994 0
54 0 118262 0
54 0 145863 0
54 0 616863 0
54 0 2358 0
54 0 105352 0
54 0 145905 0
54 0 1744 1
54 0 100834 0
54 0 105502 0
54 0 624280 0
54 0 95581 0
54 0 108879 0
55 0 4154603 1
55 0 4151829 1
55 0 145731 1
55 0 112910 1
55 0 110774 3
55 0 145855 1
55 0 112460 0
55 0 101457 0
55 0 112315 0
55 0 800567 0
55 0 107922 0
55 0 118269 0
56 0 118385 0
56 0 4154603 1
56 0 145731 1
56 0 1087905 0
56 0 112910 1
56 0 107922 0
56 0 118269 1
56 0 800567 0
56 0 111264 3
57 0 118467 0
57 0 137741 1
57 0 142890 0
57 0 3181481 0
57 0 2781925 0
57 0 821305 1
57 0 87867 0
57 0 799970 0
57 0 145791 0
57 0 801109 0
57 0 137728 0
57 0 626208 1
57 0 145678 0
57 0 1726 1
57 0 145834 1
57 0 799979 0
57 0 145745 1
57 0 217513 1
57 0 217604 1
57 0 147953 0
57 0 148480 0
57 0 4151828 1
57 0 218132 1
57 0 112711 0
57 0 2804673 0
57 0 145802 0
57 0 118447 0
57 0 3209687 1
57 0 145907 0
57 0 802408 1
57 0 3205736 1
57 0 109150 0
57 0 800859 0
57 0 800569 0
57 0 118297 0
57 0 131159 1
57 0 145772 0
57 0 103899 0
57 0 91749 0
57 0 118213 0
57 0 102998 0
57 0 122254 0
57 0 867644 0
57 0 105833 0
57 0 117856 0
57 0 868381 3
58 0 118467 1
58 0 92333 0
58 0 87867 0
58 0 137741 0
58 0 2781925 0
58 0 3181481 0
58 0 821305 1
58 0 85616 0
58 0 800859 0
58 0 142890 1
58 0 3217422 0
58 0 3217423 0
58 0 3217226 0
58 0 110649 0
58 0 145703 1
58 0 86169 0
58 0 106228 0
58 0 4151828 1
58 0 623843 0
58 0 96833 0
58 0 90053 0
58 0 89421 1
58 0 2811845 1
58 0 145735 0
58 0 109806 0
58 0 2806207 0
58 0 90574 0
58 0 104633 0
58 0 106311 0
58 0 106152 0
58 0 107151 0
58 0 137728 0
58 0 112715 1
58 0 798626 0
58 0 112376 1
58 0 105181 0
58 0 88751 0
58 0 107344 0
58 0 109329 0
58 0 118282 0
58 0 105502 0
58 0 94433 0
58 0 145800 0
58 0 118045 0
58 0 136987 3
59 0 4170685 1
59 0 118040 0
59 0 118129 0
59 0 2788983 3
59 0 4151827 1
59 0 112905 0
59 0 118037 0
59 0 134735 0
59 0 145901 1
59 0 111737 0
59 0 109610 0
59 0 110980 0
59 0 118334 1
59 0 117968 1
59 0 107182 0
59 0 145627 1
59 0 117965 0
59 0 2788474 0
59 0 3205767 0
59 0 99853 0
59 0 2670794 0
59 0 931614 1
59 0 130158 1
59 0 106944 0
59 0 111736 1
59 0 112824 1
59 0 94813 0
59 0 2797290 0
59 0 118213 0
59 0 1087691 1
59 0 118422 1
60 0 931614 3
60 0 145856 1
60 0 4170685 1
60 0 3195891 1
60 0 4151827 1
60 0 118257 0
60 0 110248 0
60 0 112683 0
60 0 109810 0
60 0 118012 0
60 0 127905 1
60 0 2788983 1
60 0 145807 1
60 0 130158 0
60 0 118334 0
60 0 118129 1
60 0 118099 0
60 0 110510 1
60 0 97767 0
60 0 109949 0
60 0 109706 1
60 0 118213 0
60 0 219098 0
60 0 106944 0
61 0 2812210 3
61 0 145743 1
61 0 3195092 1
61 0 218457 1
61 0 4151826 1
61 0 108345 0
61 0 145744 0
61 0 802792 0
61 0 142886 0
61 0 150540 0
61 0 107147 0
61 0 109335 0
61 0 118299 0
61 0 108322 0
61 0 108348 0
61 0 108988 0
61 0 110926 0
61 0 145923 0
61 0 219815 1
61 0 112854 0
61 0 101689 0
61 0 109100 0
61 0 109329 0
61 0 118117 0
61 0 107922 0
61 0 145907 0
61 0 137728 0
61 0 118109 0
62 0 4151826 1
62 0 3195092 1
62 0 117875 0
62 0 112838 0
62 0 150540 0
62 0 149286 0
62 0 112487 0
62 0 118299 1
62 0 110091 3
62 0 109077 0
62 0 118240 0
62 0 117832 1
62 0 2812210 3
62 0 2155 0
62 0 111288 0
62 0 118045 0
62 0 219512 0
62 0 112408 0
62 0 2676591 0
62 0 108752 0
62 0 218921 0
62 0 107106 0
62 0 108827 0
62 0 112010 0
62 0 118381 1
62 0 779833 0
62 0 104530 3
62 0 107147 3
63 0 107685 3
63 0 108538 1
63 0 110057 1
63 0 108185 1
63 0 108186 1
63 0 107754 1
63 0 108235 1
63 0 102879 0
63 0 107686 1
63 0 109133 1
63 0 108968 0
63 0 109814 1
63 0 109157 1
63 0 97779 0
63 0 106985 1
63 0 108539 1
63 0 101118 0
63 0 2959749 0
63 0 149702 0
63 0 107014 0
63 0 99465 0
63 0 97274 0
63 0 109351 0
63 0 103199 0
63 0 107922 0
63 0 108713 0
63 0 118148 0
63 0 104521 0
63 0 108843 1
63 0 145936 0
63 0 112394 0
64 0 4151825 1
64 0 2758568 3
64 0 616863 0
64 0 821189 0
64 0 145895 0
64 0 107922 0
64 0 118254 0
64 0 3205767 0
64 0 3205768 0
64 0 118284 0
64 0 111936 3
65 0 4151824 1
65 0 1741 0
65 0 118123 3
65 0 111084 0
65 0 112168 0
65 0 117986 0
65 0 118372 0
65 0 102209 0
66 0 3211501 1
66 0 145867 1
66 0 87109 0
66 0 134921 1
66 0 101206 0
66 0 96125 0
66 0 94143 0
66 0 3213872 0
66 0 2812588 0
66 0 118284 0
66 0 111632 3
67 0 4172497 1
67 0 867645 1
67 0 145800 1
67 0 103093 1
67 0 103675 1
67 0 112465 0
67 0 145635 0
67 0 2959738 0
67 0 145664 0
67 0 102316 0
67 0 142884 0
67 0 118447 0
67 0 112891 0
67 0 106100 0
67 0 112744 0
67 0 101268 0
67 0 110330 0
67 0 86806 3
68 0 4172497 1
68 0 103675 3
68 0 145800 1
68 0 867657 0
68 0 902769 0
68 0 90973 0
68 0 89740 0
68 0 90163 0
68 0 93406 0
68 0 101268 0
68 0 217702 0
68 0 102316 0
68 0 104116 0
68 0 867645 1
69 0 4151820 1
69 0 111709 1
69 0 3214777 1
69 0 182558 0
69 0 112765 1
69 0 117859 1
69 0 110652 0
69 0 109384 0
69 0 110996 1
69 0 110378 0
69 0 118379 0
69 0 107042 0
69 0 112820 1
69 0 110068 1
69 0 112534 0
69 0 146552 0
69 0 2676593 0
69 0 110932 0
69 0 3214778 0
69 0 149289 0
69 0 2620891 0
69 0 799975 0
69 0 127899 0
69 0 112719 0
69 0 212969 0
69 0 112626 0
69 0 118400 0
69 0 110719 0
69 0 109510 0
69 0 98386 0
69 0 97779 0
69 0 85190 0
69 0 149006 0
69 0 137728 0
69 0 2801433 0
69 0 102065 3
69 0 96089 3
70 0 4151820 1
70 0 111709 1
70 0 3214777 0
70 0 112820 1
70 0 117859 1
70 0 109384 0
70 0 112765 1
70 0 110068 3
70 0 112565 0
70 0 110996 1
70 0 118379 0
70 0 118111 1
70 0 2676593 0
70 0 110932 0
70 0 3214778 0
70 0 182558 0
70 0 149289 0
70 0 96838 0
70 0 137728 0
70 0 117961 0
70 0 112343 0
70 0 85190 0
70 0 100199 0
70 0 931120 0
70 0 109835 0
71 0 4151819 1
71 0 112914 1
71 0 145121 1
71 0 118052 1
71 0 145804 0
71 0 112823 0
71 0 112904 3
71 0 3189783 1
71 0 111103 0
71 0 118170 0
71 0 118234 1
71 0 117979 1
71 0 88561 0
71 0 102690 0
71 0 110331 0
71 0 97548 0
71 0 98278 0
71 0 88356 0
71 0 96870 0
71 0 89444 0
71 0 104100 0
71 0 118497 0
72 0 4151819 1
72 0 118052 1
72 0 112797 1
72 0 112914 3
72 0 145121 1
72 0 112904 1
72 0 112823 1
72 0 118234 1
72 0 3189783 1
72 0 118005 0
72 0 89375 1
72 0 88325 1
72 0 117979 1
72 0 85232 1
72 0 2654533 0
72 0 91596 1
72 0 118170 0
72 0 95186 0
72 0 111103 1
72 0 145961 0
72 0 812524 0
72 0 85168 1
72 0 108624 1
72 0 92503 0
72 0 145950 0
72 0 89444 0
72 0 86992 0
72 0 112615 0
72 0 118497 0
72 0 109026 1
72 0 88803 1
72 0 106096 0
73 0 1087954 1
73 0 2804674 3
73 0 145638 0
73 0 145876 1
73 0 117881 1
73 0 137725 0
73 0 217514 0
73 0 111425 1
73 0 145881 1
73 0 118265 1
73 0 118227 1
73 0 145624 0
73 0 110692 0
73 0 108459 0
73 0 110540 0
73 0 110175 0
73 0 108538 0
73 0 97383 0
73 0 112479 0
73 0 118043 0
73 0 111834 0
73 0 112573 0
73 0 108729 0
74 0 4151818 1
74 0 110398 1
74 0 112774 3
74 0 2804674 1
74 0 108616 1
74 0 107904 1
74 0 127908 1
74 0 109284 1
74 0 1741 0
74 0 112258 0
74 0 112923 0
74 0 105014 0
74 0 103347 0
74 0 107167 0
74 0 218667 0
74 0 803268 1
74 0 103459 1
74 0 2381762 0
74 0 4168298 0
74 0 104844 0
74 0 145909 0
74 0 3183079 0
74 0 219734 0
74 0 112836 0
74 0 102728 0
74 0 145674 0
74 0 102482 0
74 0 103629 0
74 0 2675749 0
74 0 130162 0
74 0 117869 0
74 0 111245 0
75 0 4106441 1
75 0 102384 0
75 0 94636 0
75 0 100360 0
75 0 106428 0
75 0 92174 0
75 0 98317 0
75 0 91092 3
75 0 92682 0
75 0 101944 0
75 0 106712 0
75 0 111291 0
75 0 90551 0
75 0 97930 0
75 0 90423 0
75 0 105304 0
75 0 87646 0
75 0 106186 0
75 0 110779 0
75 0 111489 0
75 0 92470 0
75 0 92965 0
75 0 96837 0
75 0 100332 0
75 0 102658 0
75 0 118226 0
75 0 92916 0
75 0 93534 0
75 0 144935 0
75 0 89410 0
75 0 867657 0
75 0 89728 0
75 0 103513 0
75 0 107048 0
75 0 145909 0
75 0 112347 0
75 0 102154 0
75 0 103814 0
75 0 110663 0
75 0 2678134 0
75 0 108300 0
75 0 218666 0
75 0 111675 0
75 0 111557 1
76 0 111945 0
76 0 111964 3
76 0 118390 1
76 0 4106441 1
76 0 2679833 0
76 0 2680440 0
76 0 145799 1
76 0 142889 1
76 0 1740 1
76 0 145652 0
76 0 149286 1
76 0 150540 1
76 0 111560 0
76 0 103735 0
76 0 118143 1
76 0 122260 0
76 0 108900 0
76 0 107711 0
76 0 110964 0
76 0 112430 0
76 0 145938 0
76 0 104744 0
76 0 2670966 0
76 0 107922 0
76 0 110779 0
76 0 102142 0
76 0 2674863 0
76 0 95400 0
77 0 92834 3
77 0 97242 1
77 0 112626 0
77 0 112693 0
77 0 112888 0
77 0 110223 1
77 0 108605 1
77 0 111610 0
77 0 104355 1
77 0 109635 1
77 0 109535 1
77 0 109731 1
77 0 145817 1
77 0 109676 0
77 0 89923 0
77 0 110192 0
77 0 109532 1
77 0 111071 0
77 0 112142 0
77 0 4106440 1
77 0 109536 0
77 0 112549 0
77 0 111455 1
77 0 111131 0
77 0 110631 0
77 0 2812588 1
77 0 107236 0
77 0 1860220 0
77 0 112499 0
77 0 112646 1
77 0 86618 0
77 0 87646 0
77 0 99578 0
77 0 103750 0
77 0 104229 0
77 0 140776 0
77 0 112726 0
78 0 145632 0
78 0 117187 1
78 0 2959730 1
78 0 802973 1
78 0 803271 1
78 0 2959737 1
78 0 111250 1
78 0 4106440 1
78 0 110641 1
78 0 112142 1
78 0 112485 1
78 0 2812588 3
78 0 112233 0
78 0 112181 0
78 0 112819 0
78 0 112358 0
78 0 616862 0
78 0 117899 0
78 0 112058 0
78 0 105140 0
78 0 110011 0
78 0 809121 0
78 0 101231 0
78 0 101362 0
78 0 117968 0
78 0 108605 3
78 0 0 3
79 0 111009 3
79 0 4104823 1
79 0 2680438 0
79 0 118143 1
79 0 111470 1
79 0 110221 1
79 0 117837 1
79 0 106328 0
79 0 2672210 0
79 0 2654755 0
79 0 3171728 0
79 0 118513 0
79 0 106568 0
79 0 145932 0
79 0 111964 0
79 0 112098 0
79 0 2670795 0
79 0 118375 0
79 0 902768 0
79 0 107106 0
79 0 105427 0
79 0 107367 0
79 0 110183 0
80 0 86026 0
80 0 118187 0
80 0 1632029 0
80 0 110188 0
80 0 92455 0
80 0 87409 0
80 0 93110 0
80 0 2679833 1
80 0 2680440 1
80 0 92631 0
80 0 112923 0
80 0 108900 1
80 0 118143 1
80 0 92324 0
80 0 145871 0
80 0 111470 1
80 0 111009 1
80 0 94164 0
80 0 87566 0
80 0 1100709 0
80 0 118513 1
80 0 149285 1
80 0 101239 1
80 0 91984 0
80 0 106490 1
80 0 3203659 0
80 0 150541 0
80 0 94143 0
80 0 118369 0
80 0 106328 0
80 0 101886 0
80 0 944097 3
80 0 150540 3
80 0 118390 3
80 0 111945 3
81 0 4104821 1
81 0 799991 0
81 0 148484 1
81 0 118368 0
81 0 127984 0
81 0 109535 0
81 0 111914 1
81 0 118373 0
81 0 4157383 0
81 0 100234 0
81 0 100233 0
81 0 112260 0
81 0 110073 0
81 0 145861 0
81 0 107922 0
81 0 88939 0
81 0 145751 3
81 0 3213873 3
82 0 97780 1
82 0 96757 1
82 0 91613 0
82 0 99246 0
82 0 117841 1
82 0 95692 0
82 0 97363 0
82 0 109732 0
82 0 104588 0
82 0 103809 0
82 0 107485 0
82 0 96450 0
82 0 821305 3
82 0 118368 0
82 0 118467 0
82 0 145865 0
82 0 2803250 0
82 0 127900 0
82 0 1726 0
82 0 145625 0
82 0 88621 0
82 0 4168363 0
82 0 104132 0
82 0 2773182 0
82 0 105931 0
82 0 112869 0
82 0 100234 0
82 0 1087945 0
82 0 95854 0
82 0 3209686 0
82 0 118392 0
82 0 86824 0
82 0 88165 0
82 0 105502 0
82 0 112920 0
82 0 118055 0
83 0 112432 1
83 0 109200 1
83 0 109895 1
83 0 111664 1
83 0 4102799 1
83 0 112352 1
83 0 109550 1
83 0 122251 1
83 0 110834 1
83 0 111246 1
83 0 111663 0
83 0 137746 1
83 0 111194 0
83 0 112259 1
83 0 800858 1
83 0 109677 1
83 0 145859 1
83 0 111151 1
83 0 623142 0
83 0 2678133 0
83 0 129173 0
83 0 2150 0
83 0 105040 0
83 0 109631 1
83 0 103309 1
83 0 94861 1
83 0 105594 3
84 0 4102799 1
84 0 145859 1
84 0 623142 0
84 0 111365 0
84 0 105040 0
84 0 111664 1
84 0 109631 1
84 0 103309 0
84 0 112922 1
84 0 110681 1
84 0 94861 0
84 0 111286 3
85 0 2959732 1
85 0 150543 1
85 0 146553 1
85 0 146790 0
85 0 112326 1
85 0 145810 0
85 0 111863 0
85 0 109635 0
85 0 108605 0
85 0 112324 0
85 0 118026 0
85 0 802973 1
85 0 3177199 1
85 0 2959737 3
85 0 873668 0
85 0 867645 0
85 0 218925 0
85 0 105120 0
85 0 102398 0
85 0 101561 0
85 0 84669 0
85 0 117832 0
86 0 112326 0
86 0 145810 0
86 0 112324 0
86 0 118026 0
86 0 3177199 1
86 0 3171724 1
86 0 3177200 3
86 0 802973 1
86 0 803271 1
86 0 2959737 1
86 0 2959732 0
86 0 150543 0
86 0 146553 0
86 0 146790 0
86 0 137749 0
86 0 3195092 1
86 0 3205766 1
86 0 112142 0
86 0 105790 0
86 0 3203623 0
86 0 117936 0
86 0 145844 0
86 0 106576 0
86 0 111000 0
87 0 111957 1
87 0 4089982 1
87 0 112773 1
87 0 2809766 0
87 0 2811849 0
87 0 112316 0
87 0 111303 0
87 0 117187 0
87 0 111170 1
87 0 111665 0
87 0 799980 1
87 0 111801 1
87 0 111182 1
87 0 137735 1
87 0 118509 1
87 0 624280 1
87 0 145726 1
87 0 112807 0
87 0 2812588 1
87 0 148483 1
87 0 118492 1
87 0 118313 0
87 0 104480 0
87 0 143378 1
87 0 104998 0
87 0 110651 0
87 0 111905 0
87 0 99607 0
87 0 145740 1
87 0 1088038 1
87 0 91903 0
87 0 85160 0
87 0 110372 1
87 0 110760 0
87 0 2654277 3
87 0 149653 3
87 0 1756 3
88 0 111957 1
88 0 111170 3
88 0 625833 1
88 0 182992 1
88 0 3191119 0
88 0 3191117 1
88 0 111976 0
88 0 103505 0
88 0 143378 1
88 0 112088 1
88 0 3007018 1
88 0 99361 0
88 0 2654277 1
88 0 105985 0
88 0 1756 1
88 0 182991 0
89 0 4151822 3
89 0 2812588 3
89 0 4171965 1
89 0 4162110 1
89 0 2770446 1
89 0 145817 1
89 0 3203623 0
89 0 4170683 0
89 0 127885 0
90 0 109776 1
90 0 109921 0
90 0 109643 3
90 0 109079 0
90 0 118054 1
90 0 145626 0
90 0 4171965 1
90 0 2620698 1
90 0 118420 1
90 0 109080 0
90 0 112316 1
90 0 110579 1
90 0 145697 1
90 0 109016 1
90 0 4151822 1
90 0 2770446 0
90 0 2812588 0
90 0 110874 0
90 0 107840 0
90 0 92716 0
90 0 145118 0
90 0 118213 0
90 0 3177198 0
90 0 2421178 0
91 0 111622 1
91 0 118417 1
91 0 111193 1
91 0 131158 1
91 0 112127 1
91 0 145873 1
91 0 145633 1
91 0 112622 1
91 0 145880 1
91 0 145785 1
91 0 110032 3
91 0 3212514 1
91 0 4013905 1
91 0 109414 1
91 0 1087959 1
91 0 219097 1
91 0 118507 1
91 0 103050 1
91 0 112385 1
91 0 110249 1
91 0 145892 0
91 0 145782 0
91 0 109857 1
91 0 3007018 1
91 0 145897 0
91 0 856791 1
91 0 118343 0
91 0 109157 0
91 0 107922 0
91 0 111820 0
92 0 3212514 1
92 0 4013905 1
92 0 219097 0
92 0 103050 0
92 0 1723 0
92 0 145628 0
92 0 111554 0
92 0 105981 0
92 0 110506 0
92 0 117889 0
92 0 104539 0
92 0 107252 0
92 0 149702 0
92 0 107980 0
92 0 104455 0
92 0 2675751 0
92 0 1087959 0
92 0 109857 0
92 0 145892 0
92 0 111820 0
92 0 98116 0
92 0 131158 0
92 0 107922 0
92 0 118507 0
92 0 110249 0
92 0 145782 3
93 0 110877 1
93 0 145901 1
93 0 117965 1
93 0 931614 1
93 0 118334 1
93 0 130158 1
93 0 110200 1
93 0 106944 0
93 0 118107 1
93 0 107922 0
93 0 112818 0
93 0 4151827 3
94 0 931614 1
94 0 2788983 1
94 0 4170685 1
94 0 130158 1
94 0 110877 1
94 0 3195891 1
94 0 118107 1
94 0 109418 3
94 0 145901 0
94 0 118040 1
94 0 111737 0
94 0 145627 1
94 0 112905 1
94 0 110246 0
94 0 109610 1
94 0 4151827 1
94 0 117874 1
94 0 118099 1
94 0 118129 1
94 0 118334 1
94 0 104899 0
94 0 91857 0
94 0 110200 1
94 0 107922 0
94 0 118440 0
94 0 106944 0
95 0 107232 1
95 0 105495 3
95 0 108555 1
95 0 109444 0
95 0 112343 0
95 0 107794 0
95 0 99870 0
95 0 102612 0
95 0 103513 0
95 0 2803251 0
96 0 87146 1
96 0 92746 1
96 0 88809 1
96 0 85512 1
96 0 93789 1
96 0 96341 1
96 0 92705 1
96 0 94014 1
96 0 96359 1
96 0 86170 1
96 0 108555 1
96 0 93395 1
96 0 4170684 1
96 0 93739 1
96 0 96850 0
96 0 104330 0
96 0 103631 3
96 0 105495 1
96 0 145800 0
96 0 2959738 0
96 0 86280 0
96 0 91505 0
96 0 93736 0
96 0 2009288 0
96 0 110076 0
96 0 108708 0
96 0 108330 0
96 0 105502 0
96 0 111431 0
96 0 2680590 0
96 0 94813 0
96 0 94316 0
96 0 2540484 0
97 0 4170683 1
97 0 112101 3
97 0 105525 0
97 0 111922 1
97 0 2806208 0
97 0 2808294 0
97 0 112382 0
97 0 149289 0
97 0 136993 0
97 0 93107 0
97 0 104748 0
97 0 118379 0
97 0 2655597 0
97 0 820748 0
97 0 623142 0
97 0 146554 0
97 0 2795279 0
97 0 117959 0
97 0 110718 0
97 0 2676593 0
97 0 3213873 0
97 0 95594 0
97 0 108419 0
97 0 122252 0
97 0 100203 0
97 0 134751 0
97 0 105412 0
97 0 118269 0
97 0 99296 0
97 0 117963 0
98 0 110687 0
98 0 106593 0
98 0 101410 0
98 0 4170683 1
98 0 3181481 0
98 0 103809 0
98 0 99029 0
98 0 110146 1
98 0 85090 0
98 0 118273 0
98 0 106228 0
98 0 97755 0
98 0 85984 0
98 0 101198 0
98 0 102157 0
98 0 89329 0
98 0 94136 0
98 0 2621057 0
98 0 98881 0
98 0 91233 0
98 0 101794 0
98 0 101342 0
98 0 2655591 1
98 0 118148 0
98 0 108849 0
98 0 134732 0
98 0 118467 0
98 0 110740 0
98 0 2676593 0
98 0 99578 0
98 0 112561 0
98 0 145822 0
98 0 108666 0
98 0 2769806 0
98 0 91457 0
98 0 96837 0
98 0 85609 0
98 0 118065 0
98 0 111366 3
98 0 931121 3
99 0 112267 3
99 0 111884 1
99 0 104561 0
99 0 87163 0
99 0 109813 0
99 0 4151828 0
99 0 105502 0
99 0 2676594 0
100 0 101885 0
100 0 108595 0
100 0 109633 0
100 0 97728 0
100 0 110548 0
100 0 106417 0
100 0 106245 0
100 0 91516 0
100 0 107046 0
100 0 105981 0
100 0 4168364 1
100 0 110552 3
100 0 108860 0
100 0 112267 1
100 0 102592 0
100 0 91843 0
100 0 89556 0
100 0 105230 0
100 0 105401 0
100 0 112932 0
100 0 102161 0
100 0 112272 0
100 0 127929 0
100 0 145874 0
100 0 105502 0
100 0 110187 0
100 0 92184 0
