1 0 102956 0 29.403217 adhocsim1
1 0 104972 1 28.23408 adhocsim1
1 0 102601 2 27.998411 adhocsim1
1 0 92243 3 27.98858 adhocsim1
1 0 99465 4 27.889345 adhocsim1
1 0 111116 5 27.612816 adhocsim1
1 0 100287 6 27.564245 adhocsim1
1 0 98429 7 27.538818 adhocsim1
1 0 104696 8 27.520277 adhocsim1
1 0 97779 9 27.461542 adhocsim1
2 0 108555 0 27.658085 adhocsim1
2 0 107475 1 27.40219 adhocsim1
2 0 103549 2 27.060942 adhocsim1
2 0 4170684 3 26.947174 adhocsim1
2 0 105136 4 26.851944 adhocsim1
2 0 2540484 5 26.544203 adhocsim1
2 0 104571 6 26.415651 adhocsim1
2 0 145692 7 26.369864 adhocsim1
2 0 104209 8 26.161283 adhocsim1
2 0 105495 9 25.971346 adhocsim1
3 0 215496 0 21.884432 adhocsim1
3 0 215694 1 21.884432 adhocsim1
3 0 2959735 2 21.88339 adhocsim1
3 0 3162143 3 21.777521 adhocsim1
3 0 118029 4 21.637478 adhocsim1
3 0 145683 5 21.521465 adhocsim1
3 0 149007 6 21.067417 adhocsim1
3 0 118475 7 21.056965 adhocsim1
3 0 112584 8 20.929144 adhocsim1
3 0 145878 9 20.870268 adhocsim1
4 0 3162143 0 37.536102 adhocsim1
4 0 812450 1 34.22318 adhocsim1
4 0 118394 2 33.52135 adhocsim1
4 0 118029 3 33.441563 adhocsim1
4 0 109066 4 33.090195 adhocsim1
4 0 623142 5 31.8443 adhocsim1
4 0 106656 6 31.446733 adhocsim1
4 0 149007 7 30.299475 adhocsim1
4 0 903973 8 29.84431 adhocsim1
4 0 145821 9 29.596169 adhocsim1
5 0 2811844 0 51.798466 adhocsim1
5 0 2959750 1 51.798466 adhocsim1
5 0 117932 2 38.94804 adhocsim1
5 0 112094 3 34.077908 adhocsim1
5 0 118181 4 33.320744 adhocsim1
5 0 106257 5 32.06793 adhocsim1
5 0 108449 6 30.764416 adhocsim1
5 0 110883 7 30.426899 adhocsim1
5 0 110654 8 29.964375 adhocsim1
5 0 110048 9 29.413126 adhocsim1
6 0 2811844 0 63.755924 adhocsim1
6 0 2959750 1 63.755924 adhocsim1
6 0 112094 2 46.208794 adhocsim1
6 0 117932 3 45.772118 adhocsim1
6 0 183480 4 43.24689 adhocsim1
6 0 110056 5 42.851883 adhocsim1
6 0 118181 6 42.34034 adhocsim1
6 0 110048 7 41.20003 adhocsim1
6 0 106257 8 40.65277 adhocsim1
6 0 112296 9 39.304993 adhocsim1
7 0 118423 0 25.961212 adhocsim1
7 0 110923 1 25.540932 adhocsim1
7 0 4162936 2 24.931803 adhocsim1
7 0 145715 3 24.490677 adhocsim1
7 0 110932 4 24.208958 adhocsim1
7 0 802400 5 24.193844 adhocsim1
7 0 110018 6 24.099285 adhocsim1
7 0 112834 7 23.886711 adhocsim1
7 0 3195892 8 23.851044 adhocsim1
7 0 110792 9 22.913599 adhocsim1
8 0 112174 0 107.185974 adhocsim1
8 0 145868 1 104.86154 adhocsim1
8 0 145715 2 91.045616 adhocsim1
8 0 134749 3 88.33455 adhocsim1
8 0 112834 4 87.382324 adhocsim1
8 0 110932 5 84.60758 adhocsim1
8 0 112748 6 80.69696 adhocsim1
8 0 147531 7 75.38506 adhocsim1
8 0 134733 8 73.17504 adhocsim1
8 0 127913 9 72.76087 adhocsim1
9 0 118212 0 53.699757 adhocsim1
9 0 2675751 1 53.224365 adhocsim1
9 0 112537 2 53.19997 adhocsim1
9 0 127923 3 51.461403 adhocsim1
9 0 127887 4 51.42481 adhocsim1
9 0 112285 5 51.131626 adhocsim1
9 0 118423 6 50.895687 adhocsim1
9 0 110295 7 50.049664 adhocsim1
9 0 109720 8 50.01429 adhocsim1
9 0 111694 9 49.9317 adhocsim1
10 0 112336 0 16.72047 adhocsim1
10 0 112423 1 16.696465 adhocsim1
10 0 121163 2 16.656185 adhocsim1
10 0 103101 3 16.483469 adhocsim1
10 0 110749 4 16.454483 adhocsim1
10 0 110219 5 16.317314 adhocsim1
10 0 118049 6 16.272537 adhocsim1
10 0 104737 7 16.207033 adhocsim1
10 0 112562 8 16.16475 adhocsim1
10 0 104439 9 16.139526 adhocsim1
11 0 109540 0 34.278984 adhocsim1
11 0 109031 1 33.628784 adhocsim1
11 0 111835 2 33.58072 adhocsim1
11 0 110916 3 33.000095 adhocsim1
11 0 110127 4 32.6698 adhocsim1
11 0 94854 5 31.51961 adhocsim1
11 0 811228 6 31.280075 adhocsim1
11 0 108197 7 30.973192 adhocsim1
11 0 2810524 8 30.896872 adhocsim1
11 0 2811846 9 30.896872 adhocsim1
12 0 110500 0 20.325104 adhocsim1
12 0 110354 1 20.320087 adhocsim1
12 0 105948 2 20.307299 adhocsim1
12 0 110281 3 20.055223 adhocsim1
12 0 2620705 4 19.257088 adhocsim1
12 0 110590 5 18.98369 adhocsim1
12 0 137004 6 18.39351 adhocsim1
12 0 111048 7 18.148565 adhocsim1
12 0 145626 8 18.078815 adhocsim1
12 0 111128 9 18.0164 adhocsim1
13 0 108605 0 53.94378 adhocsim1
13 0 109535 1 51.6886 adhocsim1
13 0 109676 2 51.27709 adhocsim1
13 0 112646 3 50.76696 adhocsim1
13 0 124715 4 50.194595 adhocsim1
13 0 89923 5 50.123203 adhocsim1
13 0 614392 6 49.856842 adhocsim1
13 0 614485 7 49.856842 adhocsim1
13 0 111455 8 49.822235 adhocsim1
13 0 92834 9 48.99952 adhocsim1
14 0 124715 0 60.166107 adhocsim1
14 0 614392 1 60.06435 adhocsim1
14 0 614485 2 60.06435 adhocsim1
14 0 108605 3 60.027985 adhocsim1
14 0 4106440 4 59.110252 adhocsim1
14 0 111455 5 57.667484 adhocsim1
14 0 2812588 6 56.893314 adhocsim1
14 0 109535 7 56.21997 adhocsim1
14 0 802973 8 55.366657 adhocsim1
14 0 803271 9 55.366657 adhocsim1
15 0 124715 0 60.166107 adhocsim1
15 0 614392 1 60.06435 adhocsim1
15 0 614485 2 60.06435 adhocsim1
15 0 108605 3 60.027985 adhocsim1
15 0 4106440 4 59.110252 adhocsim1
15 0 111455 5 57.667484 adhocsim1
15 0 2812588 6 56.893314 adhocsim1
15 0 109535 7 56.21997 adhocsim1
15 0 802973 8 55.366657 adhocsim1
15 0 803271 9 55.366657 adhocsim1
16 0 2812588 0 55.108845 adhocsim1
16 0 145817 1 53.0174 adhocsim1
16 0 4151822 2 48.622444 adhocsim1
16 0 111934 3 48.21526 adhocsim1
16 0 112316 4 45.851322 adhocsim1
16 0 112545 5 45.697376 adhocsim1
16 0 134747 6 45.605347 adhocsim1
16 0 118412 7 44.673283 adhocsim1
16 0 145647 8 44.578087 adhocsim1
16 0 111455 9 43.732353 adhocsim1
17 0 103204 0 26.988108 adhocsim1
17 0 101455 1 25.784567 adhocsim1
17 0 101917 2 25.249283 adhocsim1
17 0 4161362 3 25.195414 adhocsim1
17 0 104418 4 25.164248 adhocsim1
17 0 112014 5 24.376564 adhocsim1
17 0 88914 6 24.344297 adhocsim1
17 0 102459 7 24.343864 adhocsim1
17 0 104870 8 24.204636 adhocsim1
17 0 148484 9 24.175106 adhocsim1
18 0 148484 0 20.057034 adhocsim1
18 0 104306 1 20.000654 adhocsim1
18 0 99851 2 19.843525 adhocsim1
18 0 145657 3 19.625181 adhocsim1
18 0 104870 4 19.409996 adhocsim1
18 0 118471 5 18.975756 adhocsim1
18 0 111772 6 18.937868 adhocsim1
18 0 112434 7 18.544899 adhocsim1
18 0 101917 8 18.315676 adhocsim1
18 0 118209 9 18.303534 adhocsim1
19 0 112428 0 24.657969 adhocsim1
19 0 2381820 1 22.36309 adhocsim1
19 0 96615 2 21.95929 adhocsim1
19 0 103558 3 21.949903 adhocsim1
19 0 88198 4 21.795778 adhocsim1
19 0 112395 5 21.510246 adhocsim1
19 0 102455 6 21.366907 adhocsim1
19 0 102989 7 21.348179 adhocsim1
19 0 102098 8 21.22623 adhocsim1
19 0 104306 9 21.07663 adhocsim1
20 0 102879 0 27.358961 adhocsim1
20 0 104539 1 26.890686 adhocsim1
20 0 112924 2 26.729275 adhocsim1
20 0 107685 3 26.601295 adhocsim1
20 0 95560 4 26.253628 adhocsim1
20 0 108111 5 26.083437 adhocsim1
20 0 111302 6 25.835257 adhocsim1
20 0 127891 7 25.755718 adhocsim1
20 0 108539 8 25.66819 adhocsim1
20 0 108538 9 25.638319 adhocsim1
21 0 117890 0 28.941355 adhocsim1
21 0 867657 1 28.431528 adhocsim1
21 0 121161 2 27.042603 adhocsim1
21 0 118280 3 26.52892 adhocsim1
21 0 134728 4 25.522411 adhocsim1
21 0 145831 5 24.652487 adhocsim1
21 0 134734 6 24.624977 adhocsim1
21 0 118379 7 24.60783 adhocsim1
21 0 621293 8 24.232182 adhocsim1
21 0 121159 9 23.22277 adhocsim1
22 0 867657 0 30.208042 adhocsim1
22 0 117890 1 28.941355 adhocsim1
22 0 118280 2 27.920128 adhocsim1
22 0 121161 3 27.042603 adhocsim1
22 0 134728 4 25.522411 adhocsim1
22 0 3181482 5 25.394184 adhocsim1
22 0 130156 6 24.75818 adhocsim1
22 0 145831 7 24.652487 adhocsim1
22 0 134734 8 24.624977 adhocsim1
22 0 118379 9 24.60783 adhocsim1
23 0 118449 0 28.543882 adhocsim1
23 0 111630 1 28.466017 adhocsim1
23 0 137736 2 28.441446 adhocsim1
23 0 3153112 3 28.09878 adhocsim1
23 0 142878 4 27.853706 adhocsim1
23 0 112257 5 27.839169 adhocsim1
23 0 2675750 6 27.055391 adhocsim1
23 0 112655 7 26.403759 adhocsim1
23 0 111441 8 25.736519 adhocsim1
23 0 4162535 9 25.736149 adhocsim1
24 0 112257 0 49.71201 adhocsim1
24 0 118449 1 47.748837 adhocsim1
24 0 3153112 2 47.595078 adhocsim1
24 0 118104 3 46.75545 adhocsim1
24 0 111615 4 43.60823 adhocsim1
24 0 137736 5 43.355682 adhocsim1
24 0 118044 6 42.37536 adhocsim1
24 0 118180 7 42.028698 adhocsim1
24 0 145738 8 41.707623 adhocsim1
24 0 2810525 9 41.44002 adhocsim1
25 0 112616 0 25.578316 adhocsim1
25 0 134732 1 25.221666 adhocsim1
25 0 3211503 2 24.657167 adhocsim1
25 0 118021 3 24.222128 adhocsim1
25 0 118105 4 23.856985 adhocsim1
25 0 110318 5 23.740206 adhocsim1
25 0 105739 6 23.576069 adhocsim1
25 0 112328 7 23.324936 adhocsim1
25 0 111893 8 23.086262 adhocsim1
25 0 111983 9 23.08406 adhocsim1
26 0 112616 0 36.405457 adhocsim1
26 0 112457 1 35.501072 adhocsim1
26 0 110318 2 35.246193 adhocsim1
26 0 110715 3 34.670395 adhocsim1
26 0 118304 4 33.856564 adhocsim1
26 0 104943 5 33.37144 adhocsim1
26 0 1087694 6 32.41732 adhocsim1
26 0 109989 7 32.112946 adhocsim1
26 0 111185 8 31.979223 adhocsim1
26 0 112324 9 31.639193 adhocsim1
27 0 4157382 0 30.981007 adhocsim1
27 0 4157405 1 30.981007 adhocsim1
27 0 112346 2 27.339066 adhocsim1
27 0 111141 3 26.305277 adhocsim1
27 0 110384 4 25.083569 adhocsim1
27 0 112071 5 22.51187 adhocsim1
27 0 110706 6 21.443657 adhocsim1
27 0 110291 7 20.93256 adhocsim1
27 0 118475 8 20.486158 adhocsim1
27 0 105708 9 20.406923 adhocsim1
28 0 4157382 0 38.95946 adhocsim1
28 0 4157405 1 38.95946 adhocsim1
28 0 112346 2 35.427246 adhocsim1
28 0 111141 3 35.332607 adhocsim1
28 0 112071 4 31.37223 adhocsim1
28 0 110384 5 28.101 adhocsim1
28 0 111217 6 27.631788 adhocsim1
28 0 145827 7 27.171968 adhocsim1
28 0 110706 8 26.14249 adhocsim1
28 0 109704 9 25.93814 adhocsim1
29 0 205788 0 26.078876 adhocsim1
29 0 112810 1 25.670887 adhocsim1
29 0 111797 2 25.645945 adhocsim1
29 0 111019 3 25.575903 adhocsim1
29 0 104681 4 25.545794 adhocsim1
29 0 117875 5 25.232388 adhocsim1
29 0 4151826 6 25.056614 adhocsim1
29 0 112362 7 24.911415 adhocsim1
29 0 110984 8 24.858286 adhocsim1
29 0 118351 9 24.766596 adhocsim1
30 0 4094005 0 12.366205 adhocsim1
30 0 98137 1 12.042519 adhocsim1
30 0 104503 2 11.375009 adhocsim1
30 0 102473 3 11.14731 adhocsim1
30 0 108717 4 11.132309 adhocsim1
30 0 105801 5 11.071118 adhocsim1
30 0 106152 6 10.99097 adhocsim1
30 0 109534 7 10.9852495 adhocsim1
30 0 98688 8 10.777784 adhocsim1
30 0 95415 9 10.76164 adhocsim1
31 0 118023 0 24.144089 adhocsim1
31 0 109450 1 24.005459 adhocsim1
31 0 110015 2 22.374508 adhocsim1
31 0 118455 3 22.040436 adhocsim1
31 0 109727 4 21.42419 adhocsim1
31 0 112356 5 21.09571 adhocsim1
31 0 103716 6 19.548431 adhocsim1
31 0 104774 7 18.84831 adhocsim1
31 0 137729 8 18.817137 adhocsim1
31 0 111786 9 18.633402 adhocsim1
32 0 110992 0 19.541016 adhocsim1
32 0 112329 1 19.44693 adhocsim1
32 0 118023 2 19.128347 adhocsim1
32 0 117924 3 19.007742 adhocsim1
32 0 111744 4 18.507673 adhocsim1
32 0 118499 5 18.444084 adhocsim1
32 0 110015 6 18.418709 adhocsim1
32 0 109450 7 18.259686 adhocsim1
32 0 118455 8 18.217773 adhocsim1
32 0 110561 9 18.18208 adhocsim1
33 0 2676594 0 30.797642 adhocsim1
33 0 2675753 1 30.64502 adhocsim1
33 0 2679204 2 30.64502 adhocsim1
33 0 2809767 3 28.893082 adhocsim1
33 0 2811850 4 28.893082 adhocsim1
33 0 112633 5 20.32438 adhocsim1
33 0 112199 6 19.628569 adhocsim1
33 0 146986 7 19.295382 adhocsim1
33 0 112962 8 19.273323 adhocsim1
33 0 139563 9 19.157047 adhocsim1
34 0 2676594 0 44.111137 adhocsim1
34 0 2675753 1 43.797424 adhocsim1
34 0 2679204 2 43.797424 adhocsim1
34 0 2809767 3 39.67083 adhocsim1
34 0 2811850 4 39.67083 adhocsim1
34 0 112633 5 23.971483 adhocsim1
34 0 145634 6 23.314886 adhocsim1
34 0 146986 7 21.990332 adhocsim1
34 0 104014 8 21.92598 adhocsim1
34 0 118302 9 21.87767 adhocsim1
35 0 118025 0 27.580347 adhocsim1
35 0 2620886 1 25.672138 adhocsim1
35 0 2672209 2 24.612125 adhocsim1
35 0 2657779 3 24.612125 adhocsim1
35 0 3203656 4 23.917376 adhocsim1
35 0 3206414 5 23.917376 adhocsim1
35 0 118329 6 23.76136 adhocsim1
35 0 112747 7 23.570429 adhocsim1
35 0 118434 8 23.240747 adhocsim1
35 0 626208 9 22.301348 adhocsim1
36 0 3203656 0 22.769129 adhocsim1
36 0 3206414 1 22.769129 adhocsim1
36 0 3205767 2 22.421713 adhocsim1
36 0 112351 3 22.08466 adhocsim1
36 0 821306 4 21.055672 adhocsim1
36 0 145658 5 21.007061 adhocsim1
36 0 118025 6 20.891489 adhocsim1
36 0 145704 7 20.799913 adhocsim1
36 0 145753 8 20.731234 adhocsim1
36 0 118217 9 20.513947 adhocsim1
37 0 145731 0 82.930595 adhocsim1
37 0 1993216 1 78.865074 adhocsim1
37 0 118269 2 76.112305 adhocsim1
37 0 145855 3 75.75675 adhocsim1
37 0 112910 4 75.30408 adhocsim1
37 0 145629 5 69.87364 adhocsim1
37 0 4151829 6 68.077065 adhocsim1
37 0 111420 7 65.90876 adhocsim1
37 0 112292 8 63.145157 adhocsim1
37 0 4170684 9 63.10208 adhocsim1
38 0 4151829 0 30.337059 adhocsim1
38 0 118269 1 30.235668 adhocsim1
38 0 1993216 2 27.447649 adhocsim1
38 0 145731 3 27.08751 adhocsim1
38 0 145855 4 27.010141 adhocsim1
38 0 112887 5 26.512875 adhocsim1
38 0 145629 6 26.236237 adhocsim1
38 0 112910 7 25.816587 adhocsim1
38 0 118315 8 24.281284 adhocsim1
38 0 118290 9 22.787298 adhocsim1
39 0 102086 0 25.596584 adhocsim1
39 0 105058 1 24.926857 adhocsim1
39 0 112568 2 24.297482 adhocsim1
39 0 1731 3 24.156233 adhocsim1
39 0 2674861 4 23.881601 adhocsim1
39 0 2675754 5 23.881601 adhocsim1
39 0 105200 6 23.579874 adhocsim1
39 0 111432 7 23.35671 adhocsim1
39 0 112855 8 22.802408 adhocsim1
39 0 103135 9 22.33458 adhocsim1
40 0 103780 0 28.179428 adhocsim1
40 0 145664 1 26.784143 adhocsim1
40 0 105873 2 26.563797 adhocsim1
40 0 145766 3 26.533937 adhocsim1
40 0 798510 4 25.586815 adhocsim1
40 0 118357 5 24.753859 adhocsim1
40 0 136067 6 24.621336 adhocsim1
40 0 109571 7 24.562485 adhocsim1
40 0 104451 8 24.403004 adhocsim1
40 0 107974 9 24.331827 adhocsim1
41 0 109186 0 34.17381 adhocsim1
41 0 112585 1 31.47695 adhocsim1
41 0 110132 2 28.61161 adhocsim1
41 0 2810525 3 27.63201 adhocsim1
41 0 2811847 4 27.63201 adhocsim1
41 0 111198 5 27.403545 adhocsim1
41 0 111254 6 26.229675 adhocsim1
41 0 112257 7 26.061642 adhocsim1
41 0 110075 8 26.03749 adhocsim1
41 0 111891 9 25.633394 adhocsim1
42 0 109186 0 54.41041 adhocsim1
42 0 112585 1 44.39722 adhocsim1
42 0 110132 2 44.385155 adhocsim1
42 0 111891 3 43.844437 adhocsim1
42 0 112440 4 41.976246 adhocsim1
42 0 111198 5 41.93699 adhocsim1
42 0 112924 6 40.97589 adhocsim1
42 0 112257 7 40.87117 adhocsim1
42 0 111193 8 40.726814 adhocsim1
42 0 110635 9 39.910694 adhocsim1
43 0 90079 0 29.819313 adhocsim1
43 0 94717 1 29.76896 adhocsim1
43 0 93137 2 28.871792 adhocsim1
43 0 100926 3 28.404234 adhocsim1
43 0 93088 4 28.304783 adhocsim1
43 0 90315 5 28.27079 adhocsim1
43 0 95854 6 27.867311 adhocsim1
43 0 101906 7 27.783367 adhocsim1
43 0 90942 8 27.676004 adhocsim1
43 0 112920 9 27.21183 adhocsim1
44 0 205720 0 10.837577 adhocsim1
44 0 102311 1 10.66608 adhocsim1
44 0 103170 2 10.605363 adhocsim1
44 0 118224 3 10.604652 adhocsim1
44 0 779833 4 10.35075 adhocsim1
44 0 798511 5 10.35075 adhocsim1
44 0 145876 6 10.344378 adhocsim1
44 0 100137 7 10.282835 adhocsim1
44 0 92293 8 10.26819 adhocsim1
44 0 112802 9 10.236297 adhocsim1
45 0 118090 0 30.434868 adhocsim1
45 0 112665 1 29.672445 adhocsim1
45 0 868384 2 29.500317 adhocsim1
45 0 108766 3 29.437136 adhocsim1
45 0 108210 4 28.589033 adhocsim1
45 0 118450 5 28.03964 adhocsim1
45 0 112374 6 27.78618 adhocsim1
45 0 112305 7 27.754818 adhocsim1
45 0 118281 8 27.644312 adhocsim1
45 0 2750100 9 27.310514 adhocsim1
46 0 866024 0 53.028965 adhocsim1
46 0 858802 1 53.028965 adhocsim1
46 0 618680 2 49.10602 adhocsim1
46 0 150542 3 48.881413 adhocsim1
46 0 2804673 4 47.729385 adhocsim1
46 0 3204917 5 47.114784 adhocsim1
46 0 145861 6 46.756985 adhocsim1
46 0 145772 7 46.481255 adhocsim1
46 0 127916 8 45.74046 adhocsim1
46 0 623145 9 45.59799 adhocsim1
47 0 2674861 0 29.089186 adhocsim1
47 0 2675754 1 29.089186 adhocsim1
47 0 88571 2 27.053104 adhocsim1
47 0 95291 3 26.153362 adhocsim1
47 0 108545 4 25.18269 adhocsim1
47 0 94225 5 24.64765 adhocsim1
47 0 96147 6 24.467081 adhocsim1
47 0 94794 7 24.033108 adhocsim1
47 0 93056 8 23.858995 adhocsim1
47 0 94040 9 23.548582 adhocsim1
48 0 2674861 0 23.818686 adhocsim1
48 0 2675754 1 23.818686 adhocsim1
48 0 103019 2 22.636213 adhocsim1
48 0 96147 3 22.173225 adhocsim1
48 0 96287 4 20.944016 adhocsim1
48 0 99342 5 20.547848 adhocsim1
48 0 108545 6 19.640427 adhocsim1
48 0 91861 7 19.590885 adhocsim1
48 0 101103 8 19.550425 adhocsim1
48 0 94040 9 18.786806 adhocsim1
49 0 111953 0 33.01076 adhocsim1
49 0 118449 1 31.60378 adhocsim1
49 0 137736 2 31.035763 adhocsim1
49 0 2675750 3 30.565449 adhocsim1
49 0 117906 4 30.549442 adhocsim1
49 0 112671 5 30.529097 adhocsim1
49 0 111611 6 29.474966 adhocsim1
49 0 3153112 7 29.361416 adhocsim1
49 0 4162535 8 29.252678 adhocsim1
49 0 2801435 9 27.918318 adhocsim1
50 0 111953 0 33.421677 adhocsim1
50 0 623242 1 31.957922 adhocsim1
50 0 137733 2 31.747196 adhocsim1
50 0 111611 3 31.52853 adhocsim1
50 0 3153112 4 31.427925 adhocsim1
50 0 118449 5 31.29212 adhocsim1
50 0 118289 6 30.947989 adhocsim1
50 0 111304 7 30.895903 adhocsim1
50 0 112933 8 30.872427 adhocsim1
50 0 131161 9 30.75615 adhocsim1
51 0 112770 0 42.609 adhocsim1
51 0 97778 1 39.668423 adhocsim1
51 0 112931 2 38.76058 adhocsim1
51 0 105869 3 37.818226 adhocsim1
51 0 112243 4 36.71493 adhocsim1
51 0 84894 5 36.32838 adhocsim1
51 0 100687 6 36.27219 adhocsim1
51 0 112094 7 36.24184 adhocsim1
51 0 103302 8 35.603916 adhocsim1
51 0 96341 9 35.467583 adhocsim1
52 0 112770 0 55.675724 adhocsim1
52 0 112931 1 48.99593 adhocsim1
52 0 84894 2 48.726643 adhocsim1
52 0 112094 3 47.986656 adhocsim1
52 0 103302 4 47.93413 adhocsim1
52 0 112243 5 47.910713 adhocsim1
52 0 97778 6 47.661625 adhocsim1
52 0 98744 7 46.7199 adhocsim1
52 0 105869 8 46.256233 adhocsim1
52 0 85451 9 45.06226 adhocsim1
53 0 117916 0 20.14989 adhocsim1
53 0 112677 1 20.088266 adhocsim1
53 0 2808291 2 20.014847 adhocsim1
53 0 118262 3 18.70398 adhocsim1
53 0 118218 4 18.661152 adhocsim1
53 0 117922 5 18.45838 adhocsim1
53 0 104381 6 18.435253 adhocsim1
53 0 799985 7 18.3496 adhocsim1
53 0 118357 8 18.293434 adhocsim1
53 0 145792 9 17.984114 adhocsim1
54 0 104488 0 16.10602 adhocsim1
54 0 799985 1 15.17219 adhocsim1
54 0 111426 2 14.932674 adhocsim1
54 0 103537 3 14.831062 adhocsim1
54 0 145884 4 14.463381 adhocsim1
54 0 2808291 5 14.41957 adhocsim1
54 0 108879 6 14.299246 adhocsim1
54 0 112016 7 14.179521 adhocsim1
54 0 104007 8 13.906561 adhocsim1
54 0 2363931 9 13.906561 adhocsim1
55 0 4154603 0 61.551632 adhocsim1
55 0 145731 1 59.682102 adhocsim1
55 0 145855 2 55.51511 adhocsim1
55 0 112910 3 44.465027 adhocsim1
55 0 118269 4 41.754642 adhocsim1
55 0 145629 5 38.102745 adhocsim1
55 0 1993216 6 37.472183 adhocsim1
55 0 110774 7 34.852516 adhocsim1
55 0 111261 8 33.2819 adhocsim1
55 0 112887 9 33.182335 adhocsim1
56 0 145731 0 80.48234 adhocsim1
56 0 145855 1 79.71031 adhocsim1
56 0 112910 2 75.50042 adhocsim1
56 0 1993216 3 75.46833 adhocsim1
56 0 118269 4 72.80934 adhocsim1
56 0 4154603 5 69.62506 adhocsim1
56 0 145629 6 68.20976 adhocsim1
56 0 111420 7 64.85544 adhocsim1
56 0 111982 8 63.988224 adhocsim1
56 0 112292 9 61.244785 adhocsim1
57 0 118467 0 21.42423 adhocsim1
57 0 137741 1 20.684639 adhocsim1
57 0 142890 2 19.936642 adhocsim1
57 0 821305 3 19.56601 adhocsim1
57 0 2781925 4 19.133076 adhocsim1
57 0 145791 5 19.127974 adhocsim1
57 0 3181481 6 17.957 adhocsim1
57 0 145802 7 17.631067 adhocsim1
57 0 145834 8 17.613804 adhocsim1
57 0 90053 9 17.440344 adhocsim1
58 0 118467 0 29.635164 adhocsim1
58 0 2781925 1 27.792183 adhocsim1
58 0 821305 2 27.754461 adhocsim1
58 0 87867 3 27.097757 adhocsim1
58 0 137741 4 26.938538 adhocsim1
58 0 142890 5 25.45129 adhocsim1
58 0 90053 6 25.003628 adhocsim1
58 0 3181481 7 24.83938 adhocsim1
58 0 109466 8 24.763191 adhocsim1
58 0 109806 9 24.569267 adhocsim1
59 0 4170685 0 52.394047 adhocsim1
59 0 117965 1 48.926792 adhocsim1
59 0 931614 2 45.704674 adhocsim1
59 0 118040 3 44.928078 adhocsim1
59 0 118129 4 44.14669 adhocsim1
59 0 118037 5 39.48243 adhocsim1
59 0 145627 6 39.41051 adhocsim1
59 0 2788983 7 39.184727 adhocsim1
59 0 134735 8 39.01545 adhocsim1
59 0 118099 9 38.927483 adhocsim1
60 0 931614 0 61.01866 adhocsim1
60 0 145856 1 50.67411 adhocsim1
60 0 4170685 2 49.01603 adhocsim1
60 0 145807 3 47.74954 adhocsim1
60 0 117965 4 47.680817 adhocsim1
60 0 118129 5 46.667625 adhocsim1
60 0 118257 6 43.661755 adhocsim1
60 0 118099 7 43.262943 adhocsim1
60 0 110510 8 42.45362 adhocsim1
60 0 3195891 9 41.732407 adhocsim1
61 0 2812210 0 89.05016 adhocsim1
61 0 1732 1 80.18469 adhocsim1
61 0 218457 2 78.05984 adhocsim1
61 0 145743 3 77.25564 adhocsim1
61 0 1087955 4 76.99706 adhocsim1
61 0 145923 5 76.604614 adhocsim1
61 0 218132 6 75.28476 adhocsim1
61 0 3195092 7 74.98673 adhocsim1
61 0 219815 8 74.45302 adhocsim1
61 0 179213 9 73.617966 adhocsim1
62 0 3195092 0 33.423943 adhocsim1
62 0 2812210 1 30.94632 adhocsim1
62 0 110091 2 29.973267 adhocsim1
62 0 93878 3 29.645191 adhocsim1
62 0 117875 4 28.83272 adhocsim1
62 0 107147 5 28.147982 adhocsim1
62 0 93765 6 28.136253 adhocsim1
62 0 112838 7 27.746191 adhocsim1
62 0 96356 8 26.366188 adhocsim1
62 0 110249 9 25.935642 adhocsim1
63 0 108539 0 43.658207 adhocsim1
63 0 107685 1 41.506424 adhocsim1
63 0 102879 2 41.50243 adhocsim1
63 0 108186 3 41.306416 adhocsim1
63 0 108538 4 40.58246 adhocsim1
63 0 110057 5 40.525024 adhocsim1
63 0 106545 6 40.469162 adhocsim1
63 0 110339 7 39.866028 adhocsim1
63 0 108187 8 39.635994 adhocsim1
63 0 109133 9 39.602203 adhocsim1
64 0 2758568 0 42.701817 adhocsim1
64 0 110645 1 41.128647 adhocsim1
64 0 102061 2 40.54657 adhocsim1
64 0 109773 3 38.510002 adhocsim1
64 0 93425 4 38.23255 adhocsim1
64 0 111082 5 37.26275 adhocsim1
64 0 98509 6 36.65219 adhocsim1
64 0 111936 7 36.26633 adhocsim1
64 0 110542 8 35.107433 adhocsim1
64 0 111051 9 34.50689 adhocsim1
65 0 118123 0 30.795738 adhocsim1
65 0 4151825 1 24.692907 adhocsim1
65 0 145903 2 24.385191 adhocsim1
65 0 111285 3 24.33588 adhocsim1
65 0 109067 4 24.33459 adhocsim1
65 0 112935 5 24.216692 adhocsim1
65 0 130138 6 23.921236 adhocsim1
65 0 106391 7 23.6637 adhocsim1
65 0 104777 8 23.613623 adhocsim1
65 0 110645 9 23.477045 adhocsim1
66 0 145867 0 19.993841 adhocsim1
66 0 111803 1 19.020716 adhocsim1
66 0 110645 2 17.915401 adhocsim1
66 0 118123 3 17.904594 adhocsim1
66 0 104777 4 17.786652 adhocsim1
66 0 3211501 5 17.23023 adhocsim1
66 0 112016 6 17.187922 adhocsim1
66 0 111065 7 17.087427 adhocsim1
66 0 111838 8 17.058613 adhocsim1
66 0 118495 9 16.820406 adhocsim1
67 0 145800 0 32.1328 adhocsim1
67 0 867645 1 32.02028 adhocsim1
67 0 97893 2 30.462196 adhocsim1
67 0 103093 3 29.833082 adhocsim1
67 0 94177 4 29.487427 adhocsim1
67 0 104522 5 28.586653 adhocsim1
67 0 88756 6 28.537233 adhocsim1
67 0 97584 7 28.451239 adhocsim1
67 0 98917 8 28.363293 adhocsim1
67 0 99090 9 28.309774 adhocsim1
68 0 103675 0 42.67981 adhocsim1
68 0 867645 1 41.92294 adhocsim1
68 0 106930 2 40.028267 adhocsim1
68 0 104522 3 39.431213 adhocsim1
68 0 97584 4 38.810966 adhocsim1
68 0 145800 5 38.439026 adhocsim1
68 0 103321 6 38.327557 adhocsim1
68 0 89835 7 38.13795 adhocsim1
68 0 104367 8 37.739494 adhocsim1
68 0 98917 9 37.68729 adhocsim1
69 0 110932 0 29.462868 adhocsim1
69 0 101939 1 28.459198 adhocsim1
69 0 3214777 2 28.05163 adhocsim1
69 0 104859 3 28.015568 adhocsim1
69 0 109835 4 27.569798 adhocsim1
69 0 182558 5 27.548769 adhocsim1
69 0 110068 6 27.526049 adhocsim1
69 0 112820 7 27.491047 adhocsim1
69 0 112534 8 27.368498 adhocsim1
69 0 146552 9 26.850208 adhocsim1
70 0 110932 0 52.897835 adhocsim1
70 0 101939 1 52.146862 adhocsim1
70 0 110068 2 50.681786 adhocsim1
70 0 112820 3 49.00387 adhocsim1
70 0 109772 4 48.575954 adhocsim1
70 0 182558 5 48.38997 adhocsim1
70 0 118111 6 48.25374 adhocsim1
70 0 117859 7 47.783543 adhocsim1
70 0 111709 8 47.057365 adhocsim1
70 0 109835 9 46.693806 adhocsim1
71 0 118052 0 39.706776 adhocsim1
71 0 112904 1 36.575237 adhocsim1
71 0 118234 2 34.049503 adhocsim1
71 0 111103 3 33.081432 adhocsim1
71 0 110331 4 32.450462 adhocsim1
71 0 1087946 5 32.40988 adhocsim1
71 0 112324 6 32.292107 adhocsim1
71 0 118155 7 32.288826 adhocsim1
71 0 127899 8 31.196938 adhocsim1
71 0 118005 9 30.887445 adhocsim1
72 0 118052 0 26.124765 adhocsim1
72 0 112797 1 24.457977 adhocsim1
72 0 112904 2 24.326965 adhocsim1
72 0 89375 3 23.252077 adhocsim1
72 0 85119 4 22.951242 adhocsim1
72 0 85232 5 22.775415 adhocsim1
72 0 118234 6 22.715412 adhocsim1
72 0 91596 7 22.50564 adhocsim1
72 0 145121 8 21.548481 adhocsim1
72 0 112914 9 21.52417 adhocsim1
73 0 1087954 0 25.6301 adhocsim1
73 0 2804674 1 23.553032 adhocsim1
73 0 145624 2 23.42 adhocsim1
73 0 111425 3 22.730694 adhocsim1
73 0 145881 4 22.439766 adhocsim1
73 0 812524 5 22.418324 adhocsim1
73 0 108299 6 21.581432 adhocsim1
73 0 145638 7 21.538708 adhocsim1
73 0 108345 8 21.491318 adhocsim1
73 0 137725 9 21.007784 adhocsim1
74 0 112774 0 34.633995 adhocsim1
74 0 110398 1 33.36525 adhocsim1
74 0 108616 2 32.21289 adhocsim1
74 0 127908 3 32.000015 adhocsim1
74 0 110798 4 31.531658 adhocsim1
74 0 103459 5 31.37352 adhocsim1
74 0 107904 6 29.714996 adhocsim1
74 0 117871 7 29.672201 adhocsim1
74 0 109016 8 29.27417 adhocsim1
74 0 2804674 9 29.141932 adhocsim1
75 0 98317 0 21.364712 adhocsim1
75 0 102384 1 21.227747 adhocsim1
75 0 106428 2 21.106798 adhocsim1
75 0 92174 3 20.776514 adhocsim1
75 0 96837 4 20.365952 adhocsim1
75 0 94636 5 20.133125 adhocsim1
75 0 100360 6 20.021587 adhocsim1
75 0 101944 7 19.535141 adhocsim1
75 0 91092 8 19.406757 adhocsim1
75 0 92682 9 19.363693 adhocsim1
76 0 108900 0 36.42168 adhocsim1
76 0 112222 1 33.593605 adhocsim1
76 0 111945 2 32.79334 adhocsim1
76 0 100427 3 32.26236 adhocsim1
76 0 821432 4 32.221767 adhocsim1
76 0 218666 5 31.697216 adhocsim1
76 0 89667 6 31.58161 adhocsim1
76 0 111560 7 30.904089 adhocsim1
76 0 145861 8 30.813313 adhocsim1
76 0 85574 9 30.082052 adhocsim1
77 0 97242 0 26.840687 adhocsim1
77 0 104355 1 25.885117 adhocsim1
77 0 112646 2 25.703625 adhocsim1
77 0 92834 3 25.690283 adhocsim1
77 0 108605 4 25.682913 adhocsim1
77 0 112626 5 25.48131 adhocsim1
77 0 112693 6 25.116123 adhocsim1
77 0 109635 7 24.581244 adhocsim1
77 0 111455 8 23.91424 adhocsim1
77 0 110594 9 23.802492 adhocsim1
78 0 112485 0 46.59134 adhocsim1
78 0 145632 1 46.120758 adhocsim1
78 0 111250 2 44.565132 adhocsim1
78 0 802973 3 44.442616 adhocsim1
78 0 803271 4 44.442616 adhocsim1
78 0 2959737 5 44.442616 adhocsim1
78 0 117187 6 43.966652 adhocsim1
78 0 111664 7 43.165485 adhocsim1
78 0 109622 8 42.617565 adhocsim1
78 0 109532 9 42.588593 adhocsim1
79 0 111009 0 55.567646 adhocsim1
79 0 118143 1 51.07152 adhocsim1
79 0 110221 2 45.36519 adhocsim1
79 0 2680438 3 43.18996 adhocsim1
79 0 106568 4 42.379986 adhocsim1
79 0 106328 5 42.129635 adhocsim1
79 0 118375 6 41.128212 adhocsim1
79 0 145833 7 40.661663 adhocsim1
79 0 111470 8 40.24175 adhocsim1
79 0 112867 9 39.7379 adhocsim1
80 0 112923 0 22.1513 adhocsim1
80 0 118187 1 21.882725 adhocsim1
80 0 100646 2 21.089996 adhocsim1
80 0 108900 3 21.020174 adhocsim1
80 0 86026 4 20.98506 adhocsim1
80 0 111753 5 20.9275 adhocsim1
80 0 94740 6 20.82505 adhocsim1
80 0 97428 7 20.71302 adhocsim1
80 0 94991 8 20.564579 adhocsim1
80 0 87409 9 20.559084 adhocsim1
81 0 799981 0 104.348656 adhocsim1
81 0 145865 1 104.22722 adhocsim1
81 0 1726 2 100.115456 adhocsim1
81 0 216735 3 99.13352 adhocsim1
81 0 216806 4 99.13352 adhocsim1
81 0 118126 5 97.125145 adhocsim1
81 0 118368 6 95.45361 adhocsim1
81 0 2803250 7 94.96075 adhocsim1
81 0 127900 8 92.33529 adhocsim1
81 0 145751 9 84.47991 adhocsim1
82 0 117881 0 15.107068 adhocsim1
82 0 96740 1 14.97429 adhocsim1
82 0 84694 2 14.499875 adhocsim1
82 0 84750 3 14.46686 adhocsim1
82 0 95854 4 14.450745 adhocsim1
82 0 112305 5 14.398821 adhocsim1
82 0 86923 6 14.182039 adhocsim1
82 0 118467 7 14.081173 adhocsim1
82 0 94898 8 14.068825 adhocsim1
82 0 94136 9 14.027704 adhocsim1
83 0 145859 0 42.158115 adhocsim1
83 0 112432 1 42.001255 adhocsim1
83 0 122251 2 41.98841 adhocsim1
83 0 137746 3 41.964966 adhocsim1
83 0 111664 4 41.735386 adhocsim1
83 0 109200 5 41.629723 adhocsim1
83 0 110834 6 41.607937 adhocsim1
83 0 111151 7 41.429317 adhocsim1
83 0 800858 8 41.371506 adhocsim1
83 0 108469 9 41.34829 adhocsim1
84 0 145859 0 32.662384 adhocsim1
84 0 110289 1 30.433346 adhocsim1
84 0 112922 2 27.147472 adhocsim1
84 0 145870 3 26.503595 adhocsim1
84 0 108374 4 24.51699 adhocsim1
84 0 112352 5 24.339655 adhocsim1
84 0 111103 6 24.2435 adhocsim1
84 0 110961 7 24.23758 adhocsim1
84 0 111286 8 24.114132 adhocsim1
84 0 110360 9 23.030432 adhocsim1
85 0 150543 0 45.885185 adhocsim1
85 0 2959732 1 45.885185 adhocsim1
85 0 146553 2 45.86967 adhocsim1
85 0 146790 3 45.86967 adhocsim1
85 0 112326 4 45.840725 adhocsim1
85 0 802973 5 41.85873 adhocsim1
85 0 803271 6 41.85873 adhocsim1
85 0 2959737 7 41.85873 adhocsim1
85 0 137749 8 38.51532 adhocsim1
85 0 3171724 9 36.13735 adhocsim1
86 0 150543 0 51.147606 adhocsim1
86 0 2959732 1 51.147606 adhocsim1
86 0 146553 2 51.12812 adhocsim1
86 0 146790 3 51.12812 adhocsim1
86 0 112326 4 50.682426 adhocsim1
86 0 802973 5 47.5401 adhocsim1
86 0 803271 6 47.5401 adhocsim1
86 0 2959737 7 47.5401 adhocsim1
86 0 137749 8 44.217613 adhocsim1
86 0 3177199 9 42.19953 adhocsim1
87 0 111170 0 51.62969 adhocsim1
87 0 111957 1 51.222527 adhocsim1
87 0 111801 2 49.770905 adhocsim1
87 0 624280 3 46.28731 adhocsim1
87 0 112316 4 44.40605 adhocsim1
87 0 111471 5 43.696587 adhocsim1
87 0 111665 6 43.22709 adhocsim1
87 0 112485 7 43.156017 adhocsim1
87 0 111303 8 42.908607 adhocsim1
87 0 118509 9 42.82723 adhocsim1
88 0 111170 0 60.20631 adhocsim1
88 0 111801 1 58.724857 adhocsim1
88 0 111957 2 56.948494 adhocsim1
88 0 1756 3 51.06485 adhocsim1
88 0 111811 4 51.007393 adhocsim1
88 0 112807 5 49.314056 adhocsim1
88 0 111182 6 48.86234 adhocsim1
88 0 799980 7 48.859116 adhocsim1
88 0 137735 8 48.85726 adhocsim1
88 0 624280 9 47.71011 adhocsim1
89 0 2812588 0 90.15732 adhocsim1
89 0 4151822 1 86.98564 adhocsim1
89 0 145817 2 64.98771 adhocsim1
89 0 2770446 3 62.371357 adhocsim1
89 0 111029 4 59.496693 adhocsim1
89 0 4106440 5 57.261494 adhocsim1
89 0 111455 6 55.932777 adhocsim1
89 0 145647 7 55.295166 adhocsim1
89 0 112726 8 51.32729 adhocsim1
89 0 134747 9 50.72506 adhocsim1
90 0 109643 0 22.02788 adhocsim1
90 0 118054 1 21.839987 adhocsim1
90 0 109921 2 21.482115 adhocsim1
90 0 109776 3 21.302078 adhocsim1
90 0 109079 4 20.82141 adhocsim1
90 0 109080 5 20.731049 adhocsim1
90 0 145697 6 20.45204 adhocsim1
90 0 145626 7 20.404911 adhocsim1
90 0 109016 8 19.651047 adhocsim1
90 0 107840 9 19.36634 adhocsim1
91 0 112127 0 31.794573 adhocsim1
91 0 111622 1 31.514536 adhocsim1
91 0 112622 2 30.913218 adhocsim1
91 0 118417 3 30.897785 adhocsim1
91 0 112168 4 30.613163 adhocsim1
91 0 103050 5 30.50787 adhocsim1
91 0 145873 6 30.433323 adhocsim1
91 0 111193 7 30.046673 adhocsim1
91 0 3189783 8 29.951218 adhocsim1
91 0 131158 9 29.942265 adhocsim1
92 0 3212514 0 56.0107 adhocsim1
92 0 118340 1 48.709137 adhocsim1
92 0 4162936 2 45.54134 adhocsim1
92 0 109857 3 41.93681 adhocsim1
92 0 127887 4 41.356773 adhocsim1
92 0 127923 5 41.35651 adhocsim1
92 0 2675751 6 40.815777 adhocsim1
92 0 112439 7 39.05626 adhocsim1
92 0 109818 8 36.52083 adhocsim1
92 0 109972 9 36.250046 adhocsim1
93 0 117965 0 65.90021 adhocsim1
93 0 112905 1 59.99383 adhocsim1
93 0 111737 2 58.42583 adhocsim1
93 0 2788983 3 56.784893 adhocsim1
93 0 110246 4 56.728806 adhocsim1
93 0 4151827 5 56.24784 adhocsim1
93 0 145627 6 55.651554 adhocsim1
93 0 931614 7 54.815674 adhocsim1
93 0 117968 8 54.308914 adhocsim1
93 0 108825 9 54.233078 adhocsim1
94 0 2788983 0 74.52972 adhocsim1
94 0 130158 1 71.930885 adhocsim1
94 0 4151827 2 71.119316 adhocsim1
94 0 931614 3 70.46296 adhocsim1
94 0 118129 4 68.48568 adhocsim1
94 0 109418 5 67.23372 adhocsim1
94 0 145807 6 67.05686 adhocsim1
94 0 110877 7 66.80601 adhocsim1
94 0 118334 8 66.59342 adhocsim1
94 0 118107 9 64.305176 adhocsim1
95 0 108555 0 43.76838 adhocsim1
95 0 105495 1 42.31457 adhocsim1
95 0 107475 2 40.02036 adhocsim1
95 0 107232 3 39.737858 adhocsim1
95 0 103631 4 38.66938 adhocsim1
95 0 106171 5 35.53977 adhocsim1
95 0 104543 6 35.506874 adhocsim1
95 0 145692 7 34.724297 adhocsim1
95 0 112750 8 32.93516 adhocsim1
95 0 106073 9 32.605785 adhocsim1
96 0 87146 0 27.968508 adhocsim1
96 0 92746 1 27.189648 adhocsim1
96 0 88809 2 26.56086 adhocsim1
96 0 85512 3 25.358034 adhocsim1
96 0 91470 4 23.98744 adhocsim1
96 0 85453 5 23.753815 adhocsim1
96 0 96341 6 23.462276 adhocsim1
96 0 93739 7 23.341974 adhocsim1
96 0 93789 8 23.313116 adhocsim1
96 0 93395 9 23.093714 adhocsim1
97 0 112101 0 26.33581 adhocsim1
97 0 105525 1 24.770153 adhocsim1
97 0 111922 2 24.687384 adhocsim1
97 0 136993 3 22.63545 adhocsim1
97 0 105412 4 21.757994 adhocsim1
97 0 118444 5 21.7321 adhocsim1
97 0 112784 6 21.214527 adhocsim1
97 0 4172497 7 21.178814 adhocsim1
97 0 110996 8 20.765461 adhocsim1
97 0 2806208 9 20.738516 adhocsim1
98 0 110687 0 17.359318 adhocsim1
98 0 106593 1 16.54384 adhocsim1
98 0 101794 2 16.19731 adhocsim1
98 0 85090 3 16.130276 adhocsim1
98 0 110146 4 15.920832 adhocsim1
98 0 94506 5 15.339735 adhocsim1
98 0 101410 6 15.286453 adhocsim1
98 0 94136 7 15.187647 adhocsim1
98 0 103809 8 15.054089 adhocsim1
98 0 2621057 9 14.983433 adhocsim1
99 0 112267 0 70.11992 adhocsim1
99 0 110552 1 52.72814 adhocsim1
99 0 111884 2 51.120853 adhocsim1
99 0 109976 3 47.087425 adhocsim1
99 0 118121 4 46.039116 adhocsim1
99 0 110578 5 45.76934 adhocsim1
99 0 145914 6 43.27023 adhocsim1
99 0 118416 7 42.134876 adhocsim1
99 0 111671 8 40.317387 adhocsim1
99 0 873660 9 40.19195 adhocsim1
100 0 110552 0 37.201797 adhocsim1
100 0 112267 1 34.733295 adhocsim1
100 0 92488 2 32.925972 adhocsim1
100 0 110173 3 32.265606 adhocsim1
100 0 105930 4 32.242157 adhocsim1
100 0 91843 5 31.995441 adhocsim1
100 0 101885 6 31.610397 adhocsim1
100 0 108595 7 31.281513 adhocsim1
100 0 97352 8 30.952415 adhocsim1
100 0 100266 9 30.909666 adhocsim1
