1 0 219732 0 47.227863 adhocsim3
1 0 111116 1 45.754745 adhocsim3
1 0 102601 2 44.211002 adhocsim3
1 0 102956 3 43.906708 adhocsim3
1 0 98429 4 43.631405 adhocsim3
1 0 99782 5 43.264637 adhocsim3
1 0 104972 6 43.15208 adhocsim3
1 0 101335 7 42.63177 adhocsim3
1 0 98939 8 42.50672 adhocsim3
1 0 2649076 9 42.301533 adhocsim3
2 0 107016 0 71.272354 adhocsim3
2 0 103549 1 66.53568 adhocsim3
2 0 106821 2 64.88854 adhocsim3
2 0 105294 3 64.06948 adhocsim3
2 0 105116 4 63.776287 adhocsim3
2 0 104671 5 63.708504 adhocsim3
2 0 104085 6 61.035683 adhocsim3
2 0 112750 7 59.846447 adhocsim3
2 0 103644 8 57.939884 adhocsim3
2 0 102196 9 57.93721 adhocsim3
3 0 118029 0 80.83431 adhocsim3
3 0 145821 1 78.20107 adhocsim3
3 0 3162143 2 78.11394 adhocsim3
3 0 215496 3 77.5532 adhocsim3
3 0 215694 4 77.5532 adhocsim3
3 0 2959735 5 77.55007 adhocsim3
3 0 112212 6 77.29266 adhocsim3
3 0 149007 7 76.21986 adhocsim3
3 0 111091 8 75.94998 adhocsim3
3 0 118348 9 75.144775 adhocsim3
5 0 2811844 0 63.755924 adhocsim3
5 0 2959750 1 63.755924 adhocsim3
5 0 112094 2 46.208794 adhocsim3
5 0 117932 3 45.772118 adhocsim3
5 0 183480 4 43.24689 adhocsim3
5 0 110056 5 42.851883 adhocsim3
5 0 118181 6 42.34034 adhocsim3
5 0 110048 7 41.20003 adhocsim3
5 0 106257 8 40.65277 adhocsim3
5 0 112296 9 39.304993 adhocsim3
7 0 111949 0 27.232101 adhocsim3
7 0 2675751 1 26.24864 adhocsim3
7 0 110932 2 25.899345 adhocsim3
7 0 111503 3 25.642073 adhocsim3
7 0 112174 4 25.40531 adhocsim3
7 0 134749 5 25.129759 adhocsim3
7 0 112834 6 24.181204 adhocsim3
7 0 112827 7 23.972523 adhocsim3
7 0 112108 8 23.757904 adhocsim3
7 0 118011 9 23.521854 adhocsim3
9 0 118212 0 51.583782 adhocsim3
9 0 112641 1 50.939 adhocsim3
9 0 2675751 2 49.279167 adhocsim3
9 0 112537 3 47.16268 adhocsim3
9 0 111694 4 46.36864 adhocsim3
9 0 109720 5 45.93547 adhocsim3
9 0 127923 6 45.435024 adhocsim3
9 0 112285 7 45.415848 adhocsim3
9 0 127887 8 45.400806 adhocsim3
9 0 112230 9 45.342567 adhocsim3
11 0 110127 0 37.913445 adhocsim3
11 0 137736 1 35.177273 adhocsim3
11 0 111835 2 34.973537 adhocsim3
11 0 110916 3 34.84816 adhocsim3
11 0 111441 4 33.8671 adhocsim3
11 0 109031 5 33.822453 adhocsim3
11 0 111919 6 32.404263 adhocsim3
11 0 118104 7 32.268505 adhocsim3
11 0 111615 8 31.819353 adhocsim3
11 0 109540 9 31.583897 adhocsim3
17 0 110655 0 19.659071 adhocsim3
17 0 122247 1 19.289078 adhocsim3
17 0 96695 2 18.582848 adhocsim3
17 0 104870 3 18.396017 adhocsim3
17 0 107649 4 18.370792 adhocsim3
17 0 92459 5 17.964153 adhocsim3
17 0 118471 6 17.775887 adhocsim3
17 0 145657 7 17.549622 adhocsim3
17 0 101917 8 17.505978 adhocsim3
17 0 111540 9 17.455969 adhocsim3
18 0 148484 0 35.65669 adhocsim3
18 0 145119 1 31.066174 adhocsim3
18 0 111190 2 30.274216 adhocsim3
18 0 104306 3 29.6841 adhocsim3
18 0 3209687 4 29.545565 adhocsim3
18 0 620566 5 28.98697 adhocsim3
18 0 131156 6 28.62886 adhocsim3
18 0 4161362 7 28.574032 adhocsim3
18 0 108990 8 28.43962 adhocsim3
18 0 106333 9 28.3859 adhocsim3
19 0 110998 0 33.081776 adhocsim3
19 0 145967 1 30.032299 adhocsim3
19 0 112428 2 29.505499 adhocsim3
19 0 111556 3 29.161383 adhocsim3
19 0 106598 4 28.809568 adhocsim3
19 0 106203 5 28.318884 adhocsim3
19 0 99173 6 27.933222 adhocsim3
19 0 102601 7 27.548668 adhocsim3
19 0 96615 8 27.538445 adhocsim3
19 0 103558 9 27.263756 adhocsim3
23 0 110916 0 34.296993 adhocsim3
23 0 101278 1 27.840302 adhocsim3
23 0 118044 2 27.80781 adhocsim3
23 0 111630 3 27.450615 adhocsim3
23 0 111304 4 26.657084 adhocsim3
23 0 108918 5 26.11312 adhocsim3
23 0 3153112 6 26.035349 adhocsim3
23 0 2675750 7 25.852415 adhocsim3
23 0 145738 8 25.73191 adhocsim3
23 0 112579 9 25.534348 adhocsim3
29 0 205788 0 26.36641 adhocsim3
29 0 4151826 1 24.658508 adhocsim3
29 0 104681 2 23.323812 adhocsim3
29 0 626206 3 23.056637 adhocsim3
29 0 112810 4 22.263487 adhocsim3
29 0 112362 5 21.81886 adhocsim3
29 0 110984 6 21.807407 adhocsim3
29 0 111473 7 21.75371 adhocsim3
29 0 112620 8 21.621439 adhocsim3
29 0 111018 9 21.598953 adhocsim3
30 0 117954 0 27.265022 adhocsim3
30 0 118381 1 26.220547 adhocsim3
30 0 145921 2 24.956982 adhocsim3
30 0 84676 3 24.17261 adhocsim3
30 0 112803 4 24.039179 adhocsim3
30 0 94629 5 23.85448 adhocsim3
30 0 87779 6 23.74791 adhocsim3
30 0 205788 7 23.726181 adhocsim3
30 0 107249 8 23.601875 adhocsim3
30 0 112324 9 23.495405 adhocsim3
31 0 118023 0 20.075352 adhocsim3
31 0 118455 1 19.061445 adhocsim3
31 0 110015 2 18.802982 adhocsim3
31 0 109450 3 18.109745 adhocsim3
31 0 118061 4 17.938549 adhocsim3
31 0 112315 5 17.678598 adhocsim3
31 0 137729 6 17.343708 adhocsim3
31 0 110992 7 16.853544 adhocsim3
31 0 117924 8 16.578915 adhocsim3
31 0 109727 9 16.475115 adhocsim3
33 0 2676594 0 58.149178 adhocsim3
33 0 2675753 1 56.904167 adhocsim3
33 0 2679204 2 56.904167 adhocsim3
33 0 121158 3 46.584732 adhocsim3
33 0 2809767 4 45.845596 adhocsim3
33 0 2811850 5 45.845596 adhocsim3
33 0 112325 6 43.19007 adhocsim3
33 0 112326 7 38.149048 adhocsim3
33 0 117187 8 37.571175 adhocsim3
33 0 108605 9 37.482998 adhocsim3
35 0 3205767 0 28.480793 adhocsim3
35 0 112747 1 26.152178 adhocsim3
35 0 118329 2 25.93882 adhocsim3
35 0 2620886 3 25.896502 adhocsim3
35 0 3203656 4 25.596352 adhocsim3
35 0 3206414 5 25.596352 adhocsim3
35 0 112351 6 25.354862 adhocsim3
35 0 145704 7 24.832745 adhocsim3
35 0 145783 8 24.811375 adhocsim3
35 0 145904 9 24.448431 adhocsim3
36 0 118217 0 23.366663 adhocsim3
36 0 3203656 1 22.554214 adhocsim3
36 0 3206414 2 22.554214 adhocsim3
36 0 145658 3 22.202602 adhocsim3
36 0 112351 4 22.151905 adhocsim3
36 0 118025 5 22.05075 adhocsim3
36 0 110599 6 22.019178 adhocsim3
36 0 108089 7 21.955044 adhocsim3
36 0 821306 8 21.425013 adhocsim3
36 0 112747 9 21.304367 adhocsim3
37 0 145731 0 44.665337 adhocsim3
37 0 112910 1 44.3925 adhocsim3
37 0 4151829 2 43.42339 adhocsim3
37 0 145855 3 40.46178 adhocsim3
37 0 1993216 4 40.283745 adhocsim3
37 0 118269 5 39.049095 adhocsim3
37 0 145629 6 36.743584 adhocsim3
37 0 111982 7 34.63805 adhocsim3
37 0 109746 8 33.178448 adhocsim3
37 0 112359 9 32.57573 adhocsim3
40 0 112573 0 18.836922 adhocsim3
40 0 112530 1 17.935858 adhocsim3
40 0 145664 2 17.025871 adhocsim3
40 0 91948 3 16.913311 adhocsim3
40 0 104948 4 16.891088 adhocsim3
40 0 105068 5 16.850721 adhocsim3
40 0 2756232 6 16.44411 adhocsim3
40 0 105322 7 16.173086 adhocsim3
40 0 111831 8 16.138603 adhocsim3
40 0 111728 9 16.123203 adhocsim3
42 0 109186 0 50.553238 adhocsim3
42 0 111382 1 46.51529 adhocsim3
42 0 110132 2 44.874554 adhocsim3
42 0 110926 3 44.207886 adhocsim3
42 0 110979 4 44.1783 adhocsim3
42 0 110890 5 43.937824 adhocsim3
42 0 108801 6 43.719727 adhocsim3
42 0 110534 7 43.32669 adhocsim3
42 0 142878 8 43.20194 adhocsim3
42 0 112585 9 43.005 adhocsim3
43 0 112920 0 49.138187 adhocsim3
43 0 118113 1 47.86105 adhocsim3
43 0 2680590 2 45.268867 adhocsim3
43 0 2959745 3 45.268867 adhocsim3
43 0 112644 4 44.944443 adhocsim3
43 0 100926 5 43.217823 adhocsim3
43 0 112305 6 42.54589 adhocsim3
43 0 110687 7 42.409077 adhocsim3
43 0 112139 8 42.07369 adhocsim3
43 0 95854 9 41.457413 adhocsim3
45 0 868384 0 40.633022 adhocsim3
45 0 118281 1 38.927624 adhocsim3
45 0 118362 2 37.616028 adhocsim3
45 0 182568 3 37.520973 adhocsim3
45 0 145903 4 36.890182 adhocsim3
45 0 799969 5 35.717354 adhocsim3
45 0 118450 6 35.697544 adhocsim3
45 0 2784695 7 35.44261 adhocsim3
45 0 112639 8 35.36991 adhocsim3
45 0 118489 9 35.28336 adhocsim3
46 0 2804673 0 91.07909 adhocsim3
46 0 618680 1 76.77641 adhocsim3
46 0 623145 2 73.72043 adhocsim3
46 0 145772 3 73.11863 adhocsim3
46 0 1269289 4 69.63603 adhocsim3
46 0 866024 5 68.07663 adhocsim3
46 0 858802 6 68.07663 adhocsim3
46 0 118453 7 67.45923 adhocsim3
46 0 3204917 8 66.69224 adhocsim3
46 0 105720 9 63.875473 adhocsim3
47 0 2674861 0 40.67312 adhocsim3
47 0 2675754 1 40.67312 adhocsim3
47 0 96147 2 35.209454 adhocsim3
47 0 111362 3 33.570087 adhocsim3
47 0 89755 4 32.86632 adhocsim3
47 0 103402 5 32.4383 adhocsim3
47 0 107016 6 31.751612 adhocsim3
47 0 91861 7 31.503838 adhocsim3
47 0 94225 8 31.402943 adhocsim3
47 0 88571 9 31.315365 adhocsim3
48 0 2674861 0 29.030245 adhocsim3
48 0 2675754 1 29.030245 adhocsim3
48 0 103019 2 27.316692 adhocsim3
48 0 96147 3 23.544514 adhocsim3
48 0 99342 4 21.803568 adhocsim3
48 0 91861 5 20.962173 adhocsim3
48 0 96287 6 20.944016 adhocsim3
48 0 101103 7 20.940847 adhocsim3
48 0 108545 8 20.39118 adhocsim3
48 0 94794 9 20.265802 adhocsim3
51 0 112770 0 54.243168 adhocsim3
51 0 100687 1 46.95892 adhocsim3
51 0 112243 2 46.87146 adhocsim3
51 0 112931 3 46.21461 adhocsim3
51 0 98744 4 45.95599 adhocsim3
51 0 105869 5 45.38015 adhocsim3
51 0 97778 6 45.067852 adhocsim3
51 0 112094 7 43.408634 adhocsim3
51 0 85452 8 42.22119 adhocsim3
51 0 85451 9 41.595825 adhocsim3
53 0 118357 0 29.414404 adhocsim3
53 0 112677 1 29.12971 adhocsim3
53 0 117916 2 26.257942 adhocsim3
53 0 625711 3 26.248953 adhocsim3
53 0 799985 4 26.15439 adhocsim3
53 0 811778 5 25.46155 adhocsim3
53 0 2808291 6 24.332159 adhocsim3
53 0 111727 7 24.13964 adhocsim3
53 0 118206 8 23.783222 adhocsim3
53 0 112640 9 23.291317 adhocsim3
54 0 799985 0 26.604227 adhocsim3
54 0 112835 1 21.767126 adhocsim3
54 0 117922 2 21.70188 adhocsim3
54 0 105318 3 21.696617 adhocsim3
54 0 107539 4 21.221119 adhocsim3
54 0 145792 5 21.08447 adhocsim3
54 0 2808291 6 20.952682 adhocsim3
54 0 118357 7 20.827747 adhocsim3
54 0 103537 8 20.741543 adhocsim3
54 0 104488 9 20.705437 adhocsim3
56 0 145731 0 44.665337 adhocsim3
56 0 112910 1 44.3925 adhocsim3
56 0 4154603 2 43.452618 adhocsim3
56 0 145855 3 40.46178 adhocsim3
56 0 1993216 4 40.283745 adhocsim3
56 0 118269 5 39.049095 adhocsim3
56 0 145629 6 36.743584 adhocsim3
56 0 111982 7 34.63805 adhocsim3
56 0 109746 8 33.178448 adhocsim3
56 0 112359 9 32.57573 adhocsim3
57 0 799979 0 17.921467 adhocsim3
57 0 145745 1 17.307814 adhocsim3
57 0 217513 2 16.542261 adhocsim3
57 0 217604 3 16.542261 adhocsim3
57 0 3209687 4 16.347794 adhocsim3
57 0 147953 5 16.137272 adhocsim3
57 0 148480 6 16.137272 adhocsim3
57 0 2784695 7 16.055103 adhocsim3
57 0 218132 8 15.975296 adhocsim3
57 0 145772 9 15.799117 adhocsim3
60 0 931614 0 85.03787 adhocsim3
60 0 145856 1 72.89899 adhocsim3
60 0 145807 2 71.17079 adhocsim3
60 0 4170685 3 69.58745 adhocsim3
60 0 118257 4 69.19526 adhocsim3
60 0 118129 5 67.0986 adhocsim3
60 0 110510 6 66.73433 adhocsim3
60 0 109810 7 65.72658 adhocsim3
60 0 118099 8 65.036316 adhocsim3
60 0 109949 9 64.9454 adhocsim3
61 0 2812210 0 45.065502 adhocsim3
61 0 107147 1 43.21152 adhocsim3
61 0 109846 2 39.710278 adhocsim3
61 0 109335 3 38.212143 adhocsim3
61 0 108348 4 37.663303 adhocsim3
61 0 118299 5 36.96405 adhocsim3
61 0 109329 6 36.723473 adhocsim3
61 0 110661 7 36.29354 adhocsim3
61 0 3195092 8 35.98858 adhocsim3
61 0 110649 9 34.76982 adhocsim3
62 0 3195092 0 44.358032 adhocsim3
62 0 2812210 1 43.30954 adhocsim3
62 0 117875 2 42.03553 adhocsim3
62 0 107147 3 40.41195 adhocsim3
62 0 112838 4 38.463943 adhocsim3
62 0 112499 5 37.9517 adhocsim3
62 0 112788 6 36.57037 adhocsim3
62 0 108988 7 35.98254 adhocsim3
62 0 112794 8 35.93602 adhocsim3
62 0 109846 9 35.846584 adhocsim3
66 0 145867 0 36.95678 adhocsim3
66 0 110645 1 35.408688 adhocsim3
66 0 3211501 2 35.04806 adhocsim3
66 0 111632 3 34.238518 adhocsim3
66 0 111803 4 34.11115 adhocsim3
66 0 118123 5 33.869904 adhocsim3
66 0 112547 6 31.831526 adhocsim3
66 0 108589 7 31.690243 adhocsim3
66 0 106391 8 31.515789 adhocsim3
66 0 108662 9 31.168999 adhocsim3
67 0 108547 0 63.131752 adhocsim3
67 0 118211 1 59.12115 adhocsim3
67 0 867645 2 58.90156 adhocsim3
67 0 106844 3 58.37702 adhocsim3
67 0 2810526 4 55.68432 adhocsim3
67 0 112199 5 54.144684 adhocsim3
67 0 112467 6 53.518726 adhocsim3
67 0 109018 7 52.430145 adhocsim3
67 0 118469 8 51.217785 adhocsim3
67 0 105200 9 50.67162 adhocsim3
69 0 110932 0 36.31769 adhocsim3
69 0 3214777 1 36.018772 adhocsim3
69 0 101939 2 35.7036 adhocsim3
69 0 182558 3 35.577923 adhocsim3
69 0 112534 4 34.886528 adhocsim3
69 0 146552 5 34.77964 adhocsim3
69 0 117927 6 34.625378 adhocsim3
69 0 108818 7 34.378193 adhocsim3
69 0 109772 8 34.255676 adhocsim3
69 0 931122 9 33.75423 adhocsim3
71 0 118052 0 17.470951 adhocsim3
71 0 93723 1 16.530598 adhocsim3
71 0 112904 2 16.16403 adhocsim3
71 0 92189 3 16.10345 adhocsim3
71 0 85232 4 16.018723 adhocsim3
71 0 94399 5 15.915821 adhocsim3
71 0 110331 6 15.741396 adhocsim3
71 0 145121 7 15.680736 adhocsim3
71 0 112914 8 15.635843 adhocsim3
71 0 96054 9 15.475719 adhocsim3
75 0 111557 0 42.602715 adhocsim3
75 0 105304 1 42.014297 adhocsim3
75 0 106428 2 38.86228 adhocsim3
75 0 111291 3 38.471195 adhocsim3
75 0 110779 4 38.14275 adhocsim3
75 0 105212 5 36.97237 adhocsim3
75 0 94718 6 36.67931 adhocsim3
75 0 99730 7 36.218323 adhocsim3
75 0 102594 8 35.97828 adhocsim3
75 0 112576 9 35.86263 adhocsim3
76 0 111945 0 30.378386 adhocsim3
76 0 96114 1 27.17651 adhocsim3
76 0 111560 2 26.65228 adhocsim3
76 0 108092 3 24.734957 adhocsim3
76 0 145799 4 24.001816 adhocsim3
76 0 108900 5 23.821047 adhocsim3
76 0 84806 6 23.75139 adhocsim3
76 0 104727 7 23.54027 adhocsim3
76 0 108391 8 23.422155 adhocsim3
76 0 100427 9 23.36029 adhocsim3
77 0 108605 0 52.6742 adhocsim3
77 0 109535 1 50.59273 adhocsim3
77 0 109532 2 50.249554 adhocsim3
77 0 109676 3 49.87283 adhocsim3
77 0 112646 4 49.417824 adhocsim3
77 0 112269 5 49.324665 adhocsim3
77 0 112326 6 48.96611 adhocsim3
77 0 111582 7 48.56216 adhocsim3
77 0 112485 8 48.266563 adhocsim3
77 0 121158 9 48.14541 adhocsim3
84 0 145859 0 50.30559 adhocsim3
84 0 112922 1 42.16379 adhocsim3
84 0 108374 2 39.69969 adhocsim3
84 0 145870 3 39.50558 adhocsim3
84 0 111103 4 39.416588 adhocsim3
84 0 112352 5 37.610775 adhocsim3
84 0 105687 6 35.98983 adhocsim3
84 0 108114 7 35.46757 adhocsim3
84 0 110449 8 34.21047 adhocsim3
84 0 111207 9 33.449696 adhocsim3
85 0 150543 0 51.147606 adhocsim3
85 0 2959732 1 51.147606 adhocsim3
85 0 146553 2 51.12812 adhocsim3
85 0 146790 3 51.12812 adhocsim3
85 0 112326 4 50.682426 adhocsim3
85 0 802973 5 47.5401 adhocsim3
85 0 803271 6 47.5401 adhocsim3
85 0 2959737 7 47.5401 adhocsim3
85 0 137749 8 44.217613 adhocsim3
85 0 3177199 9 42.19953 adhocsim3
87 0 111170 0 55.596054 adhocsim3
87 0 111957 1 54.387764 adhocsim3
87 0 111801 2 53.048195 adhocsim3
87 0 112316 3 48.0295 adhocsim3
87 0 111471 4 47.83853 adhocsim3
87 0 624280 5 47.530834 adhocsim3
87 0 111665 6 47.017212 adhocsim3
87 0 111303 7 46.90045 adhocsim3
87 0 111250 8 46.4812 adhocsim3
87 0 118492 9 46.4402 adhocsim3
88 0 111170 0 40.946377 adhocsim3
88 0 111801 1 35.254314 adhocsim3
88 0 118339 2 35.10996 adhocsim3
88 0 182991 3 33.971607 adhocsim3
88 0 111957 4 33.674587 adhocsim3
88 0 118397 5 32.422005 adhocsim3
88 0 112807 6 32.23813 adhocsim3
88 0 799980 7 31.220448 adhocsim3
88 0 111724 8 30.982922 adhocsim3
88 0 118332 9 30.979467 adhocsim3
89 0 4151822 0 76.35829 adhocsim3
89 0 2812588 1 70.97556 adhocsim3
89 0 2770446 2 53.820145 adhocsim3
89 0 145817 3 48.952007 adhocsim3
89 0 112726 4 46.77518 adhocsim3
89 0 111029 5 45.799923 adhocsim3
89 0 111455 6 40.682743 adhocsim3
89 0 1087693 7 40.635403 adhocsim3
89 0 145647 8 40.586468 adhocsim3
89 0 4106440 9 40.577755 adhocsim3
91 0 1087959 0 29.636862 adhocsim3
91 0 110032 1 29.08391 adhocsim3
91 0 118507 2 28.619705 adhocsim3
91 0 3212514 3 28.347023 adhocsim3
91 0 109414 4 27.932922 adhocsim3
91 0 92280 5 26.790178 adhocsim3
91 0 110249 6 26.542828 adhocsim3
91 0 219097 7 26.474905 adhocsim3
91 0 108148 8 26.442413 adhocsim3
91 0 118053 9 26.330687 adhocsim3
93 0 112905 0 57.00539 adhocsim3
93 0 4151827 1 56.453392 adhocsim3
93 0 111737 2 55.31829 adhocsim3
93 0 117965 3 55.12341 adhocsim3
93 0 110246 4 52.6375 adhocsim3
93 0 134735 5 52.161655 adhocsim3
93 0 117968 6 51.89307 adhocsim3
93 0 109610 7 51.52743 adhocsim3
93 0 108825 8 51.332703 adhocsim3
93 0 145627 9 51.291218 adhocsim3
94 0 2788983 0 56.206676 adhocsim3
94 0 4151827 1 51.663834 adhocsim3
94 0 145627 2 47.78815 adhocsim3
94 0 130158 3 47.345943 adhocsim3
94 0 111737 4 43.631504 adhocsim3
94 0 112905 5 42.347366 adhocsim3
94 0 109418 6 40.699215 adhocsim3
94 0 118129 7 40.474907 adhocsim3
94 0 110877 8 39.622498 adhocsim3
94 0 118040 9 38.936275 adhocsim3
95 0 108555 0 54.360466 adhocsim3
95 0 105495 1 53.556934 adhocsim3
95 0 107232 2 53.09125 adhocsim3
95 0 107475 3 52.58505 adhocsim3
95 0 103631 4 47.49058 adhocsim3
95 0 112750 5 43.860683 adhocsim3
95 0 106171 6 42.49162 adhocsim3
95 0 104543 7 42.206455 adhocsim3
95 0 109444 8 41.5201 adhocsim3
95 0 104516 9 40.646595 adhocsim3
97 0 112101 0 79.76943 adhocsim3
97 0 111922 1 69.83711 adhocsim3
97 0 2655597 2 52.417 adhocsim3
97 0 820748 3 50.055004 adhocsim3
97 0 146554 4 49.350315 adhocsim3
97 0 112574 5 47.136307 adhocsim3
97 0 136993 6 45.405804 adhocsim3
97 0 145628 7 44.472916 adhocsim3
97 0 112247 8 43.83266 adhocsim3
97 0 112892 9 43.826736 adhocsim3
99 0 112267 0 77.747795 adhocsim3
99 0 110552 1 60.47391 adhocsim3
99 0 111884 2 57.278908 adhocsim3
99 0 109976 3 54.810738 adhocsim3
99 0 118121 4 53.755646 adhocsim3
99 0 110578 5 52.456657 adhocsim3
99 0 104759 6 47.18426 adhocsim3
99 0 118416 7 46.284286 adhocsim3
99 0 145914 8 46.05231 adhocsim3
99 0 112723 9 45.939697 adhocsim3
