1 0 219732 0 32.168743 adhocbool2
1 0 106448 1 30.756876 adhocbool2
1 0 1087875 2 28.957699 adhocbool2
1 0 104200 3 28.753511 adhocbool2
1 0 99103 4 28.214607 adhocbool2
1 0 102616 5 27.9263 adhocbool2
1 0 1525367 6 27.790224 adhocbool2
1 0 110297 7 27.693844 adhocbool2
1 0 97186 8 27.337517 adhocbool2
1 0 98429 9 27.314674 adhocbool2
2 0 107016 0 32.938595 adhocbool2
2 0 103549 1 23.893585 adhocbool2
2 0 106843 2 17.173386 adhocbool2
3 0 3162143 0 46.07252 adhocbool2
3 0 111091 1 45.96063 adhocbool2
3 0 145683 2 45.39406 adhocbool2
3 0 215496 3 44.04876 adhocbool2
3 0 215694 4 44.04876 adhocbool2
3 0 2959735 5 44.010345 adhocbool2
3 0 117892 6 43.655235 adhocbool2
3 0 145878 7 43.06986 adhocbool2
3 0 145821 8 42.34947 adhocbool2
3 0 112584 9 40.35237 adhocbool2
4 0 3162143 0 52.609264 adhocbool2
4 0 111091 1 46.410114 adhocbool2
4 0 145683 2 46.052807 adhocbool2
4 0 145821 3 43.77939 adhocbool2
4 0 2959735 4 43.231678 adhocbool2
4 0 215496 5 43.231678 adhocbool2
4 0 215694 6 43.231678 adhocbool2
4 0 117892 7 42.856403 adhocbool2
4 0 149007 8 41.530632 adhocbool2
4 0 118394 9 40.143112 adhocbool2
6 0 3203656 0 15.680225 adhocbool2
6 0 3206414 1 15.680225 adhocbool2
6 0 109592 2 14.456389 adhocbool2
6 0 110319 3 13.952179 adhocbool2
6 0 117947 4 10.49632 adhocbool2
6 0 112883 5 8.600967 adhocbool2
7 0 147531 0 47.742428 adhocbool2
7 0 3195892 1 33.514294 adhocbool2
8 0 145715 0 45.42939 adhocbool2
8 0 112834 1 41.11495 adhocbool2
8 0 145713 2 31.890568 adhocbool2
9 0 112641 0 34.5562 adhocbool2
9 0 118011 1 28.930326 adhocbool2
9 0 118134 2 25.683184 adhocbool2
9 0 112293 3 16.517439 adhocbool2
9 0 145680 4 9.772581 adhocbool2
9 0 110873 5 5.7384706 adhocbool2
11 0 109031 0 22.84549 adhocbool2
11 0 811228 1 22.723156 adhocbool2
11 0 110916 2 22.226084 adhocbool2
11 0 109349 3 21.908272 adhocbool2
11 0 109540 4 21.579952 adhocbool2
11 0 2810524 5 21.406013 adhocbool2
11 0 2811846 6 21.406013 adhocbool2
11 0 110126 7 20.988283 adhocbool2
11 0 218926 8 20.5503 adhocbool2
11 0 110132 9 20.420364 adhocbool2
12 0 118449 0 38.67031 adhocbool2
12 0 137736 1 37.357605 adhocbool2
12 0 2675750 2 37.312172 adhocbool2
12 0 2801435 3 32.255814 adhocbool2
12 0 3153112 4 31.497713 adhocbool2
12 0 2672535 5 30.12781 adhocbool2
12 0 110275 6 28.497417 adhocbool2
12 0 4151832 7 28.195435 adhocbool2
12 0 145852 8 27.274414 adhocbool2
12 0 112594 9 26.315756 adhocbool2
13 0 108605 0 54.853065 adhocbool2
13 0 111455 1 54.520363 adhocbool2
13 0 109535 2 53.446606 adhocbool2
13 0 109532 3 50.113705 adhocbool2
13 0 145817 4 50.04456 adhocbool2
13 0 109731 5 49.23609 adhocbool2
13 0 112142 6 48.43397 adhocbool2
13 0 802973 7 47.633976 adhocbool2
13 0 803271 8 47.633976 adhocbool2
13 0 2959737 9 47.633976 adhocbool2
14 0 4106440 0 55.28632 adhocbool2
14 0 111131 1 52.80444 adhocbool2
14 0 108605 2 52.3024 adhocbool2
14 0 109535 3 51.91612 adhocbool2
14 0 112545 4 51.46905 adhocbool2
14 0 110192 5 51.40612 adhocbool2
14 0 111647 6 51.22935 adhocbool2
14 0 112326 7 50.69191 adhocbool2
14 0 109532 8 50.332787 adhocbool2
14 0 111050 9 50.147297 adhocbool2
15 0 4106440 0 55.28632 adhocbool2
15 0 111131 1 52.80444 adhocbool2
15 0 108605 2 52.3024 adhocbool2
15 0 109535 3 51.91612 adhocbool2
15 0 112545 4 51.46905 adhocbool2
15 0 110192 5 51.40612 adhocbool2
15 0 111647 6 51.22935 adhocbool2
15 0 112326 7 50.69191 adhocbool2
15 0 109532 8 50.332787 adhocbool2
15 0 111050 9 50.147297 adhocbool2
17 0 110031 0 19.725615 adhocbool2
17 0 118374 1 15.487105 adhocbool2
17 0 137739 2 13.815606 adhocbool2
17 0 118011 3 13.353173 adhocbool2
18 0 104630 0 9.987135 adhocbool2
19 0 104139 0 15.669755 adhocbool2
19 0 112845 1 14.702975 adhocbool2
19 0 150540 2 11.721616 adhocbool2
19 0 145646 3 11.493201 adhocbool2
19 0 149286 4 10.327263 adhocbool2
19 0 87158 5 9.554587 adhocbool2
19 0 106447 6 8.56346 adhocbool2
19 0 137739 7 8.427378 adhocbool2
20 0 95560 0 30.933514 adhocbool2
20 0 112924 1 28.683886 adhocbool2
20 0 104539 2 28.34195 adhocbool2
20 0 107685 3 28.201454 adhocbool2
20 0 107488 4 28.12962 adhocbool2
20 0 108111 5 27.860298 adhocbool2
20 0 127891 6 27.73312 adhocbool2
20 0 106545 7 27.30168 adhocbool2
20 0 108538 8 27.288977 adhocbool2
20 0 111302 9 27.161047 adhocbool2
21 0 867657 0 28.720942 adhocbool2
21 0 117890 1 27.219872 adhocbool2
21 0 145831 2 23.909761 adhocbool2
21 0 118280 3 20.742382 adhocbool2
21 0 902267 4 19.235277 adhocbool2
21 0 118258 5 18.67433 adhocbool2
21 0 3181482 6 17.754892 adhocbool2
21 0 112799 7 17.355782 adhocbool2
21 0 217515 8 16.959995 adhocbool2
21 0 111438 9 14.449346 adhocbool2
22 0 867657 0 21.734238 adhocbool2
22 0 118280 1 15.633782 adhocbool2
22 0 112915 2 15.112451 adhocbool2
22 0 112799 3 14.046119 adhocbool2
22 0 111438 4 13.035024 adhocbool2
22 0 117928 5 12.390154 adhocbool2
22 0 3181482 6 11.582688 adhocbool2
22 0 217515 7 10.206176 adhocbool2
23 0 2801435 0 23.14681 adhocbool2
24 0 2801435 0 13.651438 adhocbool2
25 0 112616 0 22.790667 adhocbool2
25 0 118021 1 21.988108 adhocbool2
25 0 134732 2 21.319569 adhocbool2
25 0 98773 3 21.293833 adhocbool2
25 0 3211503 4 20.9242 adhocbool2
25 0 105488 5 20.175123 adhocbool2
25 0 111983 6 20.026064 adhocbool2
25 0 100475 7 19.553705 adhocbool2
25 0 94683 8 19.111017 adhocbool2
25 0 118105 9 18.873606 adhocbool2
26 0 219617 0 11.928745 adhocbool2
26 0 2959745 1 7.562847 adhocbool2
26 0 2680590 2 7.5628304 adhocbool2
27 0 4157382 0 33.322876 adhocbool2
27 0 4157405 1 33.322876 adhocbool2
27 0 112346 2 30.229744 adhocbool2
27 0 110706 3 21.661648 adhocbool2
27 0 112584 4 19.606758 adhocbool2
27 0 111237 5 11.882204 adhocbool2
27 0 110059 6 10.415487 adhocbool2
27 0 109919 7 8.717029 adhocbool2
27 0 118011 8 7.109001 adhocbool2
28 0 4157382 0 44.52457 adhocbool2
28 0 4157405 1 44.52457 adhocbool2
28 0 112346 2 39.682518 adhocbool2
28 0 111141 3 37.31297 adhocbool2
28 0 110706 4 25.861073 adhocbool2
28 0 112584 5 22.621668 adhocbool2
28 0 109919 6 17.705097 adhocbool2
28 0 111237 7 16.330656 adhocbool2
28 0 110059 8 15.840268 adhocbool2
28 0 111495 9 14.437491 adhocbool2
29 0 205788 0 23.06948 adhocbool2
29 0 112620 1 21.892931 adhocbool2
29 0 4151826 2 21.622269 adhocbool2
29 0 112386 3 21.55478 adhocbool2
29 0 118351 4 21.530205 adhocbool2
29 0 118044 5 21.4687 adhocbool2
29 0 145843 6 21.446985 adhocbool2
29 0 118164 7 21.416636 adhocbool2
29 0 110984 8 21.363062 adhocbool2
29 0 111473 9 21.31569 adhocbool2
30 0 87779 0 22.359184 adhocbool2
30 0 99973 1 21.448677 adhocbool2
30 0 118381 2 21.213331 adhocbool2
30 0 89720 3 20.85564 adhocbool2
30 0 112324 4 20.319313 adhocbool2
30 0 109225 5 18.123938 adhocbool2
30 0 145921 6 17.93229 adhocbool2
30 0 1528394 7 17.923792 adhocbool2
30 0 112646 8 17.73733 adhocbool2
30 0 108605 9 17.47906 adhocbool2
31 0 118023 0 18.693789 adhocbool2
31 0 118455 1 17.608551 adhocbool2
31 0 109450 2 17.408695 adhocbool2
31 0 110015 3 16.92932 adhocbool2
31 0 110644 4 15.489244 adhocbool2
31 0 118061 5 15.434176 adhocbool2
31 0 137729 6 15.358137 adhocbool2
31 0 109727 7 15.189177 adhocbool2
31 0 117924 8 15.014237 adhocbool2
31 0 110312 9 14.898388 adhocbool2
32 0 112836 0 36.762882 adhocbool2
32 0 118023 1 36.064636 adhocbool2
32 0 117924 2 35.70493 adhocbool2
32 0 118455 3 35.194527 adhocbool2
32 0 219511 4 34.8891 adhocbool2
32 0 219616 5 34.8891 adhocbool2
32 0 111744 6 34.823105 adhocbool2
32 0 112329 7 34.654373 adhocbool2
32 0 110312 8 34.293606 adhocbool2
32 0 110992 9 33.32502 adhocbool2
35 0 118329 0 27.886904 adhocbool2
35 0 2620886 1 27.616114 adhocbool2
35 0 145749 2 26.208324 adhocbool2
35 0 145704 3 24.407814 adhocbool2
35 0 145783 4 24.223186 adhocbool2
35 0 118176 5 24.020317 adhocbool2
35 0 219731 6 23.93415 adhocbool2
35 0 218927 7 23.126907 adhocbool2
35 0 118146 8 22.462734 adhocbool2
35 0 118368 9 22.333717 adhocbool2
36 0 118217 0 22.001108 adhocbool2
36 0 145658 1 21.631622 adhocbool2
36 0 112351 2 20.946693 adhocbool2
36 0 821306 3 20.86808 adhocbool2
36 0 145704 4 19.805687 adhocbool2
36 0 145783 5 19.51384 adhocbool2
36 0 213843 6 19.486053 adhocbool2
36 0 214063 7 19.486053 adhocbool2
36 0 214467 8 19.486053 adhocbool2
36 0 145904 9 19.415365 adhocbool2
37 0 118385 0 9.423161 adhocbool2
38 0 118269 0 39.491463 adhocbool2
38 0 1993216 1 38.59508 adhocbool2
38 0 112887 2 31.846989 adhocbool2
38 0 145855 3 30.781185 adhocbool2
38 0 4151829 4 28.857313 adhocbool2
38 0 118133 5 18.445091 adhocbool2
38 0 118290 6 15.537107 adhocbool2
38 0 118315 7 14.64817 adhocbool2
38 0 145834 8 13.288599 adhocbool2
38 0 117870 9 12.296253 adhocbool2
39 0 112568 0 31.110682 adhocbool2
39 0 93335 1 28.477188 adhocbool2
39 0 111432 2 24.35691 adhocbool2
39 0 103135 3 24.218544 adhocbool2
39 0 130141 4 23.848661 adhocbool2
39 0 112420 5 22.8486 adhocbool2
39 0 96872 6 22.435856 adhocbool2
39 0 111502 7 22.062387 adhocbool2
39 0 621044 8 19.794836 adhocbool2
39 0 621090 9 19.794836 adhocbool2
40 0 105068 0 15.727735 adhocbool2
40 0 112573 1 15.142307 adhocbool2
40 0 104936 2 14.739294 adhocbool2
40 0 112530 3 14.578347 adhocbool2
40 0 145664 4 14.459337 adhocbool2
40 0 111728 5 14.097954 adhocbool2
40 0 103780 6 13.517098 adhocbool2
40 0 110750 7 13.349912 adhocbool2
40 0 105038 8 13.206339 adhocbool2
40 0 110889 9 13.203852 adhocbool2
41 0 109186 0 43.866127 adhocbool2
41 0 110132 1 38.83034 adhocbool2
41 0 111198 2 30.937077 adhocbool2
41 0 112585 3 30.761414 adhocbool2
41 0 112924 4 29.914686 adhocbool2
41 0 110075 5 29.084948 adhocbool2
41 0 111254 6 25.126564 adhocbool2
41 0 112914 7 24.01516 adhocbool2
41 0 145121 8 23.919579 adhocbool2
41 0 109635 9 22.916985 adhocbool2
42 0 109186 0 45.35801 adhocbool2
42 0 110132 1 35.68924 adhocbool2
42 0 112585 2 33.050488 adhocbool2
42 0 111198 3 30.740154 adhocbool2
42 0 112914 4 27.289158 adhocbool2
42 0 145121 5 27.247103 adhocbool2
42 0 112924 6 27.10374 adhocbool2
42 0 117833 7 26.404408 adhocbool2
42 0 873669 8 25.744572 adhocbool2
42 0 110075 9 25.687723 adhocbool2
44 0 100427 0 14.214309 adhocbool2
44 0 2781925 1 13.984284 adhocbool2
44 0 183480 2 13.693095 adhocbool2
44 0 97190 3 13.418845 adhocbool2
44 0 122257 4 13.356337 adhocbool2
44 0 2679833 5 13.105003 adhocbool2
44 0 2680440 6 13.105003 adhocbool2
44 0 111733 7 12.815971 adhocbool2
44 0 99976 8 12.478984 adhocbool2
44 0 105585 9 12.474566 adhocbool2
45 0 868384 0 33.74476 adhocbool2
45 0 118281 1 29.60319 adhocbool2
45 0 118450 2 28.311584 adhocbool2
45 0 182568 3 27.7569 adhocbool2
45 0 118362 4 27.491623 adhocbool2
45 0 118489 5 26.541216 adhocbool2
45 0 145903 6 26.034883 adhocbool2
45 0 799969 7 25.312761 adhocbool2
45 0 145854 8 24.885792 adhocbool2
45 0 112639 9 24.438967 adhocbool2
47 0 88525 0 27.724718 adhocbool2
50 0 112933 0 20.619946 adhocbool2
50 0 112733 1 18.521978 adhocbool2
50 0 623242 2 18.217342 adhocbool2
50 0 111241 3 18.17135 adhocbool2
50 0 109776 4 18.072557 adhocbool2
50 0 111953 5 17.968252 adhocbool2
50 0 118449 6 17.680414 adhocbool2
50 0 110268 7 17.423391 adhocbool2
50 0 109199 8 17.221106 adhocbool2
50 0 109387 9 17.061424 adhocbool2
51 0 112770 0 46.40058 adhocbool2
51 0 105869 1 37.799885 adhocbool2
51 0 98744 2 25.168144 adhocbool2
51 0 105511 3 21.086254 adhocbool2
51 0 104697 4 17.901627 adhocbool2
51 0 118076 5 17.080513 adhocbool2
51 0 102245 6 16.33757 adhocbool2
51 0 145692 7 16.086193 adhocbool2
51 0 112217 8 15.561812 adhocbool2
51 0 98985 9 15.340946 adhocbool2
52 0 112770 0 56.12085 adhocbool2
52 0 112931 1 49.83256 adhocbool2
52 0 103302 2 46.019295 adhocbool2
52 0 84894 3 37.87758 adhocbool2
52 0 112243 4 36.53385 adhocbool2
52 0 98744 5 36.130684 adhocbool2
52 0 85451 6 34.63447 adhocbool2
52 0 105511 7 33.144497 adhocbool2
52 0 110472 8 31.26416 adhocbool2
52 0 106788 9 30.435417 adhocbool2
53 0 112677 0 24.983068 adhocbool2
53 0 799985 1 22.081768 adhocbool2
53 0 621045 2 22.053259 adhocbool2
53 0 117916 3 21.72758 adhocbool2
53 0 625711 4 21.193483 adhocbool2
53 0 111727 5 20.783434 adhocbool2
53 0 117922 6 20.255552 adhocbool2
53 0 118205 7 20.104168 adhocbool2
53 0 109717 8 19.238699 adhocbool2
53 0 145792 9 19.111961 adhocbool2
54 0 799985 0 20.896921 adhocbool2
54 0 145884 1 17.808409 adhocbool2
54 0 2771250 2 16.822254 adhocbool2
54 0 105318 3 15.371695 adhocbool2
54 0 105444 4 15.119854 adhocbool2
54 0 110873 5 14.755518 adhocbool2
54 0 117922 6 14.701633 adhocbool2
54 0 111069 7 14.683343 adhocbool2
54 0 112106 8 14.673285 adhocbool2
54 0 112835 9 14.589239 adhocbool2
55 0 4154603 0 60.509655 adhocbool2
57 0 2781925 0 26.947435 adhocbool2
57 0 137728 1 26.591307 adhocbool2
57 0 137741 2 26.340187 adhocbool2
57 0 821305 3 25.976414 adhocbool2
57 0 3181481 4 24.76489 adhocbool2
57 0 118447 5 22.873533 adhocbool2
57 0 145834 6 22.702927 adhocbool2
57 0 145802 7 22.578817 adhocbool2
57 0 134731 8 22.25866 adhocbool2
57 0 626208 9 22.22373 adhocbool2
58 0 3217422 0 18.007004 adhocbool2
58 0 3217423 1 18.007004 adhocbool2
58 0 3217226 2 17.991259 adhocbool2
58 0 89421 3 16.290894 adhocbool2
58 0 110649 4 16.239143 adhocbool2
58 0 86169 5 16.051664 adhocbool2
58 0 106228 6 15.977711 adhocbool2
58 0 2811845 7 15.728758 adhocbool2
58 0 96833 8 15.714405 adhocbool2
58 0 97109 9 15.671407 adhocbool2
59 0 4170685 0 58.03696 adhocbool2
59 0 2788983 1 44.929256 adhocbool2
59 0 118040 2 43.61169 adhocbool2
59 0 109610 3 38.441853 adhocbool2
59 0 118037 4 34.63992 adhocbool2
59 0 112905 5 33.540833 adhocbool2
59 0 134735 6 31.404057 adhocbool2
59 0 110980 7 29.072676 adhocbool2
59 0 118334 8 26.061258 adhocbool2
59 0 107182 9 18.309666 adhocbool2
60 0 931614 0 68.05798 adhocbool2
60 0 145856 1 58.132397 adhocbool2
60 0 4170685 2 52.679398 adhocbool2
60 0 3195891 3 47.67195 adhocbool2
60 0 118257 4 46.82493 adhocbool2
60 0 112683 5 40.62 adhocbool2
60 0 109810 6 40.463177 adhocbool2
60 0 110248 7 40.160126 adhocbool2
60 0 118012 8 36.25873 adhocbool2
61 0 107147 0 35.39317 adhocbool2
61 0 2812210 1 30.87593 adhocbool2
61 0 109335 2 30.61629 adhocbool2
61 0 118299 3 26.26852 adhocbool2
61 0 108348 4 24.946106 adhocbool2
61 0 108322 5 24.404873 adhocbool2
61 0 3195092 6 23.882893 adhocbool2
61 0 110926 7 23.827574 adhocbool2
61 0 108988 8 23.294127 adhocbool2
61 0 111081 9 21.356781 adhocbool2
62 0 3195092 0 34.610992 adhocbool2
62 0 117875 1 24.597206 adhocbool2
62 0 112838 2 24.076477 adhocbool2
62 0 110091 3 21.909046 adhocbool2
62 0 118299 4 20.639605 adhocbool2
62 0 112487 5 19.419214 adhocbool2
62 0 109077 6 19.371174 adhocbool2
62 0 118240 7 19.252224 adhocbool2
62 0 112417 8 18.382204 adhocbool2
62 0 110249 9 17.366188 adhocbool2
63 0 107685 0 26.824656 adhocbool2
63 0 102879 1 25.843182 adhocbool2
63 0 110057 2 25.573399 adhocbool2
63 0 109157 3 25.525236 adhocbool2
63 0 108538 4 25.04075 adhocbool2
63 0 108185 5 24.903639 adhocbool2
63 0 109096 6 24.48071 adhocbool2
63 0 107686 7 24.472208 adhocbool2
63 0 108968 8 24.371561 adhocbool2
63 0 109526 9 24.342455 adhocbool2
65 0 1741 0 6.0701785 adhocbool2
67 0 867645 0 32.750103 adhocbool2
69 0 111709 0 22.635181 adhocbool2
69 0 182558 1 20.887892 adhocbool2
69 0 3214777 2 19.512909 adhocbool2
69 0 110652 3 18.682888 adhocbool2
69 0 117859 4 17.124048 adhocbool2
69 0 118379 5 16.508844 adhocbool2
69 0 107042 6 15.970667 adhocbool2
69 0 112765 7 15.482325 adhocbool2
69 0 109384 8 14.98443 adhocbool2
69 0 110068 9 13.777638 adhocbool2
71 0 145121 0 17.18984 adhocbool2
71 0 112914 1 17.132326 adhocbool2
72 0 118052 0 29.587622 adhocbool2
72 0 112904 1 28.380787 adhocbool2
72 0 112797 2 28.340683 adhocbool2
72 0 89375 3 26.938322 adhocbool2
72 0 145121 4 26.874414 adhocbool2
72 0 112914 5 26.85406 adhocbool2
72 0 118234 6 26.132357 adhocbool2
72 0 88325 7 25.610209 adhocbool2
72 0 112823 8 25.333569 adhocbool2
72 0 85232 9 24.794458 adhocbool2
73 0 1087954 0 26.145521 adhocbool2
73 0 2804674 1 24.678917 adhocbool2
73 0 145638 2 23.057276 adhocbool2
73 0 145881 3 21.206507 adhocbool2
73 0 137725 4 20.979979 adhocbool2
73 0 111425 5 20.88562 adhocbool2
73 0 217514 6 20.059471 adhocbool2
73 0 118227 7 19.727953 adhocbool2
73 0 117881 8 19.623032 adhocbool2
73 0 145876 9 19.390907 adhocbool2
74 0 108616 0 30.503502 adhocbool2
74 0 112774 1 29.087627 adhocbool2
74 0 2804674 2 25.17651 adhocbool2
74 0 127908 3 24.061798 adhocbool2
74 0 1741 4 22.0774 adhocbool2
74 0 112258 5 20.429016 adhocbool2
74 0 112923 6 19.333214 adhocbool2
74 0 103347 7 18.497507 adhocbool2
74 0 105014 8 18.023138 adhocbool2
74 0 107167 9 16.71069 adhocbool2
75 0 92174 0 28.934437 adhocbool2
75 0 106712 1 28.467842 adhocbool2
75 0 94636 2 28.321331 adhocbool2
75 0 111291 3 27.58813 adhocbool2
75 0 91092 4 27.43715 adhocbool2
75 0 98317 5 26.922293 adhocbool2
75 0 100332 6 26.5916 adhocbool2
75 0 99730 7 26.165401 adhocbool2
75 0 110779 8 26.095507 adhocbool2
75 0 90551 9 25.981897 adhocbool2
76 0 111945 0 23.842377 adhocbool2
76 0 118390 1 20.48233 adhocbool2
76 0 111964 2 19.954592 adhocbool2
76 0 2679833 3 15.207587 adhocbool2
76 0 2680440 4 15.207587 adhocbool2
76 0 145799 5 12.955302 adhocbool2
76 0 142889 6 12.668711 adhocbool2
76 0 122260 7 12.430978 adhocbool2
76 0 1740 8 11.813562 adhocbool2
76 0 150540 9 10.6844015 adhocbool2
77 0 108605 0 53.197712 adhocbool2
77 0 109535 1 50.23342 adhocbool2
77 0 109676 2 48.842037 adhocbool2
77 0 109731 3 48.05667 adhocbool2
77 0 145817 4 47.503014 adhocbool2
77 0 109532 5 47.46588 adhocbool2
77 0 111071 6 46.623753 adhocbool2
77 0 110192 7 46.53101 adhocbool2
77 0 111131 8 46.501648 adhocbool2
77 0 111455 9 46.373062 adhocbool2
82 0 107485 0 7.189905 adhocbool2
83 0 109200 0 43.75538 adhocbool2
83 0 112432 1 42.714325 adhocbool2
83 0 111663 2 42.17816 adhocbool2
83 0 137746 3 41.931213 adhocbool2
83 0 111246 4 41.48908 adhocbool2
83 0 109895 5 41.474487 adhocbool2
83 0 112352 6 41.293922 adhocbool2
83 0 111194 7 40.432537 adhocbool2
83 0 109677 8 40.24661 adhocbool2
83 0 111151 9 40.182327 adhocbool2
84 0 145859 0 20.5461 adhocbool2
84 0 2528498 1 9.178391 adhocbool2
85 0 150543 0 47.503708 adhocbool2
85 0 2959732 1 47.503708 adhocbool2
85 0 146553 2 47.488194 adhocbool2
85 0 146790 3 47.488194 adhocbool2
85 0 112326 4 46.92139 adhocbool2
85 0 802973 5 44.123863 adhocbool2
85 0 803271 6 44.123863 adhocbool2
85 0 2959737 7 44.123863 adhocbool2
85 0 137749 8 40.26278 adhocbool2
85 0 3177199 9 39.54656 adhocbool2
86 0 3177199 0 35.341198 adhocbool2
86 0 3171724 1 35.29948 adhocbool2
86 0 3177200 2 35.29948 adhocbool2
86 0 802973 3 35.27571 adhocbool2
86 0 803271 4 35.27571 adhocbool2
86 0 2959737 5 35.27571 adhocbool2
86 0 150543 6 31.717733 adhocbool2
86 0 2959732 7 31.717733 adhocbool2
86 0 146553 8 31.702217 adhocbool2
86 0 146790 9 31.702217 adhocbool2
87 0 111957 0 54.889973 adhocbool2
87 0 111170 1 52.389626 adhocbool2
87 0 111801 2 50.91628 adhocbool2
87 0 799980 3 48.657875 adhocbool2
87 0 111182 4 45.26424 adhocbool2
87 0 137735 5 45.1954 adhocbool2
87 0 112807 6 44.093906 adhocbool2
87 0 118509 7 43.08674 adhocbool2
87 0 111811 8 43.063637 adhocbool2
87 0 624280 9 42.92753 adhocbool2
88 0 111170 0 43.946724 adhocbool2
88 0 111957 1 36.749924 adhocbool2
88 0 118339 2 35.872818 adhocbool2
88 0 112807 3 35.65151 adhocbool2
88 0 182991 4 34.531136 adhocbool2
88 0 799980 5 33.613316 adhocbool2
88 0 111603 6 32.518105 adhocbool2
88 0 111724 7 31.875422 adhocbool2
88 0 137004 8 31.662218 adhocbool2
88 0 145633 9 31.646265 adhocbool2
89 0 4151822 0 104.44565 adhocbool2
89 0 2812588 1 104.30822 adhocbool2
90 0 109643 0 20.140541 adhocbool2
90 0 118054 1 19.156742 adhocbool2
90 0 109921 2 18.24601 adhocbool2
90 0 109776 3 18.044655 adhocbool2
90 0 109080 4 17.888754 adhocbool2
90 0 109079 5 17.468157 adhocbool2
90 0 112316 6 17.462667 adhocbool2
90 0 145626 7 17.434708 adhocbool2
90 0 110579 8 17.296738 adhocbool2
90 0 118420 9 16.910587 adhocbool2
91 0 110032 0 28.30202 adhocbool2
91 0 1087959 1 27.149952 adhocbool2
91 0 109414 2 26.455173 adhocbool2
91 0 3212514 3 25.876703 adhocbool2
91 0 111193 4 25.827856 adhocbool2
91 0 118507 5 24.876137 adhocbool2
91 0 219097 6 24.801851 adhocbool2
91 0 145873 7 24.207705 adhocbool2
91 0 103050 8 23.832886 adhocbool2
91 0 110249 9 23.279053 adhocbool2
92 0 3212514 0 50.73569 adhocbool2
92 0 111554 1 16.767536 adhocbool2
92 0 105981 2 13.759945 adhocbool2
92 0 110506 3 13.456411 adhocbool2
92 0 104539 4 12.96338 adhocbool2
92 0 117889 5 12.759909 adhocbool2
92 0 107252 6 11.393096 adhocbool2
92 0 107980 7 9.494044 adhocbool2
92 0 149702 8 8.7109585 adhocbool2
92 0 104455 9 7.32227 adhocbool2
94 0 2788983 0 36.142265 adhocbool2
94 0 130158 1 36.03704 adhocbool2
94 0 3195891 2 32.464714 adhocbool2
94 0 118107 3 31.356348 adhocbool2
94 0 110877 4 31.151917 adhocbool2
94 0 109418 5 30.463758 adhocbool2
94 0 111737 6 24.747059 adhocbool2
94 0 112905 7 23.024157 adhocbool2
94 0 109610 8 22.416302 adhocbool2
94 0 110246 9 21.795712 adhocbool2
96 0 87146 0 39.326237 adhocbool2
96 0 93789 1 37.759773 adhocbool2
96 0 94014 2 36.357525 adhocbool2
96 0 92705 3 36.125572 adhocbool2
96 0 92746 4 35.808792 adhocbool2
96 0 96341 5 34.782135 adhocbool2
96 0 93395 6 34.720604 adhocbool2
96 0 88809 7 34.55292 adhocbool2
96 0 108555 8 34.447716 adhocbool2
96 0 96850 9 33.620052 adhocbool2
97 0 112101 0 51.859283 adhocbool2
97 0 111922 1 37.685444 adhocbool2
98 0 106228 0 12.6229725 adhocbool2
98 0 97755 1 12.482193 adhocbool2
98 0 85984 2 12.361383 adhocbool2
98 0 101198 3 12.254035 adhocbool2
98 0 102157 4 12.249327 adhocbool2
98 0 94136 5 12.220072 adhocbool2
98 0 2621057 6 12.202316 adhocbool2
98 0 98881 7 12.202316 adhocbool2
98 0 89329 8 12.18453 adhocbool2
98 0 101342 9 12.177849 adhocbool2
99 0 112267 0 48.82291 adhocbool2
100 0 110552 0 31.919783 adhocbool2
100 0 101885 1 29.917515 adhocbool2
100 0 108595 2 29.71327 adhocbool2
100 0 109633 3 27.5745 adhocbool2
100 0 97728 4 27.152355 adhocbool2
100 0 110548 5 26.796291 adhocbool2
100 0 106417 6 26.253122 adhocbool2
100 0 106245 7 24.881414 adhocbool2
100 0 107046 8 24.51266 adhocbool2
100 0 91516 9 24.390081 adhocbool2
