1 0 219732 0 42.102432 adhockey
1 0 111116 1 39.918777 adhockey
1 0 102601 2 37.431248 adhockey
1 0 102956 3 37.342335 adhockey
1 0 104972 4 37.176773 adhockey
1 0 98939 5 37.02046 adhockey
1 0 104200 6 36.752502 adhockey
1 0 2649076 7 36.172398 adhockey
1 0 105595 8 36.119316 adhockey
1 0 105728 9 35.719612 adhockey
2 0 107016 0 58.85908 adhockey
2 0 106821 1 52.87519 adhockey
2 0 103549 2 52.428562 adhockey
2 0 104671 3 50.791557 adhockey
2 0 105625 4 48.985367 adhockey
2 0 105116 5 48.874615 adhockey
2 0 104085 6 48.025597 adhockey
2 0 112750 7 47.793144 adhockey
2 0 111843 8 47.65837 adhockey
2 0 112930 9 47.38543 adhockey
3 0 3162143 0 75.41633 adhockey
3 0 112212 1 71.82897 adhockey
3 0 118029 2 71.29492 adhockey
3 0 215496 3 71.06852 adhockey
3 0 215694 4 71.06852 adhockey
3 0 2959735 5 71.06539 adhockey
3 0 112584 6 70.34072 adhockey
3 0 118248 7 69.931335 adhockey
3 0 903973 8 68.72641 adhockey
3 0 130157 9 68.714355 adhockey
4 0 3162143 0 75.41633 adhockey
4 0 215496 1 74.594765 adhockey
4 0 215694 2 74.594765 adhockey
4 0 2959735 3 74.59164 adhockey
4 0 118029 4 73.38363 adhockey
4 0 112212 5 73.29209 adhockey
4 0 118248 6 72.43488 adhockey
4 0 130157 7 70.91134 adhockey
4 0 112584 8 70.34072 adhockey
4 0 117907 9 69.81178 adhockey
5 0 2811844 0 65.287346 adhockey
5 0 2959750 1 65.287346 adhockey
5 0 117932 2 62.436855 adhockey
5 0 122256 3 55.15945 adhockey
5 0 110056 4 47.330498 adhockey
5 0 110654 5 41.14032 adhockey
5 0 108640 6 40.155853 adhockey
5 0 112094 7 38.57185 adhockey
5 0 106257 8 38.390064 adhockey
5 0 183480 9 37.93641 adhockey
6 0 117932 0 58.536472 adhockey
6 0 2811844 1 55.53271 adhockey
6 0 2959750 2 55.53271 adhockey
6 0 110056 3 48.422665 adhockey
6 0 183480 4 47.0557 adhockey
6 0 108640 5 43.62011 adhockey
6 0 112094 6 40.103897 adhockey
6 0 108449 7 39.589363 adhockey
6 0 122256 8 39.360023 adhockey
6 0 107467 9 39.277905 adhockey
7 0 145715 0 68.799576 adhockey
7 0 147531 1 64.57829 adhockey
7 0 134749 2 64.21399 adhockey
7 0 112174 3 64.02639 adhockey
7 0 112834 4 61.693233 adhockey
7 0 145868 5 60.174538 adhockey
7 0 112748 6 59.90851 adhockey
7 0 2678467 7 59.86847 adhockey
7 0 2679202 8 59.86847 adhockey
7 0 2959746 9 59.86847 adhockey
8 0 112174 0 61.964603 adhockey
8 0 145868 1 57.256577 adhockey
8 0 145715 2 57.010487 adhockey
8 0 134749 3 55.87082 adhockey
8 0 112834 4 52.8044 adhockey
8 0 147531 5 52.68918 adhockey
8 0 112748 6 51.71453 adhockey
8 0 145713 7 49.206535 adhockey
8 0 127913 8 49.186794 adhockey
8 0 2678467 9 48.5005 adhockey
9 0 2675751 0 43.784943 adhockey
9 0 118212 1 42.252712 adhockey
9 0 127923 2 41.32682 adhockey
9 0 127887 3 41.32443 adhockey
9 0 118423 4 40.306904 adhockey
9 0 109720 5 40.27493 adhockey
9 0 112230 6 38.941303 adhockey
9 0 118011 7 37.870853 adhockey
9 0 802400 8 37.242825 adhockey
9 0 145665 9 36.670723 adhockey
10 0 112423 0 36.085194 adhockey
10 0 112094 1 35.206394 adhockey
10 0 111500 2 32.592335 adhockey
10 0 121163 3 32.428734 adhockey
10 0 112931 4 32.07029 adhockey
10 0 112657 5 31.61339 adhockey
10 0 109585 6 30.859434 adhockey
10 0 145715 7 30.695704 adhockey
10 0 110472 8 30.502468 adhockey
10 0 112291 9 30.346382 adhockey
11 0 137736 0 29.724741 adhockey
11 0 118449 1 26.976326 adhockey
11 0 109236 2 26.314365 adhockey
11 0 2672535 3 26.166245 adhockey
11 0 112655 4 25.689245 adhockey
11 0 2675750 5 24.948046 adhockey
11 0 109540 6 24.859093 adhockey
11 0 109031 7 24.627779 adhockey
11 0 110275 8 24.523722 adhockey
11 0 93608 9 24.494888 adhockey
12 0 811228 0 23.768782 adhockey
12 0 109540 1 23.539549 adhockey
12 0 109776 2 23.515898 adhockey
12 0 109031 3 22.546032 adhockey
12 0 111929 4 22.466654 adhockey
12 0 112627 5 22.3643 adhockey
12 0 137736 6 21.995296 adhockey
12 0 110360 7 21.95872 adhockey
12 0 108036 8 21.773476 adhockey
12 0 107982 9 21.762865 adhockey
13 0 145817 0 57.347103 adhockey
13 0 4151822 1 56.19499 adhockey
13 0 111029 2 54.05229 adhockey
13 0 2812588 3 53.8066 adhockey
13 0 112726 4 51.942184 adhockey
13 0 111455 5 51.025356 adhockey
13 0 1087693 6 50.100452 adhockey
13 0 4106440 7 50.093212 adhockey
13 0 145647 8 48.864708 adhockey
13 0 134747 9 47.556145 adhockey
14 0 111029 0 50.368896 adhockey
14 0 4151822 1 49.95924 adhockey
14 0 4171965 2 49.905987 adhockey
14 0 145647 3 47.04714 adhockey
14 0 145817 4 46.1778 adhockey
14 0 4106440 5 46.055767 adhockey
14 0 2812588 6 46.032066 adhockey
14 0 1087693 7 45.161003 adhockey
14 0 112726 8 44.383648 adhockey
14 0 134747 9 44.29747 adhockey
15 0 111029 0 50.368896 adhockey
15 0 4151822 1 49.95924 adhockey
15 0 4171965 2 49.905987 adhockey
15 0 145647 3 47.04714 adhockey
15 0 145817 4 46.1778 adhockey
15 0 4106440 5 46.055767 adhockey
15 0 2812588 6 46.032066 adhockey
15 0 1087693 7 45.161003 adhockey
15 0 112726 8 44.383648 adhockey
15 0 134747 9 44.29747 adhockey
16 0 134747 0 32.44949 adhockey
16 0 4151822 1 30.978355 adhockey
16 0 2812588 2 29.719225 adhockey
16 0 145817 3 28.849463 adhockey
16 0 145647 4 28.009195 adhockey
16 0 2770446 5 26.575602 adhockey
16 0 2771249 6 26.398272 adhockey
16 0 111913 7 26.217793 adhockey
16 0 95013 8 25.44227 adhockey
16 0 130150 9 24.811554 adhockey
17 0 111122 0 21.953072 adhockey
17 0 101455 1 21.428795 adhockey
17 0 103204 2 21.032736 adhockey
17 0 104418 3 20.986135 adhockey
17 0 96695 4 20.835505 adhockey
17 0 97860 5 20.193262 adhockey
17 0 88914 6 19.888908 adhockey
17 0 101917 7 19.757437 adhockey
17 0 109030 8 19.404327 adhockey
17 0 105911 9 19.266329 adhockey
18 0 148484 0 30.981836 adhockey
18 0 4161362 1 23.933977 adhockey
18 0 2670966 2 23.476793 adhockey
18 0 145119 3 23.102268 adhockey
18 0 111772 4 22.795612 adhockey
18 0 131156 5 22.169744 adhockey
18 0 2672526 6 21.948954 adhockey
18 0 2674863 7 21.948954 adhockey
18 0 106724 8 21.88245 adhockey
18 0 106745 9 21.84366 adhockey
19 0 96615 0 30.094973 adhockey
19 0 112428 1 27.987555 adhockey
19 0 102601 2 27.574408 adhockey
19 0 103558 3 26.773186 adhockey
19 0 105194 4 26.518799 adhockey
19 0 104306 5 25.806944 adhockey
19 0 107147 6 25.481184 adhockey
19 0 97348 7 25.249907 adhockey
19 0 104943 8 25.157692 adhockey
19 0 110941 9 25.12625 adhockey
20 0 106333 0 27.22668 adhockey
20 0 110132 1 27.183367 adhockey
20 0 104539 2 27.065493 adhockey
20 0 112924 3 26.641083 adhockey
20 0 111302 4 26.007479 adhockey
20 0 107685 5 26.006495 adhockey
20 0 111555 6 25.910046 adhockey
20 0 108111 7 25.895067 adhockey
20 0 109402 8 25.85935 adhockey
20 0 108538 9 25.733538 adhockey
21 0 117890 0 22.086573 adhockey
21 0 118280 1 21.413845 adhockey
21 0 121161 2 20.939817 adhockey
21 0 867657 3 20.86897 adhockey
21 0 134734 4 19.730042 adhockey
21 0 145831 5 19.296179 adhockey
21 0 95774 6 18.85748 adhockey
21 0 134728 7 18.414896 adhockey
21 0 118081 8 18.24782 adhockey
21 0 110993 9 18.173903 adhockey
22 0 867657 0 23.49342 adhockey
22 0 112880 1 23.1278 adhockey
22 0 118280 2 22.092367 adhockey
22 0 112915 3 21.554256 adhockey
22 0 117890 4 21.43519 adhockey
22 0 121161 5 21.01159 adhockey
22 0 111438 6 20.999464 adhockey
22 0 118010 7 20.515919 adhockey
22 0 3181482 8 20.15547 adhockey
22 0 112799 9 20.059315 adhockey
23 0 118180 0 54.40315 adhockey
23 0 137736 1 51.11222 adhockey
23 0 3153112 2 50.482975 adhockey
23 0 623242 3 49.822945 adhockey
23 0 145728 4 46.592823 adhockey
23 0 112257 5 46.503063 adhockey
23 0 142878 6 46.339134 adhockey
23 0 118449 7 46.059456 adhockey
23 0 1738 8 45.68474 adhockey
23 0 2801435 9 44.86949 adhockey
24 0 112257 0 50.362045 adhockey
24 0 3153112 1 49.009834 adhockey
24 0 118449 2 48.448483 adhockey
24 0 1738 3 47.136406 adhockey
24 0 111615 4 43.578465 adhockey
24 0 137736 5 43.41118 adhockey
24 0 145738 6 43.096107 adhockey
24 0 2810525 7 42.86573 adhockey
24 0 2811847 8 42.86573 adhockey
24 0 118180 9 42.511604 adhockey
25 0 112616 0 20.169415 adhockey
25 0 117845 1 20.125793 adhockey
25 0 118021 2 19.705343 adhockey
25 0 110315 3 18.449785 adhockey
25 0 110318 4 18.21864 adhockey
25 0 3211503 5 17.789553 adhockey
25 0 111893 6 17.085505 adhockey
25 0 111545 7 16.963528 adhockey
25 0 111841 8 16.564949 adhockey
25 0 104758 9 16.338081 adhockey
26 0 112616 0 43.272373 adhockey
26 0 110318 1 35.650017 adhockey
26 0 117872 2 34.097298 adhockey
26 0 145779 3 33.54325 adhockey
26 0 112324 4 33.53015 adhockey
26 0 91029 5 31.0936 adhockey
26 0 109989 6 30.854765 adhockey
26 0 110715 7 30.080048 adhockey
26 0 117864 8 30.064806 adhockey
26 0 112349 9 29.888796 adhockey
27 0 4157382 0 30.981007 adhockey
27 0 4157405 1 30.981007 adhockey
27 0 112346 2 27.339066 adhockey
27 0 111141 3 26.305277 adhockey
27 0 110384 4 25.083569 adhockey
27 0 112071 5 22.51187 adhockey
27 0 110706 6 21.443657 adhockey
27 0 110291 7 20.93256 adhockey
27 0 118475 8 20.486158 adhockey
27 0 105708 9 20.406923 adhockey
28 0 4157382 0 38.664642 adhockey
28 0 4157405 1 38.664642 adhockey
28 0 111141 2 33.55805 adhockey
28 0 112346 3 32.374622 adhockey
28 0 112071 4 27.08134 adhockey
28 0 110384 5 26.520409 adhockey
28 0 111217 6 23.785475 adhockey
28 0 145827 7 22.570728 adhockey
28 0 112523 8 22.519224 adhockey
28 0 110291 9 22.508986 adhockey
29 0 205788 0 24.641148 adhockey
29 0 118073 1 23.759745 adhockey
29 0 112620 2 23.19458 adhockey
29 0 110984 3 23.040854 adhockey
29 0 104681 4 23.004536 adhockey
29 0 111473 5 22.846462 adhockey
29 0 4151826 6 22.83355 adhockey
29 0 118351 7 22.437344 adhockey
29 0 111253 8 22.377813 adhockey
29 0 109922 9 22.369194 adhockey
30 0 118117 0 30.576853 adhockey
30 0 90674 1 28.506954 adhockey
30 0 117954 2 27.889505 adhockey
30 0 118381 3 27.395489 adhockey
30 0 118183 4 27.287174 adhockey
30 0 118373 5 27.256456 adhockey
30 0 145708 6 27.250702 adhockey
30 0 218921 7 27.172962 adhockey
30 0 802973 8 26.611729 adhockey
30 0 803271 9 26.611729 adhockey
31 0 118023 0 19.698887 adhockey
31 0 110015 1 19.378803 adhockey
31 0 137729 2 17.854612 adhockey
31 0 109450 3 17.676441 adhockey
31 0 108636 4 17.502113 adhockey
31 0 118455 5 17.301327 adhockey
31 0 112356 6 17.269655 adhockey
31 0 109727 7 16.893728 adhockey
31 0 110644 8 16.601242 adhockey
31 0 112781 9 16.374393 adhockey
32 0 112836 0 39.559982 adhockey
32 0 219511 1 38.933823 adhockey
32 0 219616 2 38.933823 adhockey
32 0 117924 3 38.363804 adhockey
32 0 118023 4 37.55475 adhockey
32 0 118455 5 37.211853 adhockey
32 0 112329 6 36.949207 adhockey
32 0 118458 7 36.50814 adhockey
32 0 110312 8 36.239376 adhockey
32 0 118139 9 36.228237 adhockey
33 0 2676594 0 45.525536 adhockey
33 0 2675753 1 44.36356 adhockey
33 0 2679204 2 44.36356 adhockey
33 0 121158 3 41.6173 adhockey
33 0 112325 4 38.22998 adhockey
33 0 108605 5 36.828976 adhockey
33 0 109676 6 36.14572 adhockey
33 0 112646 7 36.071438 adhockey
33 0 112269 8 35.74072 adhockey
33 0 112326 9 34.79247 adhockey
34 0 2676594 0 43.853268 adhockey
34 0 2675753 1 43.32103 adhockey
34 0 2679204 2 43.32103 adhockey
34 0 2809767 3 37.076286 adhockey
34 0 2811850 4 37.076286 adhockey
34 0 121158 5 27.795061 adhockey
34 0 112325 6 27.234144 adhockey
34 0 112159 7 23.950237 adhockey
34 0 137727 8 23.719198 adhockey
34 0 111170 9 22.173052 adhockey
35 0 3205767 0 29.612743 adhockey
35 0 118329 1 29.136593 adhockey
35 0 2620886 2 28.952564 adhockey
35 0 112351 3 27.452812 adhockey
35 0 219731 4 27.15306 adhockey
35 0 3203656 5 26.913336 adhockey
35 0 3206414 6 26.913336 adhockey
35 0 145783 7 26.344189 adhockey
35 0 118025 8 26.031546 adhockey
35 0 145704 9 25.432863 adhockey
36 0 145658 0 18.390673 adhockey
36 0 145704 1 17.431274 adhockey
36 0 112351 2 17.39675 adhockey
36 0 2620886 3 17.089237 adhockey
36 0 145783 4 16.815296 adhockey
36 0 3203656 5 16.797363 adhockey
36 0 3206414 6 16.797363 adhockey
36 0 2678466 7 16.737589 adhockey
36 0 118329 8 16.726894 adhockey
36 0 821306 9 16.470055 adhockey
37 0 145731 0 69.19654 adhockey
37 0 112910 1 66.90171 adhockey
37 0 4151829 2 65.5211 adhockey
37 0 145855 3 63.513283 adhockey
37 0 1993216 4 61.85376 adhockey
37 0 118269 5 60.976696 adhockey
37 0 145629 6 57.5273 adhockey
37 0 111982 7 54.725105 adhockey
37 0 111420 8 53.253147 adhockey
37 0 111264 9 52.03026 adhockey
38 0 118269 0 42.496964 adhockey
38 0 4151829 1 41.76426 adhockey
38 0 1993216 2 39.91334 adhockey
38 0 145855 3 39.744656 adhockey
38 0 112910 4 39.052834 adhockey
38 0 145629 5 38.411102 adhockey
38 0 145731 6 38.275803 adhockey
38 0 112887 7 36.49277 adhockey
38 0 112292 8 30.660826 adhockey
38 0 118133 9 30.436668 adhockey
39 0 102086 0 24.308346 adhockey
39 0 112568 1 24.297482 adhockey
39 0 111432 2 23.07961 adhockey
39 0 1731 3 23.00674 adhockey
39 0 105058 4 22.959953 adhockey
39 0 112855 5 22.802408 adhockey
39 0 2674861 6 22.496798 adhockey
39 0 2675754 7 22.496798 adhockey
39 0 103135 8 21.667612 adhockey
39 0 105200 9 21.427578 adhockey
40 0 145664 0 29.350677 adhockey
40 0 798510 1 28.78178 adhockey
40 0 145766 2 28.535738 adhockey
40 0 103780 3 28.179428 adhockey
40 0 105873 4 28.088366 adhockey
40 0 118357 5 27.910826 adhockey
40 0 107974 6 27.592344 adhockey
40 0 105889 7 27.50922 adhockey
40 0 104451 8 27.402992 adhockey
40 0 111831 9 27.103302 adhockey
41 0 109186 0 49.9524 adhockey
41 0 110132 1 45.89189 adhockey
41 0 112585 2 41.374283 adhockey
41 0 111891 3 40.93477 adhockey
41 0 112440 4 39.941856 adhockey
41 0 111198 5 39.12057 adhockey
41 0 112924 6 38.292305 adhockey
41 0 2810525 7 37.430767 adhockey
41 0 2811847 8 37.430767 adhockey
41 0 111193 9 35.89581 adhockey
42 0 109186 0 54.599102 adhockey
42 0 110132 1 50.137547 adhockey
42 0 112924 2 47.00993 adhockey
42 0 111891 3 46.428146 adhockey
42 0 111198 4 46.126785 adhockey
42 0 112585 5 45.064377 adhockey
42 0 112440 6 44.769695 adhockey
42 0 2810525 7 44.090534 adhockey
42 0 2811847 8 44.090534 adhockey
42 0 112257 9 42.892185 adhockey
43 0 112920 0 39.840157 adhockey
43 0 118113 1 37.854004 adhockey
43 0 2680590 2 37.01381 adhockey
43 0 2959745 3 37.01381 adhockey
43 0 100926 4 36.514496 adhockey
43 0 95854 5 36.474884 adhockey
43 0 112644 6 35.720455 adhockey
43 0 112305 7 35.188976 adhockey
43 0 93137 8 35.168385 adhockey
43 0 112139 9 34.487644 adhockey
44 0 97190 0 15.025982 adhockey
44 0 90651 1 13.3470335 adhockey
44 0 93695 2 13.116144 adhockey
44 0 112783 3 12.374525 adhockey
44 0 112072 4 12.233047 adhockey
44 0 92675 5 11.822527 adhockey
44 0 2781925 6 11.77131 adhockey
44 0 118365 7 11.73155 adhockey
44 0 104993 8 11.468853 adhockey
44 0 112866 9 11.398619 adhockey
45 0 868384 0 48.022026 adhockey
45 0 118450 1 45.86378 adhockey
45 0 118281 2 43.256214 adhockey
45 0 2750100 3 42.124935 adhockey
45 0 118489 4 41.83146 adhockey
45 0 118362 5 41.59803 adhockey
45 0 145903 6 41.429848 adhockey
45 0 799969 7 40.89118 adhockey
45 0 182568 8 40.332195 adhockey
45 0 145827 9 40.30631 adhockey
46 0 866024 0 87.29582 adhockey
46 0 858802 1 87.29582 adhockey
46 0 145772 2 82.615746 adhockey
46 0 3204917 3 79.49752 adhockey
46 0 623145 4 79.27445 adhockey
46 0 2804673 5 79.15473 adhockey
46 0 150542 6 77.172455 adhockey
46 0 618680 7 76.18733 adhockey
46 0 145861 8 75.03871 adhockey
46 0 137725 9 72.97991 adhockey
47 0 2674861 0 37.21052 adhockey
47 0 2675754 1 37.21052 adhockey
47 0 96147 2 32.14915 adhockey
47 0 104928 3 31.718569 adhockey
47 0 2518018 4 31.428972 adhockey
47 0 111362 5 30.9168 adhockey
47 0 99491 6 30.110636 adhockey
47 0 104250 7 29.871443 adhockey
47 0 108545 8 29.71811 adhockey
47 0 105727 9 29.387125 adhockey
48 0 2674861 0 26.237629 adhockey
48 0 2675754 1 26.237629 adhockey
48 0 112422 2 22.90809 adhockey
48 0 108041 3 22.016426 adhockey
48 0 89922 4 20.918184 adhockey
48 0 112334 5 20.005196 adhockey
48 0 118102 6 19.61491 adhockey
48 0 106845 7 19.501722 adhockey
48 0 90684 8 18.407076 adhockey
48 0 96147 9 18.396235 adhockey
49 0 118449 0 20.662582 adhockey
49 0 112671 1 20.650742 adhockey
49 0 183479 2 20.573715 adhockey
49 0 111953 3 20.180286 adhockey
49 0 2672535 4 19.821405 adhockey
49 0 2675750 5 19.715992 adhockey
49 0 117950 6 19.702682 adhockey
49 0 117996 7 19.573906 adhockey
49 0 117906 8 19.437271 adhockey
49 0 110763 9 19.198378 adhockey
50 0 111953 0 31.937317 adhockey
50 0 111611 1 30.692707 adhockey
50 0 3153112 2 30.362545 adhockey
50 0 623242 3 30.29963 adhockey
50 0 2641101 4 29.911692 adhockey
50 0 137736 5 29.863276 adhockey
50 0 118289 6 29.478584 adhockey
50 0 118449 7 29.447735 adhockey
50 0 131161 8 29.050158 adhockey
50 0 137733 9 28.623606 adhockey
51 0 112770 0 39.297268 adhockey
51 0 100687 1 35.247498 adhockey
51 0 98744 2 34.788815 adhockey
51 0 112243 3 33.58406 adhockey
51 0 97778 4 31.41318 adhockey
51 0 103165 5 31.141489 adhockey
51 0 85452 6 31.099226 adhockey
51 0 112931 7 30.197638 adhockey
51 0 85451 8 30.181105 adhockey
51 0 88292 9 29.931776 adhockey
52 0 112770 0 43.984882 adhockey
52 0 98744 1 38.57789 adhockey
52 0 112243 2 37.487595 adhockey
52 0 85452 3 35.401085 adhockey
52 0 100687 4 35.247498 adhockey
52 0 85451 5 33.3268 adhockey
52 0 84894 6 33.180965 adhockey
52 0 112094 7 32.94235 adhockey
52 0 86293 8 32.307793 adhockey
52 0 112931 9 31.743135 adhockey
53 0 118357 0 31.90222 adhockey
53 0 112677 1 30.71265 adhockey
53 0 811778 2 29.471601 adhockey
53 0 625711 3 28.606451 adhockey
53 0 799985 4 28.114567 adhockey
53 0 117916 5 27.338062 adhockey
53 0 111727 6 26.565409 adhockey
53 0 112640 7 25.714527 adhockey
53 0 3207860 8 25.692463 adhockey
53 0 109717 9 25.513515 adhockey
54 0 799985 0 18.847609 adhockey
54 0 104488 1 18.50969 adhockey
54 0 103537 2 17.986721 adhockey
54 0 118262 3 17.475245 adhockey
54 0 112677 4 17.21185 adhockey
54 0 108879 5 17.02028 adhockey
54 0 616862 6 16.963966 adhockey
54 0 111426 7 16.763245 adhockey
54 0 118464 8 16.748539 adhockey
54 0 104199 9 16.639898 adhockey
55 0 4154603 0 79.46528 adhockey
55 0 145731 1 72.880486 adhockey
55 0 145855 2 70.80789 adhockey
55 0 118269 3 57.49141 adhockey
55 0 112910 4 56.979404 adhockey
55 0 110774 5 55.072758 adhockey
55 0 111261 6 51.882736 adhockey
55 0 1993216 7 51.297554 adhockey
55 0 145629 8 50.416298 adhockey
55 0 111420 9 46.70231 adhockey
56 0 145731 0 76.71232 adhockey
56 0 4154603 1 76.573105 adhockey
56 0 145855 2 75.277176 adhockey
56 0 112910 3 73.99494 adhockey
56 0 1993216 4 68.36414 adhockey
56 0 118269 5 66.15218 adhockey
56 0 111982 6 63.54067 adhockey
56 0 145629 7 63.172146 adhockey
56 0 111420 8 60.64878 adhockey
56 0 111264 9 58.41168 adhockey
57 0 2781925 0 31.881964 adhockey
57 0 821305 1 31.604647 adhockey
57 0 137741 2 30.032927 adhockey
57 0 799979 3 29.655296 adhockey
57 0 142890 4 29.32647 adhockey
57 0 3205736 5 29.178785 adhockey
57 0 3181481 6 29.0074 adhockey
57 0 145791 7 28.91799 adhockey
57 0 137728 8 28.789639 adhockey
57 0 145834 9 27.179464 adhockey
58 0 118467 0 28.137476 adhockey
58 0 821305 1 25.833158 adhockey
58 0 137741 2 25.647888 adhockey
58 0 2781925 3 25.603203 adhockey
58 0 87867 4 24.87581 adhockey
58 0 142890 5 24.740755 adhockey
58 0 109806 6 24.569267 adhockey
58 0 90053 7 23.678194 adhockey
58 0 85616 8 23.622816 adhockey
58 0 216735 9 23.6055 adhockey
59 0 4170685 0 60.454502 adhockey
59 0 117965 1 56.276787 adhockey
59 0 931614 2 52.20091 adhockey
59 0 118040 3 51.67699 adhockey
59 0 118129 4 47.68527 adhockey
59 0 2788983 5 46.952213 adhockey
59 0 112905 6 46.88396 adhockey
59 0 118037 7 46.07213 adhockey
59 0 145856 8 44.593998 adhockey
59 0 134735 9 43.26557 adhockey
60 0 931614 0 64.32448 adhockey
60 0 145856 1 51.07108 adhockey
60 0 4170685 2 50.697155 adhockey
60 0 145807 3 50.246387 adhockey
60 0 118129 4 47.807167 adhockey
60 0 118257 5 46.652943 adhockey
60 0 117965 6 46.492348 adhockey
60 0 118099 7 45.218475 adhockey
60 0 110510 8 44.58631 adhockey
60 0 109810 9 43.412056 adhockey
61 0 2812210 0 87.03642 adhockey
61 0 3195092 1 71.54154 adhockey
61 0 218457 2 66.76524 adhockey
61 0 219815 3 65.47623 adhockey
61 0 145743 4 62.548363 adhockey
61 0 1087955 5 61.768112 adhockey
61 0 145923 6 60.652416 adhockey
61 0 1732 7 59.856598 adhockey
61 0 2620704 8 58.410667 adhockey
61 0 218132 9 55.29727 adhockey
62 0 3195092 0 42.455868 adhockey
62 0 2812210 1 41.170967 adhockey
62 0 107147 2 38.304775 adhockey
62 0 110091 3 37.145363 adhockey
62 0 117875 4 33.44417 adhockey
62 0 110984 5 32.535767 adhockey
62 0 112793 6 31.61457 adhockey
62 0 118098 7 31.297733 adhockey
62 0 111713 8 30.966143 adhockey
62 0 118299 9 30.846697 adhockey
63 0 110057 0 32.011253 adhockey
63 0 108538 1 31.9122 adhockey
63 0 107685 2 31.856775 adhockey
63 0 109814 3 30.952326 adhockey
63 0 109133 4 30.915218 adhockey
63 0 108539 5 30.875153 adhockey
63 0 111344 6 30.855837 adhockey
63 0 107014 7 30.723238 adhockey
63 0 108186 8 30.701357 adhockey
63 0 110032 9 30.631166 adhockey
64 0 2758568 0 35.79046 adhockey
64 0 110645 1 34.542664 adhockey
64 0 110542 2 34.246212 adhockey
64 0 102061 3 33.970047 adhockey
64 0 111936 4 31.980124 adhockey
64 0 109773 5 31.60162 adhockey
64 0 93425 6 31.536985 adhockey
64 0 98509 7 31.04683 adhockey
64 0 111051 8 30.899559 adhockey
64 0 111082 9 30.623693 adhockey
65 0 118123 0 42.28341 adhockey
65 0 110645 1 28.320642 adhockey
65 0 4151825 2 25.801476 adhockey
65 0 150540 3 25.346691 adhockey
65 0 145903 4 24.385191 adhockey
65 0 111285 5 24.33588 adhockey
65 0 109067 6 24.33459 adhockey
65 0 112935 7 24.216692 adhockey
65 0 145867 8 24.131733 adhockey
65 0 130138 9 23.921236 adhockey
66 0 145867 0 53.70184 adhockey
66 0 3211501 1 50.181744 adhockey
66 0 111632 2 46.36813 adhockey
66 0 112935 3 41.450104 adhockey
66 0 118495 4 40.809414 adhockey
66 0 112547 5 40.18204 adhockey
66 0 112106 6 39.24305 adhockey
66 0 111803 7 38.376904 adhockey
66 0 110645 8 37.143166 adhockey
66 0 118123 9 37.060074 adhockey
67 0 103675 0 43.35839 adhockey
67 0 100119 1 39.331657 adhockey
67 0 104367 2 39.223316 adhockey
67 0 104522 3 38.84353 adhockey
67 0 867645 4 38.70446 adhockey
67 0 100945 5 37.118702 adhockey
67 0 98917 6 36.386868 adhockey
67 0 94177 7 35.878517 adhockey
67 0 145800 8 35.824917 adhockey
67 0 97584 9 35.462368 adhockey
68 0 103675 0 48.29072 adhockey
68 0 104522 1 45.396114 adhockey
68 0 104367 2 42.949493 adhockey
68 0 100945 3 42.062717 adhockey
68 0 98917 4 40.173027 adhockey
68 0 867645 5 40.107143 adhockey
68 0 97893 6 39.586662 adhockey
68 0 97584 7 39.40822 adhockey
68 0 100119 8 39.331657 adhockey
68 0 103321 9 38.741753 adhockey
69 0 3214777 0 37.198948 adhockey
69 0 110932 1 37.110245 adhockey
69 0 101939 2 36.757973 adhockey
69 0 182558 3 36.518234 adhockey
69 0 117927 4 35.874325 adhockey
69 0 112534 5 35.835617 adhockey
69 0 112820 6 35.41315 adhockey
69 0 110068 7 35.219368 adhockey
69 0 931122 8 35.019436 adhockey
69 0 2806208 9 34.595673 adhockey
70 0 112820 0 45.944397 adhockey
70 0 110068 1 45.756622 adhockey
70 0 110932 2 43.41967 adhockey
70 0 101939 3 43.332794 adhockey
70 0 117927 4 41.9264 adhockey
70 0 109835 5 41.827896 adhockey
70 0 117859 6 41.704273 adhockey
70 0 118111 7 41.69082 adhockey
70 0 104859 8 40.88447 adhockey
70 0 2806208 9 40.8519 adhockey
71 0 118052 0 29.149225 adhockey
71 0 111103 1 26.589586 adhockey
71 0 112904 2 26.353374 adhockey
71 0 112324 3 25.063395 adhockey
71 0 110331 4 24.821379 adhockey
71 0 118234 5 24.413559 adhockey
71 0 1087946 6 24.002758 adhockey
71 0 118155 7 23.850376 adhockey
71 0 108643 8 23.137234 adhockey
71 0 127899 9 22.854298 adhockey
72 0 118052 0 32.620316 adhockey
72 0 91596 1 30.656918 adhockey
72 0 112904 2 30.468628 adhockey
72 0 111103 3 29.807121 adhockey
72 0 112797 4 28.441801 adhockey
72 0 85232 5 28.196453 adhockey
72 0 145121 6 28.032011 adhockey
72 0 112914 7 27.99074 adhockey
72 0 118234 8 27.407223 adhockey
72 0 94399 9 27.06188 adhockey
73 0 1087954 0 28.722427 adhockey
73 0 2804674 1 27.384626 adhockey
73 0 145881 2 27.022417 adhockey
73 0 145624 3 26.734037 adhockey
73 0 118043 4 26.155304 adhockey
73 0 145638 5 25.806984 adhockey
73 0 111425 6 25.77625 adhockey
73 0 108345 7 25.25824 adhockey
73 0 217514 8 25.103659 adhockey
73 0 137725 9 24.166924 adhockey
74 0 103459 0 32.040604 adhockey
74 0 108616 1 30.910242 adhockey
74 0 112774 2 30.050049 adhockey
74 0 110798 3 29.993502 adhockey
74 0 109016 4 28.834148 adhockey
74 0 104914 5 27.932127 adhockey
74 0 107904 6 27.712732 adhockey
74 0 110398 7 27.669127 adhockey
74 0 127908 8 27.524889 adhockey
74 0 103632 9 27.368313 adhockey
75 0 92470 0 27.573708 adhockey
75 0 106428 1 27.480223 adhockey
75 0 93534 2 26.988071 adhockey
75 0 92174 3 26.710293 adhockey
75 0 102154 4 26.27089 adhockey
75 0 99730 5 26.251503 adhockey
75 0 98131 6 26.019041 adhockey
75 0 87646 7 25.558899 adhockey
75 0 90423 8 25.102081 adhockey
75 0 102658 9 24.900541 adhockey
76 0 108900 0 28.972614 adhockey
76 0 111945 1 27.751799 adhockey
76 0 118390 2 26.310822 adhockey
76 0 112222 3 26.236507 adhockey
76 0 100427 4 25.98666 adhockey
76 0 111964 5 25.74351 adhockey
76 0 149285 6 25.099796 adhockey
76 0 106490 7 24.043144 adhockey
76 0 145799 8 23.94098 adhockey
76 0 96114 9 23.276209 adhockey
77 0 108605 0 38.229767 adhockey
77 0 111455 1 37.03894 adhockey
77 0 104355 2 36.04342 adhockey
77 0 97242 3 35.38318 adhockey
77 0 614392 4 35.1958 adhockey
77 0 614485 5 35.1958 adhockey
77 0 145817 6 34.755196 adhockey
77 0 112646 7 34.66164 adhockey
77 0 109532 8 34.552795 adhockey
77 0 89923 9 34.171295 adhockey
78 0 145632 0 24.867767 adhockey
78 0 112233 1 23.481718 adhockey
78 0 1327338 2 22.700226 adhockey
78 0 85963 3 22.521912 adhockey
78 0 2812588 4 22.373102 adhockey
78 0 86871 5 21.673838 adhockey
78 0 150543 6 21.528084 adhockey
78 0 2959732 7 21.528084 adhockey
78 0 94812 8 21.219269 adhockey
78 0 146553 9 20.872732 adhockey
79 0 111009 0 49.093975 adhockey
79 0 118143 1 48.647808 adhockey
79 0 111470 2 47.59596 adhockey
79 0 2680438 3 35.417427 adhockey
79 0 110221 4 35.103504 adhockey
79 0 106568 5 30.745623 adhockey
79 0 3171728 6 29.23108 adhockey
79 0 106328 7 27.479895 adhockey
79 0 103770 8 27.472294 adhockey
79 0 111964 9 26.974308 adhockey
80 0 92324 0 18.399418 adhockey
80 0 93110 1 17.650597 adhockey
80 0 118390 2 17.424911 adhockey
80 0 92700 3 17.205694 adhockey
80 0 85917 4 17.063986 adhockey
80 0 867644 5 16.89652 adhockey
80 0 118187 6 16.809065 adhockey
80 0 87409 7 16.758728 adhockey
80 0 111753 8 16.681316 adhockey
80 0 96208 9 16.476938 adhockey
81 0 118368 0 70.94959 adhockey
81 0 127900 1 70.213905 adhockey
81 0 799981 2 69.68616 adhockey
81 0 145865 3 69.61901 adhockey
81 0 2803250 4 68.05779 adhockey
81 0 216735 5 67.40282 adhockey
81 0 216806 6 67.40282 adhockey
81 0 118126 7 63.862976 adhockey
81 0 1726 8 61.915783 adhockey
81 0 3213871 9 60.96752 adhockey
82 0 118467 0 24.73384 adhockey
82 0 112305 1 24.240126 adhockey
82 0 821305 2 23.664055 adhockey
82 0 112715 3 23.16119 adhockey
82 0 145748 4 22.761862 adhockey
82 0 145903 5 22.710566 adhockey
82 0 798626 6 22.424387 adhockey
82 0 109329 7 22.31312 adhockey
82 0 105181 8 22.228077 adhockey
82 0 145693 9 21.97716 adhockey
83 0 111663 0 31.77978 adhockey
83 0 111246 1 30.625391 adhockey
83 0 109200 2 30.27365 adhockey
83 0 137746 3 29.697617 adhockey
83 0 111151 4 29.385313 adhockey
83 0 110361 5 29.234726 adhockey
83 0 109891 6 29.096422 adhockey
83 0 111194 7 29.075684 adhockey
83 0 109928 8 28.868626 adhockey
83 0 109895 9 28.526096 adhockey
84 0 145859 0 49.089622 adhockey
84 0 112922 1 41.458256 adhockey
84 0 108374 2 39.69969 adhockey
84 0 145870 3 39.50558 adhockey
84 0 111103 4 38.264446 adhockey
84 0 112352 5 37.610775 adhockey
84 0 105687 6 35.05926 adhockey
84 0 108114 7 34.26909 adhockey
84 0 110449 8 34.21047 adhockey
84 0 111207 9 33.449696 adhockey
85 0 112326 0 37.975693 adhockey
85 0 802973 1 37.332108 adhockey
85 0 803271 2 37.332108 adhockey
85 0 2959737 3 37.332108 adhockey
85 0 137749 4 35.757744 adhockey
85 0 150543 5 35.438065 adhockey
85 0 2959732 6 35.438065 adhockey
85 0 146553 7 35.431355 adhockey
85 0 146790 8 35.431355 adhockey
85 0 3171724 9 31.48431 adhockey
86 0 802973 0 30.68884 adhockey
86 0 803271 1 30.68884 adhockey
86 0 2959737 2 30.68884 adhockey
86 0 112326 3 30.126207 adhockey
86 0 150543 4 28.517153 adhockey
86 0 2959732 5 28.517153 adhockey
86 0 146553 6 28.510443 adhockey
86 0 146790 7 28.510443 adhockey
86 0 112142 8 28.487122 adhockey
86 0 137749 9 27.562086 adhockey
87 0 111170 0 46.47178 adhockey
87 0 111957 1 42.340366 adhockey
87 0 111801 2 41.005722 adhockey
87 0 624280 3 39.90189 adhockey
87 0 118492 4 39.132233 adhockey
87 0 112807 5 38.90428 adhockey
87 0 182991 6 36.270187 adhockey
87 0 2812588 7 36.20971 adhockey
87 0 118509 8 36.04779 adhockey
87 0 1758 9 36.03684 adhockey
88 0 111170 0 51.983284 adhockey
88 0 112807 1 44.94509 adhockey
88 0 111957 2 44.511284 adhockey
88 0 118492 3 42.27503 adhockey
88 0 111801 4 41.005722 adhockey
88 0 624280 5 39.90189 adhockey
88 0 111182 6 38.508682 adhockey
88 0 1756 7 38.137077 adhockey
88 0 182991 8 37.92023 adhockey
88 0 2812588 9 37.225395 adhockey
89 0 4151822 0 92.01127 adhockey
89 0 2812588 1 88.930244 adhockey
89 0 145817 2 65.72247 adhockey
89 0 2770446 3 63.034447 adhockey
89 0 111029 4 60.888554 adhockey
89 0 112726 5 59.504887 adhockey
89 0 4106440 6 58.558796 adhockey
89 0 111455 7 58.279415 adhockey
89 0 145647 8 53.51073 adhockey
89 0 134747 9 50.27981 adhockey
90 0 109643 0 19.916567 adhockey
90 0 118054 1 19.760036 adhockey
90 0 109921 2 19.431353 adhockey
90 0 109776 3 19.159163 adhockey
90 0 109080 4 18.839083 adhockey
90 0 109079 5 18.793472 adhockey
90 0 145697 6 18.573664 adhockey
90 0 145626 7 18.452778 adhockey
90 0 109016 8 17.642643 adhockey
90 0 107840 9 17.5137 adhockey
91 0 1087959 0 30.009556 adhockey
91 0 118507 1 29.062908 adhockey
91 0 110032 2 28.885592 adhockey
91 0 3212514 3 28.284431 adhockey
91 0 109414 4 27.897396 adhockey
91 0 110249 5 27.50512 adhockey
91 0 118053 6 26.921434 adhockey
91 0 108567 7 25.670097 adhockey
91 0 105450 8 25.634417 adhockey
91 0 109096 9 25.341825 adhockey
92 0 3212514 0 31.138706 adhockey
92 0 109857 1 23.553352 adhockey
92 0 109414 2 23.258623 adhockey
92 0 109972 3 22.895727 adhockey
92 0 111193 4 22.502748 adhockey
92 0 111344 5 22.453493 adhockey
92 0 134732 6 22.340899 adhockey
92 0 109818 7 22.327175 adhockey
92 0 111828 8 22.093798 adhockey
92 0 111442 9 22.052065 adhockey
93 0 117965 0 73.57825 adhockey
93 0 112905 1 67.85979 adhockey
93 0 2788983 2 61.53345 adhockey
93 0 118040 3 60.73661 adhockey
93 0 111737 4 59.662754 adhockey
93 0 4151827 5 59.565853 adhockey
93 0 118037 6 58.715633 adhockey
93 0 117968 7 58.675694 adhockey
93 0 145627 8 58.44051 adhockey
93 0 134735 9 58.1031 adhockey
94 0 2788983 0 80.82988 adhockey
94 0 112905 1 79.58229 adhockey
94 0 4151827 2 79.09902 adhockey
94 0 145627 3 77.67998 adhockey
94 0 130158 4 71.369934 adhockey
94 0 111737 5 71.334175 adhockey
94 0 109418 6 70.37957 adhockey
94 0 117968 7 70.15374 adhockey
94 0 118107 8 70.00046 adhockey
94 0 110246 9 68.45434 adhockey
95 0 105495 0 101.99499 adhockey
95 0 108555 1 95.43376 adhockey
95 0 107232 2 91.698906 adhockey
95 0 106171 3 83.7148 adhockey
95 0 107475 4 83.13434 adhockey
95 0 103631 5 76.4524 adhockey
95 0 106073 6 67.16174 adhockey
95 0 101996 7 62.899784 adhockey
95 0 104671 8 61.745216 adhockey
95 0 112750 9 60.679363 adhockey
96 0 103631 0 21.17495 adhockey
96 0 105495 1 19.550316 adhockey
96 0 87146 2 19.383554 adhockey
96 0 91505 3 19.364908 adhockey
96 0 108330 4 18.873814 adhockey
96 0 94316 5 18.867443 adhockey
96 0 104671 6 18.741274 adhockey
96 0 89354 7 18.230873 adhockey
96 0 87481 8 18.224768 adhockey
96 0 93739 9 18.16409 adhockey
97 0 112101 0 91.092804 adhockey
97 0 111922 1 76.335236 adhockey
97 0 2655597 2 59.56404 adhockey
97 0 146554 3 52.083115 adhockey
97 0 820748 4 51.773994 adhockey
97 0 112247 5 51.6756 adhockey
97 0 117959 6 51.0391 adhockey
97 0 136993 7 50.737274 adhockey
97 0 112574 8 48.691483 adhockey
97 0 621044 9 46.338146 adhockey
98 0 110687 0 17.359318 adhockey
98 0 106593 1 16.54384 adhockey
98 0 101794 2 16.19731 adhockey
98 0 85090 3 16.130276 adhockey
98 0 110146 4 15.920832 adhockey
98 0 94506 5 15.339735 adhockey
98 0 101410 6 15.286453 adhockey
98 0 94136 7 15.187647 adhockey
98 0 103809 8 15.054089 adhockey
98 0 2621057 9 14.983433 adhockey
99 0 112267 0 90.924 adhockey
99 0 111884 1 62.468708 adhockey
99 0 110552 2 60.46676 adhockey
99 0 109976 3 54.803574 adhockey
99 0 118121 4 53.748417 adhockey
99 0 110578 5 52.44951 adhockey
99 0 112723 6 50.352013 adhockey
99 0 104759 7 47.177277 adhockey
99 0 118416 8 46.27688 adhockey
99 0 145914 9 46.04561 adhockey
100 0 112267 0 23.879639 adhockey
100 0 104883 1 20.65682 adhockey
100 0 97352 2 20.418879 adhockey
100 0 92488 3 20.399014 adhockey
100 0 110552 4 19.579832 adhockey
100 0 107933 5 19.562788 adhockey
100 0 111884 6 18.931124 adhockey
100 0 100266 7 18.71743 adhockey
100 0 111381 8 17.498613 adhockey
100 0 112723 9 17.388163 adhockey
