1 0 104696 0 40.392826 adhocsim2
1 0 102616 1 39.4201 adhocsim2
1 0 106448 2 37.70167 adhocsim2
1 0 104200 3 37.63353 adhocsim2
1 0 101924 4 36.91928 adhocsim2
1 0 97186 5 36.726906 adhocsim2
1 0 104350 6 36.10358 adhocsim2
1 0 100221 7 36.051502 adhocsim2
1 0 104972 8 35.85643 adhocsim2
1 0 98429 9 35.660023 adhocsim2
2 0 107016 0 50.00405 adhocsim2
2 0 112930 1 44.955242 adhocsim2
2 0 112423 2 44.001877 adhocsim2
2 0 105625 3 43.8773 adhocsim2
2 0 117866 4 43.68979 adhocsim2
2 0 111843 5 43.68567 adhocsim2
2 0 106821 6 43.591072 adhocsim2
2 0 112669 7 43.09767 adhocsim2
2 0 105294 8 41.446873 adhocsim2
2 0 219508 9 41.322994 adhocsim2
3 0 118029 0 68.89131 adhocsim2
3 0 3162143 1 66.95532 adhocsim2
3 0 215496 2 66.07689 adhocsim2
3 0 215694 3 66.07689 adhocsim2
3 0 2959735 4 66.07481 adhocsim2
3 0 149007 5 64.33689 adhocsim2
3 0 145821 6 64.26371 adhocsim2
3 0 111091 7 64.13543 adhocsim2
3 0 145683 8 64.11608 adhocsim2
3 0 145878 9 63.899673 adhocsim2
4 0 3162143 0 71.34584 adhocsim2
4 0 149007 1 65.90364 adhocsim2
4 0 118029 2 65.17776 adhocsim2
4 0 145821 3 64.160805 adhocsim2
4 0 215496 4 63.17184 adhocsim2
4 0 215694 5 63.17184 adhocsim2
4 0 2959735 6 63.1708 adhocsim2
4 0 111091 7 62.632454 adhocsim2
4 0 145683 8 62.50137 adhocsim2
4 0 812450 9 62.398952 adhocsim2
5 0 117932 0 58.512012 adhocsim2
5 0 2811844 1 57.615868 adhocsim2
5 0 2959750 2 57.615868 adhocsim2
5 0 122256 3 56.636078 adhocsim2
5 0 110056 4 41.88685 adhocsim2
5 0 112094 5 40.27884 adhocsim2
5 0 106257 6 36.919285 adhocsim2
5 0 118181 7 35.868996 adhocsim2
5 0 110048 8 35.378666 adhocsim2
5 0 110654 9 34.348354 adhocsim2
6 0 2811844 0 48.589607 adhocsim2
6 0 2959750 1 48.589607 adhocsim2
6 0 112094 2 45.148506 adhocsim2
6 0 110883 3 42.261486 adhocsim2
6 0 117932 4 41.108814 adhocsim2
6 0 106257 5 38.612152 adhocsim2
6 0 110056 6 38.22962 adhocsim2
6 0 110048 7 37.027046 adhocsim2
6 0 110654 8 36.93865 adhocsim2
6 0 112170 9 35.240627 adhocsim2
7 0 145715 0 91.24406 adhocsim2
7 0 112174 1 90.21566 adhocsim2
7 0 147531 2 82.60096 adhocsim2
7 0 145868 3 79.20227 adhocsim2
7 0 112834 4 76.24148 adhocsim2
7 0 134749 5 75.59981 adhocsim2
7 0 2678467 6 72.97199 adhocsim2
7 0 2679202 7 72.97199 adhocsim2
7 0 2959746 8 72.97199 adhocsim2
7 0 110932 9 69.81854 adhocsim2
8 0 112174 0 116.15118 adhocsim2
8 0 145868 1 112.11122 adhocsim2
8 0 145715 2 98.28848 adhocsim2
8 0 134749 3 97.43191 adhocsim2
8 0 112834 4 95.83564 adhocsim2
8 0 110932 5 93.87926 adhocsim2
8 0 112748 6 88.881516 adhocsim2
8 0 147531 7 83.00646 adhocsim2
8 0 127913 8 80.42289 adhocsim2
8 0 2678467 9 78.0743 adhocsim2
9 0 118212 0 52.25773 adhocsim2
9 0 2675751 1 51.61465 adhocsim2
9 0 112537 2 51.204113 adhocsim2
9 0 118423 3 49.526333 adhocsim2
9 0 127923 4 49.505936 adhocsim2
9 0 127887 5 49.425728 adhocsim2
9 0 112285 6 49.40996 adhocsim2
9 0 112641 7 48.635105 adhocsim2
9 0 111694 8 48.08071 adhocsim2
9 0 112230 9 47.15332 adhocsim2
10 0 3209686 0 22.218195 adhocsim2
10 0 3170727 1 19.182838 adhocsim2
10 0 117829 2 18.947124 adhocsim2
10 0 112336 3 18.76304 adhocsim2
10 0 112423 4 18.716125 adhocsim2
10 0 121163 5 18.369732 adhocsim2
10 0 118049 6 18.270382 adhocsim2
10 0 112562 7 18.255816 adhocsim2
10 0 2646093 8 18.222433 adhocsim2
10 0 103101 9 18.198547 adhocsim2
11 0 109031 0 34.58162 adhocsim2
11 0 110916 1 33.98596 adhocsim2
11 0 110127 2 33.24648 adhocsim2
11 0 111835 3 32.58706 adhocsim2
11 0 109540 4 32.361275 adhocsim2
11 0 2810524 5 32.162155 adhocsim2
11 0 2811846 6 32.162155 adhocsim2
11 0 118299 7 31.483397 adhocsim2
11 0 108197 8 31.137812 adhocsim2
11 0 109349 9 30.195503 adhocsim2
12 0 137736 0 45.057316 adhocsim2
12 0 118449 1 43.62869 adhocsim2
12 0 111953 2 41.30885 adhocsim2
12 0 2675750 3 40.6515 adhocsim2
12 0 3153112 4 40.56826 adhocsim2
12 0 137729 5 38.54674 adhocsim2
12 0 109751 6 38.285213 adhocsim2
12 0 2672535 7 38.12612 adhocsim2
12 0 112257 8 38.04906 adhocsim2
12 0 873668 9 37.81674 adhocsim2
13 0 111455 0 58.321526 adhocsim2
13 0 108605 1 56.967873 adhocsim2
13 0 109535 2 53.78691 adhocsim2
13 0 112646 3 53.00197 adhocsim2
13 0 109532 4 52.90509 adhocsim2
13 0 124715 5 52.6999 adhocsim2
13 0 109676 6 52.675797 adhocsim2
13 0 2812588 7 52.181385 adhocsim2
13 0 92834 8 51.943287 adhocsim2
13 0 802973 9 51.819736 adhocsim2
14 0 4106440 0 59.150528 adhocsim2
14 0 124715 1 56.418163 adhocsim2
14 0 614392 2 56.3404 adhocsim2
14 0 614485 3 56.3404 adhocsim2
14 0 111131 4 56.25317 adhocsim2
14 0 108605 5 55.67771 adhocsim2
14 0 110192 6 55.669186 adhocsim2
14 0 111647 7 55.249073 adhocsim2
14 0 111029 8 55.01341 adhocsim2
14 0 111050 9 54.739758 adhocsim2
15 0 4106440 0 59.150528 adhocsim2
15 0 124715 1 56.418163 adhocsim2
15 0 614392 2 56.3404 adhocsim2
15 0 614485 3 56.3404 adhocsim2
15 0 111131 4 56.25317 adhocsim2
15 0 108605 5 55.67771 adhocsim2
15 0 110192 6 55.669186 adhocsim2
15 0 111647 7 55.249073 adhocsim2
15 0 111029 8 55.01341 adhocsim2
15 0 111050 9 54.739758 adhocsim2
17 0 109030 0 34.99122 adhocsim2
17 0 111122 1 34.89237 adhocsim2
17 0 101917 2 33.145176 adhocsim2
17 0 87824 3 33.102764 adhocsim2
17 0 110655 4 32.946533 adhocsim2
17 0 111653 5 32.43258 adhocsim2
17 0 111168 6 32.386105 adhocsim2
17 0 108466 7 32.335136 adhocsim2
17 0 101455 8 31.971272 adhocsim2
17 0 111661 9 31.94782 adhocsim2
18 0 104306 0 23.66334 adhocsim2
18 0 104870 1 23.416334 adhocsim2
18 0 148484 2 23.20813 adhocsim2
18 0 118209 3 22.214489 adhocsim2
18 0 111772 4 22.173418 adhocsim2
18 0 118471 5 21.681032 adhocsim2
18 0 145657 6 21.519053 adhocsim2
18 0 108990 7 21.406712 adhocsim2
18 0 111540 8 20.777792 adhocsim2
18 0 90769 9 20.623144 adhocsim2
19 0 110998 0 27.369556 adhocsim2
19 0 85914 1 27.281218 adhocsim2
19 0 145967 2 26.720156 adhocsim2
19 0 112428 3 26.048391 adhocsim2
19 0 106203 4 25.856716 adhocsim2
19 0 96615 5 25.265535 adhocsim2
19 0 112156 6 25.085272 adhocsim2
19 0 103558 7 24.759928 adhocsim2
19 0 112395 8 24.56575 adhocsim2
19 0 118209 9 24.416388 adhocsim2
20 0 112924 0 32.1434 adhocsim2
20 0 104539 1 31.55814 adhocsim2
20 0 107685 2 31.521702 adhocsim2
20 0 95560 3 31.342539 adhocsim2
20 0 108111 4 30.966734 adhocsim2
20 0 108538 5 30.794886 adhocsim2
20 0 127891 6 30.759531 adhocsim2
20 0 102879 7 30.5208 adhocsim2
20 0 107488 8 30.251379 adhocsim2
20 0 104355 9 30.187859 adhocsim2
21 0 117890 0 30.019953 adhocsim2
21 0 867657 1 29.96742 adhocsim2
21 0 121161 2 28.918594 adhocsim2
21 0 118280 3 27.398575 adhocsim2
21 0 134728 4 26.949015 adhocsim2
21 0 134734 5 26.38568 adhocsim2
21 0 118379 6 26.03245 adhocsim2
21 0 145831 7 25.896706 adhocsim2
21 0 621293 8 25.10184 adhocsim2
21 0 121159 9 24.84587 adhocsim2
22 0 867657 0 22.905115 adhocsim2
22 0 112880 1 22.720415 adhocsim2
22 0 118280 2 22.289974 adhocsim2
22 0 121161 3 21.71186 adhocsim2
22 0 117890 4 20.165867 adhocsim2
22 0 112915 5 20.121334 adhocsim2
22 0 111438 6 20.003916 adhocsim2
22 0 99355 7 19.820936 adhocsim2
22 0 112799 8 19.667662 adhocsim2
22 0 112777 9 19.392548 adhocsim2
23 0 110916 0 32.864075 adhocsim2
23 0 118044 1 29.073889 adhocsim2
23 0 118449 2 28.275026 adhocsim2
23 0 111630 3 28.259108 adhocsim2
23 0 137736 4 28.056587 adhocsim2
23 0 112655 5 28.00693 adhocsim2
23 0 101278 6 27.840302 adhocsim2
23 0 112257 7 27.316088 adhocsim2
23 0 3153112 8 27.287401 adhocsim2
23 0 2675750 9 26.65107 adhocsim2
24 0 1738 0 30.648302 adhocsim2
24 0 118449 1 30.50867 adhocsim2
24 0 112257 2 30.370554 adhocsim2
24 0 2810525 3 28.871655 adhocsim2
24 0 2811847 4 28.871655 adhocsim2
24 0 118044 5 28.329056 adhocsim2
24 0 137736 6 28.263844 adhocsim2
24 0 2672535 7 26.379007 adhocsim2
24 0 3153112 8 26.368902 adhocsim2
24 0 101598 9 26.312405 adhocsim2
25 0 134732 0 25.074442 adhocsim2
25 0 112616 1 24.289328 adhocsim2
25 0 118105 2 24.007725 adhocsim2
25 0 118021 3 23.825993 adhocsim2
25 0 112328 4 23.562672 adhocsim2
25 0 100475 5 23.268715 adhocsim2
25 0 111983 6 23.040154 adhocsim2
25 0 105739 7 23.0167 adhocsim2
25 0 98918 8 22.859524 adhocsim2
25 0 118431 9 22.520618 adhocsim2
26 0 112616 0 55.525085 adhocsim2
26 0 112324 1 50.155834 adhocsim2
26 0 110318 2 45.240536 adhocsim2
26 0 117872 3 44.928734 adhocsim2
26 0 118424 4 42.524155 adhocsim2
26 0 105580 5 42.11723 adhocsim2
26 0 145779 6 41.77624 adhocsim2
26 0 127899 7 41.33984 adhocsim2
26 0 118136 8 41.059647 adhocsim2
26 0 108025 9 40.76586 adhocsim2
27 0 4157382 0 36.3053 adhocsim2
27 0 4157405 1 36.3053 adhocsim2
27 0 112346 2 33.211483 adhocsim2
27 0 111141 3 30.941608 adhocsim2
27 0 112071 4 28.501307 adhocsim2
27 0 110384 5 27.774675 adhocsim2
27 0 110706 6 26.855404 adhocsim2
27 0 110291 7 25.32094 adhocsim2
27 0 118475 8 24.636204 adhocsim2
27 0 111217 9 24.45304 adhocsim2
28 0 4157382 0 47.04969 adhocsim2
28 0 4157405 1 47.04969 adhocsim2
28 0 112346 2 42.664257 adhocsim2
28 0 111141 3 39.986576 adhocsim2
28 0 2797291 4 34.021996 adhocsim2
28 0 111217 5 33.742115 adhocsim2
28 0 112071 6 32.754967 adhocsim2
28 0 103754 7 31.1099 adhocsim2
28 0 110706 8 31.054829 adhocsim2
28 0 110384 9 30.801477 adhocsim2
29 0 205788 0 23.06948 adhocsim2
29 0 112620 1 21.892931 adhocsim2
29 0 4151826 2 21.622267 adhocsim2
29 0 118351 3 21.530205 adhocsim2
29 0 110984 4 21.363062 adhocsim2
29 0 111473 5 21.31569 adhocsim2
29 0 104681 6 21.22999 adhocsim2
29 0 112190 7 21.150574 adhocsim2
29 0 112704 8 21.052813 adhocsim2
29 0 118073 9 21.028608 adhocsim2
30 0 117954 0 22.230654 adhocsim2
30 0 87779 1 21.018566 adhocsim2
30 0 91850 2 20.47537 adhocsim2
30 0 84676 3 20.324223 adhocsim2
30 0 112324 4 20.319313 adhocsim2
30 0 99973 5 20.033995 adhocsim2
30 0 91385 6 20.033833 adhocsim2
30 0 94629 7 19.868404 adhocsim2
30 0 118381 8 19.836159 adhocsim2
30 0 107249 9 19.824358 adhocsim2
31 0 118023 0 18.269508 adhocsim2
31 0 109450 1 17.408695 adhocsim2
31 0 118455 2 17.054207 adhocsim2
31 0 110015 3 16.92932 adhocsim2
31 0 118061 4 15.434176 adhocsim2
31 0 137729 5 15.358137 adhocsim2
31 0 109727 6 15.189177 adhocsim2
31 0 117924 7 15.014237 adhocsim2
31 0 2809763 8 14.942798 adhocsim2
31 0 110644 9 14.899271 adhocsim2
32 0 112836 0 36.359573 adhocsim2
32 0 117924 1 36.310886 adhocsim2
32 0 219511 2 35.871536 adhocsim2
32 0 219616 3 35.871536 adhocsim2
32 0 118023 4 35.773087 adhocsim2
32 0 118455 5 35.771366 adhocsim2
32 0 112329 6 35.044292 adhocsim2
32 0 111744 7 34.43856 adhocsim2
32 0 117869 8 34.419155 adhocsim2
32 0 118458 9 34.36561 adhocsim2
33 0 2676594 0 52.115406 adhocsim2
33 0 2675753 1 51.064964 adhocsim2
33 0 2679204 2 51.064964 adhocsim2
33 0 121158 3 43.13018 adhocsim2
33 0 2809767 4 40.31726 adhocsim2
33 0 2811850 5 40.31726 adhocsim2
33 0 112325 6 38.49758 adhocsim2
33 0 117187 7 34.710335 adhocsim2
33 0 112326 8 34.477882 adhocsim2
33 0 109676 9 34.44952 adhocsim2
34 0 2676594 0 54.817432 adhocsim2
34 0 2675753 1 54.232224 adhocsim2
34 0 2679204 2 54.232224 adhocsim2
34 0 2809767 3 44.69142 adhocsim2
34 0 2811850 4 44.69142 adhocsim2
34 0 121158 5 32.626083 adhocsim2
34 0 112325 6 25.942795 adhocsim2
34 0 117187 7 23.69029 adhocsim2
34 0 136994 8 23.573135 adhocsim2
34 0 137727 9 23.515446 adhocsim2
35 0 118329 0 28.279032 adhocsim2
35 0 2620886 1 27.79699 adhocsim2
35 0 118025 2 27.580347 adhocsim2
35 0 118434 3 27.395216 adhocsim2
35 0 2672209 4 26.902088 adhocsim2
35 0 2657779 5 26.902088 adhocsim2
35 0 112747 6 25.720675 adhocsim2
35 0 110916 7 25.361101 adhocsim2
35 0 145749 8 24.967861 adhocsim2
35 0 3203656 9 24.805515 adhocsim2
36 0 145658 0 23.423922 adhocsim2
36 0 118217 1 23.362514 adhocsim2
36 0 112351 2 23.117233 adhocsim2
36 0 821306 3 22.207981 adhocsim2
36 0 145704 4 21.95694 adhocsim2
36 0 118329 5 21.709452 adhocsim2
36 0 110599 6 21.624023 adhocsim2
36 0 3205767 7 21.571787 adhocsim2
36 0 3206414 8 21.566715 adhocsim2
36 0 3203656 9 21.566544 adhocsim2
37 0 112910 0 43.11395 adhocsim2
37 0 145731 1 42.508404 adhocsim2
37 0 4151829 2 41.85057 adhocsim2
37 0 145855 3 39.266514 adhocsim2
37 0 1993216 4 38.639606 adhocsim2
37 0 118269 5 38.571102 adhocsim2
37 0 145629 6 35.271008 adhocsim2
37 0 111982 7 32.86811 adhocsim2
37 0 109746 8 32.478466 adhocsim2
37 0 112887 9 32.433872 adhocsim2
38 0 118269 0 70.55557 adhocsim2
38 0 145731 1 69.289024 adhocsim2
38 0 1993216 2 68.68008 adhocsim2
38 0 145855 3 63.90467 adhocsim2
38 0 4170684 4 63.10918 adhocsim2
38 0 145629 5 61.566643 adhocsim2
38 0 105495 6 60.59358 adhocsim2
38 0 112292 7 60.123295 adhocsim2
38 0 112910 8 60.067986 adhocsim2
38 0 4151829 9 58.508648 adhocsim2
39 0 102086 0 35.701443 adhocsim2
39 0 105058 1 35.25748 adhocsim2
39 0 112568 2 35.19855 adhocsim2
39 0 2674861 3 34.564075 adhocsim2
39 0 2675754 4 34.564075 adhocsim2
39 0 105200 5 34.5397 adhocsim2
39 0 1731 6 34.394894 adhocsim2
39 0 111432 7 34.068947 adhocsim2
39 0 103135 8 33.365982 adhocsim2
39 0 112420 9 32.852356 adhocsim2
40 0 105068 0 15.727734 adhocsim2
40 0 112573 1 15.142307 adhocsim2
40 0 2756232 2 14.823659 adhocsim2
40 0 104936 3 14.739294 adhocsim2
40 0 112530 4 14.578347 adhocsim2
40 0 145664 5 14.459337 adhocsim2
40 0 104948 6 14.1902075 adhocsim2
40 0 111728 7 14.097954 adhocsim2
40 0 103780 8 13.517097 adhocsim2
40 0 110750 9 13.349912 adhocsim2
41 0 109186 0 54.317913 adhocsim2
41 0 110132 1 48.511986 adhocsim2
41 0 112585 2 44.92738 adhocsim2
41 0 111891 3 43.654648 adhocsim2
41 0 112924 4 41.270702 adhocsim2
41 0 112440 5 41.057465 adhocsim2
41 0 111198 6 40.688824 adhocsim2
41 0 2810525 7 40.179783 adhocsim2
41 0 2811847 8 40.179783 adhocsim2
41 0 111193 9 38.803085 adhocsim2
42 0 109186 0 61.186142 adhocsim2
42 0 112585 1 51.181767 adhocsim2
42 0 110132 2 50.375015 adhocsim2
42 0 111891 3 48.682026 adhocsim2
42 0 111198 4 47.661613 adhocsim2
42 0 112924 5 47.007397 adhocsim2
42 0 112440 6 45.369595 adhocsim2
42 0 110635 7 45.017258 adhocsim2
42 0 112257 8 44.796364 adhocsim2
42 0 2654533 9 44.700077 adhocsim2
43 0 2680590 0 30.67445 adhocsim2
43 0 2959745 1 30.67445 adhocsim2
43 0 112920 2 30.189247 adhocsim2
43 0 90079 3 29.819313 adhocsim2
43 0 94717 4 29.76896 adhocsim2
43 0 93137 5 28.871792 adhocsim2
43 0 100926 6 28.404234 adhocsim2
43 0 93088 7 28.304783 adhocsim2
43 0 90315 8 28.27079 adhocsim2
43 0 112305 9 28.106813 adhocsim2
44 0 2781925 0 13.984284 adhocsim2
44 0 100427 1 13.831394 adhocsim2
44 0 183480 2 13.693095 adhocsim2
44 0 97190 3 13.418845 adhocsim2
44 0 99976 4 12.478984 adhocsim2
44 0 105585 5 12.474566 adhocsim2
44 0 205720 6 12.447422 adhocsim2
44 0 108348 7 12.369419 adhocsim2
44 0 2679833 8 12.196384 adhocsim2
44 0 2680440 9 12.196384 adhocsim2
45 0 868384 0 35.74106 adhocsim2
45 0 118281 1 35.070156 adhocsim2
45 0 118362 2 34.623848 adhocsim2
45 0 182568 3 33.476902 adhocsim2
45 0 2784695 4 32.367252 adhocsim2
45 0 145903 5 31.927938 adhocsim2
45 0 112639 6 31.915997 adhocsim2
45 0 118450 7 31.657864 adhocsim2
45 0 118489 8 31.22367 adhocsim2
45 0 799969 9 30.304853 adhocsim2
46 0 2804673 0 100.8612 adhocsim2
46 0 866024 1 88.960236 adhocsim2
46 0 858802 2 88.960236 adhocsim2
46 0 618680 3 86.67098 adhocsim2
46 0 623145 4 83.701515 adhocsim2
46 0 145772 5 81.75347 adhocsim2
46 0 3204917 6 81.562416 adhocsim2
46 0 118453 7 69.87122 adhocsim2
46 0 1269289 8 69.75595 adhocsim2
46 0 137725 9 68.2344 adhocsim2
47 0 2674861 0 37.035183 adhocsim2
47 0 2675754 1 37.035183 adhocsim2
47 0 96147 2 32.18226 adhocsim2
47 0 111362 3 30.968876 adhocsim2
47 0 89755 4 29.812286 adhocsim2
47 0 2518018 5 29.34566 adhocsim2
47 0 95291 6 29.281954 adhocsim2
47 0 103402 7 29.248938 adhocsim2
47 0 108406 8 29.09972 adhocsim2
47 0 94225 9 29.032623 adhocsim2
48 0 2674861 0 23.818686 adhocsim2
48 0 2675754 1 23.818686 adhocsim2
48 0 103019 2 22.636213 adhocsim2
48 0 96147 3 22.173225 adhocsim2
48 0 96287 4 20.944016 adhocsim2
48 0 99342 5 20.547848 adhocsim2
48 0 108545 6 19.640427 adhocsim2
48 0 91861 7 19.590885 adhocsim2
48 0 101103 8 19.550425 adhocsim2
48 0 94040 9 18.786806 adhocsim2
49 0 118449 0 21.282227 adhocsim2
49 0 112671 1 21.22861 adhocsim2
49 0 183479 2 21.180092 adhocsim2
49 0 2672535 3 21.058077 adhocsim2
49 0 117950 4 20.635323 adhocsim2
49 0 110500 5 20.003208 adhocsim2
49 0 111481 6 19.997654 adhocsim2
49 0 117996 7 19.887123 adhocsim2
49 0 110763 8 19.740257 adhocsim2
49 0 111953 9 19.657967 adhocsim2
50 0 112933 0 19.987492 adhocsim2
50 0 109776 1 19.181984 adhocsim2
50 0 109387 2 19.05052 adhocsim2
50 0 109199 3 18.359724 adhocsim2
50 0 112733 4 18.08571 adhocsim2
50 0 110268 5 17.758404 adhocsim2
50 0 110763 6 17.707178 adhocsim2
50 0 623242 7 17.575018 adhocsim2
50 0 111953 8 17.564707 adhocsim2
50 0 111241 9 17.470596 adhocsim2
51 0 112770 0 51.93274 adhocsim2
51 0 112243 1 44.28576 adhocsim2
51 0 100687 2 44.07025 adhocsim2
51 0 112931 3 43.550285 adhocsim2
51 0 98744 4 43.081264 adhocsim2
51 0 97778 5 42.843845 adhocsim2
51 0 105869 6 42.571693 adhocsim2
51 0 112094 7 40.56793 adhocsim2
51 0 85452 8 39.352875 adhocsim2
51 0 85451 9 38.959343 adhocsim2
52 0 112770 0 58.087864 adhocsim2
52 0 112931 1 51.276672 adhocsim2
52 0 84894 2 51.22982 adhocsim2
52 0 97778 3 49.71234 adhocsim2
52 0 112243 4 49.656403 adhocsim2
52 0 103302 5 49.30457 adhocsim2
52 0 98744 6 48.8123 adhocsim2
52 0 112094 7 47.986656 adhocsim2
52 0 105869 8 47.414883 adhocsim2
52 0 85451 9 46.53619 adhocsim2
53 0 112677 0 24.983068 adhocsim2
53 0 118357 1 24.933397 adhocsim2
53 0 811778 2 21.774925 adhocsim2
53 0 117916 3 21.727577 adhocsim2
53 0 625711 4 21.193483 adhocsim2
53 0 621045 5 21.0654 adhocsim2
53 0 799985 6 20.911121 adhocsim2
53 0 2808291 7 20.014847 adhocsim2
53 0 111727 8 19.961132 adhocsim2
53 0 145635 9 19.67403 adhocsim2
54 0 799985 0 19.674099 adhocsim2
54 0 112016 1 16.780767 adhocsim2
54 0 145884 2 16.492962 adhocsim2
54 0 110354 3 16.27852 adhocsim2
54 0 104488 4 16.10602 adhocsim2
54 0 3171725 5 15.712566 adhocsim2
54 0 2771250 6 15.662128 adhocsim2
54 0 1744 7 15.335254 adhocsim2
54 0 111426 8 14.932674 adhocsim2
54 0 103537 9 14.831062 adhocsim2
55 0 4154603 0 79.002335 adhocsim2
55 0 145731 1 73.46804 adhocsim2
55 0 145855 2 70.80789 adhocsim2
55 0 118269 3 57.134613 adhocsim2
55 0 112910 4 56.828842 adhocsim2
55 0 110774 5 54.030186 adhocsim2
55 0 111261 6 52.432045 adhocsim2
55 0 145629 7 51.56282 adhocsim2
55 0 1993216 8 51.297554 adhocsim2
55 0 111420 9 47.86096 adhocsim2
56 0 4154603 0 53.596294 adhocsim2
56 0 145855 1 51.030407 adhocsim2
56 0 112910 2 50.207176 adhocsim2
56 0 145731 3 50.02418 adhocsim2
56 0 109746 4 45.713856 adhocsim2
56 0 1993216 5 45.14999 adhocsim2
56 0 109569 6 43.893593 adhocsim2
56 0 118269 7 43.74659 adhocsim2
56 0 109072 8 43.34456 adhocsim2
56 0 112359 9 42.63723 adhocsim2
57 0 2781925 0 31.881964 adhocsim2
57 0 821305 1 31.604647 adhocsim2
57 0 137741 2 30.032927 adhocsim2
57 0 799979 3 29.655296 adhocsim2
57 0 142890 4 29.32647 adhocsim2
57 0 3205736 5 29.178785 adhocsim2
57 0 3181481 6 29.0074 adhocsim2
57 0 145791 7 28.91799 adhocsim2
57 0 137728 8 28.789639 adhocsim2
57 0 145834 9 27.179464 adhocsim2
58 0 89421 0 16.290892 adhocsim2
58 0 2811845 1 15.728758 adhocsim2
58 0 104268 2 15.434498 adhocsim2
58 0 86169 3 15.353495 adhocsim2
58 0 95281 4 15.293132 adhocsim2
58 0 106228 5 15.260653 adhocsim2
58 0 134743 6 15.257622 adhocsim2
58 0 127888 7 15.076711 adhocsim2
58 0 127926 8 15.076711 adhocsim2
58 0 96833 9 15.0437765 adhocsim2
59 0 4170685 0 64.04074 adhocsim2
59 0 931614 1 54.888245 adhocsim2
59 0 118129 2 53.363937 adhocsim2
59 0 2788983 3 49.34671 adhocsim2
59 0 118040 4 49.325478 adhocsim2
59 0 117965 5 48.926792 adhocsim2
59 0 145901 6 46.06342 adhocsim2
59 0 109610 7 45.084183 adhocsim2
59 0 145627 8 44.595108 adhocsim2
59 0 145856 9 44.25029 adhocsim2
60 0 931614 0 74.14153 adhocsim2
60 0 145856 1 64.47275 adhocsim2
60 0 145807 2 60.88907 adhocsim2
60 0 4170685 3 59.907963 adhocsim2
60 0 118257 4 57.897636 adhocsim2
60 0 118129 5 57.83021 adhocsim2
60 0 117965 6 57.036114 adhocsim2
60 0 110510 7 56.464226 adhocsim2
60 0 118099 8 55.534916 adhocsim2
60 0 109810 9 55.145264 adhocsim2
61 0 2812210 0 37.257435 adhocsim2
61 0 107147 1 36.39818 adhocsim2
61 0 109329 2 33.01978 adhocsim2
61 0 109335 3 31.43563 adhocsim2
61 0 118299 4 31.094534 adhocsim2
61 0 109846 5 30.652836 adhocsim2
61 0 106311 6 30.327147 adhocsim2
61 0 108348 7 30.131153 adhocsim2
61 0 3195092 8 30.063671 adhocsim2
61 0 106527 9 28.848715 adhocsim2
62 0 2812210 0 38.58876 adhocsim2
62 0 3195092 1 37.655838 adhocsim2
62 0 117875 2 34.78945 adhocsim2
62 0 110661 3 34.08679 adhocsim2
62 0 109846 4 33.679234 adhocsim2
62 0 108348 5 33.57798 adhocsim2
62 0 107147 6 33.425194 adhocsim2
62 0 110926 7 32.68011 adhocsim2
62 0 112838 8 32.642963 adhocsim2
62 0 108988 9 32.52304 adhocsim2
63 0 108539 0 32.74445 adhocsim2
63 0 102879 1 31.709173 adhocsim2
63 0 107685 2 31.264404 adhocsim2
63 0 106391 3 31.08209 adhocsim2
63 0 105015 4 31.053637 adhocsim2
63 0 90749 5 30.845488 adhocsim2
63 0 95204 6 30.342905 adhocsim2
63 0 108186 7 30.19703 adhocsim2
63 0 110057 8 30.034248 adhocsim2
63 0 108538 9 29.938091 adhocsim2
64 0 2758568 0 28.466513 adhocsim2
64 0 102061 1 27.19661 adhocsim2
64 0 110645 2 26.833263 adhocsim2
64 0 98509 3 24.229177 adhocsim2
64 0 93425 4 24.184143 adhocsim2
64 0 109773 5 24.129223 adhocsim2
64 0 111082 6 22.93517 adhocsim2
64 0 111936 7 22.227633 adhocsim2
64 0 110542 8 21.874409 adhocsim2
64 0 1745 9 20.869911 adhocsim2
65 0 118123 0 25.71029 adhocsim2
65 0 110645 1 18.898888 adhocsim2
65 0 150540 2 18.645731 adhocsim2
65 0 102061 3 17.639168 adhocsim2
65 0 4151825 4 16.40139 adhocsim2
65 0 1087873 5 15.761865 adhocsim2
65 0 99111 6 15.761865 adhocsim2
65 0 106391 7 15.64476 adhocsim2
65 0 130138 8 15.526794 adhocsim2
65 0 109067 9 15.428727 adhocsim2
66 0 145867 0 42.176487 adhocsim2
66 0 111803 1 38.376904 adhocsim2
66 0 110645 2 38.183685 adhocsim2
66 0 3211501 3 38.11825 adhocsim2
66 0 118123 4 37.060074 adhocsim2
66 0 111632 5 36.179688 adhocsim2
66 0 112547 6 35.735065 adhocsim2
66 0 108589 7 34.73816 adhocsim2
66 0 106391 8 34.39569 adhocsim2
66 0 108662 9 32.69354 adhocsim2
67 0 867645 0 35.43987 adhocsim2
67 0 103093 1 33.867973 adhocsim2
67 0 145800 2 33.06208 adhocsim2
67 0 97893 3 32.89524 adhocsim2
67 0 104522 4 31.935238 adhocsim2
67 0 97584 5 30.83431 adhocsim2
67 0 94177 6 30.421677 adhocsim2
67 0 98917 7 30.318377 adhocsim2
67 0 103675 8 29.91199 adhocsim2
67 0 100119 9 29.821161 adhocsim2
68 0 867645 0 29.294964 adhocsim2
68 0 145800 1 28.59813 adhocsim2
68 0 106930 2 27.923204 adhocsim2
68 0 96872 3 26.795795 adhocsim2
68 0 103675 4 26.6992 adhocsim2
68 0 89835 5 26.691828 adhocsim2
68 0 103093 6 26.60698 adhocsim2
68 0 99090 7 26.315351 adhocsim2
68 0 94177 8 26.180937 adhocsim2
68 0 103321 9 26.048744 adhocsim2
69 0 110932 0 34.523624 adhocsim2
69 0 3214777 1 33.73872 adhocsim2
69 0 101939 2 33.60138 adhocsim2
69 0 182558 3 33.19243 adhocsim2
69 0 146552 4 32.72403 adhocsim2
69 0 112534 5 32.662964 adhocsim2
69 0 117927 6 32.335606 adhocsim2
69 0 112820 7 32.13591 adhocsim2
69 0 110068 8 32.01769 adhocsim2
69 0 108818 9 32.009182 adhocsim2
70 0 110068 0 33.505783 adhocsim2
70 0 90017 1 33.050262 adhocsim2
70 0 111709 2 32.580914 adhocsim2
70 0 112765 3 32.34371 adhocsim2
70 0 92394 4 31.891903 adhocsim2
70 0 101939 5 31.778208 adhocsim2
70 0 112820 6 31.758558 adhocsim2
70 0 95785 7 31.449394 adhocsim2
70 0 2421240 8 31.424122 adhocsim2
70 0 117859 9 31.340643 adhocsim2
71 0 118052 0 36.02272 adhocsim2
71 0 112904 1 34.012783 adhocsim2
71 0 111103 2 32.06055 adhocsim2
71 0 118234 3 30.386229 adhocsim2
71 0 110331 4 29.908096 adhocsim2
71 0 118005 5 28.788593 adhocsim2
71 0 112324 6 28.300072 adhocsim2
71 0 1087946 7 27.395994 adhocsim2
71 0 108643 8 27.096968 adhocsim2
71 0 118155 9 26.971739 adhocsim2
72 0 118052 0 29.789015 adhocsim2
72 0 112904 1 28.539587 adhocsim2
72 0 112797 2 27.610785 adhocsim2
72 0 89375 3 27.158302 adhocsim2
72 0 118234 4 25.43101 adhocsim2
72 0 145121 5 25.28805 adhocsim2
72 0 112914 6 25.263739 adhocsim2
72 0 112823 7 25.204504 adhocsim2
72 0 88325 8 24.813057 adhocsim2
72 0 111103 9 24.311743 adhocsim2
73 0 1087954 0 28.996645 adhocsim2
73 0 2804674 1 27.03612 adhocsim2
73 0 145881 2 26.00027 adhocsim2
73 0 145624 3 25.560001 adhocsim2
73 0 108299 4 24.966764 adhocsim2
73 0 108345 5 24.733025 adhocsim2
73 0 145638 6 24.665714 adhocsim2
73 0 111425 7 24.656435 adhocsim2
73 0 137725 8 23.850975 adhocsim2
73 0 118043 9 23.613577 adhocsim2
74 0 112774 0 37.961315 adhocsim2
74 0 108616 1 35.62542 adhocsim2
74 0 127908 2 33.981 adhocsim2
74 0 103459 3 33.968697 adhocsim2
74 0 110398 4 33.36525 adhocsim2
74 0 110798 5 33.046295 adhocsim2
74 0 111015 6 31.55812 adhocsim2
74 0 117871 7 31.4382 adhocsim2
74 0 104914 8 30.9427 adhocsim2
74 0 109016 9 30.938257 adhocsim2
75 0 92174 0 28.934437 adhocsim2
75 0 106428 1 28.70457 adhocsim2
75 0 106712 2 28.467842 adhocsim2
75 0 112347 3 27.653957 adhocsim2
75 0 111291 4 27.58813 adhocsim2
75 0 94718 5 27.38248 adhocsim2
75 0 96837 6 27.344261 adhocsim2
75 0 94636 7 27.176323 adhocsim2
75 0 98317 8 26.922293 adhocsim2
75 0 100332 9 26.5916 adhocsim2
76 0 111945 0 24.98035 adhocsim2
76 0 100427 1 23.36029 adhocsim2
76 0 118390 2 23.229342 adhocsim2
76 0 111964 3 22.90482 adhocsim2
76 0 145799 4 21.306547 adhocsim2
76 0 108900 5 20.660816 adhocsim2
76 0 111560 6 20.573114 adhocsim2
76 0 112222 7 20.226162 adhocsim2
76 0 104727 8 19.889935 adhocsim2
76 0 149285 9 19.702236 adhocsim2
77 0 108605 0 58.46537 adhocsim2
77 0 112646 1 56.279243 adhocsim2
77 0 109535 2 54.98553 adhocsim2
77 0 109532 3 54.95951 adhocsim2
77 0 109676 4 54.331833 adhocsim2
77 0 112326 5 54.018745 adhocsim2
77 0 111455 6 53.27572 adhocsim2
77 0 104355 7 53.008137 adhocsim2
77 0 112485 8 52.85901 adhocsim2
77 0 145817 9 52.821865 adhocsim2
79 0 111470 0 95.42967 adhocsim2
79 0 118143 1 91.50796 adhocsim2
79 0 111009 2 87.575035 adhocsim2
79 0 110221 3 52.431892 adhocsim2
79 0 106328 4 50.68778 adhocsim2
79 0 118375 5 49.888916 adhocsim2
79 0 2680438 6 47.91263 adhocsim2
79 0 145833 7 47.638603 adhocsim2
79 0 3171728 8 47.55119 adhocsim2
79 0 112867 9 46.87412 adhocsim2
81 0 145865 0 106.712685 adhocsim2
81 0 799981 1 105.53913 adhocsim2
81 0 1726 2 101.705086 adhocsim2
81 0 216735 3 100.65372 adhocsim2
81 0 216806 4 100.65372 adhocsim2
81 0 118126 5 99.71058 adhocsim2
81 0 2803250 6 98.07612 adhocsim2
81 0 118368 7 97.15683 adhocsim2
81 0 127900 8 94.85579 adhocsim2
81 0 145751 9 86.145164 adhocsim2
82 0 118392 0 16.158134 adhocsim2
82 0 821305 1 15.561633 adhocsim2
82 0 112305 2 15.30415 adhocsim2
82 0 117881 3 15.107068 adhocsim2
82 0 94426 4 15.087801 adhocsim2
82 0 96740 5 14.97429 adhocsim2
82 0 102311 6 14.847455 adhocsim2
82 0 101617 7 14.658417 adhocsim2
82 0 86245 8 14.633126 adhocsim2
82 0 118465 9 14.527012 adhocsim2
83 0 109677 0 44.14262 adhocsim2
83 0 109200 1 43.730682 adhocsim2
83 0 137746 2 43.65894 adhocsim2
83 0 111151 3 43.044804 adhocsim2
83 0 111663 4 42.894466 adhocsim2
83 0 111246 5 42.858772 adhocsim2
83 0 112432 6 42.539654 adhocsim2
83 0 145859 7 42.158115 adhocsim2
83 0 122251 8 41.98841 adhocsim2
83 0 111194 9 41.806133 adhocsim2
84 0 145859 0 27.98343 adhocsim2
84 0 110961 1 26.66292 adhocsim2
84 0 111053 2 24.92697 adhocsim2
84 0 110360 3 24.737392 adhocsim2
84 0 110289 4 23.845436 adhocsim2
84 0 118435 5 22.929682 adhocsim2
84 0 111150 6 22.650536 adhocsim2
84 0 2788685 7 22.48495 adhocsim2
84 0 2959751 8 22.48495 adhocsim2
84 0 111757 9 22.382484 adhocsim2
85 0 150543 0 47.503708 adhocsim2
85 0 2959732 1 47.503708 adhocsim2
85 0 146553 2 47.488194 adhocsim2
85 0 146790 3 47.488194 adhocsim2
85 0 112326 4 46.921394 adhocsim2
85 0 802973 5 44.123863 adhocsim2
85 0 803271 6 44.123863 adhocsim2
85 0 2959737 7 44.123863 adhocsim2
85 0 137749 8 40.262775 adhocsim2
85 0 3177199 9 37.8433 adhocsim2
86 0 3205766 0 44.769653 adhocsim2
86 0 802973 1 42.74121 adhocsim2
86 0 803271 2 42.74121 adhocsim2
86 0 2959737 3 42.74121 adhocsim2
86 0 3177199 4 41.9621 adhocsim2
86 0 3171724 5 41.91853 adhocsim2
86 0 3177200 6 41.91853 adhocsim2
86 0 150543 7 38.719517 adhocsim2
86 0 2959732 8 38.719517 adhocsim2
86 0 146553 9 38.704002 adhocsim2
87 0 111170 0 60.20631 adhocsim2
87 0 111801 1 58.724857 adhocsim2
87 0 111957 2 56.948494 adhocsim2
87 0 1756 3 51.06485 adhocsim2
87 0 111811 4 51.007393 adhocsim2
87 0 112807 5 49.314056 adhocsim2
87 0 111182 6 48.86234 adhocsim2
87 0 799980 7 48.859116 adhocsim2
87 0 137735 8 48.85726 adhocsim2
87 0 624280 9 47.71011 adhocsim2
88 0 111170 0 43.946724 adhocsim2
88 0 112807 1 35.65151 adhocsim2
88 0 111957 2 34.73401 adhocsim2
88 0 118339 3 34.370636 adhocsim2
88 0 118397 4 34.291393 adhocsim2
88 0 111182 5 33.60003 adhocsim2
88 0 182991 6 33.26515 adhocsim2
88 0 111801 7 33.066 adhocsim2
88 0 137004 8 31.66222 adhocsim2
88 0 182992 9 31.581543 adhocsim2
89 0 2812588 0 112.76734 adhocsim2
89 0 4151822 1 110.83912 adhocsim2
89 0 145817 2 89.2528 adhocsim2
89 0 111029 3 82.88224 adhocsim2
89 0 111455 4 81.50738 adhocsim2
89 0 112726 5 76.39123 adhocsim2
89 0 4106440 6 73.338066 adhocsim2
89 0 2770446 7 72.98042 adhocsim2
89 0 108605 8 70.82277 adhocsim2
89 0 145647 9 70.702354 adhocsim2
90 0 109643 0 21.014 adhocsim2
90 0 118054 1 20.578749 adhocsim2
90 0 109080 2 19.436796 adhocsim2
90 0 109921 3 19.025158 adhocsim2
90 0 108400 4 19.006046 adhocsim2
90 0 145697 5 18.58514 adhocsim2
90 0 112316 6 18.530497 adhocsim2
90 0 109776 7 18.288221 adhocsim2
90 0 109079 8 17.84946 adhocsim2
90 0 145626 9 17.837805 adhocsim2
91 0 110032 0 41.632298 adhocsim2
91 0 1087959 1 41.07093 adhocsim2
91 0 103050 2 39.54412 adhocsim2
91 0 108567 3 39.35949 adhocsim2
91 0 109414 4 39.15845 adhocsim2
91 0 110249 5 38.53933 adhocsim2
91 0 111193 6 38.085304 adhocsim2
91 0 112127 7 37.900875 adhocsim2
91 0 105450 8 37.870808 adhocsim2
91 0 3212514 9 37.82995 adhocsim2
92 0 3212514 0 53.596867 adhocsim2
92 0 2675751 1 42.287968 adhocsim2
92 0 4162936 2 41.798576 adhocsim2
92 0 109857 3 41.072227 adhocsim2
92 0 109818 4 40.11742 adhocsim2
92 0 111828 5 40.020912 adhocsim2
92 0 107703 6 39.984417 adhocsim2
92 0 109972 7 39.938553 adhocsim2
92 0 111820 8 39.83622 adhocsim2
92 0 112859 9 39.66937 adhocsim2
93 0 112905 0 44.286125 adhocsim2
93 0 111737 1 43.844883 adhocsim2
93 0 108825 2 43.650906 adhocsim2
93 0 4151827 3 42.360645 adhocsim2
93 0 117965 4 42.208565 adhocsim2
93 0 134735 5 40.563393 adhocsim2
93 0 110246 6 40.312675 adhocsim2
93 0 110980 7 39.761566 adhocsim2
93 0 112824 8 39.174427 adhocsim2
93 0 107897 9 38.67439 adhocsim2
94 0 130158 0 42.85989 adhocsim2
94 0 2788983 1 41.313435 adhocsim2
94 0 4151827 2 38.385967 adhocsim2
94 0 110877 3 37.612144 adhocsim2
94 0 110200 4 36.32127 adhocsim2
94 0 118334 5 35.157528 adhocsim2
94 0 109418 6 34.7212 adhocsim2
94 0 118107 7 34.32665 adhocsim2
94 0 145627 8 34.07922 adhocsim2
94 0 3195891 9 33.190964 adhocsim2
95 0 105495 0 72.812 adhocsim2
95 0 108555 1 69.78228 adhocsim2
95 0 107475 2 67.965416 adhocsim2
95 0 107232 3 66.30053 adhocsim2
95 0 103631 4 60.657936 adhocsim2
95 0 106171 5 60.501415 adhocsim2
95 0 106073 6 56.032158 adhocsim2
95 0 118348 7 54.798286 adhocsim2
95 0 110134 8 54.203667 adhocsim2
95 0 4172500 9 53.67438 adhocsim2
96 0 87146 0 39.482063 adhocsim2
96 0 93789 1 37.686676 adhocsim2
96 0 94014 2 36.71732 adhocsim2
96 0 93395 3 36.569767 adhocsim2
96 0 92705 4 36.55849 adhocsim2
96 0 88809 5 36.394608 adhocsim2
96 0 92746 6 35.89889 adhocsim2
96 0 108555 7 35.80172 adhocsim2
96 0 96850 8 35.7824 adhocsim2
96 0 96341 9 35.480034 adhocsim2
97 0 112101 0 98.05658 adhocsim2
97 0 111922 1 84.61631 adhocsim2
97 0 136993 2 59.030464 adhocsim2
97 0 2655597 3 55.74919 adhocsim2
97 0 146554 4 54.08423 adhocsim2
97 0 820748 5 53.315163 adhocsim2
97 0 112574 6 53.115253 adhocsim2
97 0 105525 7 51.7438 adhocsim2
97 0 117959 8 51.15713 adhocsim2
97 0 4172497 9 49.133232 adhocsim2
98 0 94136 0 15.187647 adhocsim2
98 0 2621057 1 14.983433 adhocsim2
98 0 98881 2 14.983433 adhocsim2
98 0 89329 3 14.528623 adhocsim2
98 0 101198 4 14.431073 adhocsim2
98 0 102157 5 14.347586 adhocsim2
98 0 101342 6 14.117869 adhocsim2
98 0 97934 7 14.094156 adhocsim2
98 0 91233 8 14.062021 adhocsim2
98 0 101794 9 14.0198145 adhocsim2
99 0 112267 0 47.79951 adhocsim2
99 0 111884 1 34.357307 adhocsim2
99 0 110552 2 30.773048 adhocsim2
99 0 110578 3 29.776672 adhocsim2
99 0 118121 4 29.305199 adhocsim2
99 0 109976 5 29.059937 adhocsim2
99 0 104759 6 28.991478 adhocsim2
99 0 145914 7 24.203667 adhocsim2
99 0 112033 8 21.302845 adhocsim2
99 0 118416 9 21.13324 adhocsim2
100 0 110552 0 33.077797 adhocsim2
100 0 105930 1 30.684881 adhocsim2
100 0 91843 2 30.486021 adhocsim2
100 0 101885 3 30.37979 adhocsim2
100 0 110173 4 29.897718 adhocsim2
100 0 108595 5 29.732384 adhocsim2
100 0 105983 6 29.562855 adhocsim2
100 0 97728 7 29.189137 adhocsim2
100 0 100701 8 28.937202 adhocsim2
100 0 104384 9 28.847084 adhocsim2
