1 0 98429 0 24.697287 adhocbool1
1 0 111116 1 24.642843 adhocbool1
1 0 104972 2 24.30294 adhocbool1
1 0 102956 3 24.237839 adhocbool1
1 0 97779 4 24.216345 adhocbool1
1 0 104200 5 23.445143 adhocbool1
1 0 105595 6 23.09757 adhocbool1
1 0 112202 7 22.816637 adhocbool1
1 0 219732 8 22.812233 adhocbool1
1 0 99465 9 22.774889 adhocbool1
2 0 103549 0 19.409712 adhocbool1
2 0 106843 1 15.19123 adhocbool1
2 0 109246 2 4.3298736 adhocbool1
3 0 149007 0 19.964289 adhocbool1
3 0 145683 1 19.634521 adhocbool1
3 0 3162143 2 19.178936 adhocbool1
3 0 215496 3 18.67532 adhocbool1
3 0 215694 4 18.67532 adhocbool1
3 0 2959735 5 18.636904 adhocbool1
3 0 145821 6 17.875874 adhocbool1
3 0 118475 7 17.39237 adhocbool1
3 0 112261 8 16.545122 adhocbool1
3 0 111910 9 15.139215 adhocbool1
4 0 3162143 0 35.389877 adhocbool1
4 0 118029 1 32.387016 adhocbool1
4 0 118394 2 31.760443 adhocbool1
4 0 623142 3 30.558979 adhocbool1
4 0 109066 4 29.73534 adhocbool1
4 0 149007 5 29.51635 adhocbool1
4 0 111920 6 29.141514 adhocbool1
4 0 903973 7 28.367542 adhocbool1
4 0 117892 8 28.139545 adhocbool1
4 0 111091 9 28.128391 adhocbool1
5 0 2811844 0 35.544746 adhocbool1
5 0 2959750 1 35.544746 adhocbool1
7 0 4162936 0 22.4071 adhocbool1
7 0 802400 1 21.237326 adhocbool1
7 0 147531 2 19.115355 adhocbool1
7 0 3195892 3 18.833414 adhocbool1
7 0 2675751 4 18.363544 adhocbool1
7 0 2795703 5 17.636608 adhocbool1
7 0 2797292 6 17.636608 adhocbool1
7 0 145872 7 16.166111 adhocbool1
7 0 2655591 8 13.083755 adhocbool1
7 0 219617 9 12.542623 adhocbool1
8 0 112174 0 64.58055 adhocbool1
8 0 145868 1 49.99171 adhocbool1
8 0 145715 2 43.815422 adhocbool1
8 0 134749 3 43.435925 adhocbool1
8 0 112834 4 40.27934 adhocbool1
8 0 112748 5 40.22449 adhocbool1
8 0 127913 6 34.841724 adhocbool1
8 0 147531 7 34.67577 adhocbool1
8 0 145713 8 31.05489 adhocbool1
8 0 145794 9 21.595186 adhocbool1
9 0 118212 0 51.189922 adhocbool1
9 0 112537 1 50.92421 adhocbool1
9 0 112285 2 50.651035 adhocbool1
9 0 2675751 3 48.24482 adhocbool1
9 0 118423 4 47.72474 adhocbool1
9 0 112641 5 47.71224 adhocbool1
9 0 127923 6 44.46869 adhocbool1
9 0 127887 7 44.466297 adhocbool1
9 0 111694 8 42.953987 adhocbool1
9 0 112230 9 42.23982 adhocbool1
11 0 811228 0 25.640434 adhocbool1
11 0 110392 1 21.41716 adhocbool1
11 0 109540 2 21.091366 adhocbool1
11 0 218926 3 21.015055 adhocbool1
11 0 110916 4 20.837374 adhocbool1
11 0 2810524 5 20.011112 adhocbool1
11 0 2811846 6 20.011112 adhocbool1
11 0 109367 7 19.341507 adhocbool1
11 0 110275 8 18.87024 adhocbool1
11 0 112847 9 18.820786 adhocbool1
12 0 110281 0 19.801895 adhocbool1
12 0 145626 1 18.742435 adhocbool1
12 0 137004 2 17.90056 adhocbool1
12 0 112671 3 17.599003 adhocbool1
12 0 118630 4 17.02985 adhocbool1
12 0 110395 5 16.879465 adhocbool1
12 0 118449 6 16.870703 adhocbool1
12 0 109794 7 16.642883 adhocbool1
12 0 110633 8 16.59075 adhocbool1
12 0 118157 9 16.244751 adhocbool1
13 0 108605 0 51.828968 adhocbool1
13 0 109535 1 51.134167 adhocbool1
13 0 109676 2 48.100693 adhocbool1
13 0 109731 3 47.549202 adhocbool1
13 0 145817 4 47.501144 adhocbool1
13 0 89923 5 46.665913 adhocbool1
13 0 109532 6 46.09883 adhocbool1
13 0 111455 7 46.021072 adhocbool1
13 0 109536 8 45.005867 adhocbool1
13 0 112326 9 44.88782 adhocbool1
14 0 111455 0 53.650734 adhocbool1
14 0 109731 1 53.31909 adhocbool1
14 0 112545 2 51.97783 adhocbool1
14 0 109676 3 51.787113 adhocbool1
14 0 2812588 4 51.680508 adhocbool1
14 0 109532 5 51.52299 adhocbool1
14 0 124715 6 51.38544 adhocbool1
14 0 802973 7 51.11779 adhocbool1
14 0 803271 8 51.11779 adhocbool1
14 0 2959737 9 51.11779 adhocbool1
15 0 111455 0 53.650734 adhocbool1
15 0 109731 1 53.31909 adhocbool1
15 0 112545 2 51.97783 adhocbool1
15 0 109676 3 51.787113 adhocbool1
15 0 2812588 4 51.680508 adhocbool1
15 0 109532 5 51.52299 adhocbool1
15 0 124715 6 51.38544 adhocbool1
15 0 802973 7 51.11779 adhocbool1
15 0 803271 8 51.11779 adhocbool1
15 0 2959737 9 51.11779 adhocbool1
16 0 145817 0 52.971382 adhocbool1
16 0 2812588 1 52.73334 adhocbool1
16 0 4151822 2 45.045902 adhocbool1
16 0 108605 3 42.13876 adhocbool1
16 0 134747 4 40.93287 adhocbool1
16 0 111029 5 40.444824 adhocbool1
16 0 111725 6 39.057526 adhocbool1
16 0 109532 7 38.757133 adhocbool1
16 0 107715 8 36.894497 adhocbool1
16 0 109935 9 36.83229 adhocbool1
17 0 137739 0 12.882025 adhocbool1
17 0 110031 1 11.657389 adhocbool1
17 0 118374 2 10.403624 adhocbool1
17 0 118011 3 7.368695 adhocbool1
20 0 95560 0 25.712063 adhocbool1
20 0 102879 1 24.850037 adhocbool1
20 0 104539 2 23.674496 adhocbool1
20 0 112924 3 23.269764 adhocbool1
20 0 107685 4 23.097235 adhocbool1
20 0 106545 5 23.045376 adhocbool1
20 0 111302 6 22.996866 adhocbool1
20 0 108111 7 22.977001 adhocbool1
20 0 104604 8 22.7455 adhocbool1
20 0 127891 9 22.72931 adhocbool1
21 0 867657 0 27.087103 adhocbool1
21 0 117890 1 26.141273 adhocbool1
21 0 145831 2 22.554499 adhocbool1
21 0 118280 3 19.872726 adhocbool1
21 0 902267 4 18.267052 adhocbool1
21 0 118258 5 17.390316 adhocbool1
21 0 3181482 6 15.940313 adhocbool1
21 0 217515 7 15.449647 adhocbool1
21 0 112799 8 15.413378 adhocbool1
21 0 111438 9 12.608498 adhocbool1
22 0 867657 0 29.03212 adhocbool1
22 0 118280 1 21.263935 adhocbool1
22 0 118258 2 18.433811 adhocbool1
22 0 3181482 3 18.41588 adhocbool1
22 0 112799 4 16.456875 adhocbool1
22 0 217515 5 16.032293 adhocbool1
22 0 130156 6 14.060309 adhocbool1
22 0 111438 7 13.840723 adhocbool1
22 0 145643 8 13.253313 adhocbool1
22 0 117928 9 12.693161 adhocbool1
23 0 112257 0 26.85479 adhocbool1
23 0 118449 1 26.796543 adhocbool1
23 0 142878 2 26.163515 adhocbool1
23 0 4162535 3 26.089392 adhocbool1
23 0 111630 4 25.733131 adhocbool1
23 0 137736 5 24.67235 adhocbool1
23 0 4151832 6 24.258709 adhocbool1
23 0 3153112 7 24.07972 adhocbool1
23 0 111441 8 24.065193 adhocbool1
23 0 2675750 9 23.982388 adhocbool1
24 0 2801435 0 29.837036 adhocbool1
25 0 112616 0 23.746227 adhocbool1
25 0 105488 1 21.830713 adhocbool1
25 0 118021 2 21.172132 adhocbool1
25 0 111983 3 19.94656 adhocbool1
25 0 134732 4 19.570831 adhocbool1
25 0 111893 5 19.099478 adhocbool1
25 0 100475 6 19.004555 adhocbool1
25 0 118105 7 18.264557 adhocbool1
25 0 111485 8 17.865126 adhocbool1
25 0 101911 9 17.727844 adhocbool1
26 0 219617 0 7.549889 adhocbool1
26 0 2959745 1 4.7764783 adhocbool1
26 0 2680590 2 4.7764616 adhocbool1
27 0 4157382 0 23.975601 adhocbool1
27 0 4157405 1 23.975601 adhocbool1
27 0 112346 2 18.28353 adhocbool1
28 0 4157382 0 38.78099 adhocbool1
28 0 4157405 1 38.78099 adhocbool1
28 0 112346 2 35.6104 adhocbool1
28 0 111141 3 32.659 adhocbool1
28 0 112584 4 21.553562 adhocbool1
28 0 110706 5 21.375378 adhocbool1
28 0 111237 6 13.844485 adhocbool1
28 0 110059 7 13.017199 adhocbool1
28 0 109919 8 12.378528 adhocbool1
28 0 111495 9 10.282128 adhocbool1
29 0 205788 0 25.03838 adhocbool1
29 0 118073 1 23.310102 adhocbool1
29 0 4151826 2 23.303663 adhocbool1
29 0 118044 3 22.776514 adhocbool1
29 0 112704 4 21.928118 adhocbool1
29 0 117954 5 21.622051 adhocbool1
29 0 145843 6 21.397251 adhocbool1
29 0 626206 7 21.341648 adhocbool1
29 0 111797 8 21.14936 adhocbool1
29 0 111433 9 21.04306 adhocbool1
30 0 4094005 0 12.7487 adhocbool1
30 0 98137 1 12.042519 adhocbool1
30 0 108717 2 11.132309 adhocbool1
30 0 105801 3 11.071118 adhocbool1
30 0 106152 4 10.99097 adhocbool1
30 0 109534 5 10.9852495 adhocbool1
30 0 98688 6 10.777784 adhocbool1
30 0 205788 7 10.402587 adhocbool1
30 0 103536 8 10.385937 adhocbool1
30 0 109225 9 10.381777 adhocbool1
31 0 118023 0 24.616405 adhocbool1
31 0 112252 1 24.30052 adhocbool1
31 0 107202 2 24.051256 adhocbool1
31 0 109450 3 24.005457 adhocbool1
31 0 118455 4 22.756416 adhocbool1
31 0 110015 5 22.37451 adhocbool1
31 0 106109 6 22.16582 adhocbool1
31 0 109727 7 21.424189 adhocbool1
31 0 112356 8 21.09571 adhocbool1
31 0 103716 9 20.494705 adhocbool1
32 0 109450 0 13.595819 adhocbool1
32 0 112141 1 12.254278 adhocbool1
32 0 111226 2 11.863899 adhocbool1
32 0 103950 3 10.227984 adhocbool1
32 0 104453 4 9.841232 adhocbool1
32 0 109380 5 9.766644 adhocbool1
32 0 104988 6 7.1237354 adhocbool1
32 0 109732 7 6.7629714 adhocbool1
32 0 118148 8 6.4027147 adhocbool1
32 0 1087906 9 6.2952685 adhocbool1
35 0 118025 0 27.404005 adhocbool1
35 0 2620886 1 25.491264 adhocbool1
35 0 3203656 2 24.478708 adhocbool1
35 0 3206414 3 24.478708 adhocbool1
35 0 2672209 4 24.380613 adhocbool1
35 0 2657779 5 24.380613 adhocbool1
35 0 118329 6 23.369232 adhocbool1
35 0 145749 7 23.241982 adhocbool1
35 0 112747 8 22.87351 adhocbool1
35 0 4164893 9 22.798515 adhocbool1
36 0 3203656 0 23.048363 adhocbool1
36 0 3206414 1 23.048363 adhocbool1
36 0 3205767 2 22.2625 adhocbool1
36 0 112351 3 21.818363 adhocbool1
36 0 145658 4 20.91543 adhocbool1
36 0 821306 5 20.88038 adhocbool1
36 0 118025 6 20.715149 adhocbool1
36 0 118217 7 20.632286 adhocbool1
36 0 145704 8 20.610968 adhocbool1
36 0 145753 9 20.259022 adhocbool1
38 0 118269 0 23.203884 adhocbool1
38 0 1993216 1 19.924322 adhocbool1
38 0 4151829 2 18.593653 adhocbool1
38 0 112887 3 18.488958 adhocbool1
38 0 145855 4 16.97345 adhocbool1
38 0 118133 5 12.75769 adhocbool1
38 0 103954 6 11.542763 adhocbool1
38 0 903975 7 11.436122 adhocbool1
38 0 118290 8 10.718914 adhocbool1
38 0 219735 9 10.526964 adhocbool1
39 0 105058 0 25.761822 adhocbool1
39 0 102086 1 25.596584 adhocbool1
39 0 112568 2 25.10157 adhocbool1
39 0 111432 3 24.241772 adhocbool1
39 0 2674861 4 23.881601 adhocbool1
39 0 2675754 5 23.881601 adhocbool1
39 0 105200 6 23.579874 adhocbool1
39 0 103135 7 22.898935 adhocbool1
39 0 112855 8 22.802408 adhocbool1
39 0 112420 9 22.72873 adhocbool1
40 0 105322 0 12.251757 adhocbool1
40 0 112573 1 11.90788 adhocbool1
40 0 112730 2 10.111423 adhocbool1
40 0 112644 3 8.99958 adhocbool1
40 0 110476 4 8.022954 adhocbool1
40 0 2681317 5 7.9926834 adhocbool1
40 0 106447 6 7.906633 adhocbool1
40 0 105397 7 7.5592346 adhocbool1
40 0 110959 8 6.958493 adhocbool1
40 0 112479 9 6.8764997 adhocbool1
41 0 109186 0 24.376118 adhocbool1
41 0 111198 1 22.552715 adhocbool1
41 0 110132 2 21.632689 adhocbool1
41 0 112585 3 18.67308 adhocbool1
41 0 110075 4 18.016068 adhocbool1
41 0 111254 5 17.272863 adhocbool1
41 0 112924 6 15.857572 adhocbool1
41 0 117833 7 13.543154 adhocbool1
41 0 112833 8 12.388166 adhocbool1
41 0 2654533 9 10.511635 adhocbool1
42 0 112914 0 22.581173 adhocbool1
42 0 145121 1 22.53912 adhocbool1
43 0 112427 0 17.669607 adhocbool1
44 0 92333 0 20.987806 adhocbool1
44 0 122257 1 12.370513 adhocbool1
44 0 205720 2 10.837577 adhocbool1
44 0 102311 3 10.809663 adhocbool1
44 0 103170 4 10.605363 adhocbool1
44 0 118224 5 10.604652 adhocbool1
44 0 145876 6 10.531003 adhocbool1
44 0 100137 7 10.469936 adhocbool1
44 0 92293 8 10.415976 adhocbool1
44 0 800569 9 10.357768 adhocbool1
45 0 118090 0 22.401335 adhocbool1
45 0 111698 1 20.8237 adhocbool1
45 0 855656 2 20.81667 adhocbool1
45 0 118396 3 19.977705 adhocbool1
45 0 118306 4 19.353449 adhocbool1
45 0 2677564 5 17.355856 adhocbool1
45 0 2678135 6 17.355856 adhocbool1
45 0 118012 7 17.007673 adhocbool1
45 0 2771248 8 14.176165 adhocbool1
45 0 111007 9 11.833169 adhocbool1
46 0 866024 0 53.542725 adhocbool1
46 0 858802 1 53.542725 adhocbool1
46 0 2804673 2 48.73409 adhocbool1
46 0 623145 3 45.130783 adhocbool1
46 0 150542 4 44.44697 adhocbool1
46 0 3204917 5 43.977596 adhocbool1
47 0 94794 0 25.311398 adhocbool1
47 0 93640 1 21.205364 adhocbool1
47 0 88525 2 20.893442 adhocbool1
47 0 91497 3 20.74247 adhocbool1
47 0 92971 4 19.140461 adhocbool1
47 0 91831 5 18.534786 adhocbool1
47 0 93233 6 18.287466 adhocbool1
47 0 95775 7 17.593775 adhocbool1
47 0 85382 8 14.066809 adhocbool1
47 0 92967 9 11.61664 adhocbool1
48 0 88692 0 18.599773 adhocbool1
48 0 107402 1 16.143188 adhocbool1
48 0 92596 2 15.694851 adhocbool1
48 0 109299 3 12.480453 adhocbool1
48 0 110997 4 6.4441285 adhocbool1
49 0 111953 0 31.497137 adhocbool1
49 0 118449 1 29.485794 adhocbool1
49 0 4162535 2 28.056393 adhocbool1
49 0 2675750 3 27.525454 adhocbool1
49 0 112671 4 26.41404 adhocbool1
49 0 117906 5 25.936802 adhocbool1
49 0 137736 6 25.691223 adhocbool1
49 0 2801435 7 24.843258 adhocbool1
49 0 3153112 8 23.954493 adhocbool1
49 0 145918 9 23.722876 adhocbool1
50 0 111953 0 32.336246 adhocbool1
50 0 137733 1 29.826065 adhocbool1
50 0 118449 2 29.40194 adhocbool1
50 0 623242 3 29.09912 adhocbool1
50 0 118289 4 27.31642 adhocbool1
50 0 112933 5 27.23434 adhocbool1
50 0 3153112 6 26.711973 adhocbool1
50 0 112671 7 25.81307 adhocbool1
50 0 145918 8 25.574451 adhocbool1
50 0 137736 9 25.44485 adhocbool1
51 0 112770 0 39.9436 adhocbool1
51 0 112931 1 37.31647 adhocbool1
51 0 105869 2 35.164173 adhocbool1
51 0 103302 3 32.31864 adhocbool1
51 0 111209 4 30.520203 adhocbool1
51 0 103165 5 24.113962 adhocbool1
51 0 97778 6 23.394342 adhocbool1
51 0 89879 7 23.01753 adhocbool1
51 0 112243 8 23.001799 adhocbool1
51 0 100687 9 22.660612 adhocbool1
52 0 112770 0 53.340176 adhocbool1
52 0 112931 1 47.551823 adhocbool1
52 0 103302 2 44.648853 adhocbool1
52 0 84894 3 35.21642 adhocbool1
52 0 112243 4 34.63057 adhocbool1
52 0 98744 5 33.862404 adhocbool1
52 0 85451 6 32.976562 adhocbool1
52 0 85452 7 32.675987 adhocbool1
52 0 86293 8 30.974257 adhocbool1
52 0 106788 9 29.860825 adhocbool1
53 0 2808291 0 20.54304 adhocbool1
53 0 117916 1 20.14989 adhocbool1
53 0 112677 2 20.088266 adhocbool1
53 0 117922 3 19.34219 adhocbool1
53 0 799985 4 19.229574 adhocbool1
53 0 118262 5 18.70398 adhocbool1
53 0 118218 6 18.661152 adhocbool1
53 0 205712 7 18.44329 adhocbool1
53 0 104381 8 18.435253 adhocbool1
53 0 145792 9 17.984114 adhocbool1
54 0 104488 0 16.739979 adhocbool1
54 0 799985 1 16.090256 adhocbool1
54 0 145884 2 15.504426 adhocbool1
54 0 2363931 3 14.842797 adhocbool1
54 0 103537 4 14.831062 adhocbool1
54 0 2771250 5 14.253628 adhocbool1
54 0 616862 6 14.1501465 adhocbool1
54 0 105798 7 13.991549 adhocbool1
54 0 104007 8 13.906561 adhocbool1
54 0 110509 9 13.826065 adhocbool1
55 0 145731 0 48.710735 adhocbool1
55 0 4154603 1 47.371445 adhocbool1
55 0 112910 2 31.744408 adhocbool1
55 0 118269 3 30.354757 adhocbool1
55 0 145629 4 21.701672 adhocbool1
55 0 118315 5 8.64729 adhocbool1
57 0 118467 0 21.986683 adhocbool1
57 0 137741 1 21.331907 adhocbool1
57 0 142890 2 19.936642 adhocbool1
57 0 821305 3 19.56601 adhocbool1
57 0 2781925 4 19.133076 adhocbool1
57 0 145791 5 19.127974 adhocbool1
57 0 3181481 6 18.910522 adhocbool1
57 0 87867 7 18.145826 adhocbool1
57 0 799970 8 17.983744 adhocbool1
57 0 145802 9 17.631067 adhocbool1
58 0 118467 0 30.812496 adhocbool1
58 0 92333 1 29.263039 adhocbool1
58 0 87867 2 28.343185 adhocbool1
58 0 137741 3 28.064835 adhocbool1
58 0 2781925 4 27.792183 adhocbool1
58 0 821305 5 27.754461 adhocbool1
58 0 3181481 6 26.42113 adhocbool1
58 0 85616 7 25.892353 adhocbool1
58 0 142890 8 25.45129 adhocbool1
58 0 90053 9 25.003628 adhocbool1
59 0 4170685 0 45.183414 adhocbool1
59 0 118040 1 38.530502 adhocbool1
59 0 118129 2 37.85858 adhocbool1
59 0 2788983 3 33.974243 adhocbool1
59 0 112905 4 31.996595 adhocbool1
59 0 118037 5 31.715767 adhocbool1
59 0 134735 6 29.92576 adhocbool1
59 0 117968 7 29.614098 adhocbool1
59 0 109610 8 28.863775 adhocbool1
59 0 111737 9 28.677567 adhocbool1
60 0 931614 0 59.996967 adhocbool1
60 0 145856 1 49.45693 adhocbool1
60 0 4170685 2 47.554573 adhocbool1
60 0 3195891 3 43.157925 adhocbool1
60 0 118257 4 38.18758 adhocbool1
60 0 110248 5 33.144756 adhocbool1
60 0 112683 6 32.96582 adhocbool1
60 0 109810 7 31.848433 adhocbool1
60 0 118012 8 28.349852 adhocbool1
61 0 2812210 0 61.06739 adhocbool1
61 0 3195092 1 50.310905 adhocbool1
61 0 145743 2 49.772873 adhocbool1
61 0 218457 3 45.779243 adhocbool1
61 0 142886 4 16.3106 adhocbool1
63 0 107685 0 33.57392 adhocbool1
63 0 108538 1 32.28723 adhocbool1
63 0 109157 2 32.151676 adhocbool1
63 0 110057 3 31.925209 adhocbool1
63 0 108185 4 31.471872 adhocbool1
63 0 109133 5 31.380003 adhocbool1
63 0 107754 6 31.373962 adhocbool1
63 0 110032 7 31.26073 adhocbool1
63 0 102879 8 31.112593 adhocbool1
63 0 109096 9 31.026592 adhocbool1
67 0 867645 0 31.113499 adhocbool1
67 0 145800 1 30.13784 adhocbool1
69 0 111709 0 17.402836 adhocbool1
69 0 182558 1 15.24423 adhocbool1
69 0 3214777 2 13.768009 adhocbool1
69 0 112765 3 12.914093 adhocbool1
69 0 117859 4 12.751756 adhocbool1
69 0 118379 5 11.07547 adhocbool1
69 0 110996 6 10.894946 adhocbool1
69 0 109384 7 10.683963 adhocbool1
69 0 110652 8 10.683963 adhocbool1
69 0 107042 9 10.631163 adhocbool1
70 0 111709 0 28.659388 adhocbool1
70 0 112820 1 28.515102 adhocbool1
70 0 3214777 2 26.956957 adhocbool1
70 0 117859 3 24.551022 adhocbool1
70 0 110068 4 24.04571 adhocbool1
70 0 112765 5 23.044111 adhocbool1
70 0 109384 6 22.488638 adhocbool1
70 0 118379 7 21.344942 adhocbool1
70 0 110996 8 21.176935 adhocbool1
70 0 117927 9 20.378342 adhocbool1
71 0 145121 0 22.594517 adhocbool1
71 0 112914 1 22.512466 adhocbool1
72 0 118052 0 25.029667 adhocbool1
72 0 112797 1 22.39742 adhocbool1
72 0 145121 2 22.015345 adhocbool1
72 0 112914 3 21.95783 adhocbool1
72 0 112904 4 20.171377 adhocbool1
72 0 112823 5 17.454607 adhocbool1
72 0 118234 6 15.615768 adhocbool1
72 0 3189783 7 11.188645 adhocbool1
72 0 118005 8 10.89307 adhocbool1
72 0 117979 9 8.969613 adhocbool1
73 0 1087954 0 22.778976 adhocbool1
73 0 2804674 1 21.195831 adhocbool1
73 0 145638 2 19.770742 adhocbool1
73 0 111425 3 18.959879 adhocbool1
73 0 145876 4 18.317965 adhocbool1
73 0 117881 5 18.232595 adhocbool1
73 0 137725 6 17.972069 adhocbool1
73 0 145881 7 17.646004 adhocbool1
73 0 217514 8 17.493546 adhocbool1
73 0 118265 9 17.164686 adhocbool1
74 0 110398 0 29.177341 adhocbool1
74 0 108616 1 27.090971 adhocbool1
74 0 112774 2 25.760305 adhocbool1
74 0 107904 3 24.684547 adhocbool1
74 0 2804674 4 24.207737 adhocbool1
74 0 127908 5 22.080812 adhocbool1
74 0 109284 6 20.26363 adhocbool1
74 0 1741 7 19.174046 adhocbool1
74 0 112258 8 18.509577 adhocbool1
74 0 112923 9 17.539148 adhocbool1
75 0 98317 0 21.364714 adhocbool1
75 0 102384 1 21.227747 adhocbool1
75 0 106428 2 21.106798 adhocbool1
75 0 94636 3 20.896885 adhocbool1
75 0 92174 4 20.776514 adhocbool1
75 0 100360 5 20.76295 adhocbool1
75 0 96837 6 20.365952 adhocbool1
75 0 91092 7 20.215641 adhocbool1
75 0 92682 8 20.209778 adhocbool1
75 0 101944 9 20.119616 adhocbool1
77 0 112626 0 24.5317 adhocbool1
77 0 97242 1 24.44859 adhocbool1
77 0 92834 2 24.37933 adhocbool1
77 0 112693 3 24.267387 adhocbool1
77 0 108605 4 22.687748 adhocbool1
77 0 112888 5 22.501003 adhocbool1
77 0 111610 6 22.44285 adhocbool1
77 0 104355 7 22.312092 adhocbool1
77 0 111455 8 22.292757 adhocbool1
77 0 110223 9 22.288006 adhocbool1
78 0 117187 0 43.661297 adhocbool1
78 0 145632 1 43.37119 adhocbool1
78 0 111250 2 42.705257 adhocbool1
78 0 112485 3 42.01076 adhocbool1
78 0 137749 4 41.828075 adhocbool1
78 0 110641 5 41.61128 adhocbool1
78 0 2959730 6 41.403248 adhocbool1
78 0 802973 7 41.26795 adhocbool1
78 0 803271 8 41.26795 adhocbool1
78 0 2959737 9 41.26795 adhocbool1
79 0 111009 0 46.040634 adhocbool1
79 0 118143 1 32.680496 adhocbool1
79 0 2680438 2 31.543697 adhocbool1
79 0 111470 3 27.148262 adhocbool1
79 0 110221 4 25.11513 adhocbool1
79 0 117837 5 20.108387 adhocbool1
79 0 106328 6 18.214201 adhocbool1
79 0 2672210 7 10.530032 adhocbool1
79 0 2654755 8 10.530032 adhocbool1
80 0 112923 0 22.1513 adhocbool1
80 0 86026 1 21.975151 adhocbool1
80 0 118187 2 21.882725 adhocbool1
80 0 1632029 3 21.334291 adhocbool1
80 0 110188 4 21.282116 adhocbool1
80 0 92455 5 21.27823 adhocbool1
80 0 87409 6 21.207859 adhocbool1
80 0 100646 7 21.089996 adhocbool1
80 0 108900 8 21.020172 adhocbool1
80 0 93110 9 21.014597 adhocbool1
82 0 97780 0 12.14363 adhocbool1
82 0 96757 1 11.5593815 adhocbool1
82 0 91613 2 10.443206 adhocbool1
82 0 99246 3 10.028616 adhocbool1
82 0 117841 4 9.846937 adhocbool1
82 0 97363 5 9.566412 adhocbool1
82 0 109732 6 9.311163 adhocbool1
82 0 95692 7 9.258189 adhocbool1
82 0 104588 8 8.971412 adhocbool1
82 0 103809 9 8.87532 adhocbool1
83 0 112432 0 42.08422 adhocbool1
83 0 109200 1 41.444412 adhocbool1
83 0 110834 2 41.200962 adhocbool1
83 0 111664 3 41.111397 adhocbool1
83 0 109895 4 40.84438 adhocbool1
83 0 122251 5 40.67536 adhocbool1
83 0 137746 6 40.23724 adhocbool1
83 0 800858 7 39.846992 adhocbool1
83 0 112352 8 39.776974 adhocbool1
83 0 145859 9 39.596268 adhocbool1
85 0 150543 0 45.885185 adhocbool1
85 0 2959732 1 45.885185 adhocbool1
85 0 146553 2 45.86967 adhocbool1
85 0 146790 3 45.86967 adhocbool1
85 0 112326 4 45.84072 adhocbool1
85 0 802973 5 41.85873 adhocbool1
85 0 803271 6 41.85873 adhocbool1
85 0 2959737 7 41.85873 adhocbool1
85 0 137749 8 38.51532 adhocbool1
85 0 3171724 9 37.72205 adhocbool1
86 0 112326 0 47.452263 adhocbool1
86 0 3177199 1 42.502132 adhocbool1
86 0 3171724 2 42.460415 adhocbool1
86 0 3177200 3 42.460415 adhocbool1
86 0 137749 4 40.86042 adhocbool1
86 0 112142 5 38.903454 adhocbool1
86 0 112810 6 24.055672 adhocbool1
86 0 109532 7 21.767073 adhocbool1
86 0 112324 8 21.443192 adhocbool1
86 0 121158 9 20.557322 adhocbool1
87 0 111957 0 46.44336 adhocbool1
87 0 112773 1 39.89383 adhocbool1
87 0 111170 2 39.799698 adhocbool1
87 0 111303 3 39.544064 adhocbool1
87 0 111665 4 38.723267 adhocbool1
87 0 112316 5 38.591434 adhocbool1
87 0 2809766 6 38.46406 adhocbool1
87 0 2811849 7 38.46406 adhocbool1
87 0 117187 8 38.089172 adhocbool1
87 0 145726 9 38.03155 adhocbool1
88 0 111957 0 54.889973 adhocbool1
88 0 111170 1 52.389626 adhocbool1
88 0 111801 2 50.91628 adhocbool1
88 0 799980 3 48.657875 adhocbool1
88 0 111182 4 45.26424 adhocbool1
88 0 137735 5 45.1954 adhocbool1
88 0 112807 6 44.093906 adhocbool1
88 0 118509 7 43.08674 adhocbool1
88 0 111811 8 43.063637 adhocbool1
88 0 624280 9 42.92753 adhocbool1
89 0 2812588 0 86.94235 adhocbool1
89 0 4151822 1 84.471634 adhocbool1
90 0 109643 0 21.15442 adhocbool1
90 0 109776 1 21.058512 adhocbool1
90 0 109921 2 20.584919 adhocbool1
90 0 118054 3 20.41798 adhocbool1
90 0 109079 4 20.413588 adhocbool1
90 0 145626 5 19.940632 adhocbool1
90 0 109080 6 19.183006 adhocbool1
90 0 2620698 7 18.718735 adhocbool1
90 0 118420 8 18.668182 adhocbool1
90 0 145697 9 18.493902 adhocbool1
91 0 118417 0 20.972382 adhocbool1
91 0 111622 1 20.546612 adhocbool1
91 0 112127 2 20.349165 adhocbool1
91 0 111193 3 20.192724 adhocbool1
91 0 131158 4 20.190767 adhocbool1
91 0 112622 5 20.082607 adhocbool1
91 0 112385 6 19.819843 adhocbool1
91 0 145873 7 19.806784 adhocbool1
91 0 112168 8 19.805439 adhocbool1
91 0 145633 9 19.787735 adhocbool1
92 0 3212514 0 49.084938 adhocbool1
92 0 103050 1 19.916166 adhocbool1
92 0 219097 2 19.313702 adhocbool1
92 0 1723 3 18.051418 adhocbool1
92 0 145628 4 8.646275 adhocbool1
94 0 2788983 0 52.5165 adhocbool1
94 0 931614 1 52.461998 adhocbool1
94 0 130158 2 51.376736 adhocbool1
94 0 110877 3 48.520454 adhocbool1
94 0 118107 4 48.095795 adhocbool1
94 0 3195891 5 46.65651 adhocbool1
94 0 109418 6 46.150436 adhocbool1
94 0 109610 7 38.265144 adhocbool1
94 0 118040 8 37.74923 adhocbool1
94 0 112905 9 34.97634 adhocbool1
96 0 87146 0 27.350182 adhocbool1
96 0 92746 1 26.880722 adhocbool1
96 0 88809 2 24.719173 adhocbool1
96 0 85512 3 24.12717 adhocbool1
96 0 93789 4 23.0127 adhocbool1
96 0 96341 5 22.370707 adhocbool1
96 0 92705 6 22.333923 adhocbool1
96 0 94014 7 22.143198 adhocbool1
96 0 96359 8 21.578617 adhocbool1
96 0 93739 9 21.26263 adhocbool1
97 0 112101 0 27.284391 adhocbool1
97 0 105525 1 26.694706 adhocbool1
97 0 111922 2 25.811934 adhocbool1
97 0 136993 3 22.63545 adhocbool1
97 0 2806208 4 22.416653 adhocbool1
97 0 2808294 5 22.416653 adhocbool1
97 0 112382 6 22.338129 adhocbool1
97 0 149289 7 19.857431 adhocbool1
97 0 93107 8 18.55545 adhocbool1
97 0 104748 9 17.436327 adhocbool1
98 0 110687 0 17.359318 adhocbool1
98 0 106593 1 16.954664 adhocbool1
98 0 101794 2 16.19731 adhocbool1
98 0 85090 3 16.130276 adhocbool1
98 0 101410 4 15.972996 adhocbool1
98 0 110146 5 15.920832 adhocbool1
98 0 103809 6 15.679121 adhocbool1
98 0 99029 7 15.52379 adhocbool1
98 0 94506 8 15.339735 adhocbool1
98 0 118273 9 15.326162 adhocbool1
99 0 112267 0 53.791473 adhocbool1
100 0 110552 0 31.919783 adhocbool1
100 0 101885 1 29.917515 adhocbool1
100 0 108595 2 29.71327 adhocbool1
100 0 109633 3 27.5745 adhocbool1
100 0 97728 4 27.152355 adhocbool1
100 0 110548 5 26.796291 adhocbool1
100 0 106417 6 26.253122 adhocbool1
100 0 106245 7 24.881414 adhocbool1
100 0 107046 8 24.51266 adhocbool1
100 0 91516 9 24.390081 adhocbool1
