1 0 219732 0 42.150497 adhocbool3
1 0 2649076 1 36.06337 adhocbool3
1 0 219733 2 26.45483 adhocbool3
1 0 220342 3 26.45483 adhocbool3
2 0 103549 0 39.569824 adhocbool3
2 0 106843 1 32.15172 adhocbool3
3 0 118029 0 57.21165 adhocbool3
3 0 111091 1 56.279823 adhocbool3
3 0 3162143 2 55.762165 adhocbool3
3 0 117892 3 54.855915 adhocbool3
3 0 145821 4 54.6829 adhocbool3
3 0 215496 5 53.973724 adhocbool3
3 0 215694 6 53.973724 adhocbool3
3 0 2959735 7 53.934425 adhocbool3
3 0 145878 8 52.71137 adhocbool3
3 0 112212 9 52.01831 adhocbool3
7 0 110753 0 16.25074 adhocbool3
7 0 111094 1 11.223099 adhocbool3
9 0 118212 0 43.637096 adhocbool3
9 0 112641 1 43.15657 adhocbool3
9 0 2675751 2 40.114155 adhocbool3
9 0 111694 3 38.17085 adhocbool3
9 0 109720 4 37.522377 adhocbool3
9 0 112230 5 35.271637 adhocbool3
9 0 118011 6 34.526215 adhocbool3
9 0 802400 7 34.31993 adhocbool3
9 0 110233 8 33.393887 adhocbool3
9 0 118318 9 32.158714 adhocbool3
11 0 111835 0 23.53664 adhocbool3
11 0 110127 1 22.97317 adhocbool3
11 0 111953 2 21.32084 adhocbool3
11 0 111262 3 20.491417 adhocbool3
11 0 110916 4 20.24455 adhocbool3
11 0 111615 5 19.876715 adhocbool3
11 0 218926 6 19.800896 adhocbool3
11 0 109302 7 19.485271 adhocbool3
11 0 109540 8 19.483032 adhocbool3
11 0 110754 9 19.242477 adhocbool3
17 0 110031 0 11.527259 adhocbool3
17 0 118374 1 10.966143 adhocbool3
17 0 105192 2 7.75016 adhocbool3
17 0 118011 3 5.7342796 adhocbool3
17 0 137739 4 5.1619296 adhocbool3
19 0 104139 0 14.418819 adhocbool3
19 0 112845 1 13.5267515 adhocbool3
19 0 150540 2 9.362778 adhocbool3
19 0 149286 3 8.200504 adhocbool3
19 0 145646 4 6.9993286 adhocbool3
29 0 205788 0 26.366434 adhocbool3
29 0 4151826 1 24.658508 adhocbool3
29 0 626206 2 24.194801 adhocbool3
29 0 104681 3 23.323833 adhocbool3
29 0 112810 4 22.263487 adhocbool3
29 0 145843 5 21.99607 adhocbool3
29 0 112362 6 21.81886 adhocbool3
29 0 110984 7 21.807407 adhocbool3
29 0 111473 8 21.75371 adhocbool3
29 0 118164 9 21.697042 adhocbool3
30 0 118381 0 27.808538 adhocbool3
30 0 87779 1 25.358347 adhocbool3
30 0 145921 2 24.956982 adhocbool3
30 0 112324 3 23.495405 adhocbool3
30 0 99973 4 23.426517 adhocbool3
30 0 112646 5 22.358532 adhocbool3
30 0 109225 6 22.256195 adhocbool3
30 0 1528394 7 22.166681 adhocbool3
30 0 105662 8 21.746456 adhocbool3
30 0 108605 9 21.438444 adhocbool3
31 0 109450 0 13.595819 adhocbool3
31 0 112141 1 12.254278 adhocbool3
31 0 111226 2 11.863899 adhocbool3
31 0 103950 3 10.227984 adhocbool3
31 0 104453 4 9.841232 adhocbool3
31 0 109380 5 9.766644 adhocbool3
31 0 104988 6 7.1237354 adhocbool3
31 0 109732 7 6.7629714 adhocbool3
31 0 118148 8 6.4027147 adhocbool3
31 0 1087906 9 6.2952685 adhocbool3
35 0 3205767 0 28.321579 adhocbool3
35 0 3203656 1 26.293322 adhocbool3
35 0 3206414 2 26.293322 adhocbool3
35 0 2620886 3 25.715626 adhocbool3
35 0 118329 4 25.546692 adhocbool3
35 0 112747 5 25.455257 adhocbool3
35 0 112351 6 25.088566 adhocbool3
35 0 145904 7 24.902401 adhocbool3
35 0 145783 8 24.744751 adhocbool3
35 0 145704 9 24.643797 adhocbool3
36 0 118217 0 23.826502 adhocbool3
36 0 145783 1 21.02791 adhocbool3
36 0 945737 2 20.819307 adhocbool3
36 0 932059 3 20.819307 adhocbool3
36 0 118329 4 20.800734 adhocbool3
36 0 145704 5 20.787424 adhocbool3
36 0 112747 6 20.607449 adhocbool3
36 0 111510 7 20.518192 adhocbool3
36 0 110056 8 20.115265 adhocbool3
36 0 118079 9 19.959509 adhocbool3
37 0 118385 0 11.4042015 adhocbool3
40 0 91948 0 17.593353 adhocbool3
40 0 112530 1 16.299673 adhocbool3
40 0 145664 2 15.849627 adhocbool3
40 0 112573 3 15.7203 adhocbool3
40 0 798510 4 15.667404 adhocbool3
40 0 98817 5 15.631516 adhocbool3
40 0 107944 6 14.535978 adhocbool3
40 0 145687 7 14.423994 adhocbool3
40 0 105322 8 14.173188 adhocbool3
40 0 105106 9 14.133252 adhocbool3
42 0 109186 0 37.943295 adhocbool3
42 0 111198 1 27.924553 adhocbool3
42 0 145756 2 27.911278 adhocbool3
42 0 112914 3 26.735884 adhocbool3
42 0 145121 4 26.69383 adhocbool3
42 0 109675 5 25.811605 adhocbool3
42 0 104603 6 25.137518 adhocbool3
42 0 2620702 7 24.832026 adhocbool3
42 0 109352 8 24.075031 adhocbool3
42 0 107729 9 24.064896 adhocbool3
45 0 868384 0 38.79487 adhocbool3
45 0 118281 1 33.46066 adhocbool3
45 0 118450 2 32.35127 adhocbool3
45 0 182568 3 31.800974 adhocbool3
45 0 145903 4 30.997128 adhocbool3
45 0 799969 5 30.72526 adhocbool3
45 0 118489 6 30.600906 adhocbool3
45 0 118362 7 30.483803 adhocbool3
45 0 145854 8 28.134989 adhocbool3
45 0 112639 9 28.115484 adhocbool3
46 0 1269289 0 52.332554 adhocbool3
47 0 88525 0 29.483625 adhocbool3
48 0 109299 0 14.719572 adhocbool3
48 0 110997 1 10.238011 adhocbool3
51 0 112770 0 48.809677 adhocbool3
51 0 105869 1 40.608337 adhocbool3
51 0 98744 2 28.071507 adhocbool3
51 0 105511 3 23.819576 adhocbool3
51 0 104697 4 20.486988 adhocbool3
51 0 102245 5 19.086521 adhocbool3
51 0 145692 6 18.432995 adhocbool3
51 0 112217 7 18.109762 adhocbool3
51 0 98985 8 16.930166 adhocbool3
51 0 110773 9 15.391333 adhocbool3
53 0 112677 0 29.12971 adhocbool3
53 0 799985 1 27.5158 adhocbool3
53 0 117916 2 26.257942 adhocbool3
53 0 625711 3 26.248953 adhocbool3
53 0 111727 4 25.216316 adhocbool3
53 0 621045 5 24.312193 adhocbool3
53 0 118206 6 23.783222 adhocbool3
53 0 118205 7 23.759094 adhocbool3
53 0 109717 8 23.23039 adhocbool3
53 0 117922 9 22.65487 adhocbool3
54 0 799985 0 28.09299 adhocbool3
54 0 105318 1 22.990305 adhocbool3
54 0 117922 2 22.942379 adhocbool3
54 0 110873 3 21.883867 adhocbool3
54 0 112835 4 21.767126 adhocbool3
54 0 145884 5 21.73664 adhocbool3
54 0 109827 6 21.495768 adhocbool3
54 0 2771250 7 21.145384 adhocbool3
54 0 621045 8 21.125748 adhocbool3
54 0 105444 9 20.897825 adhocbool3
56 0 118385 0 11.4042015 adhocbool3
57 0 799979 0 18.59752 adhocbool3
57 0 145745 1 18.179193 adhocbool3
57 0 217513 2 17.504025 adhocbool3
57 0 217604 3 17.504025 adhocbool3
57 0 147953 4 17.141153 adhocbool3
57 0 148480 5 17.141153 adhocbool3
57 0 218132 6 16.783907 adhocbool3
57 0 112711 7 16.644241 adhocbool3
57 0 2804673 8 16.403637 adhocbool3
57 0 3209687 9 16.347794 adhocbool3
60 0 4170685 0 56.03147 adhocbool3
60 0 112683 1 46.92521 adhocbool3
61 0 107147 0 42.453518 adhocbool3
61 0 2812210 1 38.684 adhocbool3
61 0 109335 2 37.392803 adhocbool3
61 0 108348 3 32.478256 adhocbool3
61 0 118299 4 32.13804 adhocbool3
61 0 3195092 5 30.181206 adhocbool3
61 0 108988 6 30.100485 adhocbool3
61 0 108322 7 29.514591 adhocbool3
61 0 110926 8 29.513441 adhocbool3
61 0 110649 9 29.277178 adhocbool3
67 0 867645 0 35.70053 adhocbool3
69 0 111709 0 24.420898 adhocbool3
69 0 182558 1 23.273382 adhocbool3
69 0 110652 2 23.005589 adhocbool3
69 0 112820 3 22.896563 adhocbool3
69 0 3214777 4 21.874834 adhocbool3
69 0 117859 5 19.310947 adhocbool3
69 0 118379 6 18.664759 adhocbool3
69 0 107042 7 17.118658 adhocbool3
69 0 112765 8 16.982172 adhocbool3
69 0 109384 9 16.603495 adhocbool3
71 0 145121 0 7.437286 adhocbool3
71 0 112914 1 7.4127502 adhocbool3
71 0 118052 2 4.7247176 adhocbool3
71 0 145804 3 3.1779466 adhocbool3
71 0 112823 4 3.1313288 adhocbool3
75 0 105304 0 39.282288 adhocbool3
75 0 111291 1 32.84432 adhocbool3
75 0 87646 2 31.298117 adhocbool3
75 0 110779 3 31.052523 adhocbool3
75 0 106186 4 29.62944 adhocbool3
75 0 111489 5 29.095566 adhocbool3
75 0 98317 6 28.027489 adhocbool3
75 0 92470 7 27.272022 adhocbool3
75 0 102658 8 26.64045 adhocbool3
75 0 92965 9 26.188705 adhocbool3
76 0 1740 0 16.2737 adhocbool3
76 0 111560 1 15.790941 adhocbool3
76 0 150540 2 14.772134 adhocbool3
76 0 103735 3 14.058818 adhocbool3
76 0 149286 4 12.102835 adhocbool3
76 0 118143 5 10.067032 adhocbool3
77 0 108605 0 48.456676 adhocbool3
77 0 109535 1 46.547306 adhocbool3
77 0 109676 2 45.97848 adhocbool3
77 0 111071 3 45.345634 adhocbool3
77 0 109731 4 44.683258 adhocbool3
77 0 110631 5 44.137848 adhocbool3
77 0 109532 6 43.89486 adhocbool3
77 0 112269 7 42.711388 adhocbool3
77 0 145817 8 42.68045 adhocbool3
77 0 112549 9 42.447304 adhocbool3
84 0 145859 0 41.089176 adhocbool3
85 0 112326 0 47.452263 adhocbool3
85 0 3177199 1 42.502132 adhocbool3
85 0 3171724 2 42.460415 adhocbool3
85 0 3177200 3 42.460415 adhocbool3
85 0 137749 4 40.86042 adhocbool3
85 0 112142 5 38.903454 adhocbool3
85 0 112810 6 24.055672 adhocbool3
85 0 109532 7 21.767073 adhocbool3
85 0 112324 8 21.443192 adhocbool3
85 0 121158 9 20.557322 adhocbool3
87 0 111957 0 49.885925 adhocbool3
87 0 111170 1 43.766064 adhocbool3
87 0 111303 2 43.53591 adhocbool3
87 0 2809766 3 42.850437 adhocbool3
87 0 2811849 4 42.850437 adhocbool3
87 0 112773 5 42.748398 adhocbool3
87 0 111665 6 42.513393 adhocbool3
87 0 112316 7 42.42946 adhocbool3
87 0 117187 8 42.21648 adhocbool3
87 0 145726 9 41.44564 adhocbool3
91 0 110032 0 22.699272 adhocbool3
91 0 109414 1 20.87596 adhocbool3
91 0 1087959 2 20.802692 adhocbool3
91 0 3212514 3 20.531876 adhocbool3
91 0 111193 4 20.246109 adhocbool3
91 0 118507 5 19.399805 adhocbool3
91 0 219097 6 19.347008 adhocbool3
91 0 145873 7 18.572838 adhocbool3
91 0 103050 8 18.268332 adhocbool3
91 0 110249 9 18.03013 adhocbool3
94 0 2788983 0 51.278835 adhocbool3
94 0 130158 1 40.523094 adhocbool3
94 0 111737 2 39.84299 adhocbool3
94 0 109418 3 36.989155 adhocbool3
94 0 112905 4 36.565193 adhocbool3
94 0 118107 5 35.307083 adhocbool3
94 0 110246 6 31.968925 adhocbool3
94 0 118040 7 31.03232 adhocbool3
94 0 109610 8 29.272894 adhocbool3
94 0 931614 9 22.664494 adhocbool3
97 0 112101 0 51.859283 adhocbool3
97 0 111922 1 37.685444 adhocbool3
99 0 112267 0 61.42828 adhocbool3
