1 0 3204919 0 44.819088 idfp3
1 0 802972 1 40.196102 idfp3
1 0 2809767 2 33.739243 idfp3
1 0 2811850 3 33.739243 idfp3
1 0 2789928 4 32.437843 idfp3
1 0 3170730 5 32.43228 idfp3
1 0 3177197 6 32.43228 idfp3
1 0 2781925 7 31.756298 idfp3
1 0 4151832 8 31.616076 idfp3
1 0 2803251 9 31.445948 idfp3
2 0 103631 0 37.724144 idfp3
2 0 103549 1 32.96576 idfp3
2 0 104671 2 32.542908 idfp3
2 0 104673 3 32.133343 idfp3
2 0 105116 4 30.344574 idfp3
2 0 108555 5 28.516138 idfp3
2 0 103644 6 27.664398 idfp3
2 0 100809 7 26.475603 idfp3
2 0 104571 8 25.850681 idfp3
2 0 105294 9 25.569633 idfp3
3 0 3162143 0 37.701244 idfp3
3 0 117959 1 30.297743 idfp3
3 0 215496 2 29.562637 idfp3
3 0 215694 3 29.562637 idfp3
3 0 2959735 4 29.561596 idfp3
3 0 118029 5 29.415388 idfp3
3 0 112584 6 29.261068 idfp3
3 0 145878 7 28.863226 idfp3
3 0 112212 8 28.744207 idfp3
3 0 111091 9 28.648138 idfp3
4 0 215694 0 101.448715 idfp3
4 0 2959735 1 101.44663 idfp3
4 0 215496 2 101.430145 idfp3
4 0 623142 3 96.89831 idfp3
4 0 3162143 4 93.14799 idfp3
4 0 118029 5 88.76222 idfp3
4 0 149007 6 75.07389 idfp3
4 0 903973 7 67.53294 idfp3
4 0 812450 8 64.24175 idfp3
4 0 78783 9 59.772694 idfp3
5 0 2672209 0 36.00914 idfp3
5 0 2657779 1 36.00914 idfp3
5 0 183480 2 35.12583 idfp3
5 0 110056 3 30.064262 idfp3
5 0 145652 4 28.793709 idfp3
5 0 112708 5 28.790459 idfp3
5 0 108089 6 27.400671 idfp3
5 0 110831 7 27.139627 idfp3
5 0 118217 8 24.655754 idfp3
5 0 109301 9 23.789484 idfp3
6 0 110654 0 41.901955 idfp3
6 0 110056 1 41.100033 idfp3
6 0 183480 2 35.597916 idfp3
6 0 92133 3 26.665825 idfp3
6 0 111114 4 25.16683 idfp3
6 0 122256 5 24.93437 idfp3
6 0 2811844 6 24.73252 idfp3
6 0 2959750 7 24.73252 idfp3
6 0 117932 8 24.624134 idfp3
6 0 108449 9 22.580368 idfp3
7 0 147531 0 26.013866 idfp3
7 0 110932 1 23.000246 idfp3
7 0 145713 2 22.21952 idfp3
7 0 2675751 3 22.02232 idfp3
7 0 2672535 4 22.017662 idfp3
7 0 2678467 5 21.921724 idfp3
7 0 2679202 6 21.921724 idfp3
7 0 2959746 7 21.921724 idfp3
7 0 145715 8 21.676392 idfp3
7 0 145868 9 21.616611 idfp3
8 0 134749 0 62.393303 idfp3
8 0 112174 1 61.663086 idfp3
8 0 145715 2 53.824192 idfp3
8 0 145868 3 53.715042 idfp3
8 0 2678467 4 53.24705 idfp3
8 0 2679202 5 53.24705 idfp3
8 0 2959746 6 53.24705 idfp3
8 0 147531 7 50.244514 idfp3
8 0 112834 8 49.999744 idfp3
8 0 112748 9 48.696514 idfp3
9 0 2675751 0 39.906326 idfp3
9 0 145908 1 30.958027 idfp3
9 0 95299 2 28.88411 idfp3
9 0 3212516 3 28.660465 idfp3
9 0 3211502 4 28.652092 idfp3
9 0 110915 5 26.940403 idfp3
9 0 106935 6 26.628794 idfp3
9 0 854177 7 26.423498 idfp3
9 0 2655498 8 26.20267 idfp3
9 0 108092 9 26.07814 idfp3
10 0 118087 0 47.761147 idfp3
10 0 134743 1 47.411507 idfp3
10 0 147531 2 45.156155 idfp3
10 0 112423 3 44.394444 idfp3
10 0 118484 4 43.540565 idfp3
10 0 214949 5 41.39617 idfp3
10 0 215071 6 41.39617 idfp3
10 0 145697 7 41.380478 idfp3
10 0 111500 8 41.367817 idfp3
10 0 118316 9 41.27921 idfp3
11 0 2810524 0 34.598503 idfp3
11 0 2811846 1 34.598503 idfp3
11 0 3197746 2 32.72984 idfp3
11 0 145960 3 30.885885 idfp3
11 0 4151827 4 29.392239 idfp3
11 0 2670966 5 28.247889 idfp3
11 0 145917 6 28.247692 idfp3
11 0 2654532 7 27.926617 idfp3
11 0 873668 8 27.877825 idfp3
11 0 802770 9 27.777569 idfp3
12 0 2672535 0 34.744514 idfp3
12 0 3204919 1 31.40168 idfp3
12 0 3181025 2 29.084272 idfp3
12 0 3211503 3 27.714077 idfp3
12 0 3207860 4 25.789648 idfp3
12 0 2803250 5 25.557299 idfp3
12 0 3197367 6 25.188354 idfp3
12 0 4162110 7 24.849094 idfp3
12 0 3183079 8 23.83427 idfp3
12 0 4151826 9 23.806997 idfp3
13 0 4162111 0 34.04525 idfp3
13 0 145967 1 33.376617 idfp3
13 0 2642828 2 30.916111 idfp3
13 0 4151817 3 25.75511 idfp3
13 0 802973 4 25.747923 idfp3
13 0 803271 5 25.747923 idfp3
13 0 2959737 6 25.747923 idfp3
13 0 3168776 7 24.315655 idfp3
13 0 2959730 8 23.90648 idfp3
13 0 3170728 9 23.383251 idfp3
14 0 2153 0 23.281065 idfp3
14 0 614392 1 22.026379 idfp3
14 0 614485 2 22.026379 idfp3
14 0 2641100 3 21.40367 idfp3
14 0 145931 4 20.535812 idfp3
14 0 145790 5 20.211979 idfp3
14 0 108730 6 20.197046 idfp3
14 0 117942 7 18.985228 idfp3
14 0 2742710 8 18.919119 idfp3
14 0 108765 9 18.792145 idfp3
15 0 2812588 0 76.08469 idfp3
15 0 4151822 1 69.40752 idfp3
15 0 4171965 2 66.349625 idfp3
15 0 3207858 3 46.417824 idfp3
15 0 4106440 4 45.02419 idfp3
15 0 4162111 5 44.29443 idfp3
15 0 4015951 6 43.562145 idfp3
15 0 2770446 7 41.732407 idfp3
15 0 4162534 8 41.384083 idfp3
15 0 3177196 9 40.867485 idfp3
16 0 4151822 0 60.771843 idfp3
16 0 4162111 1 34.982162 idfp3
16 0 2770446 2 34.517044 idfp3
16 0 4171965 3 32.421783 idfp3
16 0 4168362 4 32.238506 idfp3
16 0 4161362 5 31.924364 idfp3
16 0 4157405 6 31.165817 idfp3
16 0 4157382 7 30.459146 idfp3
16 0 4157406 8 30.459146 idfp3
16 0 2812588 9 30.368801 idfp3
17 0 148484 0 26.815514 idfp3
17 0 4161362 1 23.483936 idfp3
17 0 2670966 2 23.2341 idfp3
17 0 2654532 3 22.757597 idfp3
17 0 2672526 4 22.10712 idfp3
17 0 2674863 5 22.10712 idfp3
17 0 145894 6 21.516003 idfp3
17 0 145865 7 20.96392 idfp3
17 0 145785 8 20.959757 idfp3
17 0 3187209 9 20.787325 idfp3
18 0 205712 0 53.389587 idfp3
18 0 148484 1 35.087143 idfp3
18 0 2795703 2 33.904037 idfp3
18 0 2797292 3 33.904037 idfp3
18 0 182990 4 33.296688 idfp3
18 0 802399 5 31.504038 idfp3
18 0 815689 6 30.397783 idfp3
18 0 218665 7 29.482824 idfp3
18 0 620566 8 28.738173 idfp3
18 0 219105 9 28.736631 idfp3
19 0 2654533 0 68.357864 idfp3
19 0 2654756 1 68.357864 idfp3
19 0 4172500 2 46.448536 idfp3
19 0 2679558 3 44.085773 idfp3
19 0 2781925 4 39.02903 idfp3
19 0 2649076 5 37.5534 idfp3
19 0 2654534 6 36.364204 idfp3
19 0 2679557 7 36.355602 idfp3
19 0 2812209 8 36.21206 idfp3
19 0 2678465 9 35.446117 idfp3
20 0 2654533 0 72.3183 idfp3
20 0 2654756 1 72.3183 idfp3
20 0 4172500 2 45.167534 idfp3
20 0 2679558 3 39.58171 idfp3
20 0 2781925 4 37.311417 idfp3
20 0 2679557 5 37.125763 idfp3
20 0 112775 6 36.148857 idfp3
20 0 2654534 7 35.49754 idfp3
20 0 2812209 8 35.463436 idfp3
20 0 2678133 9 35.048096 idfp3
21 0 873660 0 60.188217 idfp3
21 0 867657 1 44.839264 idfp3
21 0 820904 2 38.8298 idfp3
21 0 2804673 3 38.827293 idfp3
21 0 902267 4 37.600586 idfp3
21 0 3181482 5 36.08494 idfp3
21 0 112799 6 35.27386 idfp3
21 0 2654534 7 34.487858 idfp3
21 0 117890 8 34.19566 idfp3
21 0 2659300 9 33.367325 idfp3
22 0 2659300 0 77.85167 idfp3
22 0 117890 1 59.15752 idfp3
22 0 112799 2 50.347813 idfp3
22 0 118081 3 44.83225 idfp3
22 0 867657 4 44.827106 idfp3
22 0 145925 5 41.263466 idfp3
22 0 2804673 6 40.461636 idfp3
22 0 3181482 7 38.78829 idfp3
22 0 145829 8 37.85551 idfp3
22 0 2795279 9 37.629704 idfp3
23 0 2810525 0 39.965675 idfp3
23 0 2811847 1 39.965675 idfp3
23 0 3217227 2 34.58905 idfp3
23 0 218457 3 33.931644 idfp3
23 0 118233 4 31.025333 idfp3
23 0 118449 5 30.381214 idfp3
23 0 146984 6 29.739204 idfp3
23 0 145815 7 29.253227 idfp3
23 0 112810 8 28.456839 idfp3
23 0 4162535 9 28.303808 idfp3
24 0 1738 0 23.258211 idfp3
24 0 145778 1 19.461214 idfp3
24 0 2804671 2 17.05453 idfp3
24 0 145866 3 16.74746 idfp3
24 0 145960 4 15.618204 idfp3
24 0 2678133 5 15.37859 idfp3
24 0 2151 6 14.897492 idfp3
24 0 182514 7 14.58683 idfp3
24 0 149287 8 14.317799 idfp3
24 0 815038 9 14.196987 idfp3
25 0 112616 0 58.23043 idfp3
25 0 2655499 1 39.372784 idfp3
25 0 3211503 2 34.088997 idfp3
25 0 118021 3 30.270582 idfp3
25 0 821305 4 29.35264 idfp3
25 0 2621067 5 29.057627 idfp3
25 0 117845 6 28.525375 idfp3
25 0 108792 7 24.776825 idfp3
25 0 4104821 8 24.148342 idfp3
25 0 109040 9 23.124792 idfp3
26 0 117872 0 39.99499 idfp3
26 0 105698 1 36.25275 idfp3
26 0 105430 2 32.83185 idfp3
26 0 118070 3 32.23964 idfp3
26 0 111056 4 30.684355 idfp3
26 0 112867 5 30.34967 idfp3
26 0 110915 6 29.585756 idfp3
26 0 112045 7 29.562628 idfp3
26 0 117952 8 28.661196 idfp3
26 0 110086 9 28.17264 idfp3
27 0 4157382 0 87.37952 idfp3
27 0 4157405 1 87.37952 idfp3
27 0 111141 2 43.684402 idfp3
27 0 112346 3 38.570934 idfp3
27 0 111061 4 35.410503 idfp3
27 0 112523 5 32.911713 idfp3
27 0 104758 6 30.437761 idfp3
27 0 112792 7 29.95821 idfp3
27 0 110384 8 27.587465 idfp3
27 0 2679557 9 27.198887 idfp3
28 0 4157382 0 74.50873 idfp3
28 0 4157405 1 74.50873 idfp3
28 0 112346 2 37.722702 idfp3
28 0 111141 3 33.7403 idfp3
28 0 182992 4 26.215195 idfp3
28 0 118489 5 22.772926 idfp3
28 0 118082 6 21.696297 idfp3
28 0 2808290 7 21.393114 idfp3
28 0 145636 8 21.102896 idfp3
28 0 3153112 9 20.982504 idfp3
29 0 1756 0 17.059547 idfp3
29 0 112436 1 16.65145 idfp3
29 0 108606 2 16.577038 idfp3
29 0 118381 3 16.492014 idfp3
29 0 121164 4 16.453138 idfp3
29 0 121158 5 16.449797 idfp3
29 0 109560 6 16.351265 idfp3
29 0 112646 7 16.235195 idfp3
29 0 111471 8 16.211418 idfp3
29 0 118044 9 16.072683 idfp3
30 0 205788 0 66.97851 idfp3
30 0 218921 1 50.492916 idfp3
30 0 899483 2 48.573727 idfp3
30 0 148795 3 47.2247 idfp3
30 0 802770 4 45.337906 idfp3
30 0 4151826 5 44.60787 idfp3
30 0 626206 6 44.0424 idfp3
30 0 179213 7 43.36256 idfp3
30 0 802791 8 41.809998 idfp3
30 0 2642828 9 39.391956 idfp3
31 0 145925 0 32.809933 idfp3
31 0 3207859 1 29.87545 idfp3
31 0 4088544 2 29.320276 idfp3
31 0 117847 3 28.35251 idfp3
31 0 145943 4 28.198662 idfp3
31 0 2809763 5 27.851465 idfp3
31 0 145909 6 26.746014 idfp3
31 0 2798228 7 26.564034 idfp3
31 0 616433 8 25.946224 idfp3
31 0 145630 9 25.85632 idfp3
32 0 1728 0 46.21181 idfp3
32 0 111434 1 43.13114 idfp3
32 0 112850 2 42.387276 idfp3
32 0 112329 3 42.251232 idfp3
32 0 112090 4 39.626884 idfp3
32 0 125839 5 39.353348 idfp3
32 0 112447 6 38.9544 idfp3
32 0 117853 7 38.723812 idfp3
32 0 145710 8 37.572613 idfp3
32 0 111596 9 36.831722 idfp3
33 0 110795 0 31.65673 idfp3
33 0 2676594 1 30.589085 idfp3
33 0 2675753 2 29.52256 idfp3
33 0 2679204 3 29.52256 idfp3
33 0 111805 4 28.677996 idfp3
33 0 2809767 5 27.966478 idfp3
33 0 2811850 6 27.966478 idfp3
33 0 121158 7 27.924702 idfp3
33 0 111863 8 27.784922 idfp3
33 0 109535 9 27.703447 idfp3
34 0 2676594 0 111.163925 idfp3
34 0 2675753 1 108.55584 idfp3
34 0 2679204 2 108.55584 idfp3
34 0 2809767 3 84.44858 idfp3
34 0 2811850 4 84.44858 idfp3
34 0 3216389 5 44.018665 idfp3
34 0 136994 6 38.965973 idfp3
34 0 121158 7 35.62892 idfp3
34 0 625710 8 34.160194 idfp3
34 0 802973 9 32.995537 idfp3
35 0 2678134 0 19.057487 idfp3
35 0 2808293 1 18.700699 idfp3
35 0 182567 2 18.320536 idfp3
35 0 2803249 3 18.32034 idfp3
35 0 2804677 4 18.3183 idfp3
35 0 1727 5 18.301039 idfp3
35 0 205316 6 18.04692 idfp3
35 0 2679558 7 17.620054 idfp3
35 0 3181025 8 17.467274 idfp3
35 0 148796 9 17.464779 idfp3
36 0 779833 0 33.1435 idfp3
36 0 798511 1 33.1435 idfp3
36 0 219731 2 29.130222 idfp3
36 0 3195445 3 28.615664 idfp3
36 0 218927 4 27.733204 idfp3
36 0 145911 5 27.199812 idfp3
36 0 145858 6 26.530573 idfp3
36 0 3168777 7 26.204887 idfp3
36 0 3203656 8 25.689478 idfp3
36 0 3206414 9 25.689478 idfp3
37 0 4151829 0 33.117195 idfp3
37 0 118269 1 29.75677 idfp3
37 0 107652 2 29.625416 idfp3
37 0 145629 3 28.962204 idfp3
37 0 145855 4 26.661776 idfp3
37 0 145731 5 25.628246 idfp3
37 0 112910 6 25.212505 idfp3
37 0 111982 7 25.16121 idfp3
37 0 118446 8 24.883224 idfp3
37 0 121168 9 24.779613 idfp3
38 0 145855 0 66.87313 idfp3
38 0 145731 1 61.372078 idfp3
38 0 4151829 2 56.875023 idfp3
38 0 118269 3 42.374416 idfp3
38 0 1993216 4 41.2678 idfp3
38 0 111982 5 39.93429 idfp3
38 0 111420 6 36.606907 idfp3
38 0 112292 7 36.5061 idfp3
38 0 110774 8 33.78862 idfp3
38 0 112910 9 33.038883 idfp3
39 0 112568 0 50.840492 idfp3
39 0 112420 1 46.672287 idfp3
39 0 118457 2 46.353695 idfp3
39 0 2959744 3 41.668045 idfp3
39 0 855518 4 41.668045 idfp3
39 0 2674861 5 40.88146 idfp3
39 0 2675754 6 40.88146 idfp3
39 0 130141 7 40.550144 idfp3
39 0 111432 8 39.586166 idfp3
39 0 111062 9 38.816425 idfp3
40 0 621044 0 49.165226 idfp3
40 0 621090 1 49.165226 idfp3
40 0 2959739 2 49.165226 idfp3
40 0 105200 3 47.798508 idfp3
40 0 1731 4 43.334446 idfp3
40 0 2674861 5 41.26827 idfp3
40 0 2675754 6 41.26827 idfp3
40 0 97466 7 40.22372 idfp3
40 0 108818 8 38.740273 idfp3
40 0 122254 9 37.497448 idfp3
41 0 112924 0 42.309387 idfp3
41 0 2810525 1 37.941685 idfp3
41 0 2811847 2 37.941685 idfp3
41 0 145756 3 31.686207 idfp3
41 0 111254 4 31.334524 idfp3
41 0 117796 5 28.60996 idfp3
41 0 145662 6 28.000734 idfp3
41 0 2804672 7 27.599049 idfp3
41 0 111198 8 27.299541 idfp3
41 0 117943 9 27.121578 idfp3
42 0 112585 0 45.25009 idfp3
42 0 110132 1 38.931446 idfp3
42 0 2654533 2 37.89009 idfp3
42 0 2654756 3 37.89009 idfp3
42 0 111891 4 35.96984 idfp3
42 0 111198 5 34.30937 idfp3
42 0 112924 6 32.63887 idfp3
42 0 145785 7 32.47425 idfp3
42 0 109186 8 32.067093 idfp3
42 0 111254 9 31.923035 idfp3
43 0 2680590 0 28.185715 idfp3
43 0 2959745 1 28.185715 idfp3
43 0 2812589 2 26.706299 idfp3
43 0 2959749 3 26.706299 idfp3
43 0 110904 4 25.764957 idfp3
43 0 104999 5 23.92633 idfp3
43 0 112305 6 22.945856 idfp3
43 0 145835 7 22.578161 idfp3
43 0 621294 8 22.438864 idfp3
43 0 118382 9 22.36259 idfp3
44 0 135284 0 13.729057 idfp3
44 0 183480 1 13.38608 idfp3
44 0 92563 2 13.148494 idfp3
44 0 99616 3 13.079235 idfp3
44 0 92375 4 12.670679 idfp3
44 0 145064 5 11.551667 idfp3
44 0 2781925 6 11.500327 idfp3
44 0 123997 7 11.457546 idfp3
44 0 125742 8 11.457546 idfp3
44 0 1738 9 11.061074 idfp3
45 0 3204917 0 70.34771 idfp3
45 0 145772 1 54.22966 idfp3
45 0 145861 2 52.19659 idfp3
45 0 866024 3 48.868248 idfp3
45 0 858802 4 48.868248 idfp3
45 0 800568 5 45.74022 idfp3
45 0 150542 6 45.54574 idfp3
45 0 137725 7 44.16414 idfp3
45 0 4089982 8 42.91478 idfp3
45 0 145903 9 42.628345 idfp3
46 0 866024 0 147.60873 idfp3
46 0 858802 1 147.60873 idfp3
46 0 623145 2 96.5018 idfp3
46 0 3204917 3 87.57012 idfp3
46 0 2657927 4 77.97028 idfp3
46 0 903971 5 72.93005 idfp3
46 0 2959742 6 72.93005 idfp3
46 0 2804673 7 71.9231 idfp3
46 0 1732 8 70.90998 idfp3
46 0 145861 9 63.29546 idfp3
47 0 2674861 0 62.729774 idfp3
47 0 2675754 1 62.729774 idfp3
47 0 2671723 2 33.26554 idfp3
47 0 2790213 3 29.609858 idfp3
47 0 2678133 4 29.267294 idfp3
47 0 821305 5 29.117785 idfp3
47 0 145634 6 27.109346 idfp3
47 0 2679835 7 26.851479 idfp3
47 0 2679558 8 26.792694 idfp3
47 0 94407 9 26.6544 idfp3
48 0 2674861 0 46.863163 idfp3
48 0 2675754 1 46.863163 idfp3
48 0 4151822 2 25.589203 idfp3
48 0 146982 3 24.893064 idfp3
48 0 3195890 4 23.56483 idfp3
48 0 3181025 5 23.19421 idfp3
48 0 1036341 6 22.158358 idfp3
48 0 182992 7 22.140839 idfp3
48 0 625711 8 22.03096 idfp3
48 0 205316 9 21.299078 idfp3
49 0 2810525 0 48.08983 idfp3
49 0 2811847 1 48.08983 idfp3
49 0 4162535 2 31.905758 idfp3
49 0 4151826 3 30.104927 idfp3
49 0 2812210 4 29.165157 idfp3
49 0 2809767 5 27.990963 idfp3
49 0 2811850 6 27.990963 idfp3
49 0 2777833 7 27.397287 idfp3
49 0 3207858 8 27.299528 idfp3
49 0 4162110 9 26.828243 idfp3
50 0 3153112 0 54.083893 idfp3
50 0 2810525 1 48.08983 idfp3
50 0 2811847 2 48.08983 idfp3
50 0 4162535 3 45.388447 idfp3
50 0 4151826 4 30.104927 idfp3
50 0 2812210 5 28.48251 idfp3
50 0 3204917 6 27.699291 idfp3
50 0 3207858 7 27.299528 idfp3
50 0 2809767 8 27.129505 idfp3
50 0 2811850 9 27.129505 idfp3
51 0 2752078 0 31.324945 idfp3
51 0 616433 1 29.771357 idfp3
51 0 3203658 2 27.489492 idfp3
51 0 178546 3 26.611979 idfp3
51 0 2812585 4 26.087906 idfp3
51 0 616869 5 25.520264 idfp3
51 0 181012 6 24.226355 idfp3
51 0 148799 7 23.609974 idfp3
51 0 616807 8 23.362133 idfp3
51 0 2742710 9 23.1138 idfp3
52 0 90150 0 19.887411 idfp3
52 0 85447 1 17.291092 idfp3
52 0 112770 2 17.02027 idfp3
52 0 112005 3 16.771301 idfp3
52 0 86225 4 16.636337 idfp3
52 0 91913 5 16.212841 idfp3
52 0 85111 6 15.944949 idfp3
52 0 90370 7 15.494654 idfp3
52 0 90314 8 15.397133 idfp3
52 0 85235 9 14.976601 idfp3
53 0 2808291 0 35.712646 idfp3
53 0 2771250 1 35.36695 idfp3
53 0 799985 2 32.843185 idfp3
53 0 815689 3 29.667313 idfp3
53 0 145792 4 29.456518 idfp3
53 0 1744 5 29.381453 idfp3
53 0 145924 6 27.759878 idfp3
53 0 148483 7 27.415676 idfp3
53 0 2655591 8 27.215885 idfp3
53 0 145766 9 26.206886 idfp3
54 0 872994 0 63.50979 idfp3
54 0 811777 1 53.165535 idfp3
54 0 943668 2 52.293407 idfp3
54 0 811778 3 50.419777 idfp3
54 0 931123 4 49.307625 idfp3
54 0 2679557 5 41.60264 idfp3
54 0 815689 6 40.11364 idfp3
54 0 2808291 7 39.936676 idfp3
54 0 620566 8 37.599285 idfp3
54 0 2675752 9 36.840874 idfp3
55 0 4154603 0 71.08913 idfp3
55 0 145855 1 48.219646 idfp3
55 0 145731 2 42.755188 idfp3
55 0 145629 3 38.914272 idfp3
55 0 145917 4 32.714222 idfp3
55 0 111261 5 31.4885 idfp3
55 0 2676594 6 30.824677 idfp3
55 0 118269 7 30.391508 idfp3
55 0 2675753 8 30.206757 idfp3
55 0 2679204 9 30.206757 idfp3
56 0 4154603 0 114.79198 idfp3
56 0 145731 1 65.01529 idfp3
56 0 118269 2 58.55698 idfp3
56 0 112910 3 58.163418 idfp3
56 0 145855 4 49.247368 idfp3
56 0 145629 5 48.31763 idfp3
56 0 111261 6 47.487118 idfp3
56 0 110774 7 46.645226 idfp3
56 0 111420 8 43.762943 idfp3
56 0 1993216 9 43.194485 idfp3
57 0 800859 0 34.364605 idfp3
57 0 118075 1 34.00121 idfp3
57 0 867644 2 33.011833 idfp3
57 0 800569 3 31.912695 idfp3
57 0 802408 4 30.137901 idfp3
57 0 145903 5 30.117357 idfp3
57 0 117856 6 29.636879 idfp3
57 0 212970 7 29.202486 idfp3
57 0 205720 8 28.567644 idfp3
57 0 145815 9 25.21959 idfp3
58 0 145735 0 51.03719 idfp3
58 0 217702 1 41.57978 idfp3
58 0 4172497 2 37.44857 idfp3
58 0 4104822 3 35.725285 idfp3
58 0 2676592 4 33.7925 idfp3
58 0 145800 5 33.578114 idfp3
58 0 2806207 6 32.333282 idfp3
58 0 2803251 7 32.32066 idfp3
58 0 108547 8 32.17579 idfp3
58 0 106179 9 31.413631 idfp3
59 0 2788983 0 128.98451 idfp3
59 0 4170685 1 114.4991 idfp3
59 0 3205767 2 97.39119 idfp3
59 0 118037 3 94.05969 idfp3
59 0 118040 4 89.64717 idfp3
59 0 118129 5 87.6598 idfp3
59 0 1087691 6 86.6974 idfp3
59 0 145627 7 86.65875 idfp3
59 0 117968 8 84.97403 idfp3
59 0 118422 9 82.08319 idfp3
60 0 3195891 0 123.19348 idfp3
60 0 4170685 1 94.14471 idfp3
60 0 2788983 2 90.24615 idfp3
60 0 621195 3 83.833496 idfp3
60 0 621270 4 83.833496 idfp3
60 0 118129 5 77.309685 idfp3
60 0 931614 6 75.68766 idfp3
60 0 118334 7 75.07957 idfp3
60 0 145627 8 70.09579 idfp3
60 0 130158 9 66.678215 idfp3
61 0 145743 0 67.5785 idfp3
61 0 145923 1 64.49735 idfp3
61 0 2812210 2 58.821938 idfp3
61 0 112854 3 58.63616 idfp3
61 0 218457 4 53.459698 idfp3
61 0 219815 5 53.31086 idfp3
61 0 118117 6 47.129448 idfp3
61 0 179213 7 46.18279 idfp3
61 0 3195092 8 45.539604 idfp3
61 0 145808 9 44.55052 idfp3
62 0 2812210 0 26.337269 idfp3
62 0 110661 1 24.875061 idfp3
62 0 110926 2 22.972645 idfp3
62 0 118299 3 20.471455 idfp3
62 0 111342 4 20.320879 idfp3
62 0 117875 5 18.863125 idfp3
62 0 2155 6 18.659443 idfp3
62 0 108937 7 18.152935 idfp3
62 0 109846 8 18.053844 idfp3
62 0 802792 9 17.619024 idfp3
63 0 2812589 0 25.782887 idfp3
63 0 2959749 1 25.782887 idfp3
63 0 118148 2 24.326103 idfp3
63 0 2784695 3 22.658947 idfp3
63 0 3191119 4 20.948841 idfp3
63 0 117935 5 20.9245 idfp3
63 0 2680590 6 20.841734 idfp3
63 0 2959745 7 20.841734 idfp3
63 0 112803 8 19.872465 idfp3
63 0 117927 9 18.594904 idfp3
64 0 3205767 0 43.71551 idfp3
64 0 3205768 1 37.14879 idfp3
64 0 3214775 2 36.40635 idfp3
64 0 2758568 3 32.79738 idfp3
64 0 3207860 4 32.637756 idfp3
64 0 3205736 5 30.970541 idfp3
64 0 821189 6 30.888113 idfp3
64 0 3197367 7 30.193323 idfp3
64 0 2809766 8 30.13897 idfp3
64 0 2811849 9 30.13897 idfp3
65 0 118123 0 76.95975 idfp3
65 0 110645 1 40.08326 idfp3
65 0 3211501 2 38.199852 idfp3
65 0 3199502 3 38.136456 idfp3
65 0 4151825 4 37.022133 idfp3
65 0 150540 5 36.958923 idfp3
65 0 149286 6 30.079197 idfp3
65 0 2654532 7 29.669449 idfp3
65 0 4102799 8 29.50958 idfp3
65 0 3204919 9 28.175428 idfp3
66 0 3211501 0 69.34947 idfp3
66 0 3214775 1 62.67814 idfp3
66 0 145867 2 61.13385 idfp3
66 0 118123 3 55.46098 idfp3
66 0 3214774 4 52.84142 idfp3
66 0 218667 5 44.976063 idfp3
66 0 3207861 6 43.03825 idfp3
66 0 3195445 7 41.624947 idfp3
66 0 3216389 8 40.85993 idfp3
66 0 4151827 9 40.484478 idfp3
67 0 145800 0 92.423546 idfp3
67 0 867645 1 81.11567 idfp3
67 0 103675 2 46.87565 idfp3
67 0 106757 3 33.3988 idfp3
67 0 104522 4 31.931002 idfp3
67 0 108330 5 31.44503 idfp3
67 0 103721 6 31.372751 idfp3
67 0 103916 7 30.4232 idfp3
67 0 107938 8 28.937223 idfp3
67 0 103678 9 28.917187 idfp3
68 0 145800 0 81.49705 idfp3
68 0 867645 1 59.54719 idfp3
68 0 88704 2 43.32045 idfp3
68 0 97893 3 42.683765 idfp3
68 0 87585 4 38.997166 idfp3
68 0 94177 5 37.493076 idfp3
68 0 88819 6 37.49166 idfp3
68 0 88756 7 37.474876 idfp3
68 0 92402 8 34.55786 idfp3
68 0 101291 9 33.87557 idfp3
69 0 3214778 0 40.711807 idfp3
69 0 2959743 1 39.360096 idfp3
69 0 858289 2 39.360096 idfp3
69 0 149289 3 37.408707 idfp3
69 0 219733 4 35.198975 idfp3
69 0 220342 5 35.198975 idfp3
69 0 182558 6 35.090866 idfp3
69 0 149006 7 34.998585 idfp3
69 0 2959744 8 34.87033 idfp3
69 0 855518 9 34.87033 idfp3
70 0 182558 0 44.4009 idfp3
70 0 931120 1 41.962593 idfp3
70 0 931121 2 40.914906 idfp3
70 0 2790213 3 39.265377 idfp3
70 0 3214778 4 39.102192 idfp3
70 0 868384 5 38.60808 idfp3
70 0 866022 6 38.119225 idfp3
70 0 2801433 7 37.98639 idfp3
70 0 147528 8 37.408966 idfp3
70 0 149289 9 37.030758 idfp3
71 0 145121 0 41.582817 idfp3
71 0 112914 1 38.51498 idfp3
71 0 3189783 2 35.079544 idfp3
71 0 118052 3 34.24255 idfp3
71 0 112904 4 33.947918 idfp3
71 0 118287 5 32.640457 idfp3
71 0 118234 6 30.601006 idfp3
71 0 106096 7 29.670912 idfp3
71 0 103775 8 28.639164 idfp3
71 0 118005 9 28.29987 idfp3
72 0 118052 0 49.978207 idfp3
72 0 145121 1 46.011 idfp3
72 0 112904 2 44.60669 idfp3
72 0 118234 3 41.782024 idfp3
72 0 112914 4 41.741455 idfp3
72 0 118005 5 39.890553 idfp3
72 0 3189783 6 39.229904 idfp3
72 0 106096 7 29.203272 idfp3
72 0 101907 8 28.835075 idfp3
72 0 91596 9 26.634111 idfp3
73 0 145624 0 20.703678 idfp3
73 0 812524 1 19.930622 idfp3
73 0 110175 2 19.181393 idfp3
73 0 1087954 3 18.856329 idfp3
73 0 2804674 4 18.531885 idfp3
73 0 118043 5 18.271156 idfp3
73 0 110540 6 17.898897 idfp3
73 0 137725 7 17.070469 idfp3
73 0 106183 8 16.65049 idfp3
73 0 145638 9 16.450695 idfp3
74 0 109284 0 43.036514 idfp3
74 0 2804674 1 40.102127 idfp3
74 0 107904 2 39.63848 idfp3
74 0 2675749 3 35.270634 idfp3
74 0 112774 4 33.262836 idfp3
74 0 127908 5 28.520508 idfp3
74 0 110798 6 28.324844 idfp3
74 0 111245 7 27.417118 idfp3
74 0 219511 8 26.226784 idfp3
74 0 219616 9 26.226784 idfp3
75 0 92916 0 31.909351 idfp3
75 0 89410 1 31.886082 idfp3
75 0 867657 2 31.44331 idfp3
75 0 103554 3 29.482534 idfp3
75 0 1210205 4 29.35631 idfp3
75 0 96318 5 28.20897 idfp3
75 0 92680 6 27.763128 idfp3
75 0 88610 7 26.36056 idfp3
75 0 2672535 8 26.218191 idfp3
75 0 2670965 9 25.85158 idfp3
76 0 110964 0 34.31524 idfp3
76 0 112435 1 32.75053 idfp3
76 0 1732 2 30.767733 idfp3
76 0 112430 3 29.399311 idfp3
76 0 3203656 4 27.582067 idfp3
76 0 3206414 5 27.582067 idfp3
76 0 111872 6 27.497705 idfp3
76 0 821306 7 27.48164 idfp3
76 0 112932 8 27.318838 idfp3
76 0 145764 9 27.304293 idfp3
77 0 4151822 0 64.13312 idfp3
77 0 2812588 1 57.76281 idfp3
77 0 2770446 2 56.192486 idfp3
77 0 145817 3 54.24754 idfp3
77 0 134747 4 47.442913 idfp3
77 0 112726 5 46.879986 idfp3
77 0 4162110 6 45.6957 idfp3
77 0 145647 7 45.666695 idfp3
77 0 4171965 8 43.874046 idfp3
77 0 111029 9 42.871017 idfp3
78 0 112358 0 21.858053 idfp3
78 0 616862 1 21.560244 idfp3
78 0 3207858 2 20.636658 idfp3
78 0 118196 3 20.284542 idfp3
78 0 799976 4 19.12818 idfp3
78 0 2812588 5 18.370031 idfp3
78 0 108496 6 17.72943 idfp3
78 0 111785 7 17.550694 idfp3
78 0 118022 8 17.514393 idfp3
78 0 112601 9 17.335728 idfp3
79 0 111009 0 68.426765 idfp3
79 0 111470 1 64.37621 idfp3
79 0 118143 2 59.593464 idfp3
79 0 110221 3 32.86287 idfp3
79 0 2680438 4 30.627449 idfp3
79 0 2771753 5 20.681555 idfp3
79 0 109015 6 20.250597 idfp3
79 0 106328 7 20.21212 idfp3
79 0 821306 8 20.186575 idfp3
79 0 92440 9 19.624952 idfp3
80 0 111470 0 43.141155 idfp3
80 0 111009 1 41.857227 idfp3
80 0 118143 2 33.870193 idfp3
80 0 145932 3 31.044687 idfp3
80 0 821306 4 23.451542 idfp3
80 0 217514 5 21.859715 idfp3
80 0 2642830 6 21.197018 idfp3
80 0 145876 7 20.978428 idfp3
80 0 218133 8 20.745953 idfp3
80 0 182990 9 20.647572 idfp3
81 0 148484 0 46.883514 idfp3
81 0 112440 1 36.53586 idfp3
81 0 122253 2 28.880495 idfp3
81 0 117833 3 26.460827 idfp3
81 0 118445 4 24.299595 idfp3
81 0 799981 5 21.657015 idfp3
81 0 145755 6 21.639952 idfp3
81 0 145121 7 20.876028 idfp3
81 0 216735 8 19.459236 idfp3
81 0 216806 9 19.459236 idfp3
82 0 2803250 0 42.69289 idfp3
82 0 127900 1 42.44578 idfp3
82 0 1726 2 42.334835 idfp3
82 0 216735 3 40.619873 idfp3
82 0 216806 4 40.619873 idfp3
82 0 118368 5 39.80123 idfp3
82 0 145865 6 35.772373 idfp3
82 0 799981 7 32.627132 idfp3
82 0 118126 8 31.158422 idfp3
82 0 145625 9 25.024883 idfp3
83 0 145859 0 56.47058 idfp3
83 0 145870 1 47.390617 idfp3
83 0 111103 2 42.172634 idfp3
83 0 112922 3 39.81331 idfp3
83 0 110289 4 35.81611 idfp3
83 0 111151 5 35.57031 idfp3
83 0 110449 6 34.782204 idfp3
83 0 109894 7 34.604877 idfp3
83 0 108374 8 33.888348 idfp3
83 0 112352 9 32.784103 idfp3
84 0 145859 0 60.53792 idfp3
84 0 145870 1 47.390617 idfp3
84 0 112922 2 45.657173 idfp3
84 0 111103 3 44.01462 idfp3
84 0 111151 4 41.22435 idfp3
84 0 800858 5 38.970318 idfp3
84 0 111664 6 37.865448 idfp3
84 0 122251 7 37.82093 idfp3
84 0 109200 8 37.670204 idfp3
84 0 110289 9 37.44105 idfp3
85 0 2959737 0 84.565956 idfp3
85 0 802973 1 83.84161 idfp3
85 0 803271 2 83.84161 idfp3
85 0 3171724 3 57.523075 idfp3
85 0 3177199 4 57.523075 idfp3
85 0 3177200 5 57.523075 idfp3
85 0 3205766 6 49.24479 idfp3
85 0 150543 7 48.649006 idfp3
85 0 2959732 8 48.649006 idfp3
85 0 146553 9 48.62461 idfp3
86 0 3205766 0 52.006824 idfp3
86 0 3171724 1 50.037518 idfp3
86 0 3177199 2 50.037518 idfp3
86 0 3177200 3 50.037518 idfp3
86 0 802973 4 49.92795 idfp3
86 0 803271 5 49.92795 idfp3
86 0 2959737 6 49.92795 idfp3
86 0 150543 7 48.165833 idfp3
86 0 2959732 8 48.165833 idfp3
86 0 146553 9 47.64208 idfp3
87 0 143378 0 20.573269 idfp3
87 0 104480 1 19.560768 idfp3
87 0 104998 2 17.731323 idfp3
87 0 111446 3 16.770971 idfp3
87 0 1088038 4 16.457697 idfp3
87 0 136998 5 15.888827 idfp3
87 0 111905 6 15.849295 idfp3
87 0 145818 7 15.363985 idfp3
87 0 104995 8 15.124893 idfp3
87 0 118029 9 14.948468 idfp3
88 0 2654277 0 38.500435 idfp3
88 0 182991 1 30.520311 idfp3
88 0 3191117 2 29.622396 idfp3
88 0 182992 3 29.329527 idfp3
88 0 149653 4 28.401823 idfp3
88 0 625832 5 27.51133 idfp3
88 0 626055 6 27.51133 idfp3
88 0 145897 7 26.875938 idfp3
88 0 145633 8 25.498629 idfp3
88 0 111539 9 23.654465 idfp3
89 0 2770446 0 105.93255 idfp3
89 0 4151822 1 104.57648 idfp3
89 0 2812588 2 89.8607 idfp3
89 0 4162110 3 68.28861 idfp3
89 0 145817 4 46.020443 idfp3
89 0 134747 5 42.92231 idfp3
89 0 145954 6 41.826046 idfp3
89 0 145647 7 38.963295 idfp3
89 0 145969 8 35.956596 idfp3
89 0 111203 9 32.07266 idfp3
90 0 4151822 0 118.71579 idfp3
90 0 2812588 1 95.98818 idfp3
90 0 2770446 2 87.1917 idfp3
90 0 4162110 3 69.860916 idfp3
90 0 4106440 4 52.1517 idfp3
90 0 4162535 5 45.420242 idfp3
90 0 4151825 6 43.6377 idfp3
90 0 3181025 7 43.497807 idfp3
90 0 145817 8 42.251785 idfp3
90 0 4151819 9 41.464172 idfp3
91 0 3212514 0 127.26529 idfp3
91 0 109857 1 52.25262 idfp3
91 0 145782 2 49.872635 idfp3
91 0 112439 3 42.291492 idfp3
91 0 134732 4 41.560497 idfp3
91 0 111278 5 41.551514 idfp3
91 0 145785 6 38.6869 idfp3
91 0 145892 7 36.730545 idfp3
91 0 1748 8 34.45035 idfp3
91 0 2675751 9 32.38313 idfp3
92 0 3212514 0 127.148094 idfp3
92 0 109857 1 51.476734 idfp3
92 0 112439 2 42.342026 idfp3
92 0 134732 3 41.560497 idfp3
92 0 111278 4 41.551514 idfp3
92 0 110249 5 41.012928 idfp3
92 0 145892 6 36.720413 idfp3
92 0 118507 7 36.41303 idfp3
92 0 1087959 8 35.236668 idfp3
92 0 3007018 9 33.52755 idfp3
93 0 145901 0 71.00513 idfp3
93 0 118334 1 67.369995 idfp3
93 0 130158 2 61.691048 idfp3
93 0 931614 3 61.309868 idfp3
93 0 118129 4 60.908543 idfp3
93 0 112824 5 60.506744 idfp3
93 0 117874 6 59.600002 idfp3
93 0 2788983 7 57.679493 idfp3
93 0 118107 8 57.506504 idfp3
93 0 112905 9 56.56051 idfp3
94 0 931614 0 75.66796 idfp3
94 0 145901 1 66.89487 idfp3
94 0 2788983 2 62.42278 idfp3
94 0 4151827 3 58.352764 idfp3
94 0 118129 4 57.113953 idfp3
94 0 117874 5 53.88243 idfp3
94 0 130158 6 53.037323 idfp3
94 0 145627 7 51.872116 idfp3
94 0 112824 8 51.79632 idfp3
94 0 118334 9 51.15902 idfp3
95 0 108555 0 42.058437 idfp3
95 0 105495 1 40.40207 idfp3
95 0 107232 2 37.066784 idfp3
95 0 106171 3 35.09304 idfp3
95 0 107475 4 28.755417 idfp3
95 0 103631 5 25.74598 idfp3
95 0 101996 6 23.092052 idfp3
95 0 106073 7 22.563122 idfp3
95 0 4172497 8 22.29365 idfp3
95 0 112750 9 22.24053 idfp3
96 0 108555 0 56.69926 idfp3
96 0 103631 1 51.793747 idfp3
96 0 105495 2 34.862503 idfp3
96 0 92746 3 30.77419 idfp3
96 0 96542 4 29.317425 idfp3
96 0 93739 5 29.219833 idfp3
96 0 92705 6 26.8415 idfp3
96 0 96341 7 26.661179 idfp3
96 0 107232 8 26.113268 idfp3
96 0 96850 9 26.03174 idfp3
97 0 112101 0 45.723648 idfp3
97 0 111922 1 29.526024 idfp3
97 0 623142 2 23.297867 idfp3
97 0 820748 3 19.359035 idfp3
97 0 2959743 4 18.31642 idfp3
97 0 858289 5 18.31642 idfp3
97 0 117959 6 18.27671 idfp3
97 0 146554 7 16.820805 idfp3
97 0 3181482 8 15.91034 idfp3
97 0 111794 9 15.779581 idfp3
98 0 118467 0 18.332367 idfp3
98 0 134732 1 17.408155 idfp3
98 0 112092 2 16.539783 idfp3
98 0 106593 3 16.14965 idfp3
98 0 2655591 4 15.553386 idfp3
98 0 2676593 5 15.249845 idfp3
98 0 112151 6 14.625607 idfp3
98 0 110156 7 14.615247 idfp3
98 0 108100 8 14.492639 idfp3
98 0 112076 9 13.934445 idfp3
99 0 112267 0 70.18998 idfp3
99 0 111884 1 46.99791 idfp3
99 0 110552 2 31.656607 idfp3
99 0 112723 3 30.891336 idfp3
99 0 110578 4 30.307055 idfp3
99 0 854177 5 29.312649 idfp3
99 0 107933 6 28.29586 idfp3
99 0 111695 7 25.79462 idfp3
99 0 145914 8 25.678854 idfp3
99 0 110098 9 25.56782 idfp3
100 0 112267 0 49.416336 idfp3
100 0 110552 1 40.493015 idfp3
100 0 102592 2 38.803024 idfp3
100 0 102906 3 36.827 idfp3
100 0 91843 4 36.047516 idfp3
100 0 100701 5 35.840397 idfp3
100 0 104883 6 35.145447 idfp3
100 0 111884 7 34.055305 idfp3
100 0 102294 8 33.96555 idfp3
100 0 110098 9 33.580143 idfp3
