1 0 3204919 0 68.75769 idfp5
1 0 802972 1 56.450638 idfp5
1 0 2649076 2 56.16129 idfp5
1 0 4164893 3 53.920944 idfp5
1 0 2809767 4 52.776997 idfp5
1 0 2811850 5 52.776997 idfp5
1 0 2804671 6 52.688084 idfp5
1 0 149702 7 52.110565 idfp5
1 0 4151827 8 51.79538 idfp5
1 0 2812210 9 51.20198 idfp5
2 0 103631 0 50.80497 idfp5
2 0 145692 1 48.054703 idfp5
2 0 103549 2 47.466194 idfp5
2 0 104671 3 45.009777 idfp5
2 0 104571 4 41.770264 idfp5
2 0 108555 5 40.765083 idfp5
2 0 105116 6 39.139256 idfp5
2 0 103644 7 38.344303 idfp5
2 0 2680590 8 38.316483 idfp5
2 0 2959745 9 38.316483 idfp5
3 0 3162143 0 73.09417 idfp5
3 0 215496 1 66.46426 idfp5
3 0 215694 2 66.46426 idfp5
3 0 2959735 3 66.46321 idfp5
3 0 145890 4 64.12152 idfp5
3 0 118248 5 60.982098 idfp5
3 0 903973 6 59.165134 idfp5
3 0 118475 7 58.611904 idfp5
3 0 112584 8 57.985435 idfp5
3 0 118394 9 57.690304 idfp5
4 0 215694 0 150.83286 idfp5
4 0 2959735 1 150.83076 idfp5
4 0 215496 2 150.81429 idfp5
4 0 623142 3 134.01163 idfp5
4 0 118029 4 129.35396 idfp5
4 0 3162143 5 127.06232 idfp5
4 0 149007 6 112.12244 idfp5
4 0 903973 7 96.77761 idfp5
4 0 78783 8 83.95182 idfp5
4 0 812450 9 82.54239 idfp5
5 0 2672209 0 52.135864 idfp5
5 0 2657779 1 52.135864 idfp5
5 0 145652 2 50.193485 idfp5
5 0 110831 3 50.017906 idfp5
5 0 110056 4 46.95389 idfp5
5 0 183480 5 46.509235 idfp5
5 0 107162 6 42.935196 idfp5
5 0 1740 7 42.84293 idfp5
5 0 118217 8 42.110855 idfp5
5 0 112708 9 41.632877 idfp5
6 0 110654 0 84.16366 idfp5
6 0 110056 1 67.7501 idfp5
6 0 183480 2 56.47805 idfp5
6 0 117932 3 49.818962 idfp5
6 0 3203656 4 47.54405 idfp5
6 0 3206414 5 47.54405 idfp5
6 0 111114 6 45.125305 idfp5
6 0 111258 7 44.083042 idfp5
6 0 110789 8 38.015167 idfp5
6 0 108449 9 32.946575 idfp5
7 0 147531 0 36.193584 idfp5
7 0 147530 1 35.060856 idfp5
7 0 110932 2 34.554028 idfp5
7 0 2672535 3 33.74639 idfp5
7 0 127913 4 33.120293 idfp5
7 0 3195892 5 33.11201 idfp5
7 0 2678467 6 32.99504 idfp5
7 0 2679202 7 32.99504 idfp5
7 0 2959746 8 32.99504 idfp5
7 0 145715 9 32.819912 idfp5
8 0 134749 0 89.02049 idfp5
8 0 112174 1 86.23016 idfp5
8 0 145715 2 76.32039 idfp5
8 0 145868 3 73.96419 idfp5
8 0 147531 4 71.74272 idfp5
8 0 112834 5 71.30438 idfp5
8 0 2678467 6 70.83899 idfp5
8 0 2679202 7 70.83899 idfp5
8 0 2959746 8 70.83899 idfp5
8 0 110932 9 66.056496 idfp5
9 0 2675751 0 83.0384 idfp5
9 0 854177 1 71.55321 idfp5
9 0 147530 2 67.53182 idfp5
9 0 118317 3 67.03455 idfp5
9 0 118212 4 66.204765 idfp5
9 0 112641 5 65.808975 idfp5
9 0 2758569 6 63.562027 idfp5
9 0 127923 7 62.381992 idfp5
9 0 2679557 8 61.28605 idfp5
9 0 145678 9 61.021973 idfp5
10 0 118087 0 80.37086 idfp5
10 0 111500 1 75.808815 idfp5
10 0 147531 2 71.4127 idfp5
10 0 118504 3 70.375824 idfp5
10 0 134743 4 68.90618 idfp5
10 0 112423 5 67.98977 idfp5
10 0 145909 6 67.94431 idfp5
10 0 118236 7 66.87149 idfp5
10 0 118118 8 66.4049 idfp5
10 0 214949 9 65.73192 idfp5
11 0 2810524 0 51.946648 idfp5
11 0 2811846 1 51.946648 idfp5
11 0 873668 2 47.13093 idfp5
11 0 3007018 3 46.080482 idfp5
11 0 2670966 4 46.0325 idfp5
11 0 3197746 5 44.430252 idfp5
11 0 2812210 6 43.592087 idfp5
11 0 4151830 7 43.127968 idfp5
11 0 811228 8 43.032547 idfp5
11 0 2809767 9 42.824814 idfp5
12 0 2672535 0 64.374054 idfp5
12 0 3204919 1 47.079292 idfp5
12 0 3216389 2 45.85444 idfp5
12 0 3207860 3 43.040665 idfp5
12 0 4155979 4 43.03594 idfp5
12 0 3197367 5 42.924065 idfp5
12 0 4168362 6 41.739407 idfp5
12 0 4170685 7 41.327087 idfp5
12 0 3217422 8 41.04618 idfp5
12 0 3211503 9 40.9208 idfp5
13 0 2812588 0 61.68614 idfp5
13 0 145967 1 58.753418 idfp5
13 0 4162111 2 58.35732 idfp5
13 0 2642828 3 56.524837 idfp5
13 0 4106440 4 51.734886 idfp5
13 0 802973 5 50.15164 idfp5
13 0 803271 6 50.15164 idfp5
13 0 2959737 7 50.15164 idfp5
13 0 2959730 8 49.713566 idfp5
13 0 614392 9 46.26835 idfp5
14 0 614392 0 44.189915 idfp5
14 0 614485 1 44.189915 idfp5
14 0 2812588 2 40.038483 idfp5
14 0 2153 3 39.920567 idfp5
14 0 145967 4 39.746193 idfp5
14 0 108730 5 37.67077 idfp5
14 0 124715 6 34.692467 idfp5
14 0 2670965 7 33.43841 idfp5
14 0 112316 8 33.16104 idfp5
14 0 118296 9 33.113884 idfp5
15 0 2812588 0 106.87713 idfp5
15 0 4151822 1 94.76984 idfp5
15 0 4171965 2 74.45078 idfp5
15 0 2770446 3 72.327965 idfp5
15 0 2809767 4 61.814056 idfp5
15 0 2811850 5 61.814056 idfp5
15 0 4162111 6 60.205578 idfp5
15 0 2812210 7 59.18956 idfp5
15 0 2771249 8 58.934715 idfp5
15 0 3153112 9 57.62425 idfp5
16 0 4151822 0 96.95854 idfp5
16 0 2770446 1 57.963203 idfp5
16 0 2812588 2 55.212498 idfp5
16 0 4162111 3 49.96683 idfp5
16 0 4171965 4 47.654198 idfp5
16 0 145817 5 44.41956 idfp5
16 0 3170728 6 43.739685 idfp5
16 0 1921234 7 43.256855 idfp5
16 0 4162936 8 42.87705 idfp5
16 0 4162535 9 42.144176 idfp5
17 0 148484 0 37.53365 idfp5
17 0 4161362 1 35.02398 idfp5
17 0 2783506 2 33.6318 idfp5
17 0 2670966 3 33.618248 idfp5
17 0 4151826 4 33.45117 idfp5
17 0 145635 5 33.386517 idfp5
17 0 858288 6 33.323383 idfp5
17 0 2672535 7 33.30287 idfp5
17 0 145865 8 33.198883 idfp5
17 0 109218 9 32.612278 idfp5
18 0 205712 0 92.34977 idfp5
18 0 148484 1 80.77007 idfp5
18 0 620566 2 69.614334 idfp5
18 0 219106 3 67.94204 idfp5
18 0 219194 4 67.94204 idfp5
18 0 219618 5 67.88495 idfp5
18 0 821306 6 67.430786 idfp5
18 0 217512 7 66.5334 idfp5
18 0 182990 8 65.96925 idfp5
18 0 1753 9 65.756546 idfp5
19 0 2654533 0 99.27435 idfp5
19 0 2654756 1 99.27435 idfp5
19 0 4172500 2 64.1494 idfp5
19 0 4151825 3 61.812237 idfp5
19 0 2781925 4 60.538166 idfp5
19 0 2670966 5 59.02475 idfp5
19 0 2760668 6 58.895668 idfp5
19 0 2679558 7 58.286327 idfp5
19 0 4151826 8 57.82543 idfp5
19 0 112775 9 57.819515 idfp5
20 0 2654533 0 102.302704 idfp5
20 0 2654756 1 102.302704 idfp5
20 0 4151825 2 62.38996 idfp5
20 0 4172500 3 61.174427 idfp5
20 0 2781925 4 58.820553 idfp5
20 0 112775 5 58.09794 idfp5
20 0 2760668 6 55.858418 idfp5
20 0 147528 7 54.908775 idfp5
20 0 2670966 8 54.853954 idfp5
20 0 2657927 9 54.730007 idfp5
21 0 873660 0 96.33404 idfp5
21 0 867657 1 80.43721 idfp5
21 0 117890 2 77.26811 idfp5
21 0 112799 3 76.34081 idfp5
21 0 2659300 4 69.564095 idfp5
21 0 902267 5 69.04349 idfp5
21 0 145925 6 67.62899 idfp5
21 0 3181482 7 67.09444 idfp5
21 0 2804673 8 66.76993 idfp5
21 0 121159 9 65.890854 idfp5
22 0 2659300 0 123.54492 idfp5
22 0 117890 1 109.81859 idfp5
22 0 112799 2 97.38233 idfp5
22 0 145829 3 86.81203 idfp5
22 0 867657 4 84.08137 idfp5
22 0 145925 5 80.20026 idfp5
22 0 118081 6 79.83493 idfp5
22 0 112774 7 78.67983 idfp5
22 0 2781925 8 70.39646 idfp5
22 0 112846 9 69.93226 idfp5
23 0 2810525 0 60.2436 idfp5
23 0 2811847 1 60.2436 idfp5
23 0 118449 2 55.809566 idfp5
23 0 145738 3 52.98786 idfp5
23 0 2801435 4 49.50646 idfp5
23 0 112257 5 44.667034 idfp5
23 0 4162535 6 44.457096 idfp5
23 0 145728 7 44.410877 idfp5
23 0 142878 8 43.324432 idfp5
23 0 137736 9 42.79165 idfp5
24 0 145778 0 28.507622 idfp5
24 0 1738 1 28.429619 idfp5
24 0 802408 2 27.1915 idfp5
24 0 2804671 3 27.042376 idfp5
24 0 2678133 4 24.706137 idfp5
24 0 182558 5 23.754126 idfp5
24 0 616433 6 21.822552 idfp5
24 0 145866 7 20.912607 idfp5
24 0 2790213 8 20.531067 idfp5
24 0 213504 9 19.8072 idfp5
25 0 112616 0 90.204834 idfp5
25 0 2655499 1 62.366714 idfp5
25 0 821305 2 48.39123 idfp5
25 0 108792 3 48.253845 idfp5
25 0 3211503 4 47.974373 idfp5
25 0 110318 5 46.212147 idfp5
25 0 118021 6 44.709183 idfp5
25 0 2621067 7 43.5315 idfp5
25 0 117845 8 43.375122 idfp5
25 0 4104821 9 37.670807 idfp5
26 0 117872 0 79.09538 idfp5
26 0 105698 1 69.535416 idfp5
26 0 112616 2 66.99675 idfp5
26 0 110915 3 63.448475 idfp5
26 0 118424 4 62.535892 idfp5
26 0 112324 5 62.505924 idfp5
26 0 112045 6 62.267303 idfp5
26 0 118026 7 61.998184 idfp5
26 0 110086 8 60.99058 idfp5
26 0 111056 9 59.680527 idfp5
27 0 4157382 0 147.04456 idfp5
27 0 4157405 1 147.04456 idfp5
27 0 111141 2 65.731316 idfp5
27 0 112346 3 65.27565 idfp5
27 0 182992 4 55.196827 idfp5
27 0 112523 5 52.108387 idfp5
27 0 145636 6 50.575947 idfp5
27 0 213842 7 49.63621 idfp5
27 0 111061 8 46.253128 idfp5
27 0 3205736 9 46.032227 idfp5
28 0 4157382 0 124.81804 idfp5
28 0 4157405 1 124.81804 idfp5
28 0 112346 2 70.69933 idfp5
28 0 111141 3 59.322403 idfp5
28 0 118489 4 44.78161 idfp5
28 0 931121 5 44.308727 idfp5
28 0 145636 6 42.945724 idfp5
28 0 620673 7 42.48048 idfp5
28 0 142883 8 42.379913 idfp5
28 0 931120 9 39.892315 idfp5
29 0 111471 0 32.694187 idfp5
29 0 4151826 1 31.788584 idfp5
29 0 118044 2 31.721786 idfp5
29 0 117875 3 31.702707 idfp5
29 0 205788 4 31.271097 idfp5
29 0 118351 5 30.924435 idfp5
29 0 112620 6 30.676973 idfp5
29 0 118381 7 29.838306 idfp5
29 0 109622 8 29.385233 idfp5
29 0 145708 9 29.302612 idfp5
30 0 205788 0 103.77427 idfp5
30 0 218921 1 84.29781 idfp5
30 0 148795 2 83.29308 idfp5
30 0 899483 3 82.83057 idfp5
30 0 4151826 4 82.7138 idfp5
30 0 145841 5 78.422585 idfp5
30 0 626206 6 77.15207 idfp5
30 0 802770 7 76.19612 idfp5
30 0 179213 8 72.98387 idfp5
30 0 145708 9 70.642586 idfp5
31 0 145925 0 47.70443 idfp5
31 0 112486 1 45.48491 idfp5
31 0 112744 2 45.256397 idfp5
31 0 3207859 3 42.850235 idfp5
31 0 110561 4 42.846436 idfp5
31 0 2809763 5 40.73713 idfp5
31 0 111139 6 39.887936 idfp5
31 0 107223 7 38.639454 idfp5
31 0 118501 8 38.43279 idfp5
31 0 616433 9 38.3252 idfp5
32 0 112329 0 63.82019 idfp5
32 0 111434 1 63.452785 idfp5
32 0 1728 2 62.21371 idfp5
32 0 112850 3 60.018356 idfp5
32 0 112447 4 57.17319 idfp5
32 0 112090 5 56.41292 idfp5
32 0 118455 6 53.578987 idfp5
32 0 117853 7 53.27773 idfp5
32 0 111596 8 52.826927 idfp5
32 0 125839 9 52.61935 idfp5
33 0 109535 0 54.782627 idfp5
33 0 121158 1 54.005157 idfp5
33 0 109532 2 53.740696 idfp5
33 0 110795 3 52.8349 idfp5
33 0 802973 4 52.614586 idfp5
33 0 803271 5 52.614586 idfp5
33 0 2959737 6 52.614586 idfp5
33 0 109935 7 50.258327 idfp5
33 0 111863 8 49.79577 idfp5
33 0 112485 9 49.16635 idfp5
34 0 2676594 0 180.42273 idfp5
34 0 2675753 1 175.91782 idfp5
34 0 2679204 2 175.91782 idfp5
34 0 2809767 3 127.430984 idfp5
34 0 2811850 4 127.430984 idfp5
34 0 3216389 5 62.00391 idfp5
34 0 112325 6 57.43774 idfp5
34 0 121158 7 55.814835 idfp5
34 0 137727 8 53.326126 idfp5
34 0 625710 9 50.516655 idfp5
35 0 2678134 0 32.575157 idfp5
35 0 2801432 1 31.28083 idfp5
35 0 148796 2 29.769642 idfp5
35 0 106350 3 29.456419 idfp5
35 0 2803249 4 29.448158 idfp5
35 0 2804677 5 29.446121 idfp5
35 0 94443 6 28.794083 idfp5
35 0 4168362 7 27.31416 idfp5
35 0 205203 8 27.285229 idfp5
35 0 219617 9 27.06667 idfp5
36 0 118319 0 55.874348 idfp5
36 0 118142 1 52.642216 idfp5
36 0 118238 2 51.71271 idfp5
36 0 2670966 3 50.511913 idfp5
36 0 902769 4 49.68702 idfp5
36 0 3170730 5 49.656773 idfp5
36 0 3177197 6 49.656773 idfp5
36 0 118187 7 48.704784 idfp5
36 0 779833 8 48.334923 idfp5
36 0 798511 9 48.334923 idfp5
37 0 4151829 0 42.2432 idfp5
37 0 118269 1 38.81227 idfp5
37 0 118290 2 38.644413 idfp5
37 0 110742 3 38.24435 idfp5
37 0 145629 4 37.54297 idfp5
37 0 110141 5 36.531643 idfp5
37 0 121168 6 36.47473 idfp5
37 0 121171 7 36.14262 idfp5
37 0 110007 8 35.707287 idfp5
37 0 112133 9 35.551373 idfp5
38 0 145855 0 88.2253 idfp5
38 0 4151829 1 81.44038 idfp5
38 0 145731 2 81.36557 idfp5
38 0 118269 3 64.34769 idfp5
38 0 1993216 4 57.339478 idfp5
38 0 112910 5 55.331783 idfp5
38 0 111982 6 52.503677 idfp5
38 0 112292 7 52.45608 idfp5
38 0 110774 8 52.010155 idfp5
38 0 145629 9 51.322407 idfp5
39 0 112568 0 69.17589 idfp5
39 0 118457 1 57.20275 idfp5
39 0 112420 2 55.814312 idfp5
39 0 2674861 3 51.432255 idfp5
39 0 2675754 4 51.432255 idfp5
39 0 2959744 5 51.39813 idfp5
39 0 855518 6 51.39813 idfp5
39 0 111432 7 51.17928 idfp5
39 0 111062 8 49.977283 idfp5
39 0 112273 9 49.479805 idfp5
40 0 105200 0 76.4352 idfp5
40 0 621044 1 71.55465 idfp5
40 0 621090 2 71.55465 idfp5
40 0 2959739 3 71.55465 idfp5
40 0 1731 4 69.82858 idfp5
40 0 122254 5 65.026184 idfp5
40 0 118457 6 63.02895 idfp5
40 0 2959744 7 61.429565 idfp5
40 0 855518 8 61.429565 idfp5
40 0 112273 9 61.144394 idfp5
41 0 112924 0 85.29476 idfp5
41 0 111198 1 72.45814 idfp5
41 0 2810525 2 67.42125 idfp5
41 0 2811847 3 67.42125 idfp5
41 0 112585 4 65.19672 idfp5
41 0 112731 5 64.922134 idfp5
41 0 2654533 6 64.91164 idfp5
41 0 2654756 7 64.91164 idfp5
41 0 145785 8 64.83459 idfp5
41 0 111254 9 63.842136 idfp5
42 0 112585 0 87.55945 idfp5
42 0 2654533 1 82.62543 idfp5
42 0 2654756 2 82.62543 idfp5
42 0 111198 3 80.92386 idfp5
42 0 110132 4 79.69798 idfp5
42 0 112924 5 78.46521 idfp5
42 0 109186 6 77.77683 idfp5
42 0 111891 7 75.40719 idfp5
42 0 109352 8 73.37895 idfp5
42 0 145785 9 73.31007 idfp5
43 0 2680590 0 51.364388 idfp5
43 0 2959745 1 51.364388 idfp5
43 0 112305 2 46.8258 idfp5
43 0 112920 3 44.107243 idfp5
43 0 2784695 4 43.04621 idfp5
43 0 112803 5 42.46075 idfp5
43 0 118148 6 42.325066 idfp5
43 0 2812589 7 40.659817 idfp5
43 0 2959749 8 40.659817 idfp5
43 0 3191119 9 35.883522 idfp5
44 0 92563 0 19.40747 idfp5
44 0 96678 1 18.73119 idfp5
44 0 99616 2 16.872944 idfp5
44 0 92375 3 15.823799 idfp5
44 0 2781925 4 15.657143 idfp5
44 0 802408 5 15.635204 idfp5
44 0 145834 6 15.421582 idfp5
44 0 183480 7 15.353172 idfp5
44 0 99873 8 15.332638 idfp5
44 0 206090 9 15.324974 idfp5
45 0 3204917 0 119.72437 idfp5
45 0 866024 1 93.90991 idfp5
45 0 858802 2 93.90991 idfp5
45 0 150542 3 92.1554 idfp5
45 0 145861 4 90.1676 idfp5
45 0 3181481 5 90.11725 idfp5
45 0 145772 6 89.01716 idfp5
45 0 2959730 7 84.825745 idfp5
45 0 137725 8 81.9881 idfp5
45 0 145780 9 79.36723 idfp5
46 0 866024 0 199.26825 idfp5
46 0 858802 1 199.26825 idfp5
46 0 623145 2 128.17476 idfp5
46 0 3204917 3 110.97272 idfp5
46 0 903971 4 107.36442 idfp5
46 0 2959742 5 107.36442 idfp5
46 0 2804673 6 103.69865 idfp5
46 0 1732 7 99.952034 idfp5
46 0 145764 8 99.74474 idfp5
46 0 2657927 9 98.027824 idfp5
47 0 2674861 0 95.297356 idfp5
47 0 2675754 1 95.297356 idfp5
47 0 2671723 2 53.148087 idfp5
47 0 2678133 3 51.69542 idfp5
47 0 2803251 4 50.738747 idfp5
47 0 3212516 5 49.5758 idfp5
47 0 2790213 6 49.46092 idfp5
47 0 2771250 7 47.844486 idfp5
47 0 2810526 8 47.632782 idfp5
47 0 903973 9 47.626274 idfp5
48 0 2674861 0 85.98354 idfp5
48 0 2675754 1 85.98354 idfp5
48 0 96612 2 46.026207 idfp5
48 0 2646093 3 44.693024 idfp5
48 0 3170727 4 43.62288 idfp5
48 0 111362 5 43.36759 idfp5
48 0 96147 6 42.88424 idfp5
48 0 103019 7 42.76154 idfp5
48 0 2518018 8 42.013187 idfp5
48 0 858085 9 39.214138 idfp5
49 0 2810525 0 57.657486 idfp5
49 0 2811847 1 57.657486 idfp5
49 0 4162535 2 51.423656 idfp5
49 0 4151826 3 43.832867 idfp5
49 0 2812210 4 41.12463 idfp5
49 0 3153112 5 41.05544 idfp5
49 0 2809767 6 40.552128 idfp5
49 0 2811850 7 40.552128 idfp5
49 0 2811845 8 40.09104 idfp5
49 0 2784695 9 37.56711 idfp5
50 0 3153112 0 82.42243 idfp5
50 0 4162535 1 74.12502 idfp5
50 0 2810525 2 58.19528 idfp5
50 0 2811847 3 58.19528 idfp5
50 0 4151826 4 45.355236 idfp5
50 0 3181025 5 45.203686 idfp5
50 0 2812210 6 42.749825 idfp5
50 0 3170730 7 42.279198 idfp5
50 0 3177197 8 42.279198 idfp5
50 0 2809767 9 41.513752 idfp5
51 0 112770 0 47.140694 idfp5
51 0 616433 1 46.978462 idfp5
51 0 213842 2 38.270576 idfp5
51 0 182992 3 37.8928 idfp5
51 0 78783 4 37.72764 idfp5
51 0 2752078 5 37.125427 idfp5
51 0 2675750 6 37.12522 idfp5
51 0 145872 7 35.71458 idfp5
51 0 1753 8 34.23996 idfp5
51 0 873668 9 34.019547 idfp5
52 0 112770 0 37.0438 idfp5
52 0 112931 1 34.02747 idfp5
52 0 802399 2 29.353888 idfp5
52 0 103439 3 28.3438 idfp5
52 0 98744 4 27.912954 idfp5
52 0 112094 5 27.612162 idfp5
52 0 90478 6 27.543568 idfp5
52 0 127887 7 27.495083 idfp5
52 0 127923 8 27.495083 idfp5
52 0 112243 9 27.407372 idfp5
53 0 799985 0 63.975407 idfp5
53 0 2771250 1 59.94346 idfp5
53 0 148483 2 55.975925 idfp5
53 0 2808291 3 55.86512 idfp5
53 0 621045 4 50.365623 idfp5
53 0 815689 5 50.003483 idfp5
53 0 145792 6 49.0607 idfp5
53 0 145664 7 48.682205 idfp5
53 0 145635 8 47.988808 idfp5
53 0 2655591 9 47.972996 idfp5
54 0 872994 0 101.85733 idfp5
54 0 811778 1 84.41739 idfp5
54 0 943668 2 79.14036 idfp5
54 0 811777 3 75.49614 idfp5
54 0 931123 4 70.9378 idfp5
54 0 625711 5 70.80032 idfp5
54 0 2808291 6 58.302216 idfp5
54 0 815689 7 56.8345 idfp5
54 0 866024 8 55.41502 idfp5
54 0 858802 9 55.41502 idfp5
55 0 4154603 0 103.31932 idfp5
55 0 145855 1 78.20926 idfp5
55 0 145731 2 75.95834 idfp5
55 0 145629 3 72.97535 idfp5
55 0 118269 4 71.620445 idfp5
55 0 111261 5 62.916718 idfp5
55 0 112910 6 58.569702 idfp5
55 0 112292 7 57.562 idfp5
55 0 111982 8 55.509304 idfp5
55 0 110774 9 55.044117 idfp5
56 0 4154603 0 169.49397 idfp5
56 0 118269 1 114.61178 idfp5
56 0 145731 2 112.08737 idfp5
56 0 112910 3 109.50725 idfp5
56 0 145629 4 94.75113 idfp5
56 0 145855 5 92.29989 idfp5
56 0 111261 6 89.677475 idfp5
56 0 110774 7 87.33358 idfp5
56 0 1993216 8 84.23411 idfp5
56 0 111420 9 83.65847 idfp5
57 0 800569 0 65.8907 idfp5
57 0 800859 1 61.71 idfp5
57 0 867644 2 60.997776 idfp5
57 0 802408 3 60.203022 idfp5
57 0 118297 4 59.31638 idfp5
57 0 205720 5 57.476227 idfp5
57 0 118075 6 57.23728 idfp5
57 0 4170683 7 55.770493 idfp5
57 0 815320 8 55.750294 idfp5
57 0 2671723 9 54.388775 idfp5
58 0 145735 0 73.54184 idfp5
58 0 217702 1 55.011253 idfp5
58 0 2676592 2 49.92622 idfp5
58 0 4172497 3 49.159214 idfp5
58 0 108547 4 47.802044 idfp5
58 0 106179 5 47.587322 idfp5
58 0 112467 6 47.47331 idfp5
58 0 110330 7 47.201694 idfp5
58 0 145800 8 45.606144 idfp5
58 0 106848 9 44.94718 idfp5
59 0 2788983 0 198.27397 idfp5
59 0 4170685 1 173.52132 idfp5
59 0 118037 2 149.31024 idfp5
59 0 145627 3 143.08795 idfp5
59 0 118129 4 141.67958 idfp5
59 0 117968 5 141.36368 idfp5
59 0 118040 6 139.67146 idfp5
59 0 1087691 7 139.32181 idfp5
59 0 3205767 8 122.8787 idfp5
59 0 118422 9 121.93864 idfp5
60 0 3195891 0 196.81683 idfp5
60 0 2788983 1 169.58855 idfp5
60 0 4170685 2 169.13866 idfp5
60 0 145627 3 144.6064 idfp5
60 0 118129 4 141.95853 idfp5
60 0 130158 5 141.5334 idfp5
60 0 621195 6 136.58636 idfp5
60 0 621270 7 136.58636 idfp5
60 0 931614 8 129.48656 idfp5
60 0 117968 9 126.885155 idfp5
61 0 145743 0 112.23063 idfp5
61 0 145923 1 108.609146 idfp5
61 0 2812210 2 108.41787 idfp5
61 0 218457 3 98.094826 idfp5
61 0 112854 4 85.460724 idfp5
61 0 1732 5 85.06052 idfp5
61 0 3195092 6 83.7726 idfp5
61 0 145815 7 82.658325 idfp5
61 0 219815 8 78.59906 idfp5
61 0 2657927 9 75.71871 idfp5
62 0 2812210 0 56.536045 idfp5
62 0 110661 1 44.059864 idfp5
62 0 117875 2 42.663853 idfp5
62 0 118299 3 42.582478 idfp5
62 0 110926 4 42.10679 idfp5
62 0 109077 5 38.76601 idfp5
62 0 3195092 6 37.89542 idfp5
62 0 110091 7 37.541832 idfp5
62 0 109846 8 37.523357 idfp5
62 0 150540 9 36.340836 idfp5
63 0 106985 0 38.26437 idfp5
63 0 2812589 1 38.25745 idfp5
63 0 2959749 2 38.25745 idfp5
63 0 149702 3 38.09786 idfp5
63 0 3191119 4 36.944054 idfp5
63 0 107685 5 36.564835 idfp5
63 0 118148 6 36.351555 idfp5
63 0 104521 7 35.142384 idfp5
63 0 107014 8 34.92175 idfp5
63 0 103694 9 34.79149 idfp5
64 0 3205767 0 55.643204 idfp5
64 0 3205768 1 52.603058 idfp5
64 0 2758568 2 50.23918 idfp5
64 0 4151827 3 50.062576 idfp5
64 0 2809766 4 49.71605 idfp5
64 0 2811849 5 49.71605 idfp5
64 0 3207860 6 45.770058 idfp5
64 0 3205736 7 45.006687 idfp5
64 0 2788983 8 44.9987 idfp5
64 0 4170685 9 44.855167 idfp5
65 0 118123 0 112.17528 idfp5
65 0 150540 1 64.94969 idfp5
65 0 3211501 2 60.36874 idfp5
65 0 3199502 3 59.957935 idfp5
65 0 4151825 4 58.413242 idfp5
65 0 110645 5 57.586143 idfp5
65 0 131165 6 55.098644 idfp5
65 0 4089982 7 54.65065 idfp5
65 0 145883 8 54.434235 idfp5
65 0 3183080 9 52.801796 idfp5
66 0 3211501 0 122.86397 idfp5
66 0 145867 1 103.85953 idfp5
66 0 4151827 2 84.472244 idfp5
66 0 3214775 3 84.02466 idfp5
66 0 3212516 4 82.32918 idfp5
66 0 118123 5 76.14066 idfp5
66 0 3216389 6 75.80832 idfp5
66 0 3195445 7 75.50594 idfp5
66 0 3207861 8 74.706024 idfp5
66 0 3217422 9 73.94721 idfp5
67 0 145800 0 127.34658 idfp5
67 0 867645 1 112.256966 idfp5
67 0 103675 2 76.851135 idfp5
67 0 103721 3 57.98736 idfp5
67 0 106757 4 57.62003 idfp5
67 0 103678 5 55.631573 idfp5
67 0 104522 6 54.83887 idfp5
67 0 107938 7 48.145596 idfp5
67 0 106844 8 47.50745 idfp5
67 0 108330 9 47.00879 idfp5
68 0 145800 0 113.19117 idfp5
68 0 867645 1 85.708206 idfp5
68 0 97893 2 63.310352 idfp5
68 0 103675 3 61.547554 idfp5
68 0 94177 4 60.866467 idfp5
68 0 88704 5 58.8327 idfp5
68 0 103678 6 57.23431 idfp5
68 0 103093 7 56.59899 idfp5
68 0 87585 8 54.287342 idfp5
68 0 97584 9 52.72973 idfp5
69 0 3214778 0 67.699684 idfp5
69 0 2959743 1 58.26457 idfp5
69 0 858289 2 58.26457 idfp5
69 0 149289 3 55.921555 idfp5
69 0 2678467 4 55.905178 idfp5
69 0 2679202 5 55.905178 idfp5
69 0 2959746 6 55.905178 idfp5
69 0 2645422 7 55.580246 idfp5
69 0 219733 8 55.541008 idfp5
69 0 220342 9 55.541008 idfp5
70 0 3214778 0 68.19361 idfp5
70 0 931120 1 67.84966 idfp5
70 0 149289 2 67.16303 idfp5
70 0 182558 3 65.574425 idfp5
70 0 2801433 4 60.9418 idfp5
70 0 147528 5 60.65569 idfp5
70 0 2676593 6 60.15087 idfp5
70 0 2790213 7 60.128197 idfp5
70 0 219733 8 59.420746 idfp5
70 0 220342 9 59.420746 idfp5
71 0 145121 0 75.71832 idfp5
71 0 112914 1 72.70065 idfp5
71 0 118052 2 69.341576 idfp5
71 0 118287 3 67.275696 idfp5
71 0 112904 4 66.81424 idfp5
71 0 3189783 5 65.8719 idfp5
71 0 118005 6 62.839222 idfp5
71 0 118234 7 59.605595 idfp5
71 0 2654533 8 55.249557 idfp5
71 0 2654756 9 55.249557 idfp5
72 0 118052 0 83.35267 idfp5
72 0 112904 1 75.781975 idfp5
72 0 145121 2 72.388535 idfp5
72 0 118005 3 71.36584 idfp5
72 0 112914 4 70.80086 idfp5
72 0 118234 5 70.72497 idfp5
72 0 3189783 6 67.17649 idfp5
72 0 111103 7 59.84927 idfp5
72 0 118287 8 54.922462 idfp5
72 0 2654533 9 54.65759 idfp5
73 0 2804674 0 49.59851 idfp5
73 0 108538 1 43.3268 idfp5
73 0 110692 2 43.055798 idfp5
73 0 1087954 3 42.207005 idfp5
73 0 109931 4 41.865715 idfp5
73 0 118043 5 41.2166 idfp5
73 0 110175 6 40.74799 idfp5
73 0 111425 7 40.585705 idfp5
73 0 118162 8 40.476967 idfp5
73 0 217514 9 39.739388 idfp5
74 0 2804674 0 63.89864 idfp5
74 0 107904 1 63.371563 idfp5
74 0 109284 2 61.531967 idfp5
74 0 112774 3 51.014683 idfp5
74 0 2675749 4 47.379887 idfp5
74 0 127908 5 47.2199 idfp5
74 0 110798 6 41.885197 idfp5
74 0 803268 7 40.569183 idfp5
74 0 111245 8 40.434204 idfp5
74 0 111755 9 39.955807 idfp5
75 0 867657 0 49.98789 idfp5
75 0 92916 1 49.118042 idfp5
75 0 89410 2 48.729073 idfp5
75 0 92470 3 41.718998 idfp5
75 0 103554 4 40.325424 idfp5
75 0 1210205 5 38.671024 idfp5
75 0 86460 6 37.928562 idfp5
75 0 92680 7 37.616535 idfp5
75 0 2672535 8 37.5852 idfp5
75 0 96318 9 37.45373 idfp5
76 0 2679833 0 56.529118 idfp5
76 0 2680440 1 56.529118 idfp5
76 0 108900 2 55.979855 idfp5
76 0 110964 3 53.408104 idfp5
76 0 150540 4 50.532303 idfp5
76 0 821306 5 50.12228 idfp5
76 0 2670966 6 50.07197 idfp5
76 0 111945 7 49.81245 idfp5
76 0 112919 8 48.644897 idfp5
76 0 145743 9 48.369152 idfp5
77 0 4151822 0 90.620605 idfp5
77 0 2812588 1 87.695816 idfp5
77 0 145817 2 82.47721 idfp5
77 0 2770446 3 75.12635 idfp5
77 0 111029 4 68.20897 idfp5
77 0 134747 5 66.28803 idfp5
77 0 112726 6 65.16776 idfp5
77 0 145902 7 58.26677 idfp5
77 0 111455 8 55.265987 idfp5
77 0 145647 9 55.159264 idfp5
78 0 616862 0 36.676052 idfp5
78 0 117899 1 36.08487 idfp5
78 0 2812588 2 35.031174 idfp5
78 0 118022 3 33.077923 idfp5
78 0 117968 4 32.379467 idfp5
78 0 111717 5 31.727356 idfp5
78 0 799976 6 31.152897 idfp5
78 0 112358 7 30.95534 idfp5
78 0 118037 8 30.950344 idfp5
78 0 118131 9 30.805624 idfp5
79 0 111009 0 119.49499 idfp5
79 0 118143 1 108.465904 idfp5
79 0 111470 2 100.37395 idfp5
79 0 110221 3 77.67372 idfp5
79 0 2680438 4 59.50513 idfp5
79 0 118513 5 55.45289 idfp5
79 0 111964 6 50.07291 idfp5
79 0 110183 7 49.347385 idfp5
79 0 106707 8 47.534176 idfp5
79 0 109626 9 45.43125 idfp5
80 0 111470 0 91.97993 idfp5
80 0 111009 1 91.11071 idfp5
80 0 118143 2 85.22557 idfp5
80 0 110221 3 57.057518 idfp5
80 0 145859 4 56.915596 idfp5
80 0 106328 5 48.306347 idfp5
80 0 109342 6 47.405827 idfp5
80 0 150540 7 46.186672 idfp5
80 0 2680438 8 45.952553 idfp5
80 0 108426 9 45.576588 idfp5
81 0 148484 0 68.579025 idfp5
81 0 112440 1 50.107468 idfp5
81 0 122253 2 45.06902 idfp5
81 0 118445 3 42.054382 idfp5
81 0 127900 4 35.268745 idfp5
81 0 117841 5 34.692417 idfp5
81 0 216735 6 34.547935 idfp5
81 0 216806 7 34.547935 idfp5
81 0 1726 8 34.094006 idfp5
81 0 117833 9 33.988678 idfp5
82 0 1726 0 65.2882 idfp5
82 0 118368 1 65.020256 idfp5
82 0 127900 2 61.780815 idfp5
82 0 216735 3 59.315876 idfp5
82 0 216806 4 59.315876 idfp5
82 0 2803250 5 57.686382 idfp5
82 0 799981 6 55.668633 idfp5
82 0 145625 7 52.25919 idfp5
82 0 145865 8 50.786457 idfp5
82 0 118126 9 50.13091 idfp5
83 0 145859 0 93.882385 idfp5
83 0 112922 1 65.26468 idfp5
83 0 111286 2 59.710274 idfp5
83 0 110289 3 58.22825 idfp5
83 0 112368 4 58.217438 idfp5
83 0 137746 5 57.551155 idfp5
83 0 111246 6 57.250786 idfp5
83 0 109894 7 55.783928 idfp5
83 0 111194 8 55.163475 idfp5
83 0 145870 9 54.65026 idfp5
84 0 145859 0 94.962364 idfp5
84 0 112922 1 79.46238 idfp5
84 0 107293 2 71.70583 idfp5
84 0 800858 3 71.27565 idfp5
84 0 111151 4 67.59995 idfp5
84 0 109895 5 67.08316 idfp5
84 0 111286 6 65.45572 idfp5
84 0 110681 7 65.39993 idfp5
84 0 122251 8 65.0856 idfp5
84 0 111664 9 64.76988 idfp5
85 0 2959737 0 142.99283 idfp5
85 0 802973 1 142.2685 idfp5
85 0 803271 2 142.2685 idfp5
85 0 3171724 3 105.20824 idfp5
85 0 3177199 4 105.20824 idfp5
85 0 3177200 5 105.20824 idfp5
85 0 150543 6 88.4169 idfp5
85 0 2959732 7 88.4169 idfp5
85 0 146553 8 88.09782 idfp5
85 0 146790 9 88.09782 idfp5
86 0 3171724 0 82.62996 idfp5
86 0 3177199 1 82.62996 idfp5
86 0 3177200 2 82.62996 idfp5
86 0 3205766 3 81.67461 idfp5
86 0 802973 4 72.295525 idfp5
86 0 803271 5 72.295525 idfp5
86 0 2959737 6 72.295525 idfp5
86 0 150543 7 70.54404 idfp5
86 0 2959732 8 70.54404 idfp5
86 0 146553 9 70.00438 idfp5
87 0 143378 0 27.737978 idfp5
87 0 118313 1 26.4909 idfp5
87 0 110760 2 26.278637 idfp5
87 0 1088038 3 25.79836 idfp5
87 0 111170 4 25.508074 idfp5
87 0 136998 5 25.075773 idfp5
87 0 111801 6 23.996456 idfp5
87 0 181012 7 23.364258 idfp5
87 0 111186 8 23.234716 idfp5
87 0 112807 9 23.026077 idfp5
88 0 182992 0 74.169586 idfp5
88 0 2654277 1 70.00056 idfp5
88 0 149653 2 67.45997 idfp5
88 0 182991 3 66.98327 idfp5
88 0 145897 4 64.25875 idfp5
88 0 111170 5 63.446083 idfp5
88 0 625832 6 60.222145 idfp5
88 0 626055 7 60.222145 idfp5
88 0 118339 8 58.14246 idfp5
88 0 112807 9 56.935642 idfp5
89 0 4151822 0 155.20496 idfp5
89 0 2770446 1 135.6242 idfp5
89 0 2812588 2 128.40189 idfp5
89 0 4162110 3 87.30733 idfp5
89 0 134747 4 71.32295 idfp5
89 0 145817 5 69.62078 idfp5
89 0 145647 6 69.60226 idfp5
89 0 145954 7 55.938942 idfp5
89 0 145722 8 51.191418 idfp5
89 0 2680439 9 47.416367 idfp5
90 0 4151822 0 167.719 idfp5
90 0 2812588 1 151.11313 idfp5
90 0 2770446 2 129.24954 idfp5
90 0 145626 3 90.77033 idfp5
90 0 130150 4 89.2316 idfp5
90 0 137748 5 85.955185 idfp5
90 0 4162110 6 85.83162 idfp5
90 0 626454 7 83.590744 idfp5
90 0 118054 8 82.55515 idfp5
90 0 3181025 9 82.343094 idfp5
91 0 3212514 0 190.44295 idfp5
91 0 109857 1 74.78767 idfp5
91 0 145782 2 72.14928 idfp5
91 0 134732 3 68.30617 idfp5
91 0 112439 4 65.52361 idfp5
91 0 145892 5 63.32387 idfp5
91 0 147527 6 62.183853 idfp5
91 0 110213 7 60.97464 idfp5
91 0 219097 8 60.886173 idfp5
91 0 145785 9 60.743977 idfp5
92 0 3212514 0 184.27533 idfp5
92 0 110249 1 88.77586 idfp5
92 0 1087959 2 78.08591 idfp5
92 0 118507 3 77.32299 idfp5
92 0 109857 4 73.76176 idfp5
92 0 134725 5 66.85057 idfp5
92 0 110213 6 66.36783 idfp5
92 0 134732 7 63.632313 idfp5
92 0 110032 8 63.46593 idfp5
92 0 145892 9 62.51978 idfp5
93 0 145901 0 140.73767 idfp5
93 0 112905 1 125.979614 idfp5
93 0 130158 2 124.63673 idfp5
93 0 117874 3 123.42673 idfp5
93 0 118334 4 122.59736 idfp5
93 0 112824 5 122.58938 idfp5
93 0 118107 6 117.76651 idfp5
93 0 111736 7 115.89089 idfp5
93 0 2788983 8 114.33838 idfp5
93 0 145627 9 114.048874 idfp5
94 0 145901 0 144.20401 idfp5
94 0 931614 1 141.24808 idfp5
94 0 2788983 2 122.42584 idfp5
94 0 117874 3 118.48529 idfp5
94 0 4151827 4 115.74086 idfp5
94 0 112905 5 113.65666 idfp5
94 0 112824 6 112.7763 idfp5
94 0 111736 7 111.8573 idfp5
94 0 130158 8 111.166435 idfp5
94 0 145627 9 108.68369 idfp5
95 0 105495 0 68.15809 idfp5
95 0 108555 1 65.17008 idfp5
95 0 107232 2 61.366264 idfp5
95 0 107475 3 56.525127 idfp5
95 0 106171 4 51.05804 idfp5
95 0 103631 5 46.48112 idfp5
95 0 109444 6 43.48712 idfp5
95 0 112750 7 41.056374 idfp5
95 0 106073 8 40.62128 idfp5
95 0 101996 9 39.368904 idfp5
96 0 108555 0 73.600624 idfp5
96 0 103631 1 69.69429 idfp5
96 0 92746 2 45.017128 idfp5
96 0 2680590 3 43.705467 idfp5
96 0 2959745 4 43.705467 idfp5
96 0 799986 5 42.69809 idfp5
96 0 105495 6 41.813976 idfp5
96 0 93739 7 40.917564 idfp5
96 0 96542 8 39.65747 idfp5
96 0 92705 9 37.880257 idfp5
97 0 112101 0 77.60758 idfp5
97 0 111922 1 58.711018 idfp5
97 0 117959 2 37.35685 idfp5
97 0 146554 3 35.997814 idfp5
97 0 2655597 4 35.771854 idfp5
97 0 2959743 5 33.201664 idfp5
97 0 858289 6 33.201664 idfp5
97 0 145822 7 32.192276 idfp5
97 0 820748 8 32.02927 idfp5
97 0 112247 9 30.932726 idfp5
98 0 118467 0 23.46101 idfp5
98 0 134732 1 21.865547 idfp5
98 0 145804 2 21.800543 idfp5
98 0 2655591 3 21.603495 idfp5
98 0 2676593 4 21.198837 idfp5
98 0 112076 5 20.6231 idfp5
98 0 145903 6 20.483742 idfp5
98 0 3181481 7 20.351507 idfp5
98 0 108783 8 20.213846 idfp5
98 0 103809 9 20.065609 idfp5
99 0 112267 0 94.93369 idfp5
99 0 111884 1 69.565605 idfp5
99 0 110552 2 56.593285 idfp5
99 0 112723 3 53.198673 idfp5
99 0 110578 4 46.32831 idfp5
99 0 145914 5 44.793938 idfp5
99 0 109976 6 44.186787 idfp5
99 0 118121 7 42.702484 idfp5
99 0 109673 8 40.909054 idfp5
99 0 110935 9 40.088394 idfp5
100 0 112267 0 93.00803 idfp5
100 0 110552 1 70.96002 idfp5
100 0 111884 2 61.42457 idfp5
100 0 110098 3 56.13089 idfp5
100 0 92488 4 55.728966 idfp5
100 0 105252 5 55.72263 idfp5
100 0 102981 6 55.63213 idfp5
100 0 111886 7 54.55648 idfp5
100 0 104883 8 53.282993 idfp5
100 0 102906 9 52.444008 idfp5
