1 0 3204919 0 109.79516 idfp9
1 0 2649076 1 102.65886 idfp9
1 0 149702 2 96.76063 idfp9
1 0 4164893 3 94.9185 idfp9
1 0 3177197 4 94.79014 idfp9
1 0 3170730 5 94.68175 idfp9
1 0 2812210 6 94.00732 idfp9
1 0 219733 7 93.838524 idfp9
1 0 220342 8 93.838524 idfp9
1 0 2809767 9 93.74331 idfp9
2 0 103631 0 98.4457 idfp9
2 0 145692 1 97.34871 idfp9
2 0 103549 2 94.51339 idfp9
2 0 104671 3 91.533134 idfp9
2 0 108555 4 90.33726 idfp9
2 0 104571 5 89.60612 idfp9
2 0 105116 6 83.05903 idfp9
2 0 4170684 7 82.96988 idfp9
2 0 96850 8 82.8827 idfp9
2 0 106522 9 81.447845 idfp9
3 0 3162143 0 130.50174 idfp9
3 0 215496 1 120.41053 idfp9
3 0 215694 2 120.41053 idfp9
3 0 2959735 3 120.409485 idfp9
3 0 118475 4 118.77201 idfp9
3 0 145890 5 115.2058 idfp9
3 0 130157 6 115.10999 idfp9
3 0 903973 7 113.46267 idfp9
3 0 117907 8 112.878265 idfp9
3 0 118248 9 111.838005 idfp9
4 0 215694 0 239.7003 idfp9
4 0 2959735 1 239.69821 idfp9
4 0 215496 2 239.68173 idfp9
4 0 3162143 3 211.58107 idfp9
4 0 118029 4 202.11258 idfp9
4 0 623142 5 197.225 idfp9
4 0 149007 6 191.30327 idfp9
4 0 903973 7 179.65231 idfp9
4 0 145890 8 158.99214 idfp9
4 0 145900 9 156.83464 idfp9
5 0 145652 0 84.75262 idfp9
5 0 2672209 1 83.57389 idfp9
5 0 2657779 2 83.57389 idfp9
5 0 110831 3 81.19548 idfp9
5 0 1740 4 80.72851 idfp9
5 0 110056 5 78.57936 idfp9
5 0 112708 6 77.854866 idfp9
5 0 183480 7 77.058685 idfp9
5 0 131163 8 74.592964 idfp9
5 0 118217 9 72.47139 idfp9
6 0 110654 0 145.28577 idfp9
6 0 110056 1 122.11006 idfp9
6 0 183480 2 106.28777 idfp9
6 0 111258 3 96.427155 idfp9
6 0 3203656 4 93.70786 idfp9
6 0 3206414 5 93.70786 idfp9
6 0 111114 6 91.27401 idfp9
6 0 117932 7 85.59537 idfp9
6 0 110789 8 83.70692 idfp9
6 0 111661 9 76.66204 idfp9
7 0 2672535 0 60.47267 idfp9
7 0 219733 1 59.242065 idfp9
7 0 220342 2 59.242065 idfp9
7 0 134749 3 58.93943 idfp9
7 0 147531 4 58.463596 idfp9
7 0 118511 5 58.28299 idfp9
7 0 2655591 6 56.83136 idfp9
7 0 3195892 7 56.451126 idfp9
7 0 110315 8 56.285213 idfp9
7 0 145713 9 55.78409 idfp9
8 0 134749 0 133.77205 idfp9
8 0 112174 1 132.24028 idfp9
8 0 145715 2 119.82866 idfp9
8 0 145868 3 117.77486 idfp9
8 0 112834 4 114.90406 idfp9
8 0 147531 5 112.42052 idfp9
8 0 2678467 6 108.83522 idfp9
8 0 2679202 7 108.83522 idfp9
8 0 2959746 8 108.83522 idfp9
8 0 110932 9 108.04461 idfp9
9 0 2675751 0 136.37178 idfp9
9 0 854177 1 129.36305 idfp9
9 0 147530 2 122.67619 idfp9
9 0 112641 3 119.57562 idfp9
9 0 118317 4 119.29342 idfp9
9 0 145678 5 118.65251 idfp9
9 0 112931 6 118.57863 idfp9
9 0 127923 7 118.45189 idfp9
9 0 118212 8 116.64695 idfp9
9 0 2679557 9 115.58995 idfp9
10 0 111500 0 161.36423 idfp9
10 0 112423 1 148.9449 idfp9
10 0 118087 2 148.8002 idfp9
10 0 112657 3 145.88304 idfp9
10 0 214949 4 144.99377 idfp9
10 0 215071 5 144.99377 idfp9
10 0 147531 6 142.26265 idfp9
10 0 112800 7 140.0051 idfp9
10 0 112293 8 139.89102 idfp9
10 0 118511 9 137.119 idfp9
11 0 2810524 0 91.411606 idfp9
11 0 2811846 1 91.411606 idfp9
11 0 217512 2 87.25984 idfp9
11 0 2809767 3 86.583626 idfp9
11 0 2811850 4 86.583626 idfp9
11 0 4151830 5 83.44703 idfp9
11 0 150541 6 83.05981 idfp9
11 0 873668 7 82.92978 idfp9
11 0 145960 8 82.13166 idfp9
11 0 3211501 9 81.67324 idfp9
12 0 2672535 0 111.91274 idfp9
12 0 183479 1 81.56492 idfp9
12 0 2809767 2 81.15713 idfp9
12 0 2811850 3 81.15713 idfp9
12 0 3153112 4 81.15477 idfp9
12 0 108766 5 80.62893 idfp9
12 0 4170685 6 80.476906 idfp9
12 0 4151830 7 80.34121 idfp9
12 0 3207860 8 79.86163 idfp9
12 0 3216389 9 79.834404 idfp9
13 0 2812588 0 112.636185 idfp9
13 0 802973 1 101.146904 idfp9
13 0 803271 2 101.146904 idfp9
13 0 2959737 3 101.146904 idfp9
13 0 4162111 4 98.17701 idfp9
13 0 2642828 5 95.5367 idfp9
13 0 2959730 6 94.920906 idfp9
13 0 150543 7 93.905914 idfp9
13 0 2959732 8 93.905914 idfp9
13 0 108605 9 93.85301 idfp9
14 0 2812588 0 74.75598 idfp9
14 0 614392 1 70.0421 idfp9
14 0 614485 2 70.0421 idfp9
14 0 108730 3 67.98664 idfp9
14 0 118296 4 67.81345 idfp9
14 0 2153 5 67.31753 idfp9
14 0 118015 6 66.77871 idfp9
14 0 122258 7 66.7364 idfp9
14 0 2620704 8 66.33085 idfp9
14 0 148483 9 66.02755 idfp9
15 0 2812588 0 158.25218 idfp9
15 0 4151822 1 138.77856 idfp9
15 0 2770446 2 114.938835 idfp9
15 0 2809767 3 108.72632 idfp9
15 0 2811850 4 108.72632 idfp9
15 0 4155979 5 97.64161 idfp9
15 0 2771249 6 97.57203 idfp9
15 0 2809766 7 96.62846 idfp9
15 0 2811849 8 96.62846 idfp9
15 0 2812210 9 96.62563 idfp9
16 0 4151822 0 141.0788 idfp9
16 0 2812588 1 114.75796 idfp9
16 0 2770446 2 100.37359 idfp9
16 0 145817 3 97.33115 idfp9
16 0 3209687 4 90.93069 idfp9
16 0 2642828 5 87.66532 idfp9
16 0 4171965 6 87.62129 idfp9
16 0 4155979 7 87.333855 idfp9
16 0 4151830 8 86.521255 idfp9
16 0 4151826 9 86.13898 idfp9
17 0 4161362 0 67.643135 idfp9
17 0 148484 1 66.69813 idfp9
17 0 111122 2 65.71109 idfp9
17 0 117987 3 65.36857 idfp9
17 0 620566 4 65.25112 idfp9
17 0 145865 5 64.26614 idfp9
17 0 217512 6 63.918095 idfp9
17 0 109218 7 62.77394 idfp9
17 0 858288 8 62.476776 idfp9
17 0 118230 9 61.987686 idfp9
18 0 205712 0 151.62686 idfp9
18 0 148484 1 147.65514 idfp9
18 0 620566 2 136.42734 idfp9
18 0 217512 3 130.64458 idfp9
18 0 131156 4 128.87111 idfp9
18 0 1753 5 128.19238 idfp9
18 0 145635 6 125.862144 idfp9
18 0 206097 7 125.4084 idfp9
18 0 219106 8 123.91375 idfp9
18 0 219194 9 123.91375 idfp9
19 0 2654533 0 178.85793 idfp9
19 0 2654756 1 178.85793 idfp9
19 0 4151826 2 131.49835 idfp9
19 0 112808 3 131.49118 idfp9
19 0 219509 4 127.5023 idfp9
19 0 4172500 5 127.303795 idfp9
19 0 2670966 6 125.54158 idfp9
19 0 112775 7 124.994804 idfp9
19 0 4151825 8 124.85094 idfp9
19 0 2760668 9 124.77197 idfp9
20 0 2654533 0 182.59329 idfp9
20 0 2654756 1 182.59329 idfp9
20 0 4151826 2 127.21316 idfp9
20 0 112775 3 126.1129 idfp9
20 0 4172500 4 126.02279 idfp9
20 0 4151825 5 125.85531 idfp9
20 0 219509 6 125.08512 idfp9
20 0 2670966 7 124.15698 idfp9
20 0 110085 8 121.79664 idfp9
20 0 112808 9 121.552414 idfp9
21 0 873660 0 176.36717 idfp9
21 0 117890 1 160.07751 idfp9
21 0 112799 2 155.53294 idfp9
21 0 121159 3 151.59149 idfp9
21 0 118081 4 150.7749 idfp9
21 0 3181482 5 145.7991 idfp9
21 0 118416 6 144.86047 idfp9
21 0 2811845 7 140.0586 idfp9
21 0 145925 8 139.98566 idfp9
21 0 118119 9 139.50903 idfp9
22 0 117890 0 200.67694 idfp9
22 0 2659300 1 190.1113 idfp9
22 0 112799 2 181.29852 idfp9
22 0 118081 3 172.08405 idfp9
22 0 118416 4 165.01779 idfp9
22 0 145925 5 160.22693 idfp9
22 0 121159 6 159.36359 idfp9
22 0 145829 7 158.51105 idfp9
22 0 2781925 8 152.23303 idfp9
22 0 112774 9 152.06476 idfp9
23 0 118449 0 111.90348 idfp9
23 0 2811847 1 111.04406 idfp9
23 0 2810525 2 111.03936 idfp9
23 0 2801435 3 109.10804 idfp9
23 0 623242 4 103.02226 idfp9
23 0 145738 5 102.42154 idfp9
23 0 112257 6 101.11201 idfp9
23 0 118180 7 100.163925 idfp9
23 0 2675750 8 94.8063 idfp9
23 0 142878 9 93.47175 idfp9
24 0 1738 0 48.78006 idfp9
24 0 145778 1 45.35028 idfp9
24 0 802408 2 41.63004 idfp9
24 0 2790213 3 40.570168 idfp9
24 0 2678133 4 40.211533 idfp9
24 0 2801435 5 39.87114 idfp9
24 0 145866 6 39.542908 idfp9
24 0 145635 7 39.36381 idfp9
24 0 616433 8 39.05297 idfp9
24 0 118449 9 38.677162 idfp9
25 0 112616 0 146.17702 idfp9
25 0 2655499 1 104.04933 idfp9
25 0 110318 2 98.614494 idfp9
25 0 3211503 3 90.698524 idfp9
25 0 108792 4 88.66642 idfp9
25 0 821305 5 87.23231 idfp9
25 0 118021 6 87.1986 idfp9
25 0 111495 7 82.19965 idfp9
25 0 112457 8 80.00963 idfp9
25 0 117845 9 78.64405 idfp9
26 0 117872 0 145.20197 idfp9
26 0 112616 1 128.62265 idfp9
26 0 112045 2 126.2967 idfp9
26 0 118026 3 123.900505 idfp9
26 0 112324 4 123.15798 idfp9
26 0 111056 5 115.984886 idfp9
26 0 110915 6 114.330444 idfp9
26 0 112457 7 114.07715 idfp9
26 0 145758 8 113.83581 idfp9
26 0 117841 9 113.50476 idfp9
27 0 4157382 0 233.35452 idfp9
27 0 4157405 1 233.35452 idfp9
27 0 112346 2 136.23578 idfp9
27 0 111141 3 135.00719 idfp9
27 0 112523 4 124.64972 idfp9
27 0 3204918 5 112.97264 idfp9
27 0 145636 6 110.07146 idfp9
27 0 931121 7 108.96047 idfp9
27 0 213842 8 106.8931 idfp9
27 0 150541 9 106.03068 idfp9
28 0 4157405 0 189.07755 idfp9
28 0 4157382 1 188.9141 idfp9
28 0 112346 2 127.60603 idfp9
28 0 111141 3 114.877365 idfp9
28 0 145827 4 90.85562 idfp9
28 0 931121 5 90.82112 idfp9
28 0 110706 6 89.18673 idfp9
28 0 931120 7 87.731964 idfp9
28 0 118489 8 87.3716 idfp9
28 0 112523 9 86.79785 idfp9
29 0 4151826 0 51.07697 idfp9
29 0 205788 1 50.440346 idfp9
29 0 137739 2 49.341682 idfp9
29 0 111471 3 49.1104 idfp9
29 0 118351 4 47.846165 idfp9
29 0 118044 5 47.522846 idfp9
29 0 145708 6 47.092888 idfp9
29 0 145632 7 47.003242 idfp9
29 0 118381 8 46.684353 idfp9
29 0 117875 9 46.649853 idfp9
30 0 205788 0 152.7491 idfp9
30 0 218921 1 136.3606 idfp9
30 0 148795 2 128.42554 idfp9
30 0 4151826 3 125.948616 idfp9
30 0 145841 4 124.72409 idfp9
30 0 626206 5 122.88356 idfp9
30 0 899483 6 120.89209 idfp9
30 0 137739 7 120.07893 idfp9
30 0 145761 8 117.62054 idfp9
30 0 145708 9 117.022255 idfp9
31 0 145925 0 100.807785 idfp9
31 0 112486 1 98.00314 idfp9
31 0 110561 2 97.159996 idfp9
31 0 131149 3 93.098595 idfp9
31 0 118023 4 92.71854 idfp9
31 0 118458 5 91.944405 idfp9
31 0 118353 6 91.219055 idfp9
31 0 118501 7 89.9836 idfp9
31 0 118061 8 89.9105 idfp9
31 0 112781 9 89.488846 idfp9
32 0 112329 0 93.86717 idfp9
32 0 1728 1 90.15267 idfp9
32 0 111434 2 89.82579 idfp9
32 0 112850 3 85.80766 idfp9
32 0 112447 4 83.621544 idfp9
32 0 112090 5 79.849464 idfp9
32 0 118455 6 78.14079 idfp9
32 0 111596 7 77.67485 idfp9
32 0 125839 8 76.503395 idfp9
32 0 117853 9 75.15731 idfp9
33 0 109535 0 95.935776 idfp9
33 0 109532 1 94.43624 idfp9
33 0 110795 2 93.93164 idfp9
33 0 112485 3 93.60882 idfp9
33 0 121158 4 92.2503 idfp9
33 0 109935 5 92.142586 idfp9
33 0 145870 6 89.550735 idfp9
33 0 802973 7 89.19701 idfp9
33 0 803271 8 89.19701 idfp9
33 0 2959737 9 89.19701 idfp9
34 0 2676594 0 283.02487 idfp9
34 0 2675753 1 275.61465 idfp9
34 0 2679204 2 275.61465 idfp9
34 0 2809767 3 207.5271 idfp9
34 0 2811850 4 207.5271 idfp9
34 0 3216389 5 129.42921 idfp9
34 0 121158 6 127.83726 idfp9
34 0 112325 7 116.930565 idfp9
34 0 625710 8 113.890396 idfp9
34 0 130155 9 112.84312 idfp9
35 0 821306 0 55.836063 idfp9
35 0 205203 1 53.152145 idfp9
35 0 102737 2 50.648994 idfp9
35 0 134742 3 50.285954 idfp9
35 0 213843 4 50.21648 idfp9
35 0 214063 5 50.21648 idfp9
35 0 214467 6 50.21648 idfp9
35 0 218927 7 49.357616 idfp9
35 0 626208 8 48.890484 idfp9
35 0 118079 9 48.870567 idfp9
36 0 118238 0 103.9345 idfp9
36 0 109923 1 103.13082 idfp9
36 0 118319 2 102.789375 idfp9
36 0 118329 3 95.4701 idfp9
36 0 902769 4 94.7965 idfp9
36 0 118142 5 92.91826 idfp9
36 0 213843 6 92.10579 idfp9
36 0 214063 7 92.10579 idfp9
36 0 214467 8 92.10579 idfp9
36 0 217512 9 89.601395 idfp9
37 0 110774 0 73.499245 idfp9
37 0 4151829 1 73.31377 idfp9
37 0 118269 2 72.02419 idfp9
37 0 110742 3 69.4302 idfp9
37 0 118290 4 69.25953 idfp9
37 0 112133 5 68.49371 idfp9
37 0 121168 6 68.39217 idfp9
37 0 108863 7 67.548584 idfp9
37 0 112910 8 67.210236 idfp9
37 0 121171 9 66.63603 idfp9
38 0 145855 0 115.87934 idfp9
38 0 145731 1 109.00169 idfp9
38 0 4151829 2 108.49126 idfp9
38 0 118269 3 96.34034 idfp9
38 0 1993216 4 88.156204 idfp9
38 0 110774 5 84.23768 idfp9
38 0 112910 6 83.33644 idfp9
38 0 112292 7 81.09663 idfp9
38 0 111982 8 80.43476 idfp9
38 0 145629 9 80.12163 idfp9
39 0 112568 0 96.50071 idfp9
39 0 112420 1 85.0013 idfp9
39 0 118457 2 80.328964 idfp9
39 0 111432 3 77.95813 idfp9
39 0 621044 4 75.802536 idfp9
39 0 621090 5 75.802536 idfp9
39 0 2959739 6 75.802536 idfp9
39 0 2959744 7 75.28938 idfp9
39 0 855518 8 75.28938 idfp9
39 0 2674861 9 73.96813 idfp9
40 0 105200 0 133.27682 idfp9
40 0 621044 1 122.664444 idfp9
40 0 621090 2 122.664444 idfp9
40 0 2959739 3 122.664444 idfp9
40 0 122254 4 118.704384 idfp9
40 0 2959744 5 114.06415 idfp9
40 0 855518 6 114.06415 idfp9
40 0 1731 7 112.53736 idfp9
40 0 108818 8 111.95823 idfp9
40 0 104688 9 107.19621 idfp9
41 0 112924 0 156.29585 idfp9
41 0 2654533 1 137.43864 idfp9
41 0 2654756 2 137.43864 idfp9
41 0 2811847 3 136.98401 idfp9
41 0 2810525 4 136.97931 idfp9
41 0 111198 5 134.92317 idfp9
41 0 112731 6 130.04887 idfp9
41 0 127916 7 129.2722 idfp9
41 0 112585 8 127.801674 idfp9
41 0 118131 9 126.539154 idfp9
42 0 2654533 0 155.15244 idfp9
42 0 2654756 1 155.15244 idfp9
42 0 112585 2 150.16441 idfp9
42 0 112924 3 149.4663 idfp9
42 0 111198 4 143.3889 idfp9
42 0 111891 5 142.23686 idfp9
42 0 110132 6 141.97665 idfp9
42 0 109352 7 137.07202 idfp9
42 0 109186 8 135.82156 idfp9
42 0 112731 9 135.1245 idfp9
43 0 2680590 0 106.46627 idfp9
43 0 2959745 1 106.46627 idfp9
43 0 112920 2 98.43765 idfp9
43 0 112305 3 97.186226 idfp9
43 0 112803 4 88.276794 idfp9
43 0 118148 5 83.342964 idfp9
43 0 2784695 6 81.58905 idfp9
43 0 2812589 7 81.21437 idfp9
43 0 2959749 8 81.21437 idfp9
43 0 112644 9 79.617035 idfp9
44 0 2781925 0 31.604656 idfp9
44 0 802408 1 31.49367 idfp9
44 0 145903 2 31.074358 idfp9
44 0 183480 3 30.627129 idfp9
44 0 3213871 4 30.43035 idfp9
44 0 111107 5 30.396387 idfp9
44 0 118182 6 30.310959 idfp9
44 0 92563 7 29.944008 idfp9
44 0 109864 8 29.467934 idfp9
44 0 145834 9 29.467855 idfp9
45 0 3204917 0 193.06177 idfp9
45 0 866024 1 170.2609 idfp9
45 0 858802 2 170.25058 idfp9
45 0 150542 3 162.0261 idfp9
45 0 145861 4 160.56796 idfp9
45 0 800568 5 157.13037 idfp9
45 0 145772 6 156.65683 idfp9
45 0 145903 7 152.24959 idfp9
45 0 626207 8 152.07562 idfp9
45 0 2804673 9 151.535 idfp9
46 0 866024 0 299.44623 idfp9
46 0 858802 1 299.4359 idfp9
46 0 903971 2 209.90944 idfp9
46 0 2959742 3 209.90944 idfp9
46 0 623145 4 207.01904 idfp9
46 0 2804673 5 203.021 idfp9
46 0 3204917 6 201.43285 idfp9
46 0 2657927 7 190.45428 idfp9
46 0 145861 8 188.94133 idfp9
46 0 1732 9 186.6144 idfp9
47 0 2674861 0 139.8408 idfp9
47 0 2675754 1 139.8408 idfp9
47 0 2795703 2 88.805176 idfp9
47 0 2797292 3 88.805176 idfp9
47 0 2678133 4 88.63416 idfp9
47 0 2671723 5 88.226265 idfp9
47 0 2790213 6 86.33597 idfp9
47 0 148483 7 85.71041 idfp9
47 0 626207 8 85.48447 idfp9
47 0 2810526 9 84.18201 idfp9
48 0 2674861 0 143.60315 idfp9
48 0 2675754 1 143.60315 idfp9
48 0 3170727 2 89.512924 idfp9
48 0 111362 3 86.67083 idfp9
48 0 117864 4 81.1773 idfp9
48 0 2646093 5 81.14497 idfp9
48 0 145756 6 80.87184 idfp9
48 0 121149 7 80.21243 idfp9
48 0 145896 8 78.91204 idfp9
48 0 112737 9 78.786194 idfp9
49 0 2810525 0 78.19505 idfp9
49 0 2811847 1 78.19505 idfp9
49 0 4162535 2 71.608246 idfp9
49 0 4151826 3 64.968605 idfp9
49 0 3153112 4 61.495213 idfp9
49 0 2812210 5 58.498417 idfp9
49 0 2809767 6 58.488907 idfp9
49 0 2811850 7 58.488907 idfp9
49 0 2803251 8 58.388996 idfp9
49 0 3181025 9 56.2289 idfp9
50 0 3153112 0 109.06306 idfp9
50 0 4162535 1 102.62235 idfp9
50 0 2810525 2 82.98429 idfp9
50 0 2811847 3 82.98429 idfp9
50 0 4151826 4 71.59509 idfp9
50 0 3181025 5 68.4544 idfp9
50 0 3177197 6 65.1823 idfp9
50 0 3170730 7 64.70817 idfp9
50 0 2809767 8 64.449776 idfp9
50 0 2811850 9 64.449776 idfp9
51 0 112770 0 96.68712 idfp9
51 0 2812589 1 84.99854 idfp9
51 0 2959749 2 84.99854 idfp9
51 0 78783 3 84.14705 idfp9
51 0 616433 4 83.557205 idfp9
51 0 145872 5 82.328964 idfp9
51 0 3195892 6 77.21895 idfp9
51 0 213842 7 77.18448 idfp9
51 0 2655591 8 75.81177 idfp9
51 0 215412 9 75.084816 idfp9
52 0 112770 0 68.27964 idfp9
52 0 112931 1 63.484283 idfp9
52 0 112243 2 59.01191 idfp9
52 0 105869 3 55.120014 idfp9
52 0 127923 4 54.894806 idfp9
52 0 127887 5 54.853466 idfp9
52 0 1859075 6 54.646317 idfp9
52 0 103302 7 54.389324 idfp9
52 0 110753 8 54.13486 idfp9
52 0 95391 9 53.907566 idfp9
53 0 799985 0 112.5296 idfp9
53 0 2808291 1 92.72252 idfp9
53 0 148483 2 90.48141 idfp9
53 0 145664 3 88.947365 idfp9
53 0 2771250 4 88.53768 idfp9
53 0 145792 5 87.52948 idfp9
53 0 145635 6 85.76191 idfp9
53 0 117916 7 84.06937 idfp9
53 0 621045 8 83.96659 idfp9
53 0 625711 9 83.78067 idfp9
54 0 872994 0 141.57506 idfp9
54 0 811778 1 124.89142 idfp9
54 0 625711 2 113.254456 idfp9
54 0 931123 3 109.08865 idfp9
54 0 2808291 4 98.86586 idfp9
54 0 799985 5 97.85082 idfp9
54 0 811777 6 94.938446 idfp9
54 0 621045 7 93.40379 idfp9
54 0 943668 8 93.40325 idfp9
54 0 620566 9 92.992325 idfp9
55 0 4154603 0 167.03831 idfp9
55 0 118269 1 127.2906 idfp9
55 0 145731 2 122.16781 idfp9
55 0 145629 3 121.11521 idfp9
55 0 145855 4 120.80354 idfp9
55 0 110774 5 115.03003 idfp9
55 0 111261 6 114.72775 idfp9
55 0 112910 7 100.265076 idfp9
55 0 111982 8 98.56956 idfp9
55 0 118101 9 97.632805 idfp9
56 0 4154603 0 237.92513 idfp9
56 0 118269 1 173.10606 idfp9
56 0 145731 2 163.28198 idfp9
56 0 112910 3 155.15988 idfp9
56 0 110774 4 152.5806 idfp9
56 0 145629 5 147.79475 idfp9
56 0 111261 6 145.58539 idfp9
56 0 145855 7 138.42764 idfp9
56 0 1993216 8 128.48473 idfp9
56 0 111420 9 127.12087 idfp9
57 0 802408 0 115.44408 idfp9
57 0 867644 1 114.44024 idfp9
57 0 800569 2 114.10399 idfp9
57 0 815320 3 111.22721 idfp9
57 0 118297 4 109.90807 idfp9
57 0 122254 5 108.82777 idfp9
57 0 149585 6 105.7095 idfp9
57 0 149649 7 105.7095 idfp9
57 0 800859 8 104.474014 idfp9
57 0 182567 9 103.98533 idfp9
58 0 145735 0 113.6928 idfp9
58 0 112467 1 92.815605 idfp9
58 0 217702 2 92.40453 idfp9
58 0 108547 3 88.44537 idfp9
58 0 106179 4 88.13964 idfp9
58 0 2671725 5 87.28828 idfp9
58 0 2672207 6 87.241035 idfp9
58 0 2676592 7 86.5873 idfp9
58 0 145815 8 85.161606 idfp9
58 0 218133 9 85.08516 idfp9
59 0 2788983 0 286.0313 idfp9
59 0 4170685 1 259.9423 idfp9
59 0 145627 2 234.04941 idfp9
59 0 118037 3 231.87294 idfp9
59 0 117968 4 230.8677 idfp9
59 0 118129 5 224.6158 idfp9
59 0 118040 6 211.71674 idfp9
59 0 1087691 7 202.46838 idfp9
59 0 134735 8 196.58936 idfp9
59 0 118422 9 193.01807 idfp9
60 0 3195891 0 271.1628 idfp9
60 0 2788983 1 265.91425 idfp9
60 0 4170685 2 253.2508 idfp9
60 0 118129 3 237.86073 idfp9
60 0 145627 4 237.85422 idfp9
60 0 117968 5 225.2556 idfp9
60 0 130158 6 220.10614 idfp9
60 0 118334 7 219.21284 idfp9
60 0 931614 8 218.77298 idfp9
60 0 3191119 9 209.30432 idfp9
61 0 2812210 0 165.2049 idfp9
61 0 145743 1 162.25291 idfp9
61 0 145923 2 154.91919 idfp9
61 0 218457 3 144.47859 idfp9
61 0 1732 4 131.46579 idfp9
61 0 3195092 5 130.39302 idfp9
61 0 145815 6 127.83285 idfp9
61 0 112854 7 124.59259 idfp9
61 0 2657927 8 121.79093 idfp9
61 0 112435 9 119.713684 idfp9
62 0 2812210 0 85.61013 idfp9
62 0 110661 1 71.438736 idfp9
62 0 110091 2 70.940956 idfp9
62 0 118299 3 69.80173 idfp9
62 0 110926 4 68.02539 idfp9
62 0 117875 5 64.399765 idfp9
62 0 3195092 6 63.69728 idfp9
62 0 218457 7 63.613956 idfp9
62 0 109077 8 62.691216 idfp9
62 0 108348 9 62.575867 idfp9
63 0 149702 0 74.257576 idfp9
63 0 107685 1 72.53112 idfp9
63 0 106985 2 72.03455 idfp9
63 0 108539 3 71.57063 idfp9
63 0 104521 4 71.536255 idfp9
63 0 108111 5 70.71319 idfp9
63 0 118148 6 70.22873 idfp9
63 0 108538 7 69.357155 idfp9
63 0 108713 8 68.71397 idfp9
63 0 118011 9 68.140915 idfp9
64 0 3205768 0 99.062126 idfp9
64 0 2758568 1 93.66928 idfp9
64 0 2809766 2 93.04585 idfp9
64 0 2811849 3 93.04585 idfp9
64 0 3207860 4 85.217606 idfp9
64 0 4151827 5 84.157005 idfp9
64 0 4170685 6 83.8337 idfp9
64 0 110645 7 83.38613 idfp9
64 0 118196 8 83.09447 idfp9
64 0 4161362 9 82.17917 idfp9
65 0 118123 0 195.32991 idfp9
65 0 150540 1 139.72578 idfp9
65 0 3211501 2 135.54854 idfp9
65 0 131165 3 131.99103 idfp9
65 0 110645 4 130.07782 idfp9
65 0 145883 5 128.75916 idfp9
65 0 111051 6 128.325 idfp9
65 0 4151825 7 125.574 idfp9
65 0 109292 8 124.765686 idfp9
65 0 112732 9 124.26734 idfp9
66 0 3211501 0 212.97601 idfp9
66 0 145867 1 183.25415 idfp9
66 0 4151827 2 158.3492 idfp9
66 0 3213872 3 155.25914 idfp9
66 0 150540 4 153.97314 idfp9
66 0 118123 5 152.87027 idfp9
66 0 4151826 6 152.54172 idfp9
66 0 3217422 7 151.96132 idfp9
66 0 802973 8 151.45412 idfp9
66 0 803271 9 151.45412 idfp9
67 0 145800 0 184.58858 idfp9
67 0 867645 1 172.39545 idfp9
67 0 103675 2 122.57265 idfp9
67 0 104522 3 110.23797 idfp9
67 0 103678 4 102.05616 idfp9
67 0 2810526 5 98.12289 idfp9
67 0 106757 6 97.83797 idfp9
67 0 103916 7 97.76635 idfp9
67 0 104055 8 97.30156 idfp9
67 0 110330 9 96.8083 idfp9
68 0 145800 0 166.32274 idfp9
68 0 867645 1 140.73915 idfp9
68 0 103093 2 105.801575 idfp9
68 0 97584 3 102.931725 idfp9
68 0 103675 4 102.86869 idfp9
68 0 94177 5 102.0357 idfp9
68 0 88704 6 101.00891 idfp9
68 0 103678 7 99.834335 idfp9
68 0 97893 8 99.812065 idfp9
68 0 2810526 9 96.61257 idfp9
69 0 3214778 0 138.16946 idfp9
69 0 149289 1 136.07217 idfp9
69 0 2676593 2 129.72958 idfp9
69 0 117859 3 128.7243 idfp9
69 0 219733 4 127.799545 idfp9
69 0 220342 5 127.799545 idfp9
69 0 111709 6 126.96005 idfp9
69 0 110996 7 123.88933 idfp9
69 0 149006 8 123.173904 idfp9
69 0 110068 9 121.804504 idfp9
70 0 149289 0 151.02771 idfp9
70 0 3214778 1 150.34889 idfp9
70 0 2676593 2 150.11684 idfp9
70 0 219733 3 141.74533 idfp9
70 0 220342 4 141.74533 idfp9
70 0 118111 5 140.52783 idfp9
70 0 149006 6 140.20287 idfp9
70 0 858289 7 137.5082 idfp9
70 0 2959743 8 137.49124 idfp9
70 0 2675751 9 135.77885 idfp9
71 0 112914 0 134.77863 idfp9
71 0 145121 1 134.69995 idfp9
71 0 3189783 2 130.62596 idfp9
71 0 118052 3 129.81793 idfp9
71 0 2654533 4 123.64301 idfp9
71 0 2654756 5 123.64301 idfp9
71 0 118287 6 123.60024 idfp9
71 0 112904 7 121.201935 idfp9
71 0 118005 8 117.6363 idfp9
71 0 118234 9 115.49155 idfp9
72 0 118052 0 138.97473 idfp9
72 0 112914 1 129.86937 idfp9
72 0 3189783 2 129.70464 idfp9
72 0 145121 3 128.32823 idfp9
72 0 112904 4 127.028305 idfp9
72 0 118234 5 122.1446 idfp9
72 0 118005 6 122.10975 idfp9
72 0 2654533 7 120.46214 idfp9
72 0 2654756 8 120.46214 idfp9
72 0 117979 9 111.78571 idfp9
73 0 2804674 0 76.68643 idfp9
73 0 110692 1 74.58054 idfp9
73 0 108538 2 70.250984 idfp9
73 0 109931 3 67.74238 idfp9
73 0 109935 4 66.045044 idfp9
73 0 112206 5 66.022026 idfp9
73 0 118043 6 65.93074 idfp9
73 0 1087954 7 65.766815 idfp9
73 0 217514 8 65.75725 idfp9
73 0 112573 9 65.46749 idfp9
74 0 2804674 0 100.99285 idfp9
74 0 107904 1 91.93916 idfp9
74 0 109284 2 90.607605 idfp9
74 0 112774 3 85.97756 idfp9
74 0 127908 4 82.08308 idfp9
74 0 2675749 5 76.31743 idfp9
74 0 803268 6 73.41893 idfp9
74 0 111245 7 70.5799 idfp9
74 0 111755 8 70.413055 idfp9
74 0 112304 9 70.35873 idfp9
75 0 118226 0 103.46435 idfp9
75 0 110964 1 103.22165 idfp9
75 0 86460 2 101.54514 idfp9
75 0 3189783 3 100.94903 idfp9
75 0 802770 4 99.95041 idfp9
75 0 92916 5 99.72284 idfp9
75 0 89728 6 97.562706 idfp9
75 0 2675751 7 96.76074 idfp9
75 0 112398 8 96.139595 idfp9
75 0 88610 9 94.85924 idfp9
76 0 2679833 0 119.00116 idfp9
76 0 2680440 1 119.00116 idfp9
76 0 150540 2 112.80343 idfp9
76 0 108900 3 111.865654 idfp9
76 0 112919 4 108.238144 idfp9
76 0 118298 5 107.531876 idfp9
76 0 111945 6 107.15586 idfp9
76 0 110964 7 106.38405 idfp9
76 0 112738 8 105.83353 idfp9
76 0 2670966 9 104.8814 idfp9
77 0 2812588 0 152.67061 idfp9
77 0 4151822 1 144.45085 idfp9
77 0 145817 2 137.08624 idfp9
77 0 111029 3 122.70527 idfp9
77 0 111455 4 120.4893 idfp9
77 0 2770446 5 120.241646 idfp9
77 0 112726 6 117.524826 idfp9
77 0 134747 7 114.9802 idfp9
77 0 145902 8 110.617615 idfp9
77 0 111610 9 107.57235 idfp9
78 0 2812588 0 65.29421 idfp9
78 0 145632 1 64.18008 idfp9
78 0 117899 2 61.69067 idfp9
78 0 799976 3 61.06007 idfp9
78 0 111717 4 61.04173 idfp9
78 0 112485 5 60.765965 idfp9
78 0 111250 6 59.998154 idfp9
78 0 118022 7 59.33079 idfp9
78 0 111092 8 58.554832 idfp9
78 0 122258 9 58.430397 idfp9
79 0 111009 0 164.73235 idfp9
79 0 118143 1 151.67938 idfp9
79 0 111470 2 138.52412 idfp9
79 0 110221 3 118.82014 idfp9
79 0 118513 4 88.81826 idfp9
79 0 2680438 5 86.43538 idfp9
79 0 111964 6 82.85005 idfp9
79 0 109626 7 80.50432 idfp9
79 0 106328 8 80.43364 idfp9
79 0 110183 9 78.82622 idfp9
80 0 118143 0 143.2917 idfp9
80 0 111009 1 133.0778 idfp9
80 0 111470 2 129.37329 idfp9
80 0 150540 3 110.93761 idfp9
80 0 145859 4 109.04792 idfp9
80 0 110221 5 101.99808 idfp9
80 0 2672210 6 98.883354 idfp9
80 0 2654755 7 98.883354 idfp9
80 0 106328 8 97.805695 idfp9
80 0 2678468 9 96.12267 idfp9
81 0 148484 0 106.14235 idfp9
81 0 112440 1 80.95695 idfp9
81 0 122253 2 80.095375 idfp9
81 0 117841 3 70.01224 idfp9
81 0 112867 4 69.5072 idfp9
81 0 118445 5 68.263275 idfp9
81 0 121157 6 65.73874 idfp9
81 0 118368 7 65.195625 idfp9
81 0 112422 8 65.172676 idfp9
81 0 799981 9 64.84371 idfp9
82 0 118368 0 108.58342 idfp9
82 0 1726 1 107.033005 idfp9
82 0 127900 2 104.5479 idfp9
82 0 2803250 3 101.32097 idfp9
82 0 216735 4 99.1187 idfp9
82 0 216806 5 99.1187 idfp9
82 0 799981 6 97.927704 idfp9
82 0 145625 7 94.6457 idfp9
82 0 118148 8 93.91163 idfp9
82 0 110701 9 92.93999 idfp9
83 0 145859 0 139.4898 idfp9
83 0 112922 1 104.72486 idfp9
83 0 137746 2 95.260506 idfp9
83 0 109894 3 93.68209 idfp9
83 0 111151 4 93.65664 idfp9
83 0 111246 5 93.60124 idfp9
83 0 145870 6 92.22965 idfp9
83 0 110289 7 91.53736 idfp9
83 0 111286 8 90.421326 idfp9
83 0 111194 9 90.285065 idfp9
84 0 145859 0 136.40907 idfp9
84 0 112922 1 115.64197 idfp9
84 0 111151 2 104.24553 idfp9
84 0 800858 3 103.7356 idfp9
84 0 109895 4 102.400475 idfp9
84 0 109893 5 100.36843 idfp9
84 0 107980 6 99.42843 idfp9
84 0 109200 7 99.12679 idfp9
84 0 107293 8 98.84018 idfp9
84 0 110361 9 98.62702 idfp9
85 0 2959737 0 207.77756 idfp9
85 0 802973 1 207.05322 idfp9
85 0 803271 2 207.05322 idfp9
85 0 3177199 3 154.8093 idfp9
85 0 3171724 4 154.63638 idfp9
85 0 3177200 5 154.63638 idfp9
85 0 150543 6 147.03923 idfp9
85 0 2959732 7 147.03923 idfp9
85 0 146553 8 146.35997 idfp9
85 0 146790 9 146.35997 idfp9
86 0 3177199 0 125.497536 idfp9
86 0 3171724 1 125.40376 idfp9
86 0 3177200 2 125.40376 idfp9
86 0 802973 3 115.88464 idfp9
86 0 803271 4 115.88464 idfp9
86 0 2959737 5 115.88464 idfp9
86 0 3205766 6 112.97362 idfp9
86 0 150543 7 107.8814 idfp9
86 0 2959732 8 107.8814 idfp9
86 0 146553 9 107.21088 idfp9
87 0 111170 0 51.264015 idfp9
87 0 112807 1 50.80629 idfp9
87 0 143378 2 50.656975 idfp9
87 0 112746 3 48.12125 idfp9
87 0 136998 4 47.982265 idfp9
87 0 117899 5 46.339935 idfp9
87 0 117987 6 46.251415 idfp9
87 0 110760 7 46.239136 idfp9
87 0 148483 8 45.91975 idfp9
87 0 118109 9 45.19871 idfp9
88 0 182992 0 120.79668 idfp9
88 0 182991 1 112.49015 idfp9
88 0 111170 2 108.61646 idfp9
88 0 145897 3 107.924675 idfp9
88 0 149653 4 106.67414 idfp9
88 0 2654277 5 104.33427 idfp9
88 0 112807 6 101.0212 idfp9
88 0 145122 7 100.76743 idfp9
88 0 130159 8 100.23544 idfp9
88 0 625833 9 100.03674 idfp9
89 0 4151822 0 207.63936 idfp9
89 0 2812588 1 187.71567 idfp9
89 0 2770446 2 172.87616 idfp9
89 0 4162110 3 126.83238 idfp9
89 0 145647 4 122.66921 idfp9
89 0 134747 5 116.210594 idfp9
89 0 145817 6 115.75108 idfp9
89 0 2809767 7 90.95243 idfp9
89 0 2811850 8 90.95243 idfp9
89 0 145954 9 89.42181 idfp9
90 0 4151822 0 235.84866 idfp9
90 0 2812588 1 232.35428 idfp9
90 0 2770446 2 174.9619 idfp9
90 0 145626 3 169.17197 idfp9
90 0 137748 4 161.20723 idfp9
90 0 118054 5 160.78932 idfp9
90 0 130150 6 159.51071 idfp9
90 0 626454 7 150.94377 idfp9
90 0 2771249 8 148.07167 idfp9
90 0 3181025 9 147.58699 idfp9
91 0 3212514 0 285.05835 idfp9
91 0 145782 1 142.337 idfp9
91 0 134732 2 135.92278 idfp9
91 0 1087959 3 135.88208 idfp9
91 0 118507 4 134.19844 idfp9
91 0 109857 5 132.85286 idfp9
91 0 112439 6 130.1994 idfp9
91 0 219097 7 130.11171 idfp9
91 0 110249 8 129.72124 idfp9
91 0 110213 9 128.25755 idfp9
92 0 3212514 0 274.3773 idfp9
92 0 110249 1 163.88603 idfp9
92 0 1087959 2 161.15422 idfp9
92 0 118507 3 154.10025 idfp9
92 0 110213 4 133.50978 idfp9
92 0 110032 5 133.47937 idfp9
92 0 109857 6 131.68488 idfp9
92 0 134732 7 131.0322 idfp9
92 0 134725 8 126.76214 idfp9
92 0 112439 9 126.70532 idfp9
93 0 145901 0 201.55135 idfp9
93 0 117874 1 194.7761 idfp9
93 0 118334 2 193.64525 idfp9
93 0 118107 3 189.7422 idfp9
93 0 112905 4 185.01163 idfp9
93 0 112824 5 179.46533 idfp9
93 0 130158 6 179.00854 idfp9
93 0 118129 7 177.40877 idfp9
93 0 110877 8 176.4015 idfp9
93 0 111736 9 175.09361 idfp9
94 0 145901 0 203.60687 idfp9
94 0 931614 1 202.58679 idfp9
94 0 117874 2 189.38707 idfp9
94 0 2788983 3 180.35515 idfp9
94 0 118129 4 171.50594 idfp9
94 0 4151827 5 171.16347 idfp9
94 0 118334 6 170.81693 idfp9
94 0 112905 7 170.72997 idfp9
94 0 111736 8 169.66519 idfp9
94 0 112824 9 167.05978 idfp9
95 0 108555 0 101.07941 idfp9
95 0 105495 1 99.62083 idfp9
95 0 107232 2 93.203445 idfp9
95 0 107475 3 91.13527 idfp9
95 0 106171 4 76.87418 idfp9
95 0 103631 5 72.476746 idfp9
95 0 109444 6 72.22296 idfp9
95 0 106073 7 71.98624 idfp9
95 0 104571 8 68.65212 idfp9
95 0 145692 9 67.91993 idfp9
96 0 108555 0 115.68391 idfp9
96 0 103631 1 110.030685 idfp9
96 0 799986 2 83.29925 idfp9
96 0 108493 3 80.6064 idfp9
96 0 92746 4 79.9354 idfp9
96 0 96850 5 78.55489 idfp9
96 0 96542 6 78.476974 idfp9
96 0 92705 7 78.27757 idfp9
96 0 110322 8 77.97046 idfp9
96 0 93739 9 77.37302 idfp9
97 0 112101 0 136.62631 idfp9
97 0 111922 1 104.038185 idfp9
97 0 110718 2 75.64692 idfp9
97 0 2655597 3 74.58617 idfp9
97 0 2676593 4 73.58325 idfp9
97 0 2795279 5 73.22198 idfp9
97 0 117959 6 72.92116 idfp9
97 0 118111 7 70.01245 idfp9
97 0 134749 8 69.605316 idfp9
97 0 2959743 9 68.8725 idfp9
98 0 118148 0 34.569996 idfp9
98 0 134732 1 34.272087 idfp9
98 0 2655591 2 33.99432 idfp9
98 0 109088 3 33.923237 idfp9
98 0 118467 4 33.574593 idfp9
98 0 145804 5 33.044884 idfp9
98 0 145822 6 32.893963 idfp9
98 0 110996 7 32.763744 idfp9
98 0 117832 8 32.700672 idfp9
98 0 2811845 9 32.667507 idfp9
99 0 112267 0 127.16713 idfp9
99 0 111884 1 99.25742 idfp9
99 0 110552 2 87.885124 idfp9
99 0 112723 3 82.06189 idfp9
99 0 110578 4 75.440384 idfp9
99 0 145914 5 71.716934 idfp9
99 0 109976 6 71.66149 idfp9
99 0 118121 7 68.59845 idfp9
99 0 109612 8 68.47336 idfp9
99 0 112227 9 68.41903 idfp9
100 0 112267 0 153.10657 idfp9
100 0 110552 1 133.07176 idfp9
100 0 111884 2 109.02634 idfp9
100 0 111886 3 108.93854 idfp9
100 0 110098 4 104.44348 idfp9
100 0 109633 5 102.877754 idfp9
100 0 109673 6 102.71851 idfp9
100 0 112723 7 102.1475 idfp9
100 0 110296 8 100.17251 idfp9
100 0 111695 9 98.75874 idfp9
