1 0 3204919 0 40.28182 idfp2
1 0 802972 1 31.473114 idfp2
1 0 2803251 2 26.970465 idfp2
1 0 3203623 3 25.437172 idfp2
1 0 4162535 4 24.51827 idfp2
1 0 3170730 5 24.204222 idfp2
1 0 3177197 6 24.204222 idfp2
1 0 2789927 7 23.966022 idfp2
1 0 2809767 8 23.74528 idfp2
1 0 2811850 9 23.74528 idfp2
2 0 103549 0 26.692308 idfp2
2 0 103631 1 22.96093 idfp2
2 0 104671 2 22.576141 idfp2
2 0 104571 3 22.278227 idfp2
2 0 105116 4 21.906973 idfp2
2 0 4170684 5 21.210377 idfp2
2 0 145692 6 20.244036 idfp2
2 0 104673 7 19.84832 idfp2
2 0 103644 8 19.839594 idfp2
2 0 100809 9 19.392307 idfp2
3 0 3162143 0 31.9746 idfp2
3 0 112584 1 25.387451 idfp2
3 0 215496 2 24.513811 idfp2
3 0 215694 3 24.513811 idfp2
3 0 2959735 4 24.51277 idfp2
3 0 118248 5 24.220684 idfp2
3 0 623142 6 23.171093 idfp2
3 0 145821 7 23.009108 idfp2
3 0 4160986 8 22.950987 idfp2
3 0 78783 9 22.943274 idfp2
4 0 3162143 0 56.049416 idfp2
4 0 2959735 1 53.947315 idfp2
4 0 215694 2 53.947315 idfp2
4 0 215496 3 53.92874 idfp2
4 0 623142 4 46.55504 idfp2
4 0 149007 5 35.669945 idfp2
4 0 903973 6 35.22693 idfp2
4 0 118029 7 34.18601 idfp2
4 0 812450 8 32.44242 idfp2
4 0 145900 9 26.855944 idfp2
5 0 183480 0 19.214546 idfp2
5 0 2672209 1 19.051651 idfp2
5 0 2657779 2 19.051651 idfp2
5 0 108088 3 18.916693 idfp2
5 0 111789 4 18.54675 idfp2
5 0 110056 5 18.0865 idfp2
5 0 118174 6 18.06391 idfp2
5 0 112538 7 17.881304 idfp2
5 0 108671 8 17.500729 idfp2
5 0 112708 9 17.049294 idfp2
6 0 110654 0 41.901955 idfp2
6 0 110056 1 41.100033 idfp2
6 0 183480 2 35.597916 idfp2
6 0 111114 3 25.16683 idfp2
6 0 122256 4 24.93437 idfp2
6 0 117932 5 24.624134 idfp2
6 0 112351 6 22.384272 idfp2
6 0 111258 7 22.253798 idfp2
6 0 110599 8 21.98452 idfp2
6 0 112711 9 21.319504 idfp2
7 0 2672535 0 16.827255 idfp2
7 0 147531 1 14.740833 idfp2
7 0 2752078 2 14.588909 idfp2
7 0 147530 3 13.943006 idfp2
7 0 112851 4 13.054071 idfp2
7 0 219733 5 13.042194 idfp2
7 0 220342 6 13.042194 idfp2
7 0 2771248 7 12.998246 idfp2
7 0 820745 8 12.721332 idfp2
7 0 3195445 9 12.622181 idfp2
8 0 112174 0 43.08282 idfp2
8 0 134749 1 41.358368 idfp2
8 0 145715 2 35.370186 idfp2
8 0 145868 3 35.07293 idfp2
8 0 2678467 4 34.670296 idfp2
8 0 2679202 5 34.670296 idfp2
8 0 2959746 6 34.670296 idfp2
8 0 147531 7 29.813883 idfp2
8 0 112748 8 29.395119 idfp2
8 0 112834 9 29.220066 idfp2
9 0 2758569 0 24.759342 idfp2
9 0 2655498 1 21.93595 idfp2
9 0 625709 2 21.932398 idfp2
9 0 854177 3 19.508492 idfp2
9 0 2657778 4 19.244226 idfp2
9 0 2679557 5 19.144205 idfp2
9 0 145790 6 18.945524 idfp2
9 0 3209686 7 18.828238 idfp2
9 0 802771 8 18.444153 idfp2
9 0 779833 9 17.702917 idfp2
10 0 147531 0 33.193382 idfp2
10 0 145905 1 30.72605 idfp2
10 0 1726 2 29.416294 idfp2
10 0 145697 3 28.436638 idfp2
10 0 145675 4 27.368013 idfp2
10 0 134743 5 26.90421 idfp2
10 0 118087 6 26.675 idfp2
10 0 213504 7 26.601875 idfp2
10 0 118293 8 25.57755 idfp2
10 0 1743 9 25.214125 idfp2
11 0 3171724 0 24.647783 idfp2
11 0 3177199 1 24.647783 idfp2
11 0 3177200 2 24.647783 idfp2
11 0 945737 3 21.390085 idfp2
11 0 932059 4 21.390085 idfp2
11 0 2810524 5 21.255056 idfp2
11 0 2811846 6 21.255056 idfp2
11 0 3197746 7 20.944847 idfp2
11 0 4151827 8 20.323727 idfp2
11 0 2788474 9 20.27474 idfp2
12 0 4162110 0 24.849094 idfp2
12 0 3183079 1 23.83427 idfp2
12 0 3214780 2 21.906479 idfp2
12 0 3204919 3 21.732342 idfp2
12 0 4106440 4 21.306698 idfp2
12 0 3205767 5 20.954517 idfp2
12 0 3171725 6 20.464745 idfp2
12 0 3203623 7 19.47747 idfp2
12 0 4015951 8 19.460526 idfp2
12 0 3216388 9 19.43336 idfp2
13 0 2642828 0 22.470745 idfp2
13 0 4151817 1 20.56457 idfp2
13 0 811777 2 20.099663 idfp2
13 0 802973 3 18.313305 idfp2
13 0 803271 4 18.313305 idfp2
13 0 2959737 5 18.313305 idfp2
13 0 2959730 6 18.176373 idfp2
13 0 3168776 7 17.481049 idfp2
13 0 145971 8 17.199211 idfp2
13 0 3171724 9 16.282005 idfp2
14 0 2742710 0 18.919119 idfp2
14 0 180494 1 18.698168 idfp2
14 0 2641100 2 18.116508 idfp2
14 0 145790 3 17.8823 idfp2
14 0 108765 4 16.18817 idfp2
14 0 145931 5 15.893532 idfp2
14 0 145974 6 15.893532 idfp2
14 0 108193 7 15.202535 idfp2
14 0 117942 8 15.05566 idfp2
14 0 117873 9 14.768495 idfp2
15 0 2812588 0 48.791687 idfp2
15 0 4151822 1 37.185696 idfp2
15 0 4171965 2 36.39013 idfp2
15 0 2770446 3 29.540123 idfp2
15 0 4162111 4 24.341267 idfp2
15 0 3207858 5 23.990568 idfp2
15 0 4151821 6 22.435669 idfp2
15 0 4106440 7 22.306736 idfp2
15 0 4015951 8 20.970179 idfp2
15 0 2806207 9 20.545666 idfp2
16 0 4151822 0 32.943306 idfp2
16 0 4157405 1 25.34521 idfp2
16 0 4154603 2 24.889542 idfp2
16 0 4157382 3 24.63854 idfp2
16 0 4157406 4 24.63854 idfp2
16 0 4164892 5 24.557646 idfp2
16 0 4170683 6 23.913265 idfp2
16 0 4162936 7 23.845394 idfp2
16 0 3213871 8 23.707855 idfp2
16 0 4161362 9 23.615234 idfp2
17 0 148484 0 22.301533 idfp2
17 0 2672526 1 20.540813 idfp2
17 0 2674863 2 20.540813 idfp2
17 0 4161362 3 17.997332 idfp2
17 0 2670966 4 17.90089 idfp2
17 0 3170727 5 17.593292 idfp2
17 0 2674861 6 16.164644 idfp2
17 0 2675754 7 16.164644 idfp2
17 0 813289 8 15.771308 idfp2
17 0 2654532 9 15.067789 idfp2
18 0 205712 0 37.16517 idfp2
18 0 217288 1 23.38726 idfp2
18 0 2670966 2 22.82367 idfp2
18 0 214947 3 22.40356 idfp2
18 0 148484 4 22.393942 idfp2
18 0 145885 5 21.98219 idfp2
18 0 218665 6 21.127615 idfp2
18 0 2795703 7 20.537642 idfp2
18 0 2797292 8 20.537642 idfp2
18 0 802970 9 20.498163 idfp2
19 0 2654533 0 52.73197 idfp2
19 0 2654756 1 52.73197 idfp2
19 0 2679558 2 30.28825 idfp2
19 0 2678133 3 27.570293 idfp2
19 0 147528 4 25.708813 idfp2
19 0 2670965 5 25.518114 idfp2
19 0 2758568 6 25.469114 idfp2
19 0 2679557 7 25.371592 idfp2
19 0 2781925 8 24.883703 idfp2
19 0 4162936 9 24.820782 idfp2
20 0 2654533 0 55.761837 idfp2
20 0 2654756 1 55.761837 idfp2
20 0 147528 2 24.33608 idfp2
20 0 112775 3 23.451847 idfp2
20 0 2679558 4 22.600811 idfp2
20 0 145121 5 22.294115 idfp2
20 0 2758568 6 21.916618 idfp2
20 0 111069 7 21.60585 idfp2
20 0 2678133 8 21.51953 idfp2
20 0 2681962 9 20.533735 idfp2
21 0 873660 0 44.499058 idfp2
21 0 867657 1 32.506668 idfp2
21 0 902267 2 24.59437 idfp2
21 0 145747 3 24.287971 idfp2
21 0 2645422 4 23.732454 idfp2
21 0 117890 5 23.170607 idfp2
21 0 145643 6 22.995983 idfp2
21 0 134728 7 22.87285 idfp2
21 0 121161 8 22.27971 idfp2
21 0 118055 9 22.204638 idfp2
22 0 2659300 0 57.667503 idfp2
22 0 117890 1 43.22833 idfp2
22 0 867657 2 36.28831 idfp2
22 0 145829 3 29.155493 idfp2
22 0 2795279 4 28.56379 idfp2
22 0 118253 5 26.025368 idfp2
22 0 118010 6 25.524538 idfp2
22 0 108779 7 25.497942 idfp2
22 0 121161 8 25.338112 idfp2
22 0 118346 9 25.320087 idfp2
23 0 146984 0 23.455963 idfp2
23 0 3217227 1 23.048897 idfp2
23 0 112745 2 22.226114 idfp2
23 0 118233 3 21.080496 idfp2
23 0 1738 4 20.37203 idfp2
23 0 218457 5 19.54519 idfp2
23 0 108996 6 18.201614 idfp2
23 0 103203 7 18.155523 idfp2
23 0 108533 8 18.155523 idfp2
23 0 94035 9 18.145586 idfp2
24 0 1738 0 20.37203 idfp2
24 0 109265 1 12.420426 idfp2
24 0 91444 2 10.953227 idfp2
24 0 145778 3 10.822708 idfp2
24 0 85289 4 10.541865 idfp2
24 0 2620844 5 9.897321 idfp2
24 0 112872 6 9.847843 idfp2
24 0 109698 7 9.701855 idfp2
24 0 111318 8 9.465267 idfp2
24 0 108492 9 9.270619 idfp2
25 0 112616 0 35.41754 idfp2
25 0 117845 1 21.167023 idfp2
25 0 2621067 2 20.920324 idfp2
25 0 118021 3 20.151014 idfp2
25 0 3211503 4 20.039848 idfp2
25 0 112581 5 18.290876 idfp2
25 0 2655499 6 17.499063 idfp2
25 0 112703 7 16.772274 idfp2
25 0 111529 8 15.904213 idfp2
25 0 112910 9 15.563204 idfp2
26 0 105430 0 24.260239 idfp2
26 0 118514 1 23.236076 idfp2
26 0 626208 2 21.54596 idfp2
26 0 112676 3 21.470894 idfp2
26 0 118440 4 21.225063 idfp2
26 0 118441 5 20.105438 idfp2
26 0 117872 6 19.07544 idfp2
26 0 118070 7 18.477993 idfp2
26 0 145779 8 18.34136 idfp2
26 0 112867 9 17.989136 idfp2
27 0 4157382 0 54.668587 idfp2
27 0 4157405 1 54.668587 idfp2
27 0 111141 2 31.377857 idfp2
27 0 112346 3 28.153677 idfp2
27 0 2679557 4 20.612368 idfp2
27 0 217703 5 19.137173 idfp2
27 0 145636 6 18.592268 idfp2
27 0 2808290 7 17.45502 idfp2
27 0 182992 8 17.007578 idfp2
27 0 118489 9 16.902401 idfp2
28 0 4157382 0 47.47097 idfp2
28 0 4157405 1 47.47097 idfp2
28 0 111141 2 30.314764 idfp2
28 0 112346 3 28.153677 idfp2
28 0 217703 4 19.137173 idfp2
28 0 2808290 5 17.45502 idfp2
28 0 118489 6 16.902401 idfp2
28 0 110384 7 16.735481 idfp2
28 0 873668 8 16.732777 idfp2
28 0 145636 9 16.515436 idfp2
29 0 93432 0 12.267227 idfp2
29 0 112436 1 11.322466 idfp2
29 0 89774 2 11.082915 idfp2
29 0 102187 3 10.790767 idfp2
29 0 94589 4 10.434765 idfp2
29 0 92125 5 10.348631 idfp2
29 0 111980 6 10.259968 idfp2
29 0 110296 7 9.814938 idfp2
29 0 93018 8 9.782982 idfp2
29 0 109809 9 9.74205 idfp2
30 0 205788 0 41.683907 idfp2
30 0 218921 1 29.64753 idfp2
30 0 899483 2 26.12785 idfp2
30 0 2642828 3 25.898102 idfp2
30 0 148795 4 25.565605 idfp2
30 0 802770 5 25.238152 idfp2
30 0 179213 6 24.080252 idfp2
30 0 4151826 7 22.035666 idfp2
30 0 145916 8 20.071098 idfp2
30 0 4162534 9 19.479305 idfp2
31 0 4088544 0 24.995398 idfp2
31 0 2798228 1 23.447575 idfp2
31 0 175945 2 20.5247 idfp2
31 0 2643015 3 20.392988 idfp2
31 0 145877 4 20.157856 idfp2
31 0 183478 5 19.359419 idfp2
31 0 184061 6 19.359419 idfp2
31 0 184314 7 19.359419 idfp2
31 0 145876 8 18.197277 idfp2
31 0 145930 9 18.180178 idfp2
32 0 111434 0 40.25133 idfp2
32 0 1728 1 39.657948 idfp2
32 0 112850 2 33.026913 idfp2
32 0 112447 3 32.630943 idfp2
32 0 112329 4 32.49481 idfp2
32 0 112090 5 31.999615 idfp2
32 0 125839 6 31.897757 idfp2
32 0 117853 7 31.260902 idfp2
32 0 145710 8 30.24038 idfp2
32 0 111596 9 28.301462 idfp2
33 0 2676594 0 19.862106 idfp2
33 0 2675753 1 19.081991 idfp2
33 0 2679204 2 19.081991 idfp2
33 0 112626 3 17.082083 idfp2
33 0 4151822 4 16.935144 idfp2
33 0 1756 5 16.722168 idfp2
33 0 111594 6 16.618822 idfp2
33 0 111610 7 16.345343 idfp2
33 0 145870 8 15.659687 idfp2
33 0 109936 9 15.066954 idfp2
34 0 2676594 0 78.93828 idfp2
34 0 2675753 1 76.794754 idfp2
34 0 2679204 2 76.794754 idfp2
34 0 2809767 3 49.844467 idfp2
34 0 2811850 4 49.844467 idfp2
34 0 136994 5 26.214588 idfp2
34 0 146986 6 22.778313 idfp2
34 0 121158 7 20.654879 idfp2
34 0 109796 8 19.947674 idfp2
34 0 112962 9 19.273323 idfp2
35 0 118160 0 11.269192 idfp2
35 0 88788 1 11.063182 idfp2
35 0 126679 2 10.90102 idfp2
35 0 2655499 3 10.620727 idfp2
35 0 88352 4 10.404679 idfp2
35 0 103958 5 10.338451 idfp2
35 0 3212515 6 9.817219 idfp2
35 0 1727 7 9.300379 idfp2
35 0 4168362 8 9.294729 idfp2
35 0 2808293 9 9.214899 idfp2
36 0 779833 0 26.135796 idfp2
36 0 798511 1 26.135796 idfp2
36 0 3168777 2 24.006857 idfp2
36 0 219731 3 23.62227 idfp2
36 0 2798228 4 22.325144 idfp2
36 0 3212515 5 20.432629 idfp2
36 0 3203659 6 19.76132 idfp2
36 0 179213 7 19.648848 idfp2
36 0 218927 8 19.628061 idfp2
36 0 2769806 9 19.405224 idfp2
37 0 85483 0 15.581545 idfp2
37 0 3203655 1 15.177391 idfp2
37 0 2671723 2 14.466622 idfp2
37 0 84692 3 13.749563 idfp2
37 0 902265 4 13.466131 idfp2
37 0 2810525 5 13.298588 idfp2
37 0 2811847 6 13.298588 idfp2
37 0 625709 7 13.101531 idfp2
37 0 145636 8 12.777787 idfp2
37 0 101803 9 12.609898 idfp2
38 0 145855 0 46.617123 idfp2
38 0 145731 1 41.030766 idfp2
38 0 4151829 2 37.57349 idfp2
38 0 1993216 3 21.242878 idfp2
38 0 118269 4 20.962675 idfp2
38 0 111982 5 19.995539 idfp2
38 0 112292 6 16.91696 idfp2
38 0 111420 7 15.919597 idfp2
38 0 111275 8 15.336573 idfp2
38 0 145787 9 14.393518 idfp2
39 0 112568 0 44.253353 idfp2
39 0 112420 1 39.851997 idfp2
39 0 118457 2 39.129665 idfp2
39 0 111432 3 34.111767 idfp2
39 0 108442 4 32.05593 idfp2
39 0 112936 5 31.812899 idfp2
39 0 118192 6 31.706215 idfp2
39 0 130141 7 31.42127 idfp2
39 0 2959744 8 30.734434 idfp2
39 0 855518 9 30.734434 idfp2
40 0 97466 0 40.22372 idfp2
40 0 105200 1 34.89775 idfp2
40 0 118457 2 33.793777 idfp2
40 0 108818 3 33.292404 idfp2
40 0 99304 4 32.35816 idfp2
40 0 91083 5 30.772276 idfp2
40 0 97103 6 30.682793 idfp2
40 0 95945 7 29.800014 idfp2
40 0 97394 8 29.570868 idfp2
40 0 96807 9 28.854725 idfp2
41 0 112924 0 26.955069 idfp2
41 0 2810525 1 25.760048 idfp2
41 0 2811847 2 25.760048 idfp2
41 0 112440 3 21.253101 idfp2
41 0 117796 4 18.409931 idfp2
41 0 97206 5 17.134613 idfp2
41 0 145756 6 16.861431 idfp2
41 0 2150 7 16.791748 idfp2
41 0 111891 8 16.62313 idfp2
41 0 111193 9 16.424202 idfp2
42 0 2654533 0 25.864561 idfp2
42 0 2654756 1 25.864561 idfp2
42 0 112440 2 25.625566 idfp2
42 0 111891 3 24.190441 idfp2
42 0 112585 4 24.097437 idfp2
42 0 109186 5 24.07101 idfp2
42 0 111198 6 22.01666 idfp2
42 0 110132 7 20.843565 idfp2
42 0 110230 8 18.611256 idfp2
42 0 110660 9 18.35124 idfp2
43 0 112305 0 22.945856 idfp2
43 0 110904 1 22.204859 idfp2
43 0 104999 2 20.55144 idfp2
43 0 118382 3 18.647589 idfp2
43 0 108376 4 17.967653 idfp2
43 0 112644 5 16.424276 idfp2
43 0 108666 6 15.90052 idfp2
43 0 145835 7 15.596314 idfp2
43 0 108049 8 15.379798 idfp2
43 0 118148 9 14.97152 idfp2
44 0 135284 0 13.729057 idfp2
44 0 92563 1 13.148494 idfp2
44 0 99616 2 13.079235 idfp2
44 0 92375 3 12.670679 idfp2
44 0 145064 4 11.551667 idfp2
44 0 123997 5 11.457546 idfp2
44 0 125742 6 11.457546 idfp2
44 0 1738 7 11.061074 idfp2
44 0 183480 8 11.061074 idfp2
44 0 109785 9 10.999985 idfp2
45 0 3204917 0 44.42459 idfp2
45 0 2808291 1 29.536797 idfp2
45 0 873668 2 28.620926 idfp2
45 0 3191118 3 26.31757 idfp2
45 0 3203657 4 25.729055 idfp2
45 0 145903 5 25.444954 idfp2
45 0 3170728 6 24.966003 idfp2
45 0 3181481 7 24.922852 idfp2
45 0 145772 8 24.81083 idfp2
45 0 4089982 9 24.144415 idfp2
46 0 866024 0 87.771324 idfp2
46 0 858802 1 87.771324 idfp2
46 0 623145 2 58.391308 idfp2
46 0 3204917 3 49.416332 idfp2
46 0 145764 4 45.271435 idfp2
46 0 2657927 5 37.54765 idfp2
46 0 2804673 6 37.48512 idfp2
46 0 2808291 7 33.41832 idfp2
46 0 145772 8 29.851612 idfp2
46 0 145861 9 27.709417 idfp2
47 0 2674861 0 48.635735 idfp2
47 0 2675754 1 48.635735 idfp2
47 0 4151822 2 23.838562 idfp2
47 0 2671723 3 21.88916 idfp2
47 0 2679558 4 20.894333 idfp2
47 0 2679835 5 20.888992 idfp2
47 0 145916 6 20.588455 idfp2
47 0 802972 7 20.544945 idfp2
47 0 3213872 8 20.51921 idfp2
47 0 4155979 9 20.51513 idfp2
48 0 2674861 0 36.20591 idfp2
48 0 2675754 1 36.20591 idfp2
48 0 103019 2 12.714738 idfp2
48 0 106367 3 11.747168 idfp2
48 0 112806 4 11.6787195 idfp2
48 0 858085 5 11.625872 idfp2
48 0 626208 6 11.226836 idfp2
48 0 99428 7 10.678991 idfp2
48 0 130045 8 10.086193 idfp2
48 0 141860 9 10.004013 idfp2
49 0 2810525 0 36.91519 idfp2
49 0 2811847 1 36.91519 idfp2
49 0 4162535 2 16.42942 idfp2
49 0 99018 3 14.799164 idfp2
49 0 1525533 4 13.625391 idfp2
49 0 99119 5 12.846901 idfp2
49 0 85732 6 12.6630535 idfp2
49 0 3209687 7 12.349131 idfp2
49 0 135064 8 12.330198 idfp2
49 0 134680 9 12.275176 idfp2
50 0 3153112 0 32.016533 idfp2
50 0 2810525 1 27.194252 idfp2
50 0 2811847 2 27.194252 idfp2
50 0 4162535 3 24.842987 idfp2
50 0 99018 4 14.799164 idfp2
50 0 108972 5 14.615795 idfp2
50 0 2764188 6 14.467197 idfp2
50 0 3204917 7 14.359153 idfp2
50 0 1525533 8 13.625391 idfp2
50 0 131829 9 13.4462805 idfp2
51 0 178546 0 18.361933 idfp2
51 0 2742710 1 17.84204 idfp2
51 0 616869 2 17.290554 idfp2
51 0 2752078 3 16.16423 idfp2
51 0 111908 4 15.824917 idfp2
51 0 4162110 5 14.980918 idfp2
51 0 145975 6 14.817055 idfp2
51 0 4168298 7 14.817055 idfp2
51 0 616807 8 14.414877 idfp2
51 0 219732 9 14.025415 idfp2
52 0 112005 0 16.771301 idfp2
52 0 92777 1 13.193965 idfp2
52 0 109782 2 13.11943 idfp2
52 0 85111 3 12.88742 idfp2
52 0 107187 4 12.863572 idfp2
52 0 2518368 5 12.705825 idfp2
52 0 117754 6 12.626416 idfp2
52 0 85447 7 12.553668 idfp2
52 0 85110 8 12.450111 idfp2
52 0 111908 9 12.40805 idfp2
53 0 2771250 0 28.329418 idfp2
53 0 2808291 1 24.371868 idfp2
53 0 799985 2 21.713518 idfp2
53 0 108879 3 21.410072 idfp2
53 0 100834 4 21.317171 idfp2
53 0 145792 5 20.632294 idfp2
53 0 118262 6 19.088781 idfp2
53 0 112016 7 18.931873 idfp2
53 0 112677 8 18.903389 idfp2
53 0 1744 9 18.666851 idfp2
54 0 872994 0 44.89099 idfp2
54 0 943668 1 39.862778 idfp2
54 0 811777 2 38.603065 idfp2
54 0 3213873 3 25.133759 idfp2
54 0 811778 4 24.83053 idfp2
54 0 2670965 5 24.6799 idfp2
54 0 931123 6 24.47912 idfp2
54 0 2679557 7 24.397097 idfp2
54 0 2750102 8 24.39443 idfp2
54 0 2673211 9 24.122826 idfp2
55 0 4154603 0 46.997887 idfp2
55 0 145855 1 27.65138 idfp2
55 0 145731 2 26.669264 idfp2
55 0 145917 3 21.344227 idfp2
55 0 931125 4 21.20645 idfp2
55 0 145629 5 20.434462 idfp2
55 0 2676594 6 17.649021 idfp2
55 0 2675753 7 17.357964 idfp2
55 0 2679204 8 17.357964 idfp2
55 0 2809767 9 16.614174 idfp2
56 0 4154603 0 74.45698 idfp2
56 0 145731 1 38.922104 idfp2
56 0 118269 2 33.344795 idfp2
56 0 112910 3 32.944305 idfp2
56 0 145629 4 29.60307 idfp2
56 0 110774 5 28.9711 idfp2
56 0 145855 6 27.65138 idfp2
56 0 111261 7 27.46651 idfp2
56 0 111420 8 22.347717 idfp2
56 0 931125 9 21.20645 idfp2
57 0 800859 0 21.722363 idfp2
57 0 902264 1 18.694021 idfp2
57 0 3160677 2 17.212198 idfp2
57 0 146982 3 16.870985 idfp2
57 0 802408 4 16.668028 idfp2
57 0 117932 5 16.18365 idfp2
57 0 616862 6 15.524649 idfp2
57 0 145896 7 15.426641 idfp2
57 0 899484 8 15.360838 idfp2
57 0 145636 9 15.167519 idfp2
58 0 2806207 0 15.608059 idfp2
58 0 931124 1 12.479907 idfp2
58 0 217702 2 12.42241 idfp2
58 0 145735 3 12.349889 idfp2
58 0 4104822 4 12.252972 idfp2
58 0 2651114 5 12.166075 idfp2
58 0 109217 6 11.836221 idfp2
58 0 149285 7 11.81521 idfp2
58 0 2678466 8 11.80117 idfp2
58 0 112811 9 11.561935 idfp2
59 0 2788983 0 83.44127 idfp2
59 0 4170685 1 74.05894 idfp2
59 0 3205767 2 67.90618 idfp2
59 0 118037 3 51.08639 idfp2
59 0 117968 4 48.258335 idfp2
59 0 145627 5 47.64009 idfp2
59 0 118040 6 46.707554 idfp2
59 0 118422 7 46.05773 idfp2
59 0 1087691 8 45.71248 idfp2
59 0 118129 9 45.16505 idfp2
60 0 3195891 0 68.21122 idfp2
60 0 118334 1 60.0575 idfp2
60 0 130158 2 56.954834 idfp2
60 0 2788983 3 53.18923 idfp2
60 0 118107 4 52.2271 idfp2
60 0 621195 5 51.413162 idfp2
60 0 621270 6 51.413162 idfp2
60 0 4170685 7 49.297962 idfp2
60 0 118129 8 49.14646 idfp2
60 0 110510 9 46.97997 idfp2
61 0 145923 0 48.92225 idfp2
61 0 112854 1 44.286396 idfp2
61 0 145743 2 43.698105 idfp2
61 0 145808 3 41.34867 idfp2
61 0 118117 4 39.49671 idfp2
61 0 179213 5 37.41944 idfp2
61 0 145844 6 36.693783 idfp2
61 0 218132 7 35.310127 idfp2
61 0 1732 8 34.959003 idfp2
61 0 145881 9 34.8139 idfp2
62 0 2812210 0 19.828798 idfp2
62 0 2155 1 18.659443 idfp2
62 0 111342 2 15.811654 idfp2
62 0 110661 3 15.495861 idfp2
62 0 110926 4 15.416398 idfp2
62 0 118299 5 14.406803 idfp2
62 0 117875 6 14.373001 idfp2
62 0 107147 7 14.048813 idfp2
62 0 3205736 8 12.977093 idfp2
62 0 118098 9 12.610968 idfp2
63 0 2812589 0 13.718677 idfp2
63 0 2959749 1 13.718677 idfp2
63 0 117921 2 13.423823 idfp2
63 0 118148 3 12.276319 idfp2
63 0 104278 4 12.183695 idfp2
63 0 104481 5 12.141148 idfp2
63 0 2784695 6 11.275102 idfp2
63 0 117935 7 10.3297825 idfp2
63 0 118425 8 10.148608 idfp2
63 0 3007018 9 10.132191 idfp2
64 0 3205767 0 38.447292 idfp2
64 0 3207860 1 26.882977 idfp2
64 0 3216389 2 26.733122 idfp2
64 0 3214776 3 25.687626 idfp2
64 0 4160986 4 24.793026 idfp2
64 0 821189 5 24.719051 idfp2
64 0 3197367 6 24.438545 idfp2
64 0 3205736 7 23.49023 idfp2
64 0 2788983 8 23.382471 idfp2
64 0 3171725 9 22.987436 idfp2
65 0 118123 0 59.281494 idfp2
65 0 3199502 1 30.140823 idfp2
65 0 99806 2 26.666355 idfp2
65 0 1087873 3 23.321383 idfp2
65 0 99111 4 23.321383 idfp2
65 0 4102799 5 23.198685 idfp2
65 0 110645 6 22.080282 idfp2
65 0 150540 7 22.000027 idfp2
65 0 118151 8 21.790113 idfp2
65 0 108607 9 21.636154 idfp2
66 0 3211501 0 45.969322 idfp2
66 0 145867 1 44.228745 idfp2
66 0 118123 2 43.850594 idfp2
66 0 3214775 3 29.840382 idfp2
66 0 109486 4 24.980354 idfp2
66 0 3217477 5 21.419987 idfp2
66 0 3207861 6 21.106339 idfp2
66 0 868383 7 20.411522 idfp2
66 0 3205768 8 20.359398 idfp2
66 0 4151827 9 20.068827 idfp2
67 0 145800 0 82.68964 idfp2
67 0 867645 1 63.887276 idfp2
67 0 103675 2 40.87423 idfp2
67 0 103916 3 28.78833 idfp2
67 0 104522 4 28.776787 idfp2
67 0 106844 5 28.676266 idfp2
67 0 106757 6 26.149893 idfp2
67 0 103721 7 25.806812 idfp2
67 0 103678 8 23.842457 idfp2
67 0 108330 9 22.969511 idfp2
68 0 145800 0 61.831913 idfp2
68 0 867645 1 31.476385 idfp2
68 0 92402 2 25.206827 idfp2
68 0 88819 3 24.207863 idfp2
68 0 97893 4 23.68592 idfp2
68 0 88704 5 22.319618 idfp2
68 0 87585 6 20.7076 idfp2
68 0 94177 7 19.939043 idfp2
68 0 101291 8 18.384045 idfp2
68 0 88756 9 18.384045 idfp2
69 0 3214778 0 19.166695 idfp2
69 0 2801433 1 19.119776 idfp2
69 0 111709 2 18.932203 idfp2
69 0 3214777 3 18.531847 idfp2
69 0 142890 4 18.452538 idfp2
69 0 149289 5 18.241747 idfp2
69 0 100297 6 18.106882 idfp2
69 0 98625 7 17.904743 idfp2
69 0 182558 8 17.731947 idfp2
69 0 219733 9 15.857624 idfp2
70 0 3214778 0 22.167494 idfp2
70 0 2959743 1 21.78173 idfp2
70 0 858289 2 21.78173 idfp2
70 0 2801433 3 21.73381 idfp2
70 0 866022 4 21.587515 idfp2
70 0 855517 5 21.050533 idfp2
70 0 3214777 6 20.298395 idfp2
70 0 815689 7 18.959328 idfp2
70 0 147528 8 18.779806 idfp2
70 0 149289 9 18.241747 idfp2
71 0 112904 0 27.308647 idfp2
71 0 118234 1 26.66399 idfp2
71 0 118052 2 26.248878 idfp2
71 0 3189783 3 25.847473 idfp2
71 0 145121 4 24.608057 idfp2
71 0 112914 5 23.419313 idfp2
71 0 2620873 6 23.182777 idfp2
71 0 91714 7 23.182777 idfp2
71 0 91596 8 21.838129 idfp2
71 0 2654533 9 21.173208 idfp2
72 0 118052 0 27.053284 idfp2
72 0 112904 1 26.972193 idfp2
72 0 118234 2 21.347807 idfp2
72 0 145121 3 20.729576 idfp2
72 0 94732 4 20.166906 idfp2
72 0 102631 5 18.92703 idfp2
72 0 2620873 6 18.329447 idfp2
72 0 91714 7 18.329447 idfp2
72 0 93385 8 18.273882 idfp2
72 0 100968 9 18.238556 idfp2
73 0 110540 0 15.385328 idfp2
73 0 145624 1 13.934924 idfp2
73 0 118043 2 13.213339 idfp2
73 0 106183 3 12.286753 idfp2
73 0 1087954 4 12.277382 idfp2
73 0 812524 5 12.174236 idfp2
73 0 110175 6 11.983445 idfp2
73 0 3203623 7 11.330173 idfp2
73 0 97872 8 11.22611 idfp2
73 0 110517 9 11.099445 idfp2
74 0 4168298 0 24.736464 idfp2
74 0 2675749 1 24.098898 idfp2
74 0 109284 2 21.455734 idfp2
74 0 2804674 3 19.610373 idfp2
74 0 107904 4 16.795097 idfp2
74 0 2788684 5 16.583504 idfp2
74 0 219511 6 15.439061 idfp2
74 0 219616 7 15.439061 idfp2
74 0 2809763 8 14.846529 idfp2
74 0 92989 9 14.305752 idfp2
75 0 89410 0 31.886082 idfp2
75 0 92916 1 29.673748 idfp2
75 0 1210205 2 27.431301 idfp2
75 0 89096 3 25.828846 idfp2
75 0 98058 4 25.749706 idfp2
75 0 87932 5 25.575962 idfp2
75 0 103554 6 24.739027 idfp2
75 0 96318 7 23.346882 idfp2
75 0 92680 8 22.968147 idfp2
75 0 89008 9 22.630236 idfp2
76 0 110964 0 27.690872 idfp2
76 0 105454 1 18.086102 idfp2
76 0 145938 2 16.621176 idfp2
76 0 112112 3 15.392809 idfp2
76 0 145764 4 15.357952 idfp2
76 0 2750101 5 15.003527 idfp2
76 0 149653 6 14.580743 idfp2
76 0 107711 7 14.493389 idfp2
76 0 112430 8 13.9627075 idfp2
76 0 3171728 9 13.856757 idfp2
77 0 1860220 0 26.316608 idfp2
77 0 4089982 1 23.642765 idfp2
77 0 146986 2 23.026342 idfp2
77 0 2770446 3 22.930923 idfp2
77 0 3183080 4 22.633923 idfp2
77 0 4151822 5 20.698072 idfp2
77 0 3187211 6 19.38993 idfp2
77 0 4168298 7 18.673965 idfp2
77 0 3214774 8 18.06417 idfp2
77 0 4162110 9 17.87741 idfp2
78 0 112819 0 16.759447 idfp2
78 0 3207858 1 15.601976 idfp2
78 0 1750 2 13.833672 idfp2
78 0 112233 3 13.678601 idfp2
78 0 112058 4 13.068537 idfp2
78 0 111785 5 12.88334 idfp2
78 0 2812588 6 11.948085 idfp2
78 0 134740 7 11.679319 idfp2
78 0 616862 8 11.360807 idfp2
78 0 799976 9 10.74643 idfp2
79 0 111470 0 41.164955 idfp2
79 0 111009 1 37.10461 idfp2
79 0 118143 2 34.00892 idfp2
79 0 145932 3 17.804504 idfp2
79 0 2670795 4 17.058443 idfp2
79 0 145941 5 16.727947 idfp2
79 0 903979 6 16.712475 idfp2
79 0 902768 7 16.712475 idfp2
79 0 2771753 8 16.26509 idfp2
79 0 92377 9 13.656232 idfp2
80 0 111470 0 43.141155 idfp2
80 0 111009 1 39.767162 idfp2
80 0 118143 2 32.178875 idfp2
80 0 109421 3 13.449158 idfp2
80 0 109791 4 12.945421 idfp2
80 0 218133 5 12.462768 idfp2
80 0 144408 6 12.379222 idfp2
80 0 110333 7 11.882352 idfp2
80 0 131404 8 11.825467 idfp2
80 0 117537 9 11.778881 idfp2
81 0 148484 0 39.63629 idfp2
81 0 112440 1 30.01508 idfp2
81 0 122253 2 23.861225 idfp2
81 0 118445 3 19.541834 idfp2
81 0 799979 4 17.24325 idfp2
81 0 117833 5 17.057627 idfp2
81 0 799981 6 16.988974 idfp2
81 0 127984 7 16.037502 idfp2
81 0 145865 8 15.836265 idfp2
81 0 145751 9 15.599345 idfp2
82 0 2803250 0 40.857883 idfp2
82 0 127900 1 33.79194 idfp2
82 0 1726 2 33.776897 idfp2
82 0 145865 3 32.877937 idfp2
82 0 216735 4 32.07449 idfp2
82 0 216806 5 32.07449 idfp2
82 0 799981 6 31.62225 idfp2
82 0 118368 7 31.400112 idfp2
82 0 118126 8 29.686855 idfp2
82 0 145751 9 17.896784 idfp2
83 0 2678133 0 23.773163 idfp2
83 0 2788685 1 23.47861 idfp2
83 0 2959751 2 23.47861 idfp2
83 0 111365 3 22.327648 idfp2
83 0 111093 4 22.204893 idfp2
83 0 145793 5 21.780834 idfp2
83 0 111757 6 21.769821 idfp2
83 0 2621076 7 21.500635 idfp2
83 0 112618 8 20.89341 idfp2
83 0 112590 9 20.890425 idfp2
84 0 145859 0 36.004898 idfp2
84 0 145870 1 33.137074 idfp2
84 0 110289 2 32.16703 idfp2
84 0 111103 3 26.526781 idfp2
84 0 110711 4 23.705095 idfp2
84 0 2788685 5 23.47861 idfp2
84 0 2959751 6 23.47861 idfp2
84 0 111365 7 22.327648 idfp2
84 0 111093 8 22.204893 idfp2
84 0 110961 9 22.184452 idfp2
85 0 2959737 0 36.954903 idfp2
85 0 802973 1 36.230568 idfp2
85 0 803271 2 36.230568 idfp2
85 0 803383 3 27.119358 idfp2
85 0 3171724 4 24.19943 idfp2
85 0 3177199 5 24.19943 idfp2
85 0 3177200 6 24.19943 idfp2
85 0 2788983 7 18.2449 idfp2
85 0 805485 8 17.841759 idfp2
85 0 2959753 9 17.841759 idfp2
86 0 3171724 0 28.703003 idfp2
86 0 3177199 1 28.703003 idfp2
86 0 3177200 2 28.703003 idfp2
86 0 3205766 3 28.416182 idfp2
86 0 150543 4 26.010658 idfp2
86 0 2959732 5 26.010658 idfp2
86 0 146553 6 25.49852 idfp2
86 0 146790 7 25.49852 idfp2
86 0 802973 8 22.702837 idfp2
86 0 803271 9 22.702837 idfp2
87 0 104480 0 19.560768 idfp2
87 0 104998 1 15.346903 idfp2
87 0 106464 2 14.585177 idfp2
87 0 1088038 3 13.067673 idfp2
87 0 104995 4 12.616873 idfp2
87 0 111446 5 12.404573 idfp2
87 0 110372 6 12.404573 idfp2
87 0 118017 7 12.280254 idfp2
87 0 85161 8 11.551023 idfp2
87 0 112689 9 11.362797 idfp2
88 0 3191119 0 16.112532 idfp2
88 0 3203659 1 15.489521 idfp2
88 0 625832 2 15.316922 idfp2
88 0 626055 3 15.316922 idfp2
88 0 2804671 4 14.838555 idfp2
88 0 2654277 5 13.425516 idfp2
88 0 616863 6 13.275211 idfp2
88 0 218134 7 13.203846 idfp2
88 0 218178 8 13.203846 idfp2
88 0 111976 9 12.99178 idfp2
89 0 2770446 0 62.95352 idfp2
89 0 4151822 1 53.465706 idfp2
89 0 2812588 2 50.50083 idfp2
89 0 4162110 3 23.173334 idfp2
89 0 105156 4 14.052294 idfp2
89 0 1087693 5 13.661719 idfp2
89 0 145647 6 13.313687 idfp2
89 0 145817 7 13.133562 idfp2
89 0 133159 8 13.1133585 idfp2
89 0 138792 9 13.1133585 idfp2
90 0 4151822 0 69.632805 idfp2
90 0 2770446 1 62.95352 idfp2
90 0 2812588 2 52.881916 idfp2
90 0 4162110 3 36.51232 idfp2
90 0 4172497 4 19.637806 idfp2
90 0 4168363 5 19.079155 idfp2
90 0 4151819 6 18.543674 idfp2
90 0 4162535 7 17.953186 idfp2
90 0 145817 8 16.313038 idfp2
90 0 4162936 9 16.101162 idfp2
91 0 3212514 0 95.17091 idfp2
91 0 109857 1 43.273808 idfp2
91 0 111278 2 34.16135 idfp2
91 0 145892 3 33.379704 idfp2
91 0 134732 4 32.51207 idfp2
91 0 145782 5 29.597113 idfp2
91 0 112439 6 28.834972 idfp2
91 0 219097 7 28.229795 idfp2
91 0 145785 8 27.89007 idfp2
91 0 145897 9 25.943443 idfp2
92 0 3212514 0 90.28865 idfp2
92 0 109857 1 43.273808 idfp2
92 0 111278 2 34.16135 idfp2
92 0 134732 3 32.51207 idfp2
92 0 145892 4 30.661083 idfp2
92 0 112439 5 28.834972 idfp2
92 0 219097 6 24.018559 idfp2
92 0 96201 7 23.383879 idfp2
92 0 1087959 8 21.585783 idfp2
92 0 145897 9 21.558035 idfp2
93 0 145901 0 29.895206 idfp2
93 0 118129 1 28.268122 idfp2
93 0 2788983 2 26.635576 idfp2
93 0 130158 3 25.318302 idfp2
93 0 118334 4 22.712639 idfp2
93 0 118099 5 21.968954 idfp2
93 0 118040 6 21.754963 idfp2
93 0 145807 7 21.653238 idfp2
93 0 145627 8 21.018993 idfp2
93 0 118107 9 20.70246 idfp2
94 0 2788983 0 30.413206 idfp2
94 0 145901 1 29.895206 idfp2
94 0 118129 2 28.268122 idfp2
94 0 931614 3 27.401833 idfp2
94 0 130158 4 25.318302 idfp2
94 0 4151827 5 23.078785 idfp2
94 0 118334 6 22.712639 idfp2
94 0 3195891 7 22.262356 idfp2
94 0 118099 8 21.968954 idfp2
94 0 118040 9 21.754963 idfp2
95 0 108555 0 23.54526 idfp2
95 0 105495 1 21.772968 idfp2
95 0 106171 2 21.27293 idfp2
95 0 107232 3 20.780102 idfp2
95 0 109444 4 19.242802 idfp2
95 0 112750 5 17.830698 idfp2
95 0 149006 6 16.244505 idfp2
95 0 107475 7 15.586349 idfp2
95 0 105684 8 15.347144 idfp2
95 0 104671 9 15.187336 idfp2
96 0 108555 0 33.094315 idfp2
96 0 103631 1 30.53353 idfp2
96 0 105495 2 25.473127 idfp2
96 0 92746 3 21.012693 idfp2
96 0 2680590 4 19.680853 idfp2
96 0 2959745 5 19.680853 idfp2
96 0 107232 6 18.463768 idfp2
96 0 92705 7 17.418877 idfp2
96 0 96542 8 17.22738 idfp2
96 0 100926 9 16.682428 idfp2
97 0 112101 0 25.422483 idfp2
97 0 111922 1 18.320545 idfp2
97 0 820748 2 17.817865 idfp2
97 0 2655597 3 15.571856 idfp2
97 0 4102799 4 15.511108 idfp2
97 0 623142 5 14.393664 idfp2
97 0 134275 6 14.374602 idfp2
97 0 116106 7 14.374602 idfp2
97 0 124942 8 14.257481 idfp2
97 0 141916 9 14.257481 idfp2
98 0 134732 0 13.686675 idfp2
98 0 106593 1 13.246197 idfp2
98 0 118467 2 12.9380245 idfp2
98 0 2676593 3 12.761919 idfp2
98 0 112092 4 11.773952 idfp2
98 0 106046 5 11.367031 idfp2
98 0 111516 6 11.306109 idfp2
98 0 2655591 7 11.265836 idfp2
98 0 102190 8 11.199684 idfp2
98 0 2655597 9 11.068575 idfp2
99 0 112267 0 47.848373 idfp2
99 0 111884 1 34.467648 idfp2
99 0 109673 2 23.832571 idfp2
99 0 854177 3 23.831072 idfp2
99 0 110552 4 23.614683 idfp2
99 0 110578 5 20.940756 idfp2
99 0 112723 6 20.213367 idfp2
99 0 145914 7 20.11231 idfp2
99 0 104524 8 19.973946 idfp2
99 0 111695 9 19.663973 idfp2
100 0 111463 0 15.612408 idfp2
100 0 135750 1 14.591418 idfp2
100 0 113376 2 14.526306 idfp2
100 0 120372 3 14.526306 idfp2
100 0 128726 4 14.526306 idfp2
100 0 122113 5 14.526306 idfp2
100 0 143583 6 14.526306 idfp2
100 0 123623 7 14.374602 idfp2
100 0 114009 8 14.374602 idfp2
100 0 121872 9 14.374602 idfp2
