1 0 3204919 0 121.0467 idfp10
1 0 2649076 1 114.25826 idfp10
1 0 149702 2 107.47858 idfp10
1 0 3177197 3 106.32579 idfp10
1 0 3170730 4 106.18977 idfp10
1 0 2812210 5 106.05508 idfp10
1 0 4164893 6 106.00455 idfp10
1 0 2809767 7 104.97717 idfp10
1 0 2811850 8 104.97717 idfp10
1 0 219733 9 104.22389 idfp10
2 0 103631 0 108.632645 idfp10
2 0 145692 1 108.30685 idfp10
2 0 103549 2 104.34689 idfp10
2 0 104671 3 102.28986 idfp10
2 0 108555 4 101.11896 idfp10
2 0 104571 5 100.69825 idfp10
2 0 4170684 6 94.174164 idfp10
2 0 105116 7 93.77077 idfp10
2 0 96850 8 93.61636 idfp10
2 0 106522 9 91.74417 idfp10
3 0 3162143 0 142.96881 idfp10
3 0 118475 1 131.59628 idfp10
3 0 215496 2 131.2865 idfp10
3 0 215694 3 131.2865 idfp10
3 0 2959735 4 131.28545 idfp10
3 0 145890 5 127.67162 idfp10
3 0 130157 6 127.372025 idfp10
3 0 118248 7 126.42471 idfp10
3 0 903973 8 125.78394 idfp10
3 0 117907 9 124.91317 idfp10
4 0 215694 0 256.60596 idfp10
4 0 2959735 1 256.60388 idfp10
4 0 215496 2 256.5874 idfp10
4 0 3162143 3 230.30273 idfp10
4 0 118029 4 218.45961 idfp10
4 0 623142 5 208.30931 idfp10
4 0 149007 6 208.06837 idfp10
4 0 903973 7 195.63913 idfp10
4 0 145890 8 174.29709 idfp10
4 0 145900 9 171.99763 idfp10
5 0 2672209 0 92.413124 idfp10
5 0 2657779 1 92.413124 idfp10
5 0 145652 2 92.0234 idfp10
5 0 1740 3 88.94686 idfp10
5 0 110831 4 88.12413 idfp10
5 0 112708 5 85.97542 idfp10
5 0 110056 6 85.685425 idfp10
5 0 183480 7 85.26074 idfp10
5 0 131163 8 81.72727 idfp10
5 0 118217 9 79.98915 idfp10
6 0 110654 0 157.05533 idfp10
6 0 110056 1 131.62726 idfp10
6 0 183480 2 117.95168 idfp10
6 0 111258 3 106.909454 idfp10
6 0 111114 4 101.61147 idfp10
6 0 3203656 5 101.57522 idfp10
6 0 3206414 6 101.57522 idfp10
6 0 117932 7 95.17168 idfp10
6 0 110789 8 94.13109 idfp10
6 0 111661 9 86.86866 idfp10
7 0 2672535 0 65.37359 idfp10
7 0 134749 1 64.86188 idfp10
7 0 219733 2 64.60184 idfp10
7 0 220342 3 64.60184 idfp10
7 0 118511 4 63.80421 idfp10
7 0 147531 5 63.77458 idfp10
7 0 2655591 6 62.175957 idfp10
7 0 110315 7 62.04725 idfp10
7 0 3195892 8 61.753204 idfp10
7 0 130162 9 61.552544 idfp10
8 0 134749 0 144.13187 idfp10
8 0 112174 1 141.11461 idfp10
8 0 145868 2 127.195114 idfp10
8 0 145715 3 127.05212 idfp10
8 0 112834 4 124.03457 idfp10
8 0 147531 5 121.93906 idfp10
8 0 2678467 6 118.791664 idfp10
8 0 2679202 7 118.791664 idfp10
8 0 2959746 8 118.791664 idfp10
8 0 110932 9 117.91344 idfp10
9 0 2675751 0 150.88799 idfp10
9 0 854177 1 144.42644 idfp10
9 0 147530 2 137.43954 idfp10
9 0 112931 3 135.55615 idfp10
9 0 118317 4 134.09912 idfp10
9 0 112641 5 132.90561 idfp10
9 0 127923 6 132.3578 idfp10
9 0 2679557 7 130.66878 idfp10
9 0 145678 8 130.6143 idfp10
9 0 118212 9 130.60536 idfp10
10 0 111500 0 178.26263 idfp10
10 0 112423 1 164.33797 idfp10
10 0 118087 2 161.92357 idfp10
10 0 214949 3 161.04013 idfp10
10 0 215071 4 161.04013 idfp10
10 0 112657 5 160.92172 idfp10
10 0 147531 6 159.93253 idfp10
10 0 112293 7 154.98434 idfp10
10 0 112800 8 154.79074 idfp10
10 0 118511 9 154.5478 idfp10
11 0 2810524 0 101.00234 idfp10
11 0 2811846 1 101.00234 idfp10
11 0 217512 2 96.66152 idfp10
11 0 2809767 3 96.1389 idfp10
11 0 2811850 4 96.1389 idfp10
11 0 150541 5 92.71334 idfp10
11 0 4151830 6 92.38862 idfp10
11 0 145960 7 92.23208 idfp10
11 0 873668 8 90.86335 idfp10
11 0 148483 9 90.15393 idfp10
12 0 2672535 0 123.52075 idfp10
12 0 3153112 1 91.92438 idfp10
12 0 4151830 2 91.417755 idfp10
12 0 183479 3 91.276146 idfp10
12 0 108766 4 90.82389 idfp10
12 0 2809767 5 90.75673 idfp10
12 0 2811850 6 90.75673 idfp10
12 0 3216389 7 90.395424 idfp10
12 0 4170685 8 90.20008 idfp10
12 0 3211503 9 89.81998 idfp10
13 0 2812588 0 122.96327 idfp10
13 0 802973 1 110.633934 idfp10
13 0 803271 2 110.633934 idfp10
13 0 2959737 3 110.633934 idfp10
13 0 108605 4 104.486374 idfp10
13 0 150543 5 104.009865 idfp10
13 0 2959732 6 104.009865 idfp10
13 0 4162111 7 103.32894 idfp10
13 0 145632 8 103.257965 idfp10
13 0 2959730 9 103.18206 idfp10
14 0 2812588 0 81.813156 idfp10
14 0 614392 1 76.938896 idfp10
14 0 614485 2 76.938896 idfp10
14 0 118296 3 74.7141 idfp10
14 0 108730 4 74.56504 idfp10
14 0 122258 5 73.686424 idfp10
14 0 118015 6 73.60677 idfp10
14 0 148483 7 73.34062 idfp10
14 0 2670965 8 73.00127 idfp10
14 0 2620704 9 72.98001 idfp10
15 0 2812588 0 169.25154 idfp10
15 0 4151822 1 150.63202 idfp10
15 0 2770446 2 124.88765 idfp10
15 0 2809767 3 120.37276 idfp10
15 0 2811850 4 120.37276 idfp10
15 0 2771249 5 108.95751 idfp10
15 0 2812210 6 107.53366 idfp10
15 0 2809766 7 107.20027 idfp10
15 0 2811849 8 107.20027 idfp10
15 0 4170685 9 105.899574 idfp10
16 0 4151822 0 152.22736 idfp10
16 0 2812588 1 126.38478 idfp10
16 0 2770446 2 111.010315 idfp10
16 0 145817 3 107.44258 idfp10
16 0 3209687 4 103.542274 idfp10
16 0 4151830 5 98.38379 idfp10
16 0 4151826 6 98.25145 idfp10
16 0 2642828 7 97.89602 idfp10
16 0 4155979 8 97.690056 idfp10
16 0 3170728 9 96.35374 idfp10
17 0 4161362 0 73.26353 idfp10
17 0 148484 1 72.35589 idfp10
17 0 111122 2 71.907486 idfp10
17 0 620566 3 71.38857 idfp10
17 0 117987 4 71.337494 idfp10
17 0 145865 5 70.20324 idfp10
17 0 217512 6 70.14162 idfp10
17 0 118230 7 68.20058 idfp10
17 0 112076 8 67.746216 idfp10
17 0 1751 9 67.56446 idfp10
18 0 205712 0 165.01791 idfp10
18 0 148484 1 163.17206 idfp10
18 0 620566 2 150.80743 idfp10
18 0 217512 3 144.24171 idfp10
18 0 131156 4 143.62633 idfp10
18 0 1753 5 140.23953 idfp10
18 0 206097 6 140.07306 idfp10
18 0 145635 7 140.01395 idfp10
18 0 145664 8 138.49377 idfp10
18 0 219106 9 137.65654 idfp10
19 0 2654533 0 193.58418 idfp10
19 0 2654756 1 193.58418 idfp10
19 0 112808 2 147.52411 idfp10
19 0 4151826 3 144.03264 idfp10
19 0 4172500 4 142.22932 idfp10
19 0 219509 5 141.4231 idfp10
19 0 2670966 6 138.90059 idfp10
19 0 4151825 7 138.59297 idfp10
19 0 2760668 8 138.2452 idfp10
19 0 2812210 9 138.20856 idfp10
20 0 2654533 0 197.31955 idfp10
20 0 2654756 1 197.31955 idfp10
20 0 4172500 2 140.94832 idfp10
20 0 4151826 3 139.74744 idfp10
20 0 4151825 4 139.59734 idfp10
20 0 219509 5 139.00592 idfp10
20 0 112775 6 137.86263 idfp10
20 0 112808 7 137.58534 idfp10
20 0 2670966 8 137.51599 idfp10
20 0 206098 9 135.68549 idfp10
21 0 873660 0 192.78557 idfp10
21 0 117890 1 175.93791 idfp10
21 0 112799 2 169.1842 idfp10
21 0 121159 3 167.36624 idfp10
21 0 118081 4 166.45064 idfp10
21 0 118416 5 161.40662 idfp10
21 0 3181482 6 160.43025 idfp10
21 0 2811845 7 158.98694 idfp10
21 0 145925 8 157.28366 idfp10
21 0 2781925 9 155.29997 idfp10
22 0 117890 0 218.05087 idfp10
22 0 2659300 1 203.37546 idfp10
22 0 112799 2 196.55116 idfp10
22 0 118081 3 188.63431 idfp10
22 0 118416 4 182.86018 idfp10
22 0 145925 5 178.35895 idfp10
22 0 121159 6 176.52861 idfp10
22 0 145829 7 170.5966 idfp10
22 0 2781925 8 169.58621 idfp10
22 0 112774 9 169.11 idfp10
23 0 118449 0 124.86368 idfp10
23 0 2811847 1 123.63559 idfp10
23 0 2810525 2 123.63089 idfp10
23 0 2801435 3 121.1019 idfp10
23 0 623242 4 114.64021 idfp10
23 0 112257 5 113.989746 idfp10
23 0 145738 6 112.778725 idfp10
23 0 118180 7 112.248 idfp10
23 0 2675750 8 107.650276 idfp10
23 0 137736 9 105.47197 idfp10
24 0 1738 0 52.83215 idfp10
24 0 145778 1 49.841488 idfp10
24 0 802408 2 45.515404 idfp10
24 0 2790213 3 45.05684 idfp10
24 0 2801435 4 44.19493 idfp10
24 0 145866 5 44.0323 idfp10
24 0 145635 6 43.973034 idfp10
24 0 2678133 7 43.94571 idfp10
24 0 118449 8 43.227215 idfp10
24 0 217512 9 43.192097 idfp10
25 0 112616 0 156.00545 idfp10
25 0 2655499 1 112.77133 idfp10
25 0 110318 2 108.2472 idfp10
25 0 3211503 3 99.307526 idfp10
25 0 108792 4 97.33117 idfp10
25 0 118021 5 96.51022 idfp10
25 0 821305 6 96.19531 idfp10
25 0 111495 7 90.924126 idfp10
25 0 112457 8 88.56949 idfp10
25 0 109919 9 88.18183 idfp10
26 0 117872 0 157.23904 idfp10
26 0 112616 1 141.58269 idfp10
26 0 112045 2 138.84773 idfp10
26 0 118026 3 137.73943 idfp10
26 0 112324 4 136.09201 idfp10
26 0 111056 5 129.10474 idfp10
26 0 4161362 6 127.60046 idfp10
26 0 110915 7 126.94291 idfp10
26 0 112457 8 126.81124 idfp10
26 0 117841 9 126.795685 idfp10
27 0 4157405 0 248.06558 idfp10
27 0 4157382 1 247.90213 idfp10
27 0 111141 2 150.04155 idfp10
27 0 112346 3 149.95566 idfp10
27 0 112523 4 138.46547 idfp10
27 0 3204918 5 125.558105 idfp10
27 0 145636 6 124.42651 idfp10
27 0 931121 7 121.464935 idfp10
27 0 150541 8 120.678444 idfp10
27 0 213842 9 119.91686 idfp10
28 0 4157405 0 201.39058 idfp10
28 0 4157382 1 201.22714 idfp10
28 0 112346 2 138.80457 idfp10
28 0 111141 3 127.27557 idfp10
28 0 145827 4 102.5759 idfp10
28 0 931121 5 101.15096 idfp10
28 0 110706 6 100.366104 idfp10
28 0 112523 7 99.23369 idfp10
28 0 931120 8 98.6864 idfp10
28 0 118489 9 98.20447 idfp10
29 0 4151826 0 55.578884 idfp10
29 0 205788 1 55.13237 idfp10
29 0 137739 2 53.893997 idfp10
29 0 111471 3 53.5579 idfp10
29 0 118351 4 52.39321 idfp10
29 0 118044 5 51.761982 idfp10
29 0 145632 6 51.53762 idfp10
29 0 145708 7 51.446377 idfp10
29 0 118381 8 51.172745 idfp10
29 0 117875 9 51.11379 idfp10
30 0 205788 0 165.86227 idfp10
30 0 218921 1 149.40663 idfp10
30 0 148795 2 140.58104 idfp10
30 0 4151826 3 138.2929 idfp10
30 0 145841 4 137.08162 idfp10
30 0 626206 5 134.48961 idfp10
30 0 899483 6 132.69144 idfp10
30 0 137739 7 132.41722 idfp10
30 0 145708 8 129.31339 idfp10
30 0 145761 9 129.1837 idfp10
31 0 145925 0 112.70552 idfp10
31 0 110561 1 107.4189 idfp10
31 0 112486 2 107.19533 idfp10
31 0 131149 3 104.15251 idfp10
31 0 118023 4 103.13807 idfp10
31 0 118458 5 102.97036 idfp10
31 0 118353 6 102.4193 idfp10
31 0 118061 7 101.13576 idfp10
31 0 118501 8 100.30821 idfp10
31 0 112781 9 99.33679 idfp10
32 0 112329 0 98.38962 idfp10
32 0 111434 1 94.79541 idfp10
32 0 1728 2 94.710526 idfp10
32 0 112850 3 90.51368 idfp10
32 0 112447 4 87.59641 idfp10
32 0 112090 5 83.55893 idfp10
32 0 118455 6 82.23785 idfp10
32 0 111596 7 82.08338 idfp10
32 0 117853 8 80.11822 idfp10
32 0 125839 9 78.765854 idfp10
33 0 109535 0 102.37237 idfp10
33 0 109532 1 102.35494 idfp10
33 0 110795 2 101.93751 idfp10
33 0 112485 3 101.238625 idfp10
33 0 109935 4 100.0482 idfp10
33 0 121158 5 99.093475 idfp10
33 0 145870 6 97.41646 idfp10
33 0 112808 7 97.415535 idfp10
33 0 802973 8 96.806145 idfp10
33 0 803271 9 96.806145 idfp10
34 0 2676594 0 300.35806 idfp10
34 0 2675753 1 292.6323 idfp10
34 0 2679204 2 292.6323 idfp10
34 0 2809767 3 221.98436 idfp10
34 0 2811850 4 221.98436 idfp10
34 0 3216389 5 144.1784 idfp10
34 0 121158 6 142.76024 idfp10
34 0 112325 7 131.62839 idfp10
34 0 130155 8 128.42284 idfp10
34 0 625710 9 127.05392 idfp10
35 0 821306 0 61.5925 idfp10
35 0 205203 1 58.64569 idfp10
35 0 134742 2 56.452286 idfp10
35 0 213843 3 56.410164 idfp10
35 0 214063 4 56.410164 idfp10
35 0 214467 5 56.410164 idfp10
35 0 102737 6 56.40745 idfp10
35 0 218927 7 56.255165 idfp10
35 0 118079 8 55.984123 idfp10
35 0 2959740 9 55.762714 idfp10
36 0 118238 0 116.23541 idfp10
36 0 109923 1 115.23461 idfp10
36 0 118319 2 114.23711 idfp10
36 0 118329 3 106.30991 idfp10
36 0 902769 4 105.75403 idfp10
36 0 118142 5 105.50366 idfp10
36 0 213843 6 104.2474 idfp10
36 0 214063 7 104.2474 idfp10
36 0 214467 8 104.2474 idfp10
36 0 217512 9 102.5962 idfp10
37 0 4151829 0 81.70014 idfp10
37 0 110774 1 81.47813 idfp10
37 0 118269 2 78.521675 idfp10
37 0 118290 3 76.15127 idfp10
37 0 112133 4 75.95586 idfp10
37 0 110742 5 75.95094 idfp10
37 0 145731 6 74.46397 idfp10
37 0 112910 7 74.38598 idfp10
37 0 111982 8 73.800545 idfp10
37 0 108863 9 73.7292 idfp10
38 0 145855 0 122.875725 idfp10
38 0 145731 1 116.36 idfp10
38 0 4151829 2 116.00086 idfp10
38 0 118269 3 103.62175 idfp10
38 0 1993216 4 95.53935 idfp10
38 0 110774 5 91.88442 idfp10
38 0 112910 6 90.71403 idfp10
38 0 112292 7 88.00555 idfp10
38 0 145629 8 87.30194 idfp10
38 0 111982 9 87.10105 idfp10
39 0 112568 0 102.21883 idfp10
39 0 112420 1 91.08995 idfp10
39 0 118457 2 86.32546 idfp10
39 0 111432 3 83.626656 idfp10
39 0 621044 4 81.78561 idfp10
39 0 621090 5 81.78561 idfp10
39 0 2959739 6 81.78561 idfp10
39 0 2959744 7 81.607 idfp10
39 0 855518 8 81.607 idfp10
39 0 2674861 9 80.32084 idfp10
40 0 105200 0 146.81783 idfp10
40 0 621044 1 136.20996 idfp10
40 0 621090 2 136.20996 idfp10
40 0 2959739 3 136.20996 idfp10
40 0 122254 4 132.64853 idfp10
40 0 2959744 5 128.2925 idfp10
40 0 855518 6 128.2925 idfp10
40 0 108818 7 126.67252 idfp10
40 0 1731 8 124.09765 idfp10
40 0 104688 9 121.462585 idfp10
41 0 112924 0 170.66022 idfp10
41 0 2654533 1 152.05388 idfp10
41 0 2654756 2 152.05388 idfp10
41 0 111198 3 149.77798 idfp10
41 0 2811847 4 149.62816 idfp10
41 0 2810525 5 149.62346 idfp10
41 0 112731 6 145.80986 idfp10
41 0 127916 7 143.38928 idfp10
41 0 112585 8 142.25883 idfp10
41 0 111891 9 141.43657 idfp10
42 0 2654533 0 169.76767 idfp10
42 0 2654756 1 169.76767 idfp10
42 0 112585 2 164.62157 idfp10
42 0 112924 3 163.83066 idfp10
42 0 111198 4 158.24371 idfp10
42 0 111891 5 157.18456 idfp10
42 0 110132 6 156.94473 idfp10
42 0 109352 7 152.0575 idfp10
42 0 112731 8 150.88547 idfp10
42 0 109186 9 149.25095 idfp10
43 0 2680590 0 118.09301 idfp10
43 0 2959745 1 118.09301 idfp10
43 0 112920 2 108.22909 idfp10
43 0 112305 3 108.029 idfp10
43 0 112803 4 100.47391 idfp10
43 0 118148 5 96.72456 idfp10
43 0 2959749 6 92.50638 idfp10
43 0 2812589 7 92.48122 idfp10
43 0 2784695 8 90.4943 idfp10
43 0 112644 9 90.02888 idfp10
44 0 2781925 0 36.337936 idfp10
44 0 145903 1 36.0646 idfp10
44 0 802408 2 36.002342 idfp10
44 0 3213871 3 35.192963 idfp10
44 0 111107 4 35.18631 idfp10
44 0 118182 5 35.14729 idfp10
44 0 183480 6 34.960934 idfp10
44 0 109864 7 34.290623 idfp10
44 0 111731 8 34.205196 idfp10
44 0 92563 9 34.094757 idfp10
45 0 3204917 0 206.89172 idfp10
45 0 866024 1 183.7205 idfp10
45 0 858802 2 183.71019 idfp10
45 0 150542 3 177.3531 idfp10
45 0 145861 4 173.32423 idfp10
45 0 145772 5 171.39908 idfp10
45 0 800568 6 171.25005 idfp10
45 0 145903 7 170.07942 idfp10
45 0 118452 8 167.72546 idfp10
45 0 626207 9 166.64409 idfp10
46 0 866024 0 317.2772 idfp10
46 0 858802 1 317.26688 idfp10
46 0 903971 2 228.12936 idfp10
46 0 2959742 3 228.12936 idfp10
46 0 623145 4 222.64772 idfp10
46 0 2804673 5 219.69754 idfp10
46 0 3204917 6 218.65326 idfp10
46 0 2657927 7 205.81122 idfp10
46 0 145861 8 205.5971 idfp10
46 0 1732 9 201.39096 idfp10
47 0 2674861 0 148.87947 idfp10
47 0 2675754 1 148.87947 idfp10
47 0 2795703 2 98.26861 idfp10
47 0 2797292 3 98.26861 idfp10
47 0 2671723 4 96.5859 idfp10
47 0 2678133 5 96.35106 idfp10
47 0 2790213 6 95.61905 idfp10
47 0 626207 7 95.60933 idfp10
47 0 148483 8 95.062164 idfp10
47 0 2810526 9 93.63177 idfp10
48 0 2674861 0 154.40112 idfp10
48 0 2675754 1 154.40112 idfp10
48 0 3170727 2 100.071144 idfp10
48 0 111362 3 97.8166 idfp10
48 0 117864 4 92.68244 idfp10
48 0 2646093 5 91.73089 idfp10
48 0 145756 6 91.68061 idfp10
48 0 121149 7 90.62705 idfp10
48 0 108375 8 89.27967 idfp10
48 0 112867 9 89.079704 idfp10
49 0 2810525 0 82.807785 idfp10
49 0 2811847 1 82.807785 idfp10
49 0 4162535 2 76.08082 idfp10
49 0 4151826 3 69.615486 idfp10
49 0 3153112 4 66.61262 idfp10
49 0 2809767 5 63.19873 idfp10
49 0 2811850 6 63.19873 idfp10
49 0 2803251 7 63.179283 idfp10
49 0 2812210 8 63.085106 idfp10
49 0 3181025 9 61.093143 idfp10
50 0 3153112 0 114.30587 idfp10
50 0 4162535 1 107.50601 idfp10
50 0 2810525 2 87.89682 idfp10
50 0 2811847 3 87.89682 idfp10
50 0 4151826 4 76.80006 idfp10
50 0 3181025 5 73.75354 idfp10
50 0 3177197 6 70.30143 idfp10
50 0 3170730 7 69.63399 idfp10
50 0 2809767 8 69.53934 idfp10
50 0 2811850 9 69.53934 idfp10
51 0 112770 0 105.099106 idfp10
51 0 2812589 1 95.14185 idfp10
51 0 2959749 2 95.14185 idfp10
51 0 78783 3 94.6313 idfp10
51 0 616433 4 92.2019 idfp10
51 0 145872 5 90.985664 idfp10
51 0 3195892 6 87.912025 idfp10
51 0 213842 7 86.89499 idfp10
51 0 215412 8 85.887085 idfp10
51 0 1736 9 84.1356 idfp10
52 0 112770 0 73.55058 idfp10
52 0 112931 1 68.90823 idfp10
52 0 112243 2 64.444664 idfp10
52 0 1859075 3 60.132057 idfp10
52 0 127923 4 60.1284 idfp10
52 0 127887 5 60.08496 idfp10
52 0 105869 6 60.050716 idfp10
52 0 110753 7 59.24859 idfp10
52 0 103302 8 58.615417 idfp10
52 0 4172500 9 58.112682 idfp10
53 0 799985 0 120.01411 idfp10
53 0 2808291 1 100.11057 idfp10
53 0 148483 2 99.23471 idfp10
53 0 2771250 3 95.840775 idfp10
53 0 145792 4 95.23335 idfp10
53 0 145664 5 95.03548 idfp10
53 0 145635 6 93.99932 idfp10
53 0 621045 7 92.7994 idfp10
53 0 625711 8 92.27213 idfp10
53 0 117916 9 91.32514 idfp10
54 0 872994 0 148.27162 idfp10
54 0 811778 1 131.02686 idfp10
54 0 625711 2 121.1315 idfp10
54 0 931123 3 115.35634 idfp10
54 0 2808291 4 105.69488 idfp10
54 0 799985 5 105.35254 idfp10
54 0 621045 6 101.34722 idfp10
54 0 620566 7 100.34667 idfp10
54 0 3195890 8 98.38135 idfp10
54 0 811777 9 98.149254 idfp10
55 0 4154603 0 178.0547 idfp10
55 0 118269 1 138.34587 idfp10
55 0 145731 2 135.11331 idfp10
55 0 145629 3 132.19366 idfp10
55 0 145855 4 131.22697 idfp10
55 0 110774 5 126.98843 idfp10
55 0 111261 6 125.88845 idfp10
55 0 111982 7 110.57682 idfp10
55 0 118101 8 108.77785 idfp10
55 0 112910 9 107.80071 idfp10
56 0 4154603 0 249.38138 idfp10
56 0 118269 1 185.7099 idfp10
56 0 145731 2 178.53334 idfp10
56 0 110774 3 165.27322 idfp10
56 0 112910 4 162.93932 idfp10
56 0 145629 5 160.40532 idfp10
56 0 111261 6 157.59113 idfp10
56 0 145855 7 148.37302 idfp10
56 0 1993216 8 139.96188 idfp10
56 0 111420 9 138.05077 idfp10
57 0 802408 0 128.48715 idfp10
57 0 867644 1 127.56747 idfp10
57 0 800569 2 126.38161 idfp10
57 0 122254 3 123.449844 idfp10
57 0 118297 4 122.94726 idfp10
57 0 815320 5 122.39455 idfp10
57 0 149585 6 118.62037 idfp10
57 0 149649 7 118.62037 idfp10
57 0 800859 8 117.47575 idfp10
57 0 145903 9 117.30256 idfp10
58 0 145735 0 123.23796 idfp10
58 0 112467 1 102.69991 idfp10
58 0 217702 2 102.02553 idfp10
58 0 106179 3 100.151726 idfp10
58 0 108547 4 100.0959 idfp10
58 0 2672207 5 97.70826 idfp10
58 0 2671725 6 97.681015 idfp10
58 0 2676592 7 95.43357 idfp10
58 0 218133 8 95.18537 idfp10
58 0 145815 9 94.525894 idfp10
59 0 2788983 0 306.9447 idfp10
59 0 4170685 1 281.6075 idfp10
59 0 145627 2 254.85019 idfp10
59 0 118037 3 253.73329 idfp10
59 0 117968 4 250.87296 idfp10
59 0 118129 5 245.34395 idfp10
59 0 118040 6 231.22382 idfp10
59 0 1087691 7 219.94562 idfp10
59 0 134735 8 216.5223 idfp10
59 0 3195891 9 211.1155 idfp10
60 0 3195891 0 293.44376 idfp10
60 0 2788983 1 289.21094 idfp10
60 0 4170685 2 276.71765 idfp10
60 0 118129 3 260.18796 idfp10
60 0 145627 4 260.02054 idfp10
60 0 117968 5 247.74564 idfp10
60 0 118334 6 242.92577 idfp10
60 0 931614 7 241.40744 idfp10
60 0 130158 8 240.43073 idfp10
60 0 3191119 9 231.66466 idfp10
61 0 2812210 0 175.70859 idfp10
61 0 145743 1 172.21776 idfp10
61 0 145923 2 165.36375 idfp10
61 0 218457 3 154.5983 idfp10
61 0 1732 4 141.19327 idfp10
61 0 3195092 5 139.08655 idfp10
61 0 145815 6 138.21907 idfp10
61 0 112854 7 134.80325 idfp10
61 0 2657927 8 131.6478 idfp10
61 0 112435 9 130.51791 idfp10
62 0 2812210 0 94.88449 idfp10
62 0 110661 1 79.6241 idfp10
62 0 118299 2 79.13322 idfp10
62 0 110091 3 78.0881 idfp10
62 0 110926 4 76.257576 idfp10
62 0 117875 5 73.57664 idfp10
62 0 218457 6 72.69815 idfp10
62 0 3195092 7 72.36757 idfp10
62 0 145810 8 71.8996 idfp10
62 0 150540 9 70.90812 idfp10
63 0 149702 0 82.125114 idfp10
63 0 106985 1 80.37143 idfp10
63 0 104521 2 79.95536 idfp10
63 0 107685 3 79.87765 idfp10
63 0 108539 4 78.914474 idfp10
63 0 108111 5 78.39087 idfp10
63 0 118148 6 77.674095 idfp10
63 0 108538 7 76.9388 idfp10
63 0 108713 8 76.78571 idfp10
63 0 118011 9 76.29928 idfp10
64 0 3205768 0 106.85424 idfp10
64 0 2758568 1 101.926834 idfp10
64 0 2809766 2 100.67564 idfp10
64 0 2811849 3 100.67564 idfp10
64 0 110645 4 91.98951 idfp10
64 0 3207860 5 91.70715 idfp10
64 0 4151827 6 91.61684 idfp10
64 0 4170685 7 90.2195 idfp10
64 0 118196 8 89.81114 idfp10
64 0 106391 9 88.70986 idfp10
65 0 118123 0 213.65605 idfp10
65 0 150540 1 157.15637 idfp10
65 0 3211501 2 152.49748 idfp10
65 0 131165 3 148.44331 idfp10
65 0 110645 4 147.95374 idfp10
65 0 145883 5 146.4226 idfp10
65 0 111051 6 145.39479 idfp10
65 0 109292 7 142.02559 idfp10
65 0 112732 8 142.00671 idfp10
65 0 3183080 9 140.83379 idfp10
66 0 3211501 0 233.78929 idfp10
66 0 145867 1 204.31532 idfp10
66 0 4151827 2 177.40356 idfp10
66 0 150540 3 175.47903 idfp10
66 0 3213872 4 174.90034 idfp10
66 0 118123 5 173.67815 idfp10
66 0 4151826 6 172.5621 idfp10
66 0 218925 7 172.50183 idfp10
66 0 802973 8 171.70003 idfp10
66 0 803271 9 171.70003 idfp10
67 0 145800 0 197.89307 idfp10
67 0 867645 1 185.76347 idfp10
67 0 103675 2 135.05867 idfp10
67 0 104522 3 124.02079 idfp10
67 0 103678 4 116.34113 idfp10
67 0 2810526 5 111.61088 idfp10
67 0 103916 6 111.09297 idfp10
67 0 104055 7 110.97071 idfp10
67 0 110330 8 109.604904 idfp10
67 0 106757 9 109.4686 idfp10
68 0 145800 0 177.73802 idfp10
68 0 867645 1 153.4715 idfp10
68 0 103093 2 118.24059 idfp10
68 0 97584 3 116.757996 idfp10
68 0 94177 4 114.5289 idfp10
68 0 103675 5 113.53795 idfp10
68 0 88704 6 113.433525 idfp10
68 0 103678 7 111.79285 idfp10
68 0 97893 8 111.035576 idfp10
68 0 2810526 9 110.25449 idfp10
69 0 3214778 0 154.81999 idfp10
69 0 149289 1 153.07849 idfp10
69 0 2676593 2 145.87422 idfp10
69 0 117859 3 143.83438 idfp10
69 0 219733 4 142.64722 idfp10
69 0 220342 5 142.64722 idfp10
69 0 111709 6 142.35872 idfp10
69 0 110996 7 139.9606 idfp10
69 0 149006 8 138.25644 idfp10
69 0 110068 9 137.4319 idfp10
70 0 149289 0 170.74072 idfp10
70 0 2676593 1 169.12383 idfp10
70 0 3214778 2 168.3584 idfp10
70 0 118111 3 160.23921 idfp10
70 0 219733 4 159.39293 idfp10
70 0 220342 5 159.39293 idfp10
70 0 149006 6 156.93652 idfp10
70 0 858289 7 156.6116 idfp10
70 0 2959743 8 156.59465 idfp10
70 0 109835 9 154.34727 idfp10
71 0 145121 0 148.15681 idfp10
71 0 112914 1 148.14838 idfp10
71 0 3189783 2 142.91992 idfp10
71 0 118052 3 142.14218 idfp10
71 0 118287 4 137.64006 idfp10
71 0 2654533 5 137.4525 idfp10
71 0 2654756 6 137.4525 idfp10
71 0 112904 7 134.6639 idfp10
71 0 118005 8 130.41531 idfp10
71 0 118234 9 127.59059 idfp10
72 0 118052 0 151.29898 idfp10
72 0 112914 1 143.23912 idfp10
72 0 3189783 2 141.9986 idfp10
72 0 145121 3 141.78511 idfp10
72 0 112904 4 140.49026 idfp10
72 0 118005 5 134.88876 idfp10
72 0 2654533 6 134.27162 idfp10
72 0 2654756 7 134.27162 idfp10
72 0 118234 8 134.24365 idfp10
72 0 117979 9 124.7078 idfp10
73 0 2804674 0 83.41568 idfp10
73 0 110692 1 81.09908 idfp10
73 0 108538 2 76.692276 idfp10
73 0 109931 3 73.6329 idfp10
73 0 112206 4 72.579796 idfp10
73 0 112573 5 72.32065 idfp10
73 0 109935 6 72.23291 idfp10
73 0 118043 7 72.09561 idfp10
73 0 110662 8 72.07637 idfp10
73 0 145624 9 71.96653 idfp10
74 0 2804674 0 108.05864 idfp10
74 0 107904 1 98.58979 idfp10
74 0 109284 2 96.089424 idfp10
74 0 112774 3 92.735596 idfp10
74 0 127908 4 89.169304 idfp10
74 0 2675749 5 82.60407 idfp10
74 0 803268 6 78.784 idfp10
74 0 111245 7 77.2499 idfp10
74 0 111755 8 77.12584 idfp10
74 0 108616 9 76.871994 idfp10
75 0 86460 0 119.27059 idfp10
75 0 3189783 1 119.04313 idfp10
75 0 118226 2 118.49618 idfp10
75 0 802770 3 116.3416 idfp10
75 0 89728 4 113.69492 idfp10
75 0 110964 5 113.54077 idfp10
75 0 112398 6 113.02783 idfp10
75 0 2675751 7 112.450615 idfp10
75 0 90423 8 110.92891 idfp10
75 0 92916 9 109.74616 idfp10
76 0 2679833 0 132.53688 idfp10
76 0 2680440 1 132.53688 idfp10
76 0 150540 2 127.41256 idfp10
76 0 108900 3 124.67072 idfp10
76 0 112919 4 123.00699 idfp10
76 0 118298 5 122.23757 idfp10
76 0 111945 6 121.46371 idfp10
76 0 110964 7 121.36551 idfp10
76 0 112738 8 121.04937 idfp10
76 0 2670966 9 119.77509 idfp10
77 0 2812588 0 169.22919 idfp10
77 0 4151822 1 159.5076 idfp10
77 0 145817 2 151.34325 idfp10
77 0 111029 3 136.39584 idfp10
77 0 2770446 4 135.94522 idfp10
77 0 111455 5 135.37675 idfp10
77 0 134747 6 130.36768 idfp10
77 0 112726 7 130.3305 idfp10
77 0 145902 8 125.89976 idfp10
77 0 111610 9 121.808754 idfp10
78 0 2812588 0 71.89101 idfp10
78 0 145632 1 70.63891 idfp10
78 0 117899 2 67.941574 idfp10
78 0 799976 3 67.8718 idfp10
78 0 111717 4 67.627625 idfp10
78 0 112485 5 66.887764 idfp10
78 0 111250 6 66.30928 idfp10
78 0 118022 7 65.92658 idfp10
78 0 122258 8 65.08507 idfp10
78 0 111092 9 64.42257 idfp10
79 0 111009 0 173.0691 idfp10
79 0 118143 1 160.65823 idfp10
79 0 111470 2 146.1188 idfp10
79 0 110221 3 127.26601 idfp10
79 0 118513 4 98.18627 idfp10
79 0 2680438 5 95.39381 idfp10
79 0 106328 6 89.59951 idfp10
79 0 111964 7 89.42914 idfp10
79 0 109626 8 89.36799 idfp10
79 0 110183 9 86.933624 idfp10
80 0 118143 0 157.75188 idfp10
80 0 111009 1 147.77907 idfp10
80 0 111470 2 143.64088 idfp10
80 0 150540 3 127.22481 idfp10
80 0 145859 4 123.048775 idfp10
80 0 2672210 5 115.15441 idfp10
80 0 2654755 6 115.15441 idfp10
80 0 110221 7 114.81831 idfp10
80 0 106328 8 112.73126 idfp10
80 0 2678468 9 111.655685 idfp10
81 0 148484 0 113.87719 idfp10
81 0 112440 1 89.28099 idfp10
81 0 122253 2 88.29905 idfp10
81 0 117841 3 77.87763 idfp10
81 0 112867 4 77.290726 idfp10
81 0 118445 5 75.39289 idfp10
81 0 121157 6 73.931755 idfp10
81 0 118368 7 73.0274 idfp10
81 0 112616 8 72.79035 idfp10
81 0 112422 9 72.70233 idfp10
82 0 118368 0 119.06184 idfp10
82 0 1726 1 116.74277 idfp10
82 0 127900 2 113.53942 idfp10
82 0 2803250 3 111.98714 idfp10
82 0 216735 4 108.87134 idfp10
82 0 216806 5 108.87134 idfp10
82 0 799981 6 107.44132 idfp10
82 0 145625 7 104.558044 idfp10
82 0 118148 8 103.77021 idfp10
82 0 118126 9 103.376564 idfp10
83 0 145859 0 146.79794 idfp10
83 0 112922 1 111.50306 idfp10
83 0 137746 2 102.586205 idfp10
83 0 111151 3 101.09876 idfp10
83 0 109894 4 100.80688 idfp10
83 0 111246 5 100.788414 idfp10
83 0 145870 6 99.04081 idfp10
83 0 110289 7 98.45786 idfp10
83 0 111194 8 97.59456 idfp10
83 0 111286 9 97.256386 idfp10
84 0 145859 0 143.71721 idfp10
84 0 112922 1 122.420166 idfp10
84 0 111151 2 111.68765 idfp10
84 0 800858 3 110.918175 idfp10
84 0 109895 4 109.62371 idfp10
84 0 109893 5 107.481026 idfp10
84 0 107980 6 106.71954 idfp10
84 0 109200 7 106.46829 idfp10
84 0 110361 8 105.882904 idfp10
84 0 122251 9 105.67146 idfp10
85 0 2959737 0 220.69911 idfp10
85 0 802973 1 219.97478 idfp10
85 0 803271 2 219.97478 idfp10
85 0 3177199 3 166.51733 idfp10
85 0 3171724 4 166.34442 idfp10
85 0 3177200 5 166.34442 idfp10
85 0 150543 6 159.09303 idfp10
85 0 2959732 7 159.09303 idfp10
85 0 146553 8 158.4165 idfp10
85 0 146790 9 158.4165 idfp10
86 0 3177199 0 132.68106 idfp10
86 0 3171724 1 132.5873 idfp10
86 0 3177200 2 132.5873 idfp10
86 0 802973 3 122.70227 idfp10
86 0 803271 4 122.70227 idfp10
86 0 2959737 5 122.70227 idfp10
86 0 3205766 6 117.00585 idfp10
86 0 150543 7 113.919304 idfp10
86 0 2959732 8 113.919304 idfp10
86 0 146553 9 113.244995 idfp10
87 0 111170 0 55.048477 idfp10
87 0 143378 1 54.551926 idfp10
87 0 112807 2 54.462673 idfp10
87 0 112746 3 51.86281 idfp10
87 0 136998 4 51.782364 idfp10
87 0 117987 5 50.106396 idfp10
87 0 117899 6 50.01083 idfp10
87 0 110760 7 49.823856 idfp10
87 0 148483 8 49.77791 idfp10
87 0 118109 9 48.90398 idfp10
88 0 182992 0 130.39986 idfp10
88 0 182991 1 122.14289 idfp10
88 0 145897 2 117.8883 idfp10
88 0 111170 3 117.34748 idfp10
88 0 149653 4 113.8526 idfp10
88 0 2654277 5 112.05508 idfp10
88 0 625832 6 109.67616 idfp10
88 0 626055 7 109.67616 idfp10
88 0 625833 8 109.05224 idfp10
88 0 112807 9 109.00594 idfp10
89 0 4151822 0 218.41959 idfp10
89 0 2812588 1 200.04445 idfp10
89 0 2770446 2 184.88528 idfp10
89 0 145647 3 134.08595 idfp10
89 0 4162110 4 129.66982 idfp10
89 0 134747 5 128.57033 idfp10
89 0 145817 6 127.42029 idfp10
89 0 2809767 7 102.34224 idfp10
89 0 2811850 8 102.34224 idfp10
89 0 802973 9 97.643974 idfp10
90 0 2812588 0 255.22545 idfp10
90 0 4151822 1 254.57092 idfp10
90 0 2770446 2 194.5028 idfp10
90 0 145626 3 192.26814 idfp10
90 0 118054 4 184.9668 idfp10
90 0 137748 5 184.8079 idfp10
90 0 130150 6 179.78215 idfp10
90 0 626454 7 174.54056 idfp10
90 0 2620698 8 171.1531 idfp10
90 0 3181025 9 171.07982 idfp10
91 0 3212514 0 300.6146 idfp10
91 0 145782 1 157.30678 idfp10
91 0 1087959 2 152.22949 idfp10
91 0 118507 3 150.16818 idfp10
91 0 134732 4 150.03561 idfp10
91 0 109857 5 148.85466 idfp10
91 0 112439 6 145.40273 idfp10
91 0 219097 7 144.9514 idfp10
91 0 110249 8 144.51047 idfp10
91 0 110213 9 143.30078 idfp10
92 0 3212514 0 290.31824 idfp10
92 0 110249 1 178.43918 idfp10
92 0 1087959 2 177.26582 idfp10
92 0 118507 3 170.33861 idfp10
92 0 110213 4 148.87563 idfp10
92 0 110032 5 148.85661 idfp10
92 0 109857 6 147.71536 idfp10
92 0 134732 7 145.84158 idfp10
92 0 134725 8 143.10321 idfp10
92 0 112439 9 142.21115 idfp10
93 0 145901 0 216.4853 idfp10
93 0 118334 1 209.87685 idfp10
93 0 117874 2 209.48538 idfp10
93 0 118107 3 204.5781 idfp10
93 0 112905 4 199.86165 idfp10
93 0 112824 5 195.02322 idfp10
93 0 130158 6 193.68149 idfp10
93 0 118129 7 192.73201 idfp10
93 0 110877 8 191.56465 idfp10
93 0 931614 9 189.53955 idfp10
94 0 145901 0 219.89302 idfp10
94 0 931614 1 218.24495 idfp10
94 0 117874 2 204.86034 idfp10
94 0 2788983 3 196.66623 idfp10
94 0 4151827 4 188.06789 idfp10
94 0 118129 5 187.99614 idfp10
94 0 118334 6 187.84688 idfp10
94 0 112905 7 186.44029 idfp10
94 0 111736 8 185.03738 idfp10
94 0 112824 9 183.80873 idfp10
95 0 108555 0 106.55768 idfp10
95 0 105495 1 105.49771 idfp10
95 0 107232 2 98.762 idfp10
95 0 107475 3 97.11851 idfp10
95 0 106171 4 81.95849 idfp10
95 0 109444 5 78.45939 idfp10
95 0 106073 6 78.118996 idfp10
95 0 103631 7 77.78116 idfp10
95 0 104571 8 74.79322 idfp10
95 0 145692 9 73.7857 idfp10
96 0 108555 0 125.03517 idfp10
96 0 103631 1 119.369835 idfp10
96 0 799986 2 93.04258 idfp10
96 0 108493 3 90.055305 idfp10
96 0 92746 4 90.00526 idfp10
96 0 96850 5 89.19449 idfp10
96 0 92705 6 87.80784 idfp10
96 0 96542 7 87.43316 idfp10
96 0 110322 8 87.37679 idfp10
96 0 96359 9 86.57314 idfp10
97 0 112101 0 146.97191 idfp10
97 0 111922 1 113.40209 idfp10
97 0 110718 2 85.209595 idfp10
97 0 2655597 3 84.619835 idfp10
97 0 2676593 4 84.00929 idfp10
97 0 2795279 5 83.496796 idfp10
97 0 117959 6 81.12834 idfp10
97 0 118111 7 80.827255 idfp10
97 0 134749 8 80.33255 idfp10
97 0 136993 9 78.93051 idfp10
98 0 118148 0 39.389366 idfp10
98 0 2655591 1 38.717552 idfp10
98 0 118467 2 38.325706 idfp10
98 0 134732 3 38.273018 idfp10
98 0 109088 4 38.117325 idfp10
98 0 145804 5 38.04126 idfp10
98 0 117832 6 37.94341 idfp10
98 0 2811845 7 37.837276 idfp10
98 0 110996 8 37.82768 idfp10
98 0 117902 9 37.56896 idfp10
99 0 112267 0 134.25258 idfp10
99 0 111884 1 106.57177 idfp10
99 0 110552 2 94.934425 idfp10
99 0 112723 3 88.625084 idfp10
99 0 110578 4 82.39352 idfp10
99 0 145914 5 78.35841 idfp10
99 0 109976 6 78.31036 idfp10
99 0 118121 7 75.55713 idfp10
99 0 109612 8 75.30977 idfp10
99 0 110935 9 74.903244 idfp10
100 0 112267 0 164.84538 idfp10
100 0 110552 1 143.68074 idfp10
100 0 111884 2 120.48837 idfp10
100 0 111886 3 117.61229 idfp10
100 0 109633 4 114.81336 idfp10
100 0 110098 5 114.2552 idfp10
100 0 109673 6 112.33716 idfp10
100 0 112723 7 112.2335 idfp10
100 0 110296 8 111.562485 idfp10
100 0 111695 9 109.81744 idfp10
