1 0 3204919 0 78.506226 idfp6
1 0 2649076 1 68.17837 idfp6
1 0 149702 2 66.55047 idfp6
1 0 4164893 3 65.37553 idfp6
1 0 2812210 4 61.809895 idfp6
1 0 3170730 5 60.92339 idfp6
1 0 3177197 6 60.92339 idfp6
1 0 2809767 7 60.68974 idfp6
1 0 2811850 8 60.68974 idfp6
1 0 4151827 9 60.499844 idfp6
2 0 103631 0 67.07479 idfp6
2 0 145692 1 66.5356 idfp6
2 0 103549 2 64.00388 idfp6
2 0 104671 3 60.21911 idfp6
2 0 108555 4 58.804596 idfp6
2 0 104571 5 56.694103 idfp6
2 0 103644 6 53.682377 idfp6
2 0 105116 7 52.75267 idfp6
2 0 4170684 8 52.008755 idfp6
2 0 96850 9 50.73893 idfp6
3 0 3162143 0 84.75609 idfp6
3 0 215496 1 78.062164 idfp6
3 0 215694 2 78.062164 idfp6
3 0 2959735 3 78.06113 idfp6
3 0 118248 4 76.32727 idfp6
3 0 145890 5 75.54689 idfp6
3 0 118475 6 74.44013 idfp6
3 0 130157 7 72.15308 idfp6
3 0 112584 8 70.804214 idfp6
3 0 118394 9 70.761536 idfp6
4 0 215694 0 177.48772 idfp6
4 0 2959735 1 177.48563 idfp6
4 0 215496 2 177.46915 idfp6
4 0 623142 3 155.40492 idfp6
4 0 3162143 4 151.22055 idfp6
4 0 118029 5 145.55553 idfp6
4 0 149007 6 131.69702 idfp6
4 0 903973 7 122.50048 idfp6
4 0 145900 8 104.54583 idfp6
4 0 78783 9 103.71851 idfp6
5 0 2672209 0 58.584488 idfp6
5 0 2657779 1 58.584488 idfp6
5 0 145652 2 58.310276 idfp6
5 0 110831 3 56.044746 idfp6
5 0 110056 4 54.823437 idfp6
5 0 1740 5 53.80884 idfp6
5 0 183480 6 51.11224 idfp6
5 0 112708 7 49.939327 idfp6
5 0 109301 8 47.028793 idfp6
5 0 107162 9 46.90163 idfp6
6 0 110654 0 104.772804 idfp6
6 0 110056 1 80.13827 idfp6
6 0 183480 2 70.05914 idfp6
6 0 111114 3 63.17525 idfp6
6 0 117932 4 58.95407 idfp6
6 0 111258 5 58.13109 idfp6
6 0 3203656 6 56.47056 idfp6
6 0 3206414 7 56.47056 idfp6
6 0 110789 8 50.64901 idfp6
6 0 111661 9 43.458073 idfp6
7 0 147531 0 40.071533 idfp6
7 0 2672535 1 39.7999 idfp6
7 0 134749 2 38.580517 idfp6
7 0 2678467 3 37.96417 idfp6
7 0 2679202 4 37.96417 idfp6
7 0 2959746 5 37.96417 idfp6
7 0 2655591 6 37.427227 idfp6
7 0 145715 7 37.411606 idfp6
7 0 118511 8 37.21947 idfp6
7 0 219733 9 36.906197 idfp6
8 0 134749 0 101.78348 idfp6
8 0 112174 1 98.9723 idfp6
8 0 145715 2 87.85319 idfp6
8 0 145868 3 86.53143 idfp6
8 0 112834 4 82.87839 idfp6
8 0 147531 5 82.455864 idfp6
8 0 2678467 6 82.27666 idfp6
8 0 2679202 7 82.27666 idfp6
8 0 2959746 8 82.27666 idfp6
8 0 110932 9 78.08973 idfp6
9 0 2675751 0 93.352905 idfp6
9 0 854177 1 82.8634 idfp6
9 0 118317 2 77.96778 idfp6
9 0 147530 3 76.732414 idfp6
9 0 2679557 4 76.52282 idfp6
9 0 118212 5 75.974686 idfp6
9 0 127923 6 75.74535 idfp6
9 0 112641 7 74.83864 idfp6
9 0 145790 8 73.610504 idfp6
9 0 2655498 9 73.52375 idfp6
10 0 111500 0 99.87203 idfp6
10 0 147531 1 97.70136 idfp6
10 0 118087 2 94.14652 idfp6
10 0 214949 3 91.867 idfp6
10 0 215071 4 91.867 idfp6
10 0 112657 5 86.305664 idfp6
10 0 112423 6 85.49509 idfp6
10 0 134743 7 85.16888 idfp6
10 0 118236 8 84.62475 idfp6
10 0 118504 9 83.791275 idfp6
11 0 2810524 0 66.191444 idfp6
11 0 2811846 1 66.191444 idfp6
11 0 873668 2 57.172874 idfp6
11 0 2809767 3 56.737404 idfp6
11 0 2811850 4 56.737404 idfp6
11 0 217512 5 56.28686 idfp6
11 0 4151830 6 56.20485 idfp6
11 0 2670966 7 55.700443 idfp6
11 0 2812210 8 55.5825 idfp6
11 0 2812588 9 55.128773 idfp6
12 0 2672535 0 77.21186 idfp6
12 0 3216389 1 52.417233 idfp6
12 0 3204919 2 52.167816 idfp6
12 0 3211503 3 50.627113 idfp6
12 0 4170685 4 50.19629 idfp6
12 0 4155979 5 50.12566 idfp6
12 0 3207860 6 49.649364 idfp6
12 0 3217422 7 49.61903 idfp6
12 0 3217423 8 49.185577 idfp6
12 0 3217226 9 49.07744 idfp6
13 0 2812588 0 73.78679 idfp6
13 0 145967 1 69.14439 idfp6
13 0 4162111 2 67.09916 idfp6
13 0 2642828 3 65.08034 idfp6
13 0 802973 4 62.433815 idfp6
13 0 803271 5 62.433815 idfp6
13 0 2959737 6 62.433815 idfp6
13 0 2959730 7 58.802742 idfp6
13 0 150543 8 56.632515 idfp6
13 0 2959732 9 56.632515 idfp6
14 0 614392 0 49.179443 idfp6
14 0 614485 1 49.179443 idfp6
14 0 2812588 2 48.63104 idfp6
14 0 2153 3 47.142433 idfp6
14 0 108730 4 45.701 idfp6
14 0 145967 5 43.717274 idfp6
14 0 148483 6 43.09516 idfp6
14 0 2670965 7 42.516483 idfp6
14 0 118296 8 42.437317 idfp6
14 0 213842 9 42.036213 idfp6
15 0 2812588 0 119.62608 idfp6
15 0 4151822 1 104.6887 idfp6
15 0 2770446 2 85.08772 idfp6
15 0 4171965 3 74.45078 idfp6
15 0 2809767 4 74.15873 idfp6
15 0 2811850 5 74.15873 idfp6
15 0 2771249 6 70.80371 idfp6
15 0 2812210 7 70.514435 idfp6
15 0 4155979 8 68.653595 idfp6
15 0 4151826 9 67.35933 idfp6
16 0 4151822 0 108.1574 idfp6
16 0 2812588 1 71.89606 idfp6
16 0 2770446 2 69.69244 idfp6
16 0 145817 3 60.615208 idfp6
16 0 4171965 4 56.08731 idfp6
16 0 3209687 5 55.561523 idfp6
16 0 4151830 6 53.635445 idfp6
16 0 3170728 7 53.355217 idfp6
16 0 177420 8 52.874752 idfp6
16 0 134747 9 52.098087 idfp6
17 0 148484 0 43.40302 idfp6
17 0 109218 1 41.67041 idfp6
17 0 620566 2 40.45891 idfp6
17 0 4161362 3 40.337704 idfp6
17 0 111122 4 40.30646 idfp6
17 0 1751 5 40.213703 idfp6
17 0 858288 6 39.528942 idfp6
17 0 117987 7 39.436012 idfp6
17 0 145865 8 39.16566 idfp6
17 0 145635 9 39.08765 idfp6
18 0 205712 0 105.97975 idfp6
18 0 148484 1 95.859604 idfp6
18 0 620566 2 85.07905 idfp6
18 0 217512 3 81.57568 idfp6
18 0 219106 4 79.84974 idfp6
18 0 219194 5 79.84974 idfp6
18 0 219618 6 79.792656 idfp6
18 0 206097 7 78.9681 idfp6
18 0 1753 8 78.661514 idfp6
18 0 182990 9 76.66123 idfp6
19 0 2654533 0 124.805 idfp6
19 0 2654756 1 124.805 idfp6
19 0 112775 2 82.85435 idfp6
19 0 4151825 3 80.11868 idfp6
19 0 112808 4 79.77225 idfp6
19 0 4151826 5 79.20386 idfp6
19 0 118018 6 78.57756 idfp6
19 0 219509 7 77.59323 idfp6
19 0 2670966 8 76.76561 idfp6
19 0 4172500 9 76.15791 idfp6
20 0 2654533 0 130.25331 idfp6
20 0 2654756 1 130.25331 idfp6
20 0 112775 2 83.97244 idfp6
20 0 4151825 3 82.36376 idfp6
20 0 110085 4 77.67216 idfp6
20 0 2670966 5 77.17717 idfp6
20 0 4172500 6 76.86465 idfp6
20 0 4151826 7 76.84926 idfp6
20 0 219509 8 76.66055 idfp6
20 0 2781925 9 75.758446 idfp6
21 0 873660 0 114.487335 idfp6
21 0 112799 1 98.206116 idfp6
21 0 117890 2 93.856255 idfp6
21 0 867657 3 92.66228 idfp6
21 0 121159 4 88.88576 idfp6
21 0 145925 5 84.655914 idfp6
21 0 902267 6 84.63897 idfp6
21 0 2654534 7 84.283356 idfp6
21 0 3181482 8 83.23228 idfp6
21 0 118081 9 80.263214 idfp6
22 0 2659300 0 137.58813 idfp6
22 0 117890 1 131.69377 idfp6
22 0 112799 2 124.45677 idfp6
22 0 145829 3 105.85226 idfp6
22 0 867657 4 101.812225 idfp6
22 0 145925 5 101.72216 idfp6
22 0 118081 6 99.60446 idfp6
22 0 112774 7 97.1281 idfp6
22 0 121159 8 96.55587 idfp6
22 0 2781925 9 91.931175 idfp6
23 0 2810525 0 71.229 idfp6
23 0 2811847 1 71.229 idfp6
23 0 118449 2 70.263916 idfp6
23 0 2801435 3 65.734795 idfp6
23 0 145738 4 60.130756 idfp6
23 0 623242 5 58.719345 idfp6
23 0 112257 6 56.902954 idfp6
23 0 118180 7 56.25424 idfp6
23 0 4162535 8 54.270912 idfp6
23 0 3153112 9 54.243656 idfp6
24 0 1738 0 34.940132 idfp6
24 0 145778 1 32.853237 idfp6
24 0 802408 2 29.518673 idfp6
24 0 2804671 3 28.885468 idfp6
24 0 2678133 4 27.653004 idfp6
24 0 182558 5 25.96821 idfp6
24 0 2790213 6 25.38108 idfp6
24 0 145866 7 25.343897 idfp6
24 0 616433 8 25.31185 idfp6
24 0 2810525 9 24.526777 idfp6
25 0 112616 0 105.04802 idfp6
25 0 2655499 1 74.95035 idfp6
25 0 108792 2 63.14344 idfp6
25 0 110318 3 62.40979 idfp6
25 0 821305 4 62.409157 idfp6
25 0 3211503 5 57.641026 idfp6
25 0 118021 6 55.41973 idfp6
25 0 2621067 7 52.057 idfp6
25 0 111495 8 51.25827 idfp6
25 0 117845 9 50.452896 idfp6
26 0 117872 0 101.43111 idfp6
26 0 112616 1 85.234634 idfp6
26 0 112045 2 82.19052 idfp6
26 0 110915 3 79.843185 idfp6
26 0 112324 4 79.32276 idfp6
26 0 105698 5 79.082794 idfp6
26 0 118026 6 78.164314 idfp6
26 0 112457 7 75.68505 idfp6
26 0 4161362 8 74.07338 idfp6
26 0 145758 9 73.97326 idfp6
27 0 4157382 0 174.96552 idfp6
27 0 4157405 1 174.96552 idfp6
27 0 112346 2 86.642006 idfp6
27 0 111141 3 83.06006 idfp6
27 0 112523 4 74.32104 idfp6
27 0 145636 5 72.81292 idfp6
27 0 182992 6 72.17357 idfp6
27 0 931121 7 69.83166 idfp6
27 0 213842 8 69.55555 idfp6
27 0 3204918 9 69.29307 idfp6
28 0 4157382 0 142.77188 idfp6
28 0 4157405 1 142.77188 idfp6
28 0 112346 2 85.51669 idfp6
28 0 111141 3 71.80965 idfp6
28 0 931121 4 58.47874 idfp6
28 0 118489 5 55.20051 idfp6
28 0 931120 6 53.15412 idfp6
28 0 620673 7 51.972996 idfp6
28 0 110706 8 51.882523 idfp6
28 0 145636 9 51.465363 idfp6
29 0 4151826 0 36.986664 idfp6
29 0 111471 1 36.304615 idfp6
29 0 205788 2 35.48249 idfp6
29 0 118351 3 35.48197 idfp6
29 0 117875 4 34.623276 idfp6
29 0 118044 5 34.60036 idfp6
29 0 137739 6 34.461227 idfp6
29 0 112620 7 33.796326 idfp6
29 0 108606 8 33.560867 idfp6
29 0 109622 9 33.43135 idfp6
30 0 205788 0 116.080284 idfp6
30 0 218921 1 95.8712 idfp6
30 0 148795 2 94.89742 idfp6
30 0 899483 3 92.06576 idfp6
30 0 4151826 4 91.67425 idfp6
30 0 145841 5 90.20625 idfp6
30 0 626206 6 86.78611 idfp6
30 0 802770 7 85.62059 idfp6
30 0 112704 8 81.4992 idfp6
30 0 179213 9 81.443985 idfp6
31 0 145925 0 68.36597 idfp6
31 0 112486 1 68.07502 idfp6
31 0 110561 2 63.510036 idfp6
31 0 2809763 3 62.53462 idfp6
31 0 118353 4 60.196648 idfp6
31 0 118501 5 59.84984 idfp6
31 0 118023 6 59.775604 idfp6
31 0 2795279 7 58.602856 idfp6
31 0 118458 8 58.044926 idfp6
31 0 118061 9 57.741127 idfp6
32 0 112329 0 73.12464 idfp6
32 0 1728 1 71.682045 idfp6
32 0 111434 2 71.45852 idfp6
32 0 112850 3 68.11938 idfp6
32 0 112447 4 65.85605 idfp6
32 0 112090 5 63.513073 idfp6
32 0 117853 6 59.628746 idfp6
32 0 125839 7 59.42631 idfp6
32 0 111596 8 58.09778 idfp6
32 0 118455 9 57.703587 idfp6
33 0 109535 0 75.26529 idfp6
33 0 109532 1 73.46113 idfp6
33 0 121158 2 73.18179 idfp6
33 0 110795 3 72.08991 idfp6
33 0 802973 4 71.71595 idfp6
33 0 803271 5 71.71595 idfp6
33 0 2959737 6 71.71595 idfp6
33 0 109935 7 69.77981 idfp6
33 0 112485 8 68.76349 idfp6
33 0 145870 9 67.774025 idfp6
34 0 2676594 0 211.16212 idfp6
34 0 2675753 1 206.01567 idfp6
34 0 2679204 2 206.01567 idfp6
34 0 2809767 3 151.3504 idfp6
34 0 2811850 4 151.3504 idfp6
34 0 3216389 5 82.426315 idfp6
34 0 121158 6 73.95907 idfp6
34 0 137727 7 72.40143 idfp6
34 0 625710 8 71.878075 idfp6
34 0 112325 9 69.679665 idfp6
35 0 218927 0 35.276646 idfp6
35 0 205203 1 34.28204 idfp6
35 0 821306 2 34.06621 idfp6
35 0 2678134 3 32.575157 idfp6
35 0 2803249 4 31.836462 idfp6
35 0 2804677 5 31.834423 idfp6
35 0 932061 6 31.643026 idfp6
35 0 213843 7 31.614206 idfp6
35 0 214063 8 31.614206 idfp6
35 0 214467 9 31.614206 idfp6
36 0 118319 0 68.27825 idfp6
36 0 118238 1 66.849625 idfp6
36 0 118142 2 60.947067 idfp6
36 0 902769 3 60.835045 idfp6
36 0 109923 4 59.219257 idfp6
36 0 3170730 5 58.04065 idfp6
36 0 3177197 6 58.04065 idfp6
36 0 118187 7 57.59865 idfp6
36 0 118329 8 57.499844 idfp6
36 0 213843 9 57.17349 idfp6
37 0 4151829 0 52.768356 idfp6
37 0 118269 1 48.759693 idfp6
37 0 110742 2 48.452724 idfp6
37 0 110774 3 47.643772 idfp6
37 0 118290 4 47.457462 idfp6
37 0 121168 5 47.03234 idfp6
37 0 121171 6 46.00958 idfp6
37 0 145629 7 45.842617 idfp6
37 0 110925 8 45.60174 idfp6
37 0 112133 9 45.025333 idfp6
38 0 145855 0 96.23689 idfp6
38 0 4151829 1 89.17211 idfp6
38 0 145731 2 87.08584 idfp6
38 0 118269 3 72.01011 idfp6
38 0 1993216 4 65.69372 idfp6
38 0 112910 5 61.92005 idfp6
38 0 110774 6 61.720474 idfp6
38 0 112292 7 58.94696 idfp6
38 0 111982 8 58.148846 idfp6
38 0 145629 9 57.169956 idfp6
39 0 112568 0 77.10063 idfp6
39 0 112420 1 64.53281 idfp6
39 0 118457 2 63.938747 idfp6
39 0 111432 3 57.054657 idfp6
39 0 2959744 4 56.744484 idfp6
39 0 855518 5 56.744484 idfp6
39 0 2674861 6 56.658146 idfp6
39 0 2675754 7 56.658146 idfp6
39 0 111062 8 55.751736 idfp6
39 0 621044 9 55.463814 idfp6
40 0 105200 0 88.897285 idfp6
40 0 621044 1 79.394394 idfp6
40 0 621090 2 79.394394 idfp6
40 0 2959739 3 79.394394 idfp6
40 0 1731 4 78.93203 idfp6
40 0 122254 5 75.38583 idfp6
40 0 118457 6 74.75925 idfp6
40 0 112273 7 71.5994 idfp6
40 0 2959744 8 70.36371 idfp6
40 0 855518 9 70.36371 idfp6
41 0 112924 0 104.72721 idfp6
41 0 111198 1 86.89486 idfp6
41 0 2810525 2 86.1924 idfp6
41 0 2811847 3 86.1924 idfp6
41 0 2654533 4 82.23569 idfp6
41 0 2654756 5 82.23569 idfp6
41 0 112585 6 82.213066 idfp6
41 0 112731 7 81.42371 idfp6
41 0 110132 8 78.80408 idfp6
41 0 127916 9 78.68267 idfp6
42 0 112585 0 104.5758 idfp6
42 0 2654533 1 99.94948 idfp6
42 0 2654756 2 99.94948 idfp6
42 0 112924 3 97.89766 idfp6
42 0 110132 4 96.257065 idfp6
42 0 111198 5 95.36058 idfp6
42 0 111891 6 92.01028 idfp6
42 0 109352 7 89.70017 idfp6
42 0 109186 8 88.29533 idfp6
42 0 112731 9 86.49933 idfp6
43 0 2680590 0 69.526985 idfp6
43 0 2959745 1 69.526985 idfp6
43 0 112920 2 63.494877 idfp6
43 0 112305 3 59.69247 idfp6
43 0 112803 4 56.482277 idfp6
43 0 2784695 5 55.574577 idfp6
43 0 118148 6 54.983078 idfp6
43 0 2812589 7 51.462788 idfp6
43 0 2959749 8 51.462788 idfp6
43 0 3191119 9 51.404243 idfp6
44 0 92563 0 21.83422 idfp6
44 0 802408 1 19.916193 idfp6
44 0 2781925 2 19.719715 idfp6
44 0 145834 3 18.881714 idfp6
44 0 96678 4 18.73119 idfp6
44 0 99616 5 18.678173 idfp6
44 0 206090 6 18.590065 idfp6
44 0 206187 7 18.590065 idfp6
44 0 183480 8 18.44213 idfp6
44 0 109489 9 18.43471 idfp6
45 0 3204917 0 144.63754 idfp6
45 0 150542 1 119.58764 idfp6
45 0 866024 2 118.12986 idfp6
45 0 858802 3 118.12986 idfp6
45 0 145772 4 111.21284 idfp6
45 0 145861 5 109.13247 idfp6
45 0 800568 6 107.08483 idfp6
45 0 626207 7 104.55402 idfp6
45 0 3181481 8 104.247406 idfp6
45 0 137725 9 103.58764 idfp6
46 0 866024 0 233.19975 idfp6
46 0 858802 1 233.19975 idfp6
46 0 623145 2 154.87294 idfp6
46 0 903971 3 146.4057 idfp6
46 0 2959742 4 146.4057 idfp6
46 0 3204917 5 138.73178 idfp6
46 0 2804673 6 135.85788 idfp6
46 0 2657927 7 130.67836 idfp6
46 0 1732 8 130.28407 idfp6
46 0 145861 9 126.92015 idfp6
47 0 2674861 0 107.51641 idfp6
47 0 2675754 1 107.51641 idfp6
47 0 2671723 2 61.550022 idfp6
47 0 626207 3 60.76414 idfp6
47 0 3212516 4 59.96476 idfp6
47 0 2678133 5 59.4879 idfp6
47 0 2790213 6 59.25626 idfp6
47 0 2803251 7 59.11237 idfp6
47 0 621044 8 58.154675 idfp6
47 0 621090 9 58.154675 idfp6
48 0 2674861 0 102.0143 idfp6
48 0 2675754 1 102.0143 idfp6
48 0 96147 2 54.819466 idfp6
48 0 3170727 3 53.334396 idfp6
48 0 111362 4 52.534073 idfp6
48 0 2646093 5 52.026314 idfp6
48 0 103019 6 50.79715 idfp6
48 0 96612 7 50.73297 idfp6
48 0 121149 8 48.988945 idfp6
48 0 2518018 9 48.563316 idfp6
49 0 2810525 0 60.152454 idfp6
49 0 2811847 1 60.152454 idfp6
49 0 4162535 2 56.386234 idfp6
49 0 4151826 3 47.959045 idfp6
49 0 3153112 4 45.14021 idfp6
49 0 2812210 5 42.971474 idfp6
49 0 2809767 6 42.022892 idfp6
49 0 2811850 7 42.022892 idfp6
49 0 2811845 8 41.929962 idfp6
49 0 2803251 9 41.85508 idfp6
50 0 3153112 0 90.52235 idfp6
50 0 4162535 1 84.97535 idfp6
50 0 2810525 2 63.222916 idfp6
50 0 2811847 3 63.222916 idfp6
50 0 3181025 4 50.797817 idfp6
50 0 4151826 5 50.459354 idfp6
50 0 2809767 6 47.246037 idfp6
50 0 2811850 7 47.246037 idfp6
50 0 2812210 8 46.576736 idfp6
50 0 3183080 9 46.139664 idfp6
51 0 112770 0 58.519295 idfp6
51 0 616433 1 55.50237 idfp6
51 0 78783 2 49.089684 idfp6
51 0 2812589 3 46.77667 idfp6
51 0 2959749 4 46.77667 idfp6
51 0 145872 5 46.73946 idfp6
51 0 213842 6 44.791126 idfp6
51 0 146986 7 44.512154 idfp6
51 0 1753 8 42.023693 idfp6
51 0 2812587 9 41.763485 idfp6
52 0 112770 0 48.027958 idfp6
52 0 112931 1 44.730892 idfp6
52 0 112243 2 38.21562 idfp6
52 0 802399 3 36.02462 idfp6
52 0 127923 4 34.99082 idfp6
52 0 127887 5 34.980976 idfp6
52 0 98744 6 34.821716 idfp6
52 0 105869 7 34.433826 idfp6
52 0 854177 8 34.21609 idfp6
52 0 103302 9 34.074875 idfp6
53 0 799985 0 79.68056 idfp6
53 0 2808291 1 66.33273 idfp6
53 0 2771250 2 65.94377 idfp6
53 0 148483 3 60.39078 idfp6
53 0 145664 4 59.843708 idfp6
53 0 145647 5 59.10522 idfp6
53 0 145792 6 58.265644 idfp6
53 0 2650505 7 57.086773 idfp6
53 0 621045 8 56.968174 idfp6
53 0 145635 9 55.37502 idfp6
54 0 872994 0 108.771355 idfp6
54 0 811778 1 96.99659 idfp6
54 0 943668 2 85.402855 idfp6
54 0 811777 3 82.463875 idfp6
54 0 625711 4 81.4172 idfp6
54 0 931123 5 80.96418 idfp6
54 0 2808291 6 68.7172 idfp6
54 0 621045 7 63.6441 idfp6
54 0 815689 8 62.940876 idfp6
54 0 2655591 9 61.881084 idfp6
55 0 4154603 0 118.31684 idfp6
55 0 145855 1 85.75185 idfp6
55 0 145731 2 84.01869 idfp6
55 0 145629 3 83.41503 idfp6
55 0 118269 4 83.343376 idfp6
55 0 111261 5 71.61412 idfp6
55 0 112910 6 70.875145 idfp6
55 0 110774 7 67.74233 idfp6
55 0 111982 8 65.07517 idfp6
55 0 2809767 9 64.53978 idfp6
56 0 4154603 0 183.93243 idfp6
56 0 118269 1 123.933464 idfp6
56 0 145731 2 121.178856 idfp6
56 0 112910 3 120.067 idfp6
56 0 145629 4 104.70344 idfp6
56 0 110774 5 99.84496 idfp6
56 0 145855 6 99.84248 idfp6
56 0 111261 7 96.30495 idfp6
56 0 111420 8 90.31214 idfp6
56 0 1993216 9 89.80186 idfp6
57 0 800569 0 78.98962 idfp6
57 0 118297 1 76.21976 idfp6
57 0 867644 2 72.83417 idfp6
57 0 800859 3 71.44405 idfp6
57 0 802408 4 70.44212 idfp6
57 0 815320 5 67.38804 idfp6
57 0 142887 6 66.25506 idfp6
57 0 4170683 7 66.09388 idfp6
57 0 2671723 8 65.694016 idfp6
57 0 118075 9 64.04082 idfp6
58 0 145735 0 81.5884 idfp6
58 0 217702 1 63.086185 idfp6
58 0 2676592 2 59.30382 idfp6
58 0 108547 3 56.572506 idfp6
58 0 106179 4 56.010742 idfp6
58 0 112467 5 55.65624 idfp6
58 0 2671725 6 53.65646 idfp6
58 0 2672207 7 53.63236 idfp6
58 0 145800 8 53.275036 idfp6
58 0 149585 9 52.49946 idfp6
59 0 2788983 0 224.39494 idfp6
59 0 4170685 1 201.53772 idfp6
59 0 118037 2 174.92978 idfp6
59 0 145627 3 171.03784 idfp6
59 0 117968 4 166.8617 idfp6
59 0 118129 5 163.93129 idfp6
59 0 118040 6 160.19798 idfp6
59 0 1087691 7 154.1248 idfp6
59 0 3205767 8 145.08377 idfp6
59 0 118422 9 139.17337 idfp6
60 0 3195891 0 213.18846 idfp6
60 0 2788983 1 197.53754 idfp6
60 0 4170685 2 195.75938 idfp6
60 0 145627 3 170.98224 idfp6
60 0 118129 4 168.74942 idfp6
60 0 130158 5 165.60284 idfp6
60 0 931614 6 155.8948 idfp6
60 0 118334 7 154.11923 idfp6
60 0 117968 8 153.98332 idfp6
60 0 621195 9 150.55144 idfp6
61 0 145743 0 127.09847 idfp6
61 0 2812210 1 126.96121 idfp6
61 0 145923 2 125.53658 idfp6
61 0 218457 3 112.19743 idfp6
61 0 112854 4 99.47845 idfp6
61 0 1732 5 98.966965 idfp6
61 0 3195092 6 98.36503 idfp6
61 0 145815 7 95.21966 idfp6
61 0 219815 8 91.31567 idfp6
61 0 2657927 9 91.2645 idfp6
62 0 2812210 0 62.086662 idfp6
62 0 110661 1 49.52972 idfp6
62 0 117875 2 49.16304 idfp6
62 0 118299 3 47.286335 idfp6
62 0 110926 4 45.64642 idfp6
62 0 110091 5 45.420963 idfp6
62 0 109846 6 42.52101 idfp6
62 0 118098 7 42.14922 idfp6
62 0 109077 8 41.77799 idfp6
62 0 118381 9 41.64441 idfp6
63 0 149702 0 48.361664 idfp6
63 0 106985 1 45.499535 idfp6
63 0 104521 2 45.132023 idfp6
63 0 118148 3 44.83554 idfp6
63 0 107685 4 44.56751 idfp6
63 0 2812589 5 43.522923 idfp6
63 0 2959749 6 43.522923 idfp6
63 0 3191119 7 43.518536 idfp6
63 0 105525 8 43.221256 idfp6
63 0 108539 9 43.211224 idfp6
64 0 3205768 0 65.851814 idfp6
64 0 2809766 1 62.334286 idfp6
64 0 2811849 2 62.334286 idfp6
64 0 2758568 3 60.058266 idfp6
64 0 3205767 4 60.050766 idfp6
64 0 4151827 5 58.318794 idfp6
64 0 110645 6 54.90793 idfp6
64 0 3214775 7 54.656906 idfp6
64 0 2788983 8 54.64314 idfp6
64 0 4170685 9 54.340656 idfp6
65 0 118123 0 134.60709 idfp6
65 0 150540 1 84.64014 idfp6
65 0 3211501 2 81.543846 idfp6
65 0 4151825 3 75.17212 idfp6
65 0 145883 4 75.12194 idfp6
65 0 111051 5 74.600174 idfp6
65 0 131165 6 74.19652 idfp6
65 0 110645 7 73.312805 idfp6
65 0 4089982 8 71.655464 idfp6
65 0 109292 9 71.60709 idfp6
66 0 3211501 0 152.22922 idfp6
66 0 145867 1 120.4143 idfp6
66 0 4151827 2 106.04937 idfp6
66 0 3214775 3 96.790985 idfp6
66 0 3213872 4 95.281075 idfp6
66 0 3212516 5 94.53192 idfp6
66 0 150540 6 94.24775 idfp6
66 0 3216389 7 94.003494 idfp6
66 0 4151826 8 93.06135 idfp6
66 0 3217422 9 92.89168 idfp6
67 0 145800 0 145.57867 idfp6
67 0 867645 1 131.26146 idfp6
67 0 103675 2 89.46012 idfp6
67 0 106757 3 74.740814 idfp6
67 0 103678 4 70.20006 idfp6
67 0 104522 5 69.62773 idfp6
67 0 103721 6 63.864456 idfp6
67 0 107938 7 63.34944 idfp6
67 0 103916 8 59.545853 idfp6
67 0 110330 9 57.079468 idfp6
68 0 145800 0 126.85384 idfp6
68 0 867645 1 100.29238 idfp6
68 0 103675 2 69.73622 idfp6
68 0 97893 3 68.17066 idfp6
68 0 103678 4 67.4962 idfp6
68 0 103093 5 65.7878 idfp6
68 0 94177 6 64.69778 idfp6
68 0 107938 7 62.469913 idfp6
68 0 88704 8 60.994385 idfp6
68 0 97584 9 59.920235 idfp6
69 0 3214778 0 90.98335 idfp6
69 0 149289 1 82.882195 idfp6
69 0 117859 2 78.627304 idfp6
69 0 219733 3 78.17789 idfp6
69 0 220342 4 78.17789 idfp6
69 0 2959743 5 76.31123 idfp6
69 0 858289 6 76.31123 idfp6
69 0 110996 7 75.10571 idfp6
69 0 4172500 8 74.74769 idfp6
69 0 147528 9 73.57115 idfp6
70 0 149289 0 90.23558 idfp6
70 0 3214778 1 89.72912 idfp6
70 0 2676593 2 86.01697 idfp6
70 0 931120 3 83.70522 idfp6
70 0 219733 4 83.60991 idfp6
70 0 220342 5 83.60991 idfp6
70 0 2959743 6 82.830315 idfp6
70 0 858289 7 82.830315 idfp6
70 0 2801433 8 82.128296 idfp6
70 0 147528 9 80.77431 idfp6
71 0 145121 0 84.3922 idfp6
71 0 112914 1 83.23469 idfp6
71 0 118052 2 81.02142 idfp6
71 0 118287 3 78.94774 idfp6
71 0 112904 4 77.32556 idfp6
71 0 3189783 5 76.54105 idfp6
71 0 118005 6 74.59182 idfp6
71 0 2654533 7 69.95484 idfp6
71 0 2654756 8 69.95484 idfp6
71 0 118234 9 69.36711 idfp6
72 0 118052 0 94.425644 idfp6
72 0 112904 1 86.18466 idfp6
72 0 118005 2 83.611374 idfp6
72 0 112914 3 81.75321 idfp6
72 0 145121 4 81.48074 idfp6
72 0 118234 5 80.26094 idfp6
72 0 3189783 6 80.132065 idfp6
72 0 2654533 7 70.54833 idfp6
72 0 2654756 8 70.54833 idfp6
72 0 117979 9 69.01153 idfp6
73 0 2804674 0 52.8135 idfp6
73 0 110692 1 51.386913 idfp6
73 0 108538 2 49.01363 idfp6
73 0 109931 3 47.98948 idfp6
73 0 1087954 4 46.131897 idfp6
73 0 217514 5 45.613255 idfp6
73 0 145624 6 45.538216 idfp6
73 0 110175 7 45.07816 idfp6
73 0 118043 8 44.606247 idfp6
73 0 112637 9 43.674324 idfp6
74 0 2804674 0 73.84033 idfp6
74 0 109284 1 69.55432 idfp6
74 0 107904 2 69.25106 idfp6
74 0 112774 3 57.90059 idfp6
74 0 127908 4 56.473602 idfp6
74 0 2675749 5 50.852318 idfp6
74 0 111245 6 46.485126 idfp6
74 0 803268 7 45.998775 idfp6
74 0 110798 8 44.681507 idfp6
74 0 108616 9 44.185898 idfp6
75 0 92916 0 61.331234 idfp6
75 0 867657 1 58.243828 idfp6
75 0 92470 2 55.58652 idfp6
75 0 101894 3 52.35718 idfp6
75 0 4151819 4 50.401943 idfp6
75 0 101254 5 50.201004 idfp6
75 0 89410 6 50.187702 idfp6
75 0 106428 7 50.172844 idfp6
75 0 2678134 8 49.912148 idfp6
75 0 110779 9 49.847725 idfp6
76 0 2679833 0 78.11629 idfp6
76 0 2680440 1 78.11629 idfp6
76 0 112919 2 71.63871 idfp6
76 0 110964 3 70.42336 idfp6
76 0 150540 4 70.15111 idfp6
76 0 108900 5 68.40971 idfp6
76 0 112010 6 68.29406 idfp6
76 0 111945 7 67.72094 idfp6
76 0 2781925 8 66.97994 idfp6
76 0 118298 9 65.76795 idfp6
77 0 2812588 0 100.63743 idfp6
77 0 4151822 1 97.7644 idfp6
77 0 145817 2 92.69034 idfp6
77 0 2770446 3 79.43314 idfp6
77 0 112726 4 77.79703 idfp6
77 0 111029 5 77.123436 idfp6
77 0 111455 6 70.93623 idfp6
77 0 134747 7 69.98414 idfp6
77 0 145902 8 67.92215 idfp6
77 0 4089982 9 65.93376 idfp6
78 0 117899 0 43.487907 idfp6
78 0 2812588 1 42.211174 idfp6
78 0 616862 2 41.78241 idfp6
78 0 111250 3 40.625454 idfp6
78 0 111717 4 40.559547 idfp6
78 0 112358 5 39.39039 idfp6
78 0 799976 6 39.267654 idfp6
78 0 118131 7 39.024643 idfp6
78 0 118037 8 38.65253 idfp6
78 0 118022 9 38.266552 idfp6
79 0 111009 0 128.78902 idfp6
79 0 118143 1 117.81822 idfp6
79 0 111470 2 104.07185 idfp6
79 0 110221 3 86.32742 idfp6
79 0 118513 4 61.660027 idfp6
79 0 2680438 5 60.97154 idfp6
79 0 111964 6 58.457092 idfp6
79 0 110183 7 52.765568 idfp6
79 0 106328 8 50.90412 idfp6
79 0 109626 9 50.46015 idfp6
80 0 111470 0 101.864174 idfp6
80 0 118143 1 100.943954 idfp6
80 0 111009 2 99.13486 idfp6
80 0 145859 3 71.758194 idfp6
80 0 110221 4 68.99857 idfp6
80 0 150540 5 63.92617 idfp6
80 0 106328 6 61.148098 idfp6
80 0 109342 7 57.828033 idfp6
80 0 2680438 8 57.743374 idfp6
80 0 108776 9 56.932873 idfp6
81 0 148484 0 77.86338 idfp6
81 0 112440 1 56.245132 idfp6
81 0 122253 2 51.336536 idfp6
81 0 118445 3 51.017757 idfp6
81 0 117841 4 44.812386 idfp6
81 0 112867 5 44.719833 idfp6
81 0 121157 6 42.92943 idfp6
81 0 112422 7 42.42382 idfp6
81 0 117837 8 41.463253 idfp6
81 0 127900 9 40.681087 idfp6
82 0 1726 0 76.20178 idfp6
82 0 118368 1 75.84698 idfp6
82 0 127900 2 72.438 idfp6
82 0 216735 3 68.1552 idfp6
82 0 216806 4 68.1552 idfp6
82 0 2803250 5 66.44171 idfp6
82 0 145625 6 63.390766 idfp6
82 0 799981 7 63.24042 idfp6
82 0 112305 8 60.816635 idfp6
82 0 111954 9 60.406143 idfp6
83 0 145859 0 108.164505 idfp6
83 0 112922 1 77.94152 idfp6
83 0 137746 2 70.04922 idfp6
83 0 111286 3 69.9613 idfp6
83 0 111246 4 69.407875 idfp6
83 0 109894 5 67.605835 idfp6
83 0 145870 6 67.39703 idfp6
83 0 111151 7 66.63489 idfp6
83 0 110289 8 65.86791 idfp6
83 0 112368 9 64.49426 idfp6
84 0 145859 0 108.249344 idfp6
84 0 112922 1 91.07005 idfp6
84 0 800858 2 82.402 idfp6
84 0 111151 3 80.136314 idfp6
84 0 107293 4 79.65295 idfp6
84 0 109895 5 79.254486 idfp6
84 0 109893 6 77.573944 idfp6
84 0 122251 7 76.83296 idfp6
84 0 110361 8 75.075096 idfp6
84 0 111246 9 75.04037 idfp6
85 0 2959737 0 161.81429 idfp6
85 0 802973 1 161.08995 idfp6
85 0 803271 2 161.08995 idfp6
85 0 3171724 3 120.67034 idfp6
85 0 3177199 4 120.67034 idfp6
85 0 3177200 5 120.67034 idfp6
85 0 150543 6 104.5711 idfp6
85 0 2959732 7 104.5711 idfp6
85 0 146553 8 104.01698 idfp6
85 0 146790 9 104.01698 idfp6
86 0 3171724 0 100.67512 idfp6
86 0 3177199 1 100.67512 idfp6
86 0 3177200 2 100.67512 idfp6
86 0 3205766 3 95.86891 idfp6
86 0 802973 4 88.62901 idfp6
86 0 803271 5 88.62901 idfp6
86 0 2959737 6 88.62901 idfp6
86 0 150543 7 81.412125 idfp6
86 0 2959732 8 81.412125 idfp6
86 0 146553 9 80.86496 idfp6
87 0 143378 0 32.56159 idfp6
87 0 136998 1 32.49386 idfp6
87 0 118313 2 32.37368 idfp6
87 0 111170 3 31.687988 idfp6
87 0 1088038 4 30.909798 idfp6
87 0 110760 5 30.3907 idfp6
87 0 181012 6 30.127178 idfp6
87 0 112807 7 29.860825 idfp6
87 0 111186 8 29.276434 idfp6
87 0 124715 9 29.148655 idfp6
88 0 182992 0 88.86816 idfp6
88 0 2654277 1 82.58597 idfp6
88 0 182991 2 81.617455 idfp6
88 0 149653 3 79.99667 idfp6
88 0 145897 4 79.638374 idfp6
88 0 111170 5 75.908806 idfp6
88 0 625832 6 70.77267 idfp6
88 0 626055 7 70.77267 idfp6
88 0 118339 8 70.5355 idfp6
88 0 112807 9 68.253815 idfp6
89 0 4151822 0 173.40155 idfp6
89 0 2812588 1 147.21954 idfp6
89 0 2770446 2 145.52103 idfp6
89 0 4162110 3 100.338326 idfp6
89 0 145647 4 86.542984 idfp6
89 0 145817 5 82.80196 idfp6
89 0 134747 6 82.64719 idfp6
89 0 145954 7 69.84745 idfp6
89 0 145722 8 61.580353 idfp6
89 0 4106440 9 55.452137 idfp6
90 0 4151822 0 185.30759 idfp6
90 0 2812588 1 173.64442 idfp6
90 0 2770446 2 145.44986 idfp6
90 0 145626 3 116.093185 idfp6
90 0 137748 4 111.51653 idfp6
90 0 130150 5 109.637794 idfp6
90 0 3181025 6 106.18683 idfp6
90 0 626454 7 104.48219 idfp6
90 0 118054 8 103.56475 idfp6
90 0 111913 9 100.599556 idfp6
91 0 3212514 0 219.8284 idfp6
91 0 145782 1 98.71384 idfp6
91 0 134732 2 91.24853 idfp6
91 0 109857 3 89.89402 idfp6
91 0 112439 4 86.368195 idfp6
91 0 219097 5 83.77368 idfp6
91 0 145785 6 80.9127 idfp6
91 0 1087959 7 79.07452 idfp6
91 0 110249 8 78.83875 idfp6
91 0 118507 9 78.75345 idfp6
92 0 3212514 0 213.839 idfp6
92 0 110249 1 115.86604 idfp6
92 0 1087959 2 107.6319 idfp6
92 0 118507 3 101.62436 idfp6
92 0 109857 4 91.15625 idfp6
92 0 110032 5 90.57176 idfp6
92 0 134732 6 89.504585 idfp6
92 0 110213 7 85.74739 idfp6
92 0 134725 8 84.64952 idfp6
92 0 112439 9 83.965256 idfp6
93 0 145901 0 154.95984 idfp6
93 0 117874 1 144.50995 idfp6
93 0 112824 2 143.50185 idfp6
93 0 112905 3 143.16188 idfp6
93 0 118334 4 142.53468 idfp6
93 0 118107 5 140.01189 idfp6
93 0 130158 6 136.86563 idfp6
93 0 111736 7 132.65434 idfp6
93 0 145627 8 130.97815 idfp6
93 0 110877 9 130.74997 idfp6
94 0 145901 0 158.42618 idfp6
94 0 931614 1 154.55943 idfp6
94 0 117874 2 139.56853 idfp6
94 0 2788983 3 137.65872 idfp6
94 0 112824 4 133.68877 idfp6
94 0 4151827 5 133.47166 idfp6
94 0 112905 6 130.83893 idfp6
94 0 111736 7 128.62076 idfp6
94 0 145627 8 125.61297 idfp6
94 0 130158 9 123.39535 idfp6
95 0 105495 0 76.71404 idfp6
95 0 108555 1 74.41056 idfp6
95 0 107232 2 68.70156 idfp6
95 0 107475 3 64.71668 idfp6
95 0 106171 4 57.33823 idfp6
95 0 103631 5 52.328663 idfp6
95 0 109444 6 48.59542 idfp6
95 0 106073 7 48.20945 idfp6
95 0 112750 8 45.91497 idfp6
95 0 104671 9 44.50066 idfp6
96 0 108555 0 84.265755 idfp6
96 0 103631 1 83.317085 idfp6
96 0 2680590 2 55.11482 idfp6
96 0 2959745 3 55.11482 idfp6
96 0 92746 4 55.10233 idfp6
96 0 799986 5 54.4918 idfp6
96 0 96542 6 51.014366 idfp6
96 0 93739 7 50.025555 idfp6
96 0 108493 8 49.960655 idfp6
96 0 110322 9 49.056797 idfp6
97 0 112101 0 92.59387 idfp6
97 0 111922 1 70.22147 idfp6
97 0 2655597 2 46.256126 idfp6
97 0 117959 3 45.882317 idfp6
97 0 146554 4 45.551426 idfp6
97 0 2795279 5 45.22366 idfp6
97 0 2676593 6 44.72666 idfp6
97 0 2959743 7 43.792908 idfp6
97 0 858289 8 43.792908 idfp6
97 0 112574 9 42.89361 idfp6
98 0 118467 0 26.206331 idfp6
98 0 145804 1 25.456694 idfp6
98 0 134732 2 24.862532 idfp6
98 0 2676593 3 24.228127 idfp6
98 0 3181481 4 23.831795 idfp6
98 0 112574 5 23.53635 idfp6
98 0 145903 6 23.449812 idfp6
98 0 2655591 7 23.412884 idfp6
98 0 103809 8 23.273195 idfp6
98 0 117832 9 23.003695 idfp6
99 0 112267 0 104.52321 idfp6
99 0 111884 1 77.67504 idfp6
99 0 110552 2 65.62133 idfp6
99 0 112723 3 63.451157 idfp6
99 0 110578 4 53.908825 idfp6
99 0 145914 5 52.976986 idfp6
99 0 109976 6 52.729862 idfp6
99 0 118121 7 49.739635 idfp6
99 0 110935 8 48.24595 idfp6
99 0 112227 9 47.23842 idfp6
100 0 112267 0 109.16009 idfp6
100 0 110552 1 88.10117 idfp6
100 0 111884 2 74.00696 idfp6
100 0 111886 3 71.46486 idfp6
100 0 110098 4 70.10474 idfp6
100 0 111695 5 64.48735 idfp6
100 0 105252 6 63.827682 idfp6
100 0 112723 7 63.186977 idfp6
100 0 108980 8 63.071312 idfp6
100 0 854177 9 62.84254 idfp6
