1 0 3204919 0 100.13249 idfp8
1 0 2649076 1 94.64354 idfp8
1 0 149702 2 87.689995 idfp8
1 0 4164893 3 85.42918 idfp8
1 0 219733 4 85.02735 idfp8
1 0 220342 5 85.02735 idfp8
1 0 3170730 6 84.72304 idfp8
1 0 3177197 7 84.72304 idfp8
1 0 2812210 8 84.52663 idfp8
1 0 2809767 9 82.92228 idfp8
2 0 103631 0 87.817505 idfp8
2 0 145692 1 87.684555 idfp8
2 0 103549 2 85.237625 idfp8
2 0 104671 3 80.67966 idfp8
2 0 108555 4 80.185394 idfp8
2 0 104571 5 80.05926 idfp8
2 0 105116 6 74.005775 idfp8
2 0 96850 7 72.789795 idfp8
2 0 103644 8 72.07595 idfp8
2 0 4170684 9 72.00664 idfp8
3 0 3162143 0 116.11589 idfp8
3 0 215496 1 106.109474 idfp8
3 0 215694 2 106.109474 idfp8
3 0 2959735 3 106.10844 idfp8
3 0 130157 4 102.48805 idfp8
3 0 118475 5 101.8491 idfp8
3 0 145890 6 99.39219 idfp8
3 0 118248 7 97.80375 idfp8
3 0 903973 8 96.84901 idfp8
3 0 117959 9 95.227684 idfp8
4 0 215694 0 217.69379 idfp8
4 0 2959735 1 217.6917 idfp8
4 0 215496 2 217.67522 idfp8
4 0 3162143 3 192.04514 idfp8
4 0 623142 4 180.61757 idfp8
4 0 118029 5 180.13083 idfp8
4 0 149007 6 170.33885 idfp8
4 0 903973 7 159.23354 idfp8
4 0 145890 8 140.6151 idfp8
4 0 145900 9 139.2353 idfp8
5 0 145652 0 75.21933 idfp8
5 0 2672209 1 74.38684 idfp8
5 0 2657779 2 74.38684 idfp8
5 0 1740 3 71.91298 idfp8
5 0 110831 4 71.540245 idfp8
5 0 110056 5 69.572174 idfp8
5 0 112708 6 68.609276 idfp8
5 0 183480 7 68.3778 idfp8
5 0 131163 8 66.05534 idfp8
5 0 118217 9 63.260315 idfp8
6 0 110654 0 133.35327 idfp8
6 0 110056 1 110.97266 idfp8
6 0 183480 2 94.417595 idfp8
6 0 111258 3 86.82025 idfp8
6 0 3203656 4 83.091995 idfp8
6 0 3206414 5 83.091995 idfp8
6 0 111114 6 79.168785 idfp8
6 0 117932 7 77.51122 idfp8
6 0 110789 8 72.83076 idfp8
6 0 111661 9 65.693085 idfp8
7 0 2672535 0 54.457554 idfp8
7 0 219733 1 53.075985 idfp8
7 0 220342 2 53.075985 idfp8
7 0 134749 3 52.89456 idfp8
7 0 147531 4 52.324768 idfp8
7 0 118511 5 51.76177 idfp8
7 0 3195892 6 51.153534 idfp8
7 0 147530 7 50.629898 idfp8
7 0 2678467 8 50.615364 idfp8
7 0 2679202 9 50.615364 idfp8
8 0 134749 0 125.30737 idfp8
8 0 112174 1 122.627235 idfp8
8 0 145715 2 112.5394 idfp8
8 0 145868 3 108.07184 idfp8
8 0 112834 4 107.247574 idfp8
8 0 147531 5 104.85936 idfp8
8 0 2678467 6 101.39584 idfp8
8 0 2679202 7 101.39584 idfp8
8 0 2959746 8 101.39584 idfp8
8 0 110932 9 99.47404 idfp8
9 0 2675751 0 121.6027 idfp8
9 0 854177 1 112.32883 idfp8
9 0 118317 2 105.125885 idfp8
9 0 147530 3 104.98782 idfp8
9 0 112641 4 103.73314 idfp8
9 0 2679557 5 103.184265 idfp8
9 0 118212 6 102.99903 idfp8
9 0 145678 7 102.91181 idfp8
9 0 127923 8 102.56858 idfp8
9 0 112931 9 101.46338 idfp8
10 0 111500 0 143.84796 idfp8
10 0 118087 1 132.0551 idfp8
10 0 112657 2 127.788414 idfp8
10 0 214949 3 127.39313 idfp8
10 0 215071 4 127.39313 idfp8
10 0 112423 5 127.02567 idfp8
10 0 147531 6 125.88467 idfp8
10 0 134743 7 122.06844 idfp8
10 0 112800 8 120.702446 idfp8
10 0 112293 9 120.387085 idfp8
11 0 2810524 0 82.949974 idfp8
11 0 2811846 1 82.949974 idfp8
11 0 2809767 2 76.83983 idfp8
11 0 2811850 3 76.83983 idfp8
11 0 217512 4 76.32888 idfp8
11 0 4151830 5 73.34226 idfp8
11 0 150541 6 73.31107 idfp8
11 0 873668 7 73.03063 idfp8
11 0 3211501 8 72.23611 idfp8
11 0 148483 9 71.91685 idfp8
12 0 2672535 0 99.58013 idfp8
12 0 3216389 1 72.66425 idfp8
12 0 4170685 2 72.228424 idfp8
12 0 3153112 3 71.83192 idfp8
12 0 4151830 4 71.09266 idfp8
12 0 2809767 5 70.742294 idfp8
12 0 2811850 6 70.742294 idfp8
12 0 3207860 7 69.7057 idfp8
12 0 183479 8 69.59419 idfp8
12 0 108766 9 68.99574 idfp8
13 0 2812588 0 100.862366 idfp8
13 0 4162111 1 90.829956 idfp8
13 0 802973 2 88.63001 idfp8
13 0 803271 3 88.63001 idfp8
13 0 2959737 4 88.63001 idfp8
13 0 145967 5 86.49536 idfp8
13 0 2642828 6 86.38676 idfp8
13 0 2959730 7 83.672775 idfp8
13 0 150543 8 81.806496 idfp8
13 0 2959732 9 81.806496 idfp8
14 0 2812588 0 67.28825 idfp8
14 0 614392 1 64.4123 idfp8
14 0 614485 2 64.4123 idfp8
14 0 108730 3 61.69188 idfp8
14 0 118296 4 60.753155 idfp8
14 0 118015 5 59.705753 idfp8
14 0 2153 6 59.69633 idfp8
14 0 122258 7 58.85168 idfp8
14 0 2620704 8 58.843037 idfp8
14 0 148483 9 58.77402 idfp8
15 0 2812588 0 148.6359 idfp8
15 0 4151822 1 129.70502 idfp8
15 0 2770446 2 110.71519 idfp8
15 0 2809767 3 99.60053 idfp8
15 0 2811850 4 99.60053 idfp8
15 0 2771249 5 91.43277 idfp8
15 0 4155979 6 89.48624 idfp8
15 0 2812210 7 88.261345 idfp8
15 0 2809766 8 86.22391 idfp8
15 0 2811849 9 86.22391 idfp8
16 0 4151822 0 129.15952 idfp8
16 0 2812588 1 102.44399 idfp8
16 0 2770446 2 88.48242 idfp8
16 0 145817 3 86.10637 idfp8
16 0 4171965 4 82.109924 idfp8
16 0 134747 5 76.695 idfp8
16 0 3209687 6 76.270164 idfp8
16 0 4151830 7 76.06658 idfp8
16 0 3170728 8 76.034386 idfp8
16 0 2642828 9 75.440025 idfp8
17 0 4161362 0 60.436172 idfp8
17 0 148484 1 59.672016 idfp8
17 0 117987 2 58.45301 idfp8
17 0 111122 3 58.374798 idfp8
17 0 145865 4 57.746895 idfp8
17 0 620566 5 57.170704 idfp8
17 0 217512 6 56.40347 idfp8
17 0 109218 7 56.26444 idfp8
17 0 813289 8 55.598248 idfp8
17 0 1751 9 55.43583 idfp8
18 0 205712 0 140.06406 idfp8
18 0 148484 1 130.85 idfp8
18 0 620566 2 120.47797 idfp8
18 0 217512 3 116.94843 idfp8
18 0 131156 4 115.399475 idfp8
18 0 1753 5 114.25856 idfp8
18 0 206097 6 111.45123 idfp8
18 0 145635 7 110.24317 idfp8
18 0 145119 8 109.33799 idfp8
18 0 145664 9 109.062836 idfp8
19 0 2654533 0 162.1344 idfp8
19 0 2654756 1 162.1344 idfp8
19 0 4151826 2 115.07953 idfp8
19 0 112808 3 114.59724 idfp8
19 0 4172500 4 112.33521 idfp8
19 0 219509 5 111.13532 idfp8
19 0 112775 6 111.07928 idfp8
19 0 2760668 7 110.13591 idfp8
19 0 2670966 8 110.05339 idfp8
19 0 4151825 9 109.480064 idfp8
20 0 2654533 0 165.86975 idfp8
20 0 2654756 1 165.86975 idfp8
20 0 112775 2 112.197365 idfp8
20 0 4172500 3 111.054214 idfp8
20 0 4151826 4 110.79432 idfp8
20 0 4151825 5 110.484436 idfp8
20 0 219509 6 108.71815 idfp8
20 0 2670966 7 108.6688 idfp8
20 0 110085 8 106.735565 idfp8
20 0 2760668 9 105.109085 idfp8
21 0 873660 0 159.34163 idfp8
21 0 117890 1 142.1406 idfp8
21 0 112799 2 139.79643 idfp8
21 0 118081 3 132.48471 idfp8
21 0 121159 4 131.02162 idfp8
21 0 3181482 5 127.49564 idfp8
21 0 867657 6 126.31471 idfp8
21 0 118416 7 125.36412 idfp8
21 0 145925 8 122.6752 idfp8
21 0 2811845 9 120.90173 idfp8
22 0 117890 0 179.09055 idfp8
22 0 2659300 1 170.98671 idfp8
22 0 112799 2 162.40787 idfp8
22 0 118081 3 150.4385 idfp8
22 0 118416 4 143.16257 idfp8
22 0 145829 5 140.23245 idfp8
22 0 145925 6 139.61774 idfp8
22 0 121159 7 138.1904 idfp8
22 0 112774 8 135.48924 idfp8
22 0 867657 9 132.16487 idfp8
23 0 2810525 0 99.98784 idfp8
23 0 2811847 1 99.98784 idfp8
23 0 118449 2 98.67691 idfp8
23 0 2801435 3 96.68428 idfp8
23 0 623242 4 92.66744 idfp8
23 0 145738 5 90.21772 idfp8
23 0 112257 6 89.19437 idfp8
23 0 118180 7 88.40791 idfp8
23 0 2675750 8 83.26827 idfp8
23 0 142878 9 80.79198 idfp8
24 0 1738 0 43.94107 idfp8
24 0 145778 1 40.72225 idfp8
24 0 802408 2 36.953915 idfp8
24 0 145866 3 36.3535 idfp8
24 0 2790213 4 36.159706 idfp8
24 0 2678133 5 35.674633 idfp8
24 0 145635 6 34.94202 idfp8
24 0 2801435 7 34.528934 idfp8
24 0 2675751 8 34.51632 idfp8
24 0 118449 9 33.77908 idfp8
25 0 112616 0 133.72414 idfp8
25 0 2655499 1 94.44418 idfp8
25 0 110318 2 86.67658 idfp8
25 0 108792 3 82.76327 idfp8
25 0 3211503 4 80.00019 idfp8
25 0 118021 5 76.39482 idfp8
25 0 821305 6 76.10636 idfp8
25 0 111495 7 71.774574 idfp8
25 0 112457 8 68.77342 idfp8
25 0 2621067 9 68.42502 idfp8
26 0 117872 0 131.60515 idfp8
26 0 112616 1 113.73105 idfp8
26 0 112045 2 113.727455 idfp8
26 0 118026 3 109.38065 idfp8
26 0 112324 4 108.40574 idfp8
26 0 110915 5 103.36221 idfp8
26 0 111056 6 102.09925 idfp8
26 0 112457 7 100.53165 idfp8
26 0 4161362 8 100.49841 idfp8
26 0 145758 9 100.308174 idfp8
27 0 4157382 0 218.1843 idfp8
27 0 4157405 1 218.1843 idfp8
27 0 112346 2 121.566895 idfp8
27 0 111141 3 118.879456 idfp8
27 0 112523 4 110.98396 idfp8
27 0 3204918 5 101.41087 idfp8
27 0 931121 6 94.934326 idfp8
27 0 213842 7 94.096466 idfp8
27 0 145636 8 93.581055 idfp8
27 0 182992 9 93.26629 idfp8
28 0 4157382 0 177.92499 idfp8
28 0 4157405 1 177.92499 idfp8
28 0 112346 2 116.402855 idfp8
28 0 111141 3 103.42301 idfp8
28 0 931121 4 80.16421 idfp8
28 0 110706 5 78.634834 idfp8
28 0 118489 6 78.47419 idfp8
28 0 112523 7 76.910446 idfp8
28 0 145827 8 76.40935 idfp8
28 0 112071 9 75.263115 idfp8
29 0 4151826 0 46.186817 idfp8
29 0 205788 1 45.344063 idfp8
29 0 111471 2 44.287773 idfp8
29 0 137739 3 44.27942 idfp8
29 0 118044 4 43.210495 idfp8
29 0 118351 5 42.890503 idfp8
29 0 145708 6 42.431713 idfp8
29 0 117875 7 42.3626 idfp8
29 0 626206 8 42.08914 idfp8
29 0 118381 9 41.668278 idfp8
30 0 205788 0 143.48459 idfp8
30 0 218921 1 126.53379 idfp8
30 0 148795 2 117.82254 idfp8
30 0 4151826 3 117.72087 idfp8
30 0 145841 4 115.70507 idfp8
30 0 899483 5 115.10232 idfp8
30 0 626206 6 111.82361 idfp8
30 0 137739 7 109.51744 idfp8
30 0 802770 8 109.28075 idfp8
30 0 145761 9 109.14117 idfp8
31 0 145925 0 89.96925 idfp8
31 0 112486 1 87.637665 idfp8
31 0 110561 2 85.18337 idfp8
31 0 131149 3 81.355736 idfp8
31 0 118023 4 80.90362 idfp8
31 0 118353 5 80.763336 idfp8
31 0 118458 6 80.66284 idfp8
31 0 2795279 7 79.10377 idfp8
31 0 118061 8 79.087494 idfp8
31 0 112781 9 78.41604 idfp8
32 0 112329 0 87.130226 idfp8
32 0 1728 1 83.90907 idfp8
32 0 111434 2 83.8908 idfp8
32 0 112850 3 80.841034 idfp8
32 0 112447 4 78.017525 idfp8
32 0 112090 5 75.85247 idfp8
32 0 118455 6 71.93711 idfp8
32 0 111596 7 71.65435 idfp8
32 0 117853 8 70.67777 idfp8
32 0 125839 9 70.62887 idfp8
33 0 109535 0 90.56521 idfp8
33 0 110795 1 89.38299 idfp8
33 0 109532 2 88.55683 idfp8
33 0 121158 3 86.92506 idfp8
33 0 109935 4 86.57144 idfp8
33 0 112485 5 86.53075 idfp8
33 0 145870 6 83.74811 idfp8
33 0 802973 7 83.54513 idfp8
33 0 803271 8 83.54513 idfp8
33 0 2959737 9 83.54513 idfp8
34 0 2676594 0 266.58783 idfp8
34 0 2675753 1 259.70255 idfp8
34 0 2679204 2 259.70255 idfp8
34 0 2809767 3 190.05704 idfp8
34 0 2811850 4 190.05704 idfp8
34 0 3216389 5 118.70152 idfp8
34 0 121158 6 113.744026 idfp8
34 0 112325 7 105.81281 idfp8
34 0 130155 8 103.85982 idfp8
34 0 625710 9 102.255455 idfp8
35 0 821306 0 52.69159 idfp8
35 0 205203 1 47.48864 idfp8
35 0 102737 2 46.017582 idfp8
35 0 213843 3 45.06498 idfp8
35 0 214063 4 45.06498 idfp8
35 0 214467 5 45.06498 idfp8
35 0 218927 6 44.374237 idfp8
35 0 626208 7 44.309544 idfp8
35 0 931124 8 44.27071 idfp8
35 0 149005 9 43.773994 idfp8
36 0 118319 0 92.94511 idfp8
36 0 118238 1 90.60899 idfp8
36 0 109923 2 89.287636 idfp8
36 0 118329 3 84.5691 idfp8
36 0 118142 4 82.37354 idfp8
36 0 902769 5 81.88746 idfp8
36 0 213843 6 81.162544 idfp8
36 0 214063 7 81.162544 idfp8
36 0 214467 8 81.162544 idfp8
36 0 112314 9 79.16206 idfp8
37 0 4151829 0 65.957375 idfp8
37 0 110774 1 65.68428 idfp8
37 0 118269 2 64.47616 idfp8
37 0 110742 3 62.699215 idfp8
37 0 118290 4 62.103706 idfp8
37 0 121168 5 61.14956 idfp8
37 0 112133 6 60.635025 idfp8
37 0 112910 7 60.386047 idfp8
37 0 110925 8 59.63198 idfp8
37 0 111982 9 59.408264 idfp8
38 0 145855 0 110.31263 idfp8
38 0 4151829 1 101.960686 idfp8
38 0 145731 2 101.71127 idfp8
38 0 118269 3 89.226746 idfp8
38 0 1993216 4 81.09269 idfp8
38 0 110774 5 77.54455 idfp8
38 0 112910 6 76.73734 idfp8
38 0 112292 7 75.77268 idfp8
38 0 111982 8 74.055305 idfp8
38 0 145629 9 73.77189 idfp8
39 0 112568 0 91.89134 idfp8
39 0 112420 1 81.90991 idfp8
39 0 118457 2 77.28836 idfp8
39 0 111432 3 73.04166 idfp8
39 0 621044 4 71.29983 idfp8
39 0 621090 5 71.29983 idfp8
39 0 2959739 6 71.29983 idfp8
39 0 2959744 7 70.65057 idfp8
39 0 855518 8 70.65057 idfp8
39 0 2674861 9 69.529144 idfp8
40 0 105200 0 120.16902 idfp8
40 0 621044 1 109.94337 idfp8
40 0 621090 2 109.94337 idfp8
40 0 2959739 3 109.94337 idfp8
40 0 122254 4 105.33498 idfp8
40 0 1731 5 101.35423 idfp8
40 0 2959744 6 100.03335 idfp8
40 0 855518 7 100.03335 idfp8
40 0 108818 8 97.32453 idfp8
40 0 112273 9 94.82007 idfp8
41 0 112924 0 138.82866 idfp8
41 0 2810525 1 120.88653 idfp8
41 0 2811847 2 120.88653 idfp8
41 0 2654533 3 120.315994 idfp8
41 0 2654756 4 120.315994 idfp8
41 0 111198 5 119.25653 idfp8
41 0 112731 6 114.057526 idfp8
41 0 127916 7 113.57165 idfp8
41 0 118131 8 113.11054 idfp8
41 0 111891 9 111.70981 idfp8
42 0 2654533 0 138.02979 idfp8
42 0 2654756 1 138.02979 idfp8
42 0 112585 2 133.73633 idfp8
42 0 112924 3 131.9991 idfp8
42 0 111198 4 127.72226 idfp8
42 0 111891 5 127.45778 idfp8
42 0 110132 6 125.0216 idfp8
42 0 109352 7 120.973045 idfp8
42 0 112731 8 119.13314 idfp8
42 0 109186 9 118.89374 idfp8
43 0 2680590 0 94.62599 idfp8
43 0 2959745 1 94.62599 idfp8
43 0 112920 2 84.78794 idfp8
43 0 112305 3 84.31931 idfp8
43 0 112803 4 76.70957 idfp8
43 0 2812589 5 70.017365 idfp8
43 0 2959749 6 70.017365 idfp8
43 0 2784695 7 69.51626 idfp8
43 0 118148 8 68.56308 idfp8
43 0 112644 9 65.76145 idfp8
44 0 802408 0 28.549246 idfp8
44 0 2781925 1 28.381348 idfp8
44 0 183480 2 28.240028 idfp8
44 0 145903 3 27.944433 idfp8
44 0 111107 4 27.061045 idfp8
44 0 3213871 5 27.010021 idfp8
44 0 118182 6 26.884356 idfp8
44 0 92563 7 26.71093 idfp8
44 0 108965 8 26.364292 idfp8
44 0 99873 9 26.043058 idfp8
45 0 3204917 0 174.8893 idfp8
45 0 866024 1 152.49054 idfp8
45 0 858802 2 152.49054 idfp8
45 0 150542 3 146.47105 idfp8
45 0 145861 4 142.62273 idfp8
45 0 800568 5 140.48975 idfp8
45 0 145772 6 140.26413 idfp8
45 0 2804673 7 136.27336 idfp8
45 0 626207 8 133.63408 idfp8
45 0 145903 9 133.62466 idfp8
46 0 866024 0 278.81964 idfp8
46 0 858802 1 278.81964 idfp8
46 0 903971 2 190.6463 idfp8
46 0 2959742 3 190.6463 idfp8
46 0 623145 4 188.91925 idfp8
46 0 2804673 5 182.65126 idfp8
46 0 3204917 6 179.78026 idfp8
46 0 2657927 7 172.68594 idfp8
46 0 1732 8 172.15361 idfp8
46 0 145861 9 165.64752 idfp8
47 0 2674861 0 129.96053 idfp8
47 0 2675754 1 129.96053 idfp8
47 0 626207 2 78.69059 idfp8
47 0 2671723 3 78.465614 idfp8
47 0 2678133 4 78.27878 idfp8
47 0 2790213 5 77.3255 idfp8
47 0 2795703 6 77.28621 idfp8
47 0 2797292 7 77.28621 idfp8
47 0 821305 8 75.9316 idfp8
47 0 2810526 9 75.70522 idfp8
48 0 2674861 0 130.38506 idfp8
48 0 2675754 1 130.38506 idfp8
48 0 111362 2 76.58616 idfp8
48 0 3170727 3 76.4548 idfp8
48 0 2646093 4 72.558014 idfp8
48 0 121149 5 69.65617 idfp8
48 0 112737 6 69.19165 idfp8
48 0 145756 7 69.15387 idfp8
48 0 103019 8 69.12181 idfp8
48 0 117864 9 69.02182 idfp8
49 0 2810525 0 74.200676 idfp8
49 0 2811847 1 74.200676 idfp8
49 0 4162535 2 66.13885 idfp8
49 0 4151826 3 60.77396 idfp8
49 0 3153112 4 56.84943 idfp8
49 0 2803251 5 54.378963 idfp8
49 0 2809767 6 54.151245 idfp8
49 0 2811850 7 54.151245 idfp8
49 0 2812210 8 54.014435 idfp8
49 0 3181025 9 52.211025 idfp8
50 0 3153112 0 103.62536 idfp8
50 0 4162535 1 95.29888 idfp8
50 0 2810525 2 77.59134 idfp8
50 0 2811847 3 77.59134 idfp8
50 0 4151826 4 65.42835 idfp8
50 0 3181025 5 62.716686 idfp8
50 0 3177197 6 59.48773 idfp8
50 0 3170730 7 59.013596 idfp8
50 0 2809767 8 58.66997 idfp8
50 0 2811850 9 58.66997 idfp8
51 0 112770 0 88.32656 idfp8
51 0 616433 1 76.70187 idfp8
51 0 2812589 2 75.66224 idfp8
51 0 2959749 3 75.66224 idfp8
51 0 78783 4 72.982704 idfp8
51 0 145872 5 72.837845 idfp8
51 0 213842 6 68.62936 idfp8
51 0 3195892 7 66.440994 idfp8
51 0 2655591 8 65.417564 idfp8
51 0 4172500 9 65.39997 idfp8
52 0 112770 0 63.269005 idfp8
52 0 112931 1 58.61993 idfp8
52 0 112243 2 53.32738 idfp8
52 0 105869 3 49.604874 idfp8
52 0 127923 4 49.228325 idfp8
52 0 127887 5 49.21848 idfp8
52 0 103302 6 49.106342 idfp8
52 0 1859075 7 48.83959 idfp8
52 0 103145 8 48.110764 idfp8
52 0 110753 9 47.95092 idfp8
53 0 799985 0 102.80046 idfp8
53 0 2808291 1 84.66768 idfp8
53 0 2771250 2 81.912964 idfp8
53 0 148483 3 81.34331 idfp8
53 0 145792 4 80.89676 idfp8
53 0 145664 5 79.94279 idfp8
53 0 145635 6 76.3145 idfp8
53 0 621045 7 75.2868 idfp8
53 0 117916 8 74.34255 idfp8
53 0 625711 9 73.332214 idfp8
54 0 872994 0 129.52274 idfp8
54 0 811778 1 114.37968 idfp8
54 0 625711 2 100.9838 idfp8
54 0 931123 3 99.5709 idfp8
54 0 943668 4 89.06052 idfp8
54 0 2808291 5 89.030235 idfp8
54 0 811777 6 88.961 idfp8
54 0 799985 7 86.43614 idfp8
54 0 621045 8 82.72925 idfp8
54 0 620566 9 82.1628 idfp8
55 0 4154603 0 153.01253 idfp8
55 0 118269 1 112.023865 idfp8
55 0 145855 2 110.72003 idfp8
55 0 145629 3 106.70386 idfp8
55 0 145731 4 106.619 idfp8
55 0 111261 5 101.262695 idfp8
55 0 110774 6 100.414986 idfp8
55 0 112910 7 92.89227 idfp8
55 0 111420 8 88.03869 idfp8
55 0 111982 9 87.6261 idfp8
56 0 4154603 0 221.8607 idfp8
56 0 118269 1 158.4264 idfp8
56 0 145731 2 148.09987 idfp8
56 0 112910 3 146.59972 idfp8
56 0 110774 4 135.02132 idfp8
56 0 145629 5 132.97998 idfp8
56 0 111261 6 130.4999 idfp8
56 0 145855 7 125.417046 idfp8
56 0 111420 8 116.61868 idfp8
56 0 1993216 9 116.049706 idfp8
57 0 800569 0 102.2973 idfp8
57 0 802408 1 100.85648 idfp8
57 0 867644 2 100.40383 idfp8
57 0 118297 3 99.16124 idfp8
57 0 815320 4 96.28842 idfp8
57 0 800859 5 94.13131 idfp8
57 0 122254 6 92.23187 idfp8
57 0 182567 7 91.09746 idfp8
57 0 149585 8 90.78729 idfp8
57 0 149649 9 90.78729 idfp8
58 0 145735 0 102.494835 idfp8
58 0 112467 1 81.689095 idfp8
58 0 217702 2 81.49619 idfp8
58 0 108547 3 80.133766 idfp8
58 0 106179 4 76.831856 idfp8
58 0 2671725 5 76.30898 idfp8
58 0 2672207 6 76.28273 idfp8
58 0 2676592 7 74.98478 idfp8
58 0 145815 8 74.8611 idfp8
58 0 3181481 9 74.09983 idfp8
59 0 2788983 0 266.58325 idfp8
59 0 4170685 1 240.17287 idfp8
59 0 145627 2 214.51433 idfp8
59 0 118037 3 214.38348 idfp8
59 0 117968 4 210.59883 idfp8
59 0 118129 5 206.06252 idfp8
59 0 118040 6 196.90215 idfp8
59 0 1087691 7 185.38307 idfp8
59 0 134735 8 180.82623 idfp8
59 0 118422 9 174.48343 idfp8
60 0 3195891 0 254.3325 idfp8
60 0 2788983 1 246.9455 idfp8
60 0 4170685 2 234.44203 idfp8
60 0 118129 3 216.68173 idfp8
60 0 145627 4 216.58206 idfp8
60 0 117968 5 203.43883 idfp8
60 0 130158 6 201.0797 idfp8
60 0 931614 7 199.539 idfp8
60 0 118334 8 199.18234 idfp8
60 0 3191119 9 192.37442 idfp8
61 0 2812210 0 156.08742 idfp8
61 0 145743 1 153.784 idfp8
61 0 145923 2 147.50256 idfp8
61 0 218457 3 136.50436 idfp8
61 0 1732 4 123.83804 idfp8
61 0 3195092 5 121.898994 idfp8
61 0 145815 6 120.23204 idfp8
61 0 112854 7 117.54648 idfp8
61 0 112435 8 112.9714 idfp8
61 0 2657927 9 112.19668 idfp8
62 0 2812210 0 78.39524 idfp8
62 0 110661 1 65.1351 idfp8
62 0 110091 2 63.732002 idfp8
62 0 118299 3 61.70233 idfp8
62 0 117875 4 59.63244 idfp8
62 0 110926 5 59.335365 idfp8
62 0 3195092 6 57.209904 idfp8
62 0 218457 7 56.812416 idfp8
62 0 109077 8 55.693237 idfp8
62 0 109846 9 54.9784 idfp8
63 0 149702 0 66.081764 idfp8
63 0 107685 1 64.80559 idfp8
63 0 106985 2 64.559784 idfp8
63 0 104521 3 63.470825 idfp8
63 0 108539 4 63.09358 idfp8
63 0 118148 5 63.03724 idfp8
63 0 108111 6 62.780746 idfp8
63 0 108538 7 61.984463 idfp8
63 0 105525 8 61.215683 idfp8
63 0 118011 9 60.75907 idfp8
64 0 3205768 0 87.07796 idfp8
64 0 2758568 1 83.212494 idfp8
64 0 2809766 2 82.89542 idfp8
64 0 2811849 3 82.89542 idfp8
64 0 4151827 4 74.95428 idfp8
64 0 110645 5 74.20157 idfp8
64 0 3207860 6 74.154396 idfp8
64 0 118196 7 72.971054 idfp8
64 0 4170685 8 72.19229 idfp8
64 0 2788983 9 72.14128 idfp8
65 0 118123 0 176.74927 idfp8
65 0 150540 1 122.4237 idfp8
65 0 3211501 2 117.41938 idfp8
65 0 131165 3 115.025955 idfp8
65 0 110645 4 113.006226 idfp8
65 0 111051 5 111.45428 idfp8
65 0 4151825 6 110.49107 idfp8
65 0 145883 7 109.68254 idfp8
65 0 109292 8 106.85453 idfp8
65 0 112732 9 106.22204 idfp8
66 0 3211501 0 195.45676 idfp8
66 0 145867 1 164.63492 idfp8
66 0 3213872 2 138.17952 idfp8
66 0 4151827 3 136.21735 idfp8
66 0 118123 4 136.13959 idfp8
66 0 150540 5 133.98604 idfp8
66 0 4151826 6 130.47606 idfp8
66 0 218925 7 130.17447 idfp8
66 0 3217422 8 128.68501 idfp8
66 0 802973 9 128.57672 idfp8
67 0 145800 0 175.9469 idfp8
67 0 867645 1 161.81114 idfp8
67 0 103675 2 116.944176 idfp8
67 0 104522 3 97.48843 idfp8
67 0 103678 4 93.52787 idfp8
67 0 106757 5 86.95567 idfp8
67 0 111139 6 86.24231 idfp8
67 0 103916 7 85.82667 idfp8
67 0 110330 8 85.63543 idfp8
67 0 104055 9 84.73671 idfp8
68 0 145800 0 155.69464 idfp8
68 0 867645 1 129.74266 idfp8
68 0 103675 2 95.37099 idfp8
68 0 103093 3 92.63362 idfp8
68 0 94177 4 90.12984 idfp8
68 0 103678 5 90.07156 idfp8
68 0 97584 6 89.89173 idfp8
68 0 97893 7 88.5178 idfp8
68 0 88704 8 86.8841 idfp8
68 0 111139 9 85.57412 idfp8
69 0 3214778 0 121.96326 idfp8
69 0 149289 1 118.88269 idfp8
69 0 117859 2 112.94292 idfp8
69 0 2676593 3 112.07746 idfp8
69 0 111709 4 111.094604 idfp8
69 0 219733 5 109.49021 idfp8
69 0 220342 6 109.49021 idfp8
69 0 110996 7 107.058365 idfp8
69 0 110068 8 106.343 idfp8
69 0 149006 9 105.71041 idfp8
70 0 149289 0 130.72722 idfp8
70 0 3214778 1 129.82874 idfp8
70 0 2676593 2 128.77472 idfp8
70 0 219733 3 120.52929 idfp8
70 0 220342 4 120.52929 idfp8
70 0 118111 5 119.97834 idfp8
70 0 149006 6 119.49495 idfp8
70 0 858289 7 118.81405 idfp8
70 0 2959743 8 118.79709 idfp8
70 0 2675751 9 116.21369 idfp8
71 0 112914 0 119.51832 idfp8
71 0 145121 1 119.44165 idfp8
71 0 118052 2 113.551094 idfp8
71 0 3189783 3 113.07917 idfp8
71 0 118287 4 108.82823 idfp8
71 0 2654533 5 106.250275 idfp8
71 0 2654756 6 106.250275 idfp8
71 0 112904 7 105.16498 idfp8
71 0 118005 8 103.274345 idfp8
71 0 118234 9 100.16914 idfp8
72 0 118052 0 124.06077 idfp8
72 0 112914 1 115.922386 idfp8
72 0 145121 2 114.38327 idfp8
72 0 3189783 3 113.619835 idfp8
72 0 112904 4 112.97154 idfp8
72 0 118005 5 109.207115 idfp8
72 0 118234 6 108.39832 idfp8
72 0 2654533 7 104.5902 idfp8
72 0 2654756 8 104.5902 idfp8
72 0 117979 9 97.106705 idfp8
73 0 2804674 0 69.158806 idfp8
73 0 110692 1 67.10074 idfp8
73 0 108538 2 64.507416 idfp8
73 0 109931 3 61.55212 idfp8
73 0 109935 4 59.942326 idfp8
73 0 217514 5 59.681717 idfp8
73 0 118043 6 59.428562 idfp8
73 0 1087954 7 59.326366 idfp8
73 0 112206 8 59.11201 idfp8
73 0 110662 9 58.110493 idfp8
74 0 2804674 0 91.51709 idfp8
74 0 107904 1 84.11978 idfp8
74 0 109284 2 83.501595 idfp8
74 0 112774 3 76.96117 idfp8
74 0 127908 4 74.17015 idfp8
74 0 2675749 5 68.26578 idfp8
74 0 803268 6 64.526886 idfp8
74 0 111245 7 62.643604 idfp8
74 0 112304 8 61.535812 idfp8
74 0 111755 9 60.90561 idfp8
75 0 92916 0 91.8909 idfp8
75 0 118226 1 89.953285 idfp8
75 0 110964 2 89.637405 idfp8
75 0 3189783 3 86.28297 idfp8
75 0 111291 4 84.211754 idfp8
75 0 86460 5 83.45979 idfp8
75 0 89728 6 83.05009 idfp8
75 0 802770 7 81.66761 idfp8
75 0 110779 8 81.246475 idfp8
75 0 90423 9 81.21873 idfp8
76 0 2679833 0 106.209816 idfp8
76 0 2680440 1 106.209816 idfp8
76 0 108900 2 98.548225 idfp8
76 0 150540 3 98.21238 idfp8
76 0 112919 4 95.107635 idfp8
76 0 110964 5 95.01426 idfp8
76 0 111945 6 94.096535 idfp8
76 0 118298 7 92.64165 idfp8
76 0 2781925 8 91.550514 idfp8
76 0 110779 9 91.038925 idfp8
77 0 2812588 0 138.90685 idfp8
77 0 4151822 1 131.35493 idfp8
77 0 145817 2 124.756676 idfp8
77 0 111029 3 110.613625 idfp8
77 0 112726 4 110.133194 idfp8
77 0 111455 5 107.922615 idfp8
77 0 2770446 6 105.333725 idfp8
77 0 134747 7 100.96458 idfp8
77 0 145902 8 100.0912 idfp8
77 0 111610 9 93.40581 idfp8
78 0 2812588 0 57.906273 idfp8
78 0 117899 1 57.161934 idfp8
78 0 145632 2 57.042496 idfp8
78 0 118022 3 54.347675 idfp8
78 0 111717 4 53.952953 idfp8
78 0 112485 5 53.871037 idfp8
78 0 111250 6 53.67308 idfp8
78 0 799976 7 53.059044 idfp8
78 0 111092 8 52.68159 idfp8
78 0 111271 9 51.606026 idfp8
79 0 111009 0 153.03017 idfp8
79 0 118143 1 141.32066 idfp8
79 0 111470 2 129.47028 idfp8
79 0 110221 3 110.04664 idfp8
79 0 118513 4 82.12555 idfp8
79 0 2680438 5 80.10822 idfp8
79 0 111964 6 77.858826 idfp8
79 0 109626 7 72.29453 idfp8
79 0 110183 8 72.037674 idfp8
79 0 106328 9 70.970184 idfp8
80 0 118143 0 127.970116 idfp8
80 0 111009 1 124.142555 idfp8
80 0 111470 2 121.683266 idfp8
80 0 145859 3 97.04353 idfp8
80 0 150540 4 96.02582 idfp8
80 0 110221 5 90.61443 idfp8
80 0 106328 6 84.22782 idfp8
80 0 2672210 7 82.97492 idfp8
80 0 2654755 8 82.97492 idfp8
80 0 2680438 9 81.78818 idfp8
81 0 148484 0 97.59636 idfp8
81 0 112440 1 72.54178 idfp8
81 0 122253 2 72.28238 idfp8
81 0 112867 3 63.375076 idfp8
81 0 117841 4 61.79831 idfp8
81 0 118445 5 61.67168 idfp8
81 0 118368 6 59.636936 idfp8
81 0 121157 7 59.175858 idfp8
81 0 799981 8 58.205093 idfp8
81 0 112422 9 57.807163 idfp8
82 0 118368 0 99.20596 idfp8
82 0 1726 1 98.26252 idfp8
82 0 127900 2 96.05119 idfp8
82 0 2803250 3 91.61716 idfp8
82 0 216735 4 88.53449 idfp8
82 0 216806 5 88.53449 idfp8
82 0 799981 6 87.13494 idfp8
82 0 145625 7 84.27049 idfp8
82 0 110701 8 83.43385 idfp8
82 0 112869 9 83.23893 idfp8
83 0 145859 0 128.9567 idfp8
83 0 112922 1 95.78681 idfp8
83 0 137746 2 85.92546 idfp8
83 0 110289 3 84.56539 idfp8
83 0 109894 4 84.29535 idfp8
83 0 111246 5 83.911995 idfp8
83 0 111151 6 83.18674 idfp8
83 0 111286 7 82.96572 idfp8
83 0 145870 8 82.4847 idfp8
83 0 111194 9 80.509315 idfp8
84 0 145859 0 127.87376 idfp8
84 0 112922 1 108.61992 idfp8
84 0 800858 2 96.77732 idfp8
84 0 111151 3 95.83613 idfp8
84 0 109895 4 95.162056 idfp8
84 0 107293 5 93.34454 idfp8
84 0 109893 6 92.548744 idfp8
84 0 107980 7 91.99285 idfp8
84 0 109200 8 91.95608 idfp8
84 0 110361 9 91.36279 idfp8
85 0 2959737 0 194.4244 idfp8
85 0 802973 1 193.70006 idfp8
85 0 803271 2 193.70006 idfp8
85 0 3171724 3 144.72617 idfp8
85 0 3177199 4 144.72617 idfp8
85 0 3177200 5 144.72617 idfp8
85 0 150543 6 133.40594 idfp8
85 0 2959732 7 133.40594 idfp8
85 0 146553 8 132.67886 idfp8
85 0 146790 9 132.67886 idfp8
86 0 3171724 0 118.90454 idfp8
86 0 3177199 1 118.90454 idfp8
86 0 3177200 2 118.90454 idfp8
86 0 3205766 3 110.60175 idfp8
86 0 802973 4 108.8944 idfp8
86 0 803271 5 108.8944 idfp8
86 0 2959737 6 108.8944 idfp8
86 0 150543 7 100.63733 idfp8
86 0 2959732 8 100.63733 idfp8
86 0 146553 9 100.00042 idfp8
87 0 143378 0 47.976738 idfp8
87 0 111170 1 46.83918 idfp8
87 0 112807 2 46.40853 idfp8
87 0 136998 3 44.543243 idfp8
87 0 112746 4 42.866585 idfp8
87 0 117899 5 42.524025 idfp8
87 0 124715 6 42.289093 idfp8
87 0 110760 7 41.881542 idfp8
87 0 111186 8 41.025932 idfp8
87 0 148483 9 40.97992 idfp8
88 0 182992 0 108.48688 idfp8
88 0 182991 1 100.41459 idfp8
88 0 111170 2 96.49926 idfp8
88 0 145897 3 96.1257 idfp8
88 0 149653 4 94.97478 idfp8
88 0 2654277 5 94.83828 idfp8
88 0 112807 6 89.49179 idfp8
88 0 625832 7 89.1733 idfp8
88 0 626055 8 89.1733 idfp8
88 0 145122 9 89.0219 idfp8
89 0 4151822 0 198.03789 idfp8
89 0 2812588 1 174.40535 idfp8
89 0 2770446 2 164.55415 idfp8
89 0 4162110 3 120.30935 idfp8
89 0 145647 4 112.23009 idfp8
89 0 145817 5 104.19152 idfp8
89 0 134747 6 104.06932 idfp8
89 0 145954 7 86.74601 idfp8
89 0 2809767 8 77.48614 idfp8
89 0 2811850 9 77.48614 idfp8
90 0 4151822 0 217.26282 idfp8
90 0 2812588 1 212.54947 idfp8
90 0 2770446 2 159.71564 idfp8
90 0 145626 3 148.19324 idfp8
90 0 137748 4 139.29094 idfp8
90 0 118054 5 136.65097 idfp8
90 0 130150 6 136.60571 idfp8
90 0 626454 7 134.09781 idfp8
90 0 3181025 8 128.76698 idfp8
90 0 2771249 9 126.98498 idfp8
91 0 3212514 0 268.00754 idfp8
91 0 145782 1 125.63454 idfp8
91 0 134732 2 120.85209 idfp8
91 0 1087959 3 119.9559 idfp8
91 0 109857 4 118.32704 idfp8
91 0 118507 5 117.70983 idfp8
91 0 110249 6 115.68213 idfp8
91 0 112439 7 115.35759 idfp8
91 0 110213 8 113.594025 idfp8
91 0 219097 9 113.1614 idfp8
92 0 3212514 0 259.06705 idfp8
92 0 110249 1 149.51155 idfp8
92 0 1087959 2 145.40419 idfp8
92 0 118507 3 138.16457 idfp8
92 0 110213 4 119.610016 idfp8
92 0 110032 5 119.05043 idfp8
92 0 109857 6 118.45702 idfp8
92 0 134732 7 117.24022 idfp8
92 0 134725 8 111.99955 idfp8
92 0 112439 9 111.938484 idfp8
93 0 145901 0 185.01317 idfp8
93 0 117874 1 179.05444 idfp8
93 0 118334 2 177.23018 idfp8
93 0 118107 3 172.53209 idfp8
93 0 112905 4 168.25034 idfp8
93 0 112824 5 165.85735 idfp8
93 0 130158 6 164.03279 idfp8
93 0 110877 7 161.08824 idfp8
93 0 118129 8 160.5158 idfp8
93 0 111736 9 160.4257 idfp8
94 0 145901 0 191.0786 idfp8
94 0 931614 1 188.94455 idfp8
94 0 117874 2 176.4403 idfp8
94 0 2788983 3 167.21185 idfp8
94 0 4151827 4 159.35826 idfp8
94 0 118129 5 158.10857 idfp8
94 0 118334 6 157.64774 idfp8
94 0 111736 7 157.47617 idfp8
94 0 112905 8 157.1016 idfp8
94 0 112824 9 156.43475 idfp8
95 0 108555 0 93.35088 idfp8
95 0 105495 1 92.936165 idfp8
95 0 107232 2 85.886566 idfp8
95 0 107475 3 83.51059 idfp8
95 0 106171 4 71.51941 idfp8
95 0 109444 5 65.58447 idfp8
95 0 103631 6 65.55106 idfp8
95 0 106073 7 65.465195 idfp8
95 0 104571 8 60.494026 idfp8
95 0 112750 9 60.36656 idfp8
96 0 108555 0 105.330154 idfp8
96 0 103631 1 98.58178 idfp8
96 0 799986 2 72.84798 idfp8
96 0 92746 3 72.56569 idfp8
96 0 108493 4 70.45924 idfp8
96 0 96542 5 69.03106 idfp8
96 0 93739 6 68.91437 idfp8
96 0 110322 7 68.49554 idfp8
96 0 110076 8 68.49117 idfp8
96 0 96850 9 68.18919 idfp8
97 0 112101 0 126.14541 idfp8
97 0 111922 1 93.24295 idfp8
97 0 110718 2 64.43808 idfp8
97 0 2655597 3 63.790806 idfp8
97 0 117959 4 63.10818 idfp8
97 0 2676593 5 62.5286 idfp8
97 0 2795279 6 62.466995 idfp8
97 0 118111 7 60.310432 idfp8
97 0 820748 8 60.202404 idfp8
97 0 2959743 9 58.918194 idfp8
98 0 118148 0 31.301023 idfp8
98 0 134732 1 31.066952 idfp8
98 0 118467 2 30.97169 idfp8
98 0 145804 3 30.38968 idfp8
98 0 2655591 4 30.202057 idfp8
98 0 109088 5 29.951777 idfp8
98 0 110156 6 29.778969 idfp8
98 0 2676593 7 29.518965 idfp8
98 0 110146 8 29.467022 idfp8
98 0 117832 9 29.430656 idfp8
99 0 112267 0 120.90837 idfp8
99 0 111884 1 94.16712 idfp8
99 0 110552 2 83.504906 idfp8
99 0 112723 3 76.5209 idfp8
99 0 110578 4 70.48163 idfp8
99 0 109976 5 67.889206 idfp8
99 0 145914 6 67.27344 idfp8
99 0 118121 7 63.799423 idfp8
99 0 109612 8 63.779053 idfp8
99 0 109673 9 62.67666 idfp8
100 0 112267 0 139.32748 idfp8
100 0 110552 1 118.13543 idfp8
100 0 111884 2 97.89511 idfp8
100 0 111886 3 97.18881 idfp8
100 0 110098 4 90.906685 idfp8
100 0 112723 5 89.37709 idfp8
100 0 109633 6 88.38821 idfp8
100 0 109673 7 87.606606 idfp8
100 0 110296 8 85.353966 idfp8
100 0 102981 9 85.34636 idfp8
