1 0 3204919 0 87.58221 idfp7
1 0 2649076 1 81.03882 idfp7
1 0 149702 2 75.03164 idfp7
1 0 4164893 3 72.728424 idfp7
1 0 3170730 4 71.73561 idfp7
1 0 3177197 5 71.73561 idfp7
1 0 219733 6 70.79596 idfp7
1 0 220342 7 70.79596 idfp7
1 0 2812210 8 70.52049 idfp7
1 0 2809767 9 70.32714 idfp7
2 0 103631 0 78.31799 idfp7
2 0 145692 1 78.01243 idfp7
2 0 103549 2 74.9687 idfp7
2 0 104671 3 71.49626 idfp7
2 0 108555 4 70.52012 idfp7
2 0 104571 5 69.45268 idfp7
2 0 105116 6 64.678055 idfp7
2 0 103644 7 62.881184 idfp7
2 0 4170684 8 60.908386 idfp7
2 0 96850 9 60.867756 idfp7
3 0 3162143 0 101.79419 idfp7
3 0 215496 1 94.07238 idfp7
3 0 215694 2 94.07238 idfp7
3 0 2959735 3 94.071335 idfp7
3 0 130157 4 90.19571 idfp7
3 0 118248 5 89.804695 idfp7
3 0 118475 6 89.55333 idfp7
3 0 145890 7 89.24345 idfp7
3 0 118394 8 85.73485 idfp7
3 0 903973 9 85.20859 idfp7
4 0 215694 0 200.02014 idfp7
4 0 2959735 1 200.01805 idfp7
4 0 215496 2 200.00156 idfp7
4 0 3162143 3 172.86787 idfp7
4 0 623142 4 168.71727 idfp7
4 0 118029 5 164.09583 idfp7
4 0 149007 6 151.59319 idfp7
4 0 903973 7 143.30179 idfp7
4 0 145890 8 127.49286 idfp7
4 0 145900 9 126.09339 idfp7
5 0 145652 0 69.66769 idfp7
5 0 2672209 1 65.2776 idfp7
5 0 2657779 2 65.2776 idfp7
5 0 110831 3 64.6809 idfp7
5 0 1740 4 63.949505 idfp7
5 0 183480 5 61.772312 idfp7
5 0 110056 6 61.442432 idfp7
5 0 112708 7 59.859066 idfp7
5 0 107162 8 57.279922 idfp7
5 0 131163 9 56.03322 idfp7
6 0 110654 0 124.74645 idfp7
6 0 110056 1 98.853226 idfp7
6 0 183480 2 86.34358 idfp7
6 0 111258 3 75.961655 idfp7
6 0 3203656 4 73.90519 idfp7
6 0 3206414 5 73.90519 idfp7
6 0 111114 6 73.81156 idfp7
6 0 117932 7 68.54336 idfp7
6 0 110789 8 67.875015 idfp7
6 0 111661 9 57.500633 idfp7
7 0 2672535 0 47.41249 idfp7
7 0 134749 1 46.87871 idfp7
7 0 219733 2 46.685925 idfp7
7 0 220342 3 46.685925 idfp7
7 0 147531 4 46.579597 idfp7
7 0 145713 5 45.876724 idfp7
7 0 118511 6 45.823677 idfp7
7 0 2678467 7 45.714508 idfp7
7 0 2679202 8 45.714508 idfp7
7 0 2959746 9 45.714508 idfp7
8 0 134749 0 114.30351 idfp7
8 0 112174 1 111.046074 idfp7
8 0 145715 2 101.34859 idfp7
8 0 145868 3 97.37016 idfp7
8 0 112834 4 95.27245 idfp7
8 0 147531 5 94.04465 idfp7
8 0 2678467 6 91.26461 idfp7
8 0 2679202 7 91.26461 idfp7
8 0 2959746 8 91.26461 idfp7
8 0 110932 9 90.24273 idfp7
9 0 2675751 0 105.50519 idfp7
9 0 854177 1 99.402725 idfp7
9 0 2679557 2 91.608 idfp7
9 0 147530 3 90.9263 idfp7
9 0 118317 4 90.35318 idfp7
9 0 112641 5 89.49082 idfp7
9 0 118212 6 88.31914 idfp7
9 0 145678 7 88.06544 idfp7
9 0 127923 8 87.57809 idfp7
9 0 112931 9 85.87997 idfp7
10 0 111500 0 123.169365 idfp7
10 0 118087 1 112.97088 idfp7
10 0 147531 2 112.77007 idfp7
10 0 112657 3 107.915825 idfp7
10 0 134743 4 107.78565 idfp7
10 0 112423 5 107.54666 idfp7
10 0 214949 6 107.53174 idfp7
10 0 215071 7 107.53174 idfp7
10 0 118236 8 105.5976 idfp7
10 0 110753 9 101.775764 idfp7
11 0 2810524 0 74.59962 idfp7
11 0 2811846 1 74.59962 idfp7
11 0 2809767 2 66.93482 idfp7
11 0 2811850 3 66.93482 idfp7
11 0 217512 4 65.23235 idfp7
11 0 873668 5 64.99928 idfp7
11 0 3197746 6 64.59541 idfp7
11 0 4151830 7 63.350033 idfp7
11 0 3211501 8 63.285404 idfp7
11 0 213505 9 63.265453 idfp7
12 0 2672535 0 87.5262 idfp7
12 0 3216389 1 65.0482 idfp7
12 0 4170685 2 61.529907 idfp7
12 0 3153112 3 61.11477 idfp7
12 0 4155979 4 61.04364 idfp7
12 0 3217422 5 60.250607 idfp7
12 0 2809767 6 60.035473 idfp7
12 0 2811850 7 60.035473 idfp7
12 0 3181025 8 59.87928 idfp7
12 0 3217423 9 59.81715 idfp7
13 0 2812588 0 89.86131 idfp7
13 0 4162111 1 83.91669 idfp7
13 0 145967 2 80.102 idfp7
13 0 802973 3 77.560555 idfp7
13 0 803271 4 77.560555 idfp7
13 0 2959737 5 77.560555 idfp7
13 0 2642828 6 77.22118 idfp7
13 0 2959730 7 73.308624 idfp7
13 0 150543 8 71.01313 idfp7
13 0 2959732 9 71.01313 idfp7
14 0 2812588 0 59.84206 idfp7
14 0 614392 1 59.520363 idfp7
14 0 614485 2 59.520363 idfp7
14 0 2153 3 55.4382 idfp7
14 0 108730 4 54.985573 idfp7
14 0 148483 5 53.26311 idfp7
14 0 124715 6 53.219025 idfp7
14 0 118296 7 53.067497 idfp7
14 0 2620704 8 52.373642 idfp7
14 0 2670965 9 52.093163 idfp7
15 0 2812588 0 135.05704 idfp7
15 0 4151822 1 118.741 idfp7
15 0 2770446 2 98.14466 idfp7
15 0 2809767 3 87.330086 idfp7
15 0 2811850 4 87.330086 idfp7
15 0 2771249 5 84.316216 idfp7
15 0 4171965 6 83.75561 idfp7
15 0 2812210 7 82.68066 idfp7
15 0 4155979 8 79.57211 idfp7
15 0 3153112 9 78.515686 idfp7
16 0 4151822 0 118.14902 idfp7
16 0 2812588 1 89.346344 idfp7
16 0 2770446 2 78.275635 idfp7
16 0 145817 3 75.82962 idfp7
16 0 4171965 4 72.34846 idfp7
16 0 134747 5 67.10497 idfp7
16 0 4151830 6 63.751507 idfp7
16 0 3209687 7 63.1212 idfp7
16 0 4155979 8 62.72516 idfp7
16 0 3170728 9 62.67897 idfp7
17 0 148484 0 52.259953 idfp7
17 0 4161362 1 51.12674 idfp7
17 0 117987 2 48.59271 idfp7
17 0 111122 3 48.52168 idfp7
17 0 145865 4 48.35318 idfp7
17 0 109218 5 47.815037 idfp7
17 0 2771249 6 47.243187 idfp7
17 0 620566 7 46.974087 idfp7
17 0 1751 8 46.698677 idfp7
17 0 813289 9 46.450188 idfp7
18 0 205712 0 121.1384 idfp7
18 0 148484 1 112.886765 idfp7
18 0 620566 2 100.98996 idfp7
18 0 217512 3 95.07133 idfp7
18 0 131156 4 93.72554 idfp7
18 0 1753 5 93.60433 idfp7
18 0 182990 6 91.3687 idfp7
18 0 145635 7 90.52698 idfp7
18 0 206097 8 90.41097 idfp7
18 0 821306 9 90.38154 idfp7
19 0 2654533 0 143.69571 idfp7
19 0 2654756 1 143.69571 idfp7
19 0 112775 2 99.889755 idfp7
19 0 112808 3 98.75392 idfp7
19 0 4151825 4 97.170906 idfp7
19 0 4151826 5 96.720055 idfp7
19 0 4172500 6 96.68674 idfp7
19 0 2670966 7 96.62348 idfp7
19 0 219509 8 96.3703 idfp7
19 0 2760668 9 95.44274 idfp7
20 0 2654533 0 150.00272 idfp7
20 0 2654756 1 150.00272 idfp7
20 0 112775 2 103.57949 idfp7
20 0 4151825 3 101.07712 idfp7
20 0 4172500 4 98.247246 idfp7
20 0 2670966 5 97.90172 idfp7
20 0 219509 6 96.90931 idfp7
20 0 4151826 7 95.28987 idfp7
20 0 110085 8 94.8364 idfp7
20 0 2760668 9 93.25194 idfp7
21 0 873660 0 139.14818 idfp7
21 0 112799 1 118.667595 idfp7
21 0 117890 2 117.113205 idfp7
21 0 867657 3 108.60215 idfp7
21 0 118081 4 108.22361 idfp7
21 0 121159 5 107.74473 idfp7
21 0 3181482 6 106.5747 idfp7
21 0 118416 7 101.03789 idfp7
21 0 145925 8 100.337616 idfp7
21 0 902267 9 99.169075 idfp7
22 0 117890 0 155.10504 idfp7
22 0 2659300 1 154.31761 idfp7
22 0 112799 2 144.91824 idfp7
22 0 118081 3 125.50421 idfp7
22 0 145829 4 123.8198 idfp7
22 0 145925 5 118.84511 idfp7
22 0 118416 6 118.48407 idfp7
22 0 867657 7 116.95464 idfp7
22 0 121159 8 116.279495 idfp7
22 0 112774 9 115.78514 idfp7
23 0 2810525 0 80.26505 idfp7
23 0 2811847 1 80.26505 idfp7
23 0 2801435 2 79.71057 idfp7
23 0 118449 3 78.200386 idfp7
23 0 623242 4 75.762405 idfp7
23 0 145738 5 71.9369 idfp7
23 0 118180 6 69.48974 idfp7
23 0 112257 7 68.99656 idfp7
23 0 2804674 8 64.86056 idfp7
23 0 142878 9 64.74637 idfp7
24 0 1738 0 39.5141 idfp7
24 0 145778 1 36.55995 idfp7
24 0 802408 2 33.56265 idfp7
24 0 2804671 3 33.515614 idfp7
24 0 2790213 4 32.210888 idfp7
24 0 182558 5 31.654774 idfp7
24 0 616433 6 31.562239 idfp7
24 0 145866 7 31.387537 idfp7
24 0 2678133 8 30.611774 idfp7
24 0 2801435 9 30.610193 idfp7
25 0 112616 0 121.92147 idfp7
25 0 2655499 1 85.502205 idfp7
25 0 110318 2 74.84985 idfp7
25 0 108792 3 73.6749 idfp7
25 0 3211503 4 69.69427 idfp7
25 0 821305 5 67.86663 idfp7
25 0 118021 6 67.571335 idfp7
25 0 111495 7 63.083534 idfp7
25 0 2621067 8 60.877277 idfp7
25 0 117845 9 60.513096 idfp7
26 0 117872 0 120.048096 idfp7
26 0 112616 1 102.68713 idfp7
26 0 112045 2 100.31202 idfp7
26 0 118026 3 97.12827 idfp7
26 0 112324 4 94.58705 idfp7
26 0 110915 5 91.98347 idfp7
26 0 112457 6 91.69005 idfp7
26 0 145758 7 90.33718 idfp7
26 0 4161362 8 88.91018 idfp7
26 0 105698 9 87.89625 idfp7
27 0 4157382 0 201.03052 idfp7
27 0 4157405 1 201.03052 idfp7
27 0 112346 2 106.64472 idfp7
27 0 111141 3 101.09621 idfp7
27 0 112523 4 97.88081 idfp7
27 0 3204918 5 89.06954 idfp7
27 0 213842 6 86.71169 idfp7
27 0 182992 7 85.49319 idfp7
27 0 145636 8 84.40121 idfp7
27 0 150541 9 84.04983 idfp7
28 0 4157382 0 164.12694 idfp7
28 0 4157405 1 164.12694 idfp7
28 0 112346 2 104.39802 idfp7
28 0 111141 3 88.81459 idfp7
28 0 931121 4 70.77919 idfp7
28 0 118489 5 66.94992 idfp7
28 0 110706 6 66.8417 idfp7
28 0 931120 7 66.815605 idfp7
28 0 112523 8 66.32095 idfp7
28 0 111258 9 66.06885 idfp7
29 0 4151826 0 42.22748 idfp7
29 0 111471 1 41.414883 idfp7
29 0 205788 2 40.86754 idfp7
29 0 137739 3 40.489597 idfp7
29 0 118044 4 39.788036 idfp7
29 0 118351 5 39.18941 idfp7
29 0 117875 6 39.137882 idfp7
29 0 626206 7 39.0598 idfp7
29 0 108606 8 38.78423 idfp7
29 0 118400 9 38.39655 idfp7
30 0 205788 0 131.77022 idfp7
30 0 218921 1 113.40088 idfp7
30 0 148795 2 107.590965 idfp7
30 0 4151826 3 106.17553 idfp7
30 0 899483 4 105.422676 idfp7
30 0 145841 5 105.3492 idfp7
30 0 626206 6 101.375336 idfp7
30 0 802770 7 100.17394 idfp7
30 0 179213 8 97.80879 idfp7
30 0 145761 9 97.09107 idfp7
31 0 145925 0 78.74348 idfp7
31 0 112486 1 78.27824 idfp7
31 0 110561 2 74.82013 idfp7
31 0 118353 3 71.03423 idfp7
31 0 118458 4 70.11461 idfp7
31 0 2795279 5 70.1019 idfp7
31 0 118023 6 69.88396 idfp7
31 0 2809763 7 69.36794 idfp7
31 0 118501 8 68.375534 idfp7
31 0 112781 9 68.27217 idfp7
32 0 112329 0 80.545074 idfp7
32 0 111434 1 77.626915 idfp7
32 0 1728 2 77.53459 idfp7
32 0 112850 3 75.35473 idfp7
32 0 112447 4 71.97135 idfp7
32 0 112090 5 69.749756 idfp7
32 0 125839 6 65.818115 idfp7
32 0 118455 7 65.764496 idfp7
32 0 111596 8 64.74419 idfp7
32 0 117853 9 64.58318 idfp7
33 0 109535 0 80.10741 idfp7
33 0 121158 1 78.71508 idfp7
33 0 109532 2 78.578896 idfp7
33 0 110795 3 78.28608 idfp7
33 0 109935 4 76.32674 idfp7
33 0 112485 5 76.2536 idfp7
33 0 145870 6 74.503815 idfp7
33 0 802973 7 74.389 idfp7
33 0 803271 8 74.389 idfp7
33 0 2959737 9 74.389 idfp7
34 0 2676594 0 242.09332 idfp7
34 0 2675753 1 235.95264 idfp7
34 0 2679204 2 235.95264 idfp7
34 0 2809767 3 175.89937 idfp7
34 0 2811850 4 175.89937 idfp7
34 0 3216389 5 105.65156 idfp7
34 0 121158 6 97.02671 idfp7
34 0 112325 7 94.346954 idfp7
34 0 625710 8 92.17197 idfp7
34 0 130155 9 90.29588 idfp7
35 0 821306 0 44.098866 idfp7
35 0 218927 1 41.29254 idfp7
35 0 205203 2 39.346687 idfp7
35 0 932061 3 39.219025 idfp7
35 0 219617 4 38.629154 idfp7
35 0 102737 5 38.42947 idfp7
35 0 145660 6 38.216133 idfp7
35 0 213843 7 37.327568 idfp7
35 0 214063 8 37.327568 idfp7
35 0 214467 9 37.327568 idfp7
36 0 118319 0 80.254875 idfp7
36 0 118238 1 78.68077 idfp7
36 0 109923 2 75.61323 idfp7
36 0 118142 3 71.68552 idfp7
36 0 902769 4 71.3114 idfp7
36 0 118329 5 71.10156 idfp7
36 0 213843 6 68.440575 idfp7
36 0 214063 7 68.440575 idfp7
36 0 214467 8 68.440575 idfp7
36 0 1087952 9 68.091896 idfp7
37 0 4151829 0 62.096386 idfp7
37 0 110774 1 60.63039 idfp7
37 0 118269 2 57.45844 idfp7
37 0 118290 3 56.782936 idfp7
37 0 110742 4 56.168247 idfp7
37 0 121168 5 55.916267 idfp7
37 0 112910 6 54.903152 idfp7
37 0 145731 7 53.613655 idfp7
37 0 112133 8 53.539635 idfp7
37 0 108863 9 53.493866 idfp7
38 0 145855 0 100.65722 idfp7
38 0 4151829 1 94.70779 idfp7
38 0 145731 2 93.72079 idfp7
38 0 118269 3 78.24322 idfp7
38 0 1993216 4 71.71066 idfp7
38 0 112910 5 69.897446 idfp7
38 0 110774 6 68.3882 idfp7
38 0 111982 7 66.23545 idfp7
38 0 112292 8 65.71425 idfp7
38 0 145629 9 63.42141 idfp7
39 0 112568 0 82.19235 idfp7
39 0 112420 1 73.19989 idfp7
39 0 118457 2 70.35731 idfp7
39 0 2959744 3 64.62926 idfp7
39 0 855518 4 64.62926 idfp7
39 0 111432 5 64.30317 idfp7
39 0 621044 6 63.455696 idfp7
39 0 621090 7 63.455696 idfp7
39 0 2959739 8 63.455696 idfp7
39 0 2674861 9 63.408924 idfp7
40 0 105200 0 106.95298 idfp7
40 0 621044 1 94.211464 idfp7
40 0 621090 2 94.211464 idfp7
40 0 2959739 3 94.211464 idfp7
40 0 122254 4 91.200615 idfp7
40 0 1731 5 87.03275 idfp7
40 0 2959744 6 84.822975 idfp7
40 0 855518 7 84.822975 idfp7
40 0 112273 8 84.105034 idfp7
40 0 118457 9 83.62489 idfp7
41 0 112924 0 122.81197 idfp7
41 0 2810525 1 104.84349 idfp7
41 0 2811847 2 104.84349 idfp7
41 0 111198 3 102.74003 idfp7
41 0 2654533 4 100.18766 idfp7
41 0 2654756 5 100.18766 idfp7
41 0 112585 6 95.628845 idfp7
41 0 118131 7 95.39871 idfp7
41 0 112731 8 95.1658 idfp7
41 0 127916 9 94.49168 idfp7
42 0 112585 0 117.99158 idfp7
42 0 2654533 1 117.90145 idfp7
42 0 2654756 2 117.90145 idfp7
42 0 112924 3 115.982414 idfp7
42 0 111198 4 111.20576 idfp7
42 0 110132 5 109.61745 idfp7
42 0 111891 6 108.06288 idfp7
42 0 109186 7 104.318985 idfp7
42 0 109352 8 103.472046 idfp7
42 0 112731 9 100.24142 idfp7
43 0 2680590 0 85.72111 idfp7
43 0 2959745 1 85.72111 idfp7
43 0 112920 2 77.354546 idfp7
43 0 112305 3 75.34704 idfp7
43 0 112803 4 66.30899 idfp7
43 0 118148 5 64.19101 idfp7
43 0 2784695 6 63.523746 idfp7
43 0 2812589 7 60.496685 idfp7
43 0 2959749 8 60.496685 idfp7
43 0 112644 9 59.877277 idfp7
44 0 2781925 0 23.859863 idfp7
44 0 802408 1 23.758501 idfp7
44 0 92563 2 23.353138 idfp7
44 0 183480 3 22.829933 idfp7
44 0 145834 4 22.481825 idfp7
44 0 145903 5 22.427118 idfp7
44 0 111107 6 22.418161 idfp7
44 0 118182 7 21.902641 idfp7
44 0 206090 8 21.817438 idfp7
44 0 206187 9 21.817438 idfp7
45 0 3204917 0 160.77394 idfp7
45 0 866024 1 136.69147 idfp7
45 0 858802 2 136.69147 idfp7
45 0 150542 3 132.88098 idfp7
45 0 145772 4 127.53856 idfp7
45 0 145861 5 126.3809 idfp7
45 0 800568 6 123.90118 idfp7
45 0 2804673 7 121.49134 idfp7
45 0 626207 8 120.6321 idfp7
45 0 2959730 9 118.38182 idfp7
46 0 866024 0 258.86465 idfp7
46 0 858802 1 258.86465 idfp7
46 0 623145 2 174.76552 idfp7
46 0 903971 3 168.4116 idfp7
46 0 2959742 4 168.4116 idfp7
46 0 2804673 5 164.14125 idfp7
46 0 3204917 6 163.96739 idfp7
46 0 2657927 7 156.55142 idfp7
46 0 1732 8 154.71143 idfp7
46 0 150542 9 148.55623 idfp7
47 0 2674861 0 120.69617 idfp7
47 0 2675754 1 120.69617 idfp7
47 0 3212516 2 69.727554 idfp7
47 0 2671723 3 69.5426 idfp7
47 0 626207 4 69.1232 idfp7
47 0 2790213 5 68.68336 idfp7
47 0 2810526 6 68.53417 idfp7
47 0 2771250 7 68.40018 idfp7
47 0 2678133 8 68.170364 idfp7
47 0 621044 9 68.15417 idfp7
48 0 2674861 0 115.29167 idfp7
48 0 2675754 1 115.29167 idfp7
48 0 111362 2 63.546642 idfp7
48 0 3170727 3 62.273422 idfp7
48 0 2646093 4 59.800938 idfp7
48 0 103019 5 59.778366 idfp7
48 0 96147 6 57.691822 idfp7
48 0 145896 7 57.622974 idfp7
48 0 121149 8 56.930912 idfp7
48 0 182992 9 56.929676 idfp7
49 0 2810525 0 67.29167 idfp7
49 0 2811847 1 67.29167 idfp7
49 0 4162535 2 62.321274 idfp7
49 0 3153112 3 52.70269 idfp7
49 0 4151826 4 52.511414 idfp7
49 0 2812210 5 48.15211 idfp7
49 0 2803251 6 47.986397 idfp7
49 0 2811845 7 47.675014 idfp7
49 0 2809767 8 47.673122 idfp7
49 0 2811850 9 47.673122 idfp7
50 0 3153112 0 98.04886 idfp7
50 0 4162535 1 91.32771 idfp7
50 0 2810525 2 68.63662 idfp7
50 0 2811847 3 68.63662 idfp7
50 0 4151826 4 56.26977 idfp7
50 0 3181025 5 55.424458 idfp7
50 0 2809767 6 51.65426 idfp7
50 0 2811850 7 51.65426 idfp7
50 0 2812210 8 51.304028 idfp7
50 0 3177197 9 51.025524 idfp7
51 0 112770 0 76.66805 idfp7
51 0 616433 1 70.14103 idfp7
51 0 2812589 2 63.604126 idfp7
51 0 2959749 3 63.604126 idfp7
51 0 78783 4 62.816826 idfp7
51 0 145872 5 62.388252 idfp7
51 0 213842 6 58.832333 idfp7
51 0 1736 7 56.56793 idfp7
51 0 2655591 8 55.76212 idfp7
51 0 2812587 9 55.42589 idfp7
52 0 112770 0 56.162308 idfp7
52 0 112931 1 52.03275 idfp7
52 0 112243 2 46.879753 idfp7
52 0 105869 3 43.558205 idfp7
52 0 103302 4 41.779617 idfp7
52 0 1859075 5 41.67785 idfp7
52 0 127923 6 41.625656 idfp7
52 0 127887 7 41.61581 idfp7
52 0 854177 8 41.474 idfp7
52 0 109704 9 40.997555 idfp7
53 0 799985 0 90.59271 idfp7
53 0 2808291 1 73.32167 idfp7
53 0 145792 2 72.1129 idfp7
53 0 2771250 3 71.99567 idfp7
53 0 148483 4 68.379456 idfp7
53 0 145664 5 68.19206 idfp7
53 0 2650505 6 64.70567 idfp7
53 0 145635 7 63.99424 idfp7
53 0 112677 8 63.715595 idfp7
53 0 117916 9 63.288788 idfp7
54 0 872994 0 118.510315 idfp7
54 0 811778 1 103.93125 idfp7
54 0 931123 2 88.988525 idfp7
54 0 625711 3 88.71593 idfp7
54 0 943668 4 85.402855 idfp7
54 0 811777 5 84.734436 idfp7
54 0 2808291 6 77.68423 idfp7
54 0 799985 7 74.22839 idfp7
54 0 3195890 8 72.95183 idfp7
54 0 2676594 9 71.620605 idfp7
55 0 4154603 0 136.47507 idfp7
55 0 118269 1 95.993835 idfp7
55 0 145855 2 95.89936 idfp7
55 0 145629 3 94.89339 idfp7
55 0 145731 4 93.74498 idfp7
55 0 111261 5 84.4415 idfp7
55 0 110774 6 82.60399 idfp7
55 0 112910 7 79.318016 idfp7
55 0 118101 8 74.65898 idfp7
55 0 111982 9 73.75181 idfp7
56 0 4154603 0 199.92178 idfp7
56 0 118269 1 136.94568 idfp7
56 0 145731 2 132.1414 idfp7
56 0 112910 3 129.61946 idfp7
56 0 145629 4 118.40204 idfp7
56 0 110774 5 113.77726 idfp7
56 0 111261 6 109.31483 idfp7
56 0 145855 7 107.69658 idfp7
56 0 111420 8 100.33718 idfp7
56 0 1993216 9 99.17979 idfp7
57 0 118297 0 91.94084 idfp7
57 0 800569 1 88.143234 idfp7
57 0 802408 2 85.43725 idfp7
57 0 867644 3 83.664764 idfp7
57 0 815320 4 81.06965 idfp7
57 0 800859 5 78.31182 idfp7
57 0 122254 6 77.70069 idfp7
57 0 149585 7 77.53541 idfp7
57 0 149649 8 77.53541 idfp7
57 0 2671723 9 77.31362 idfp7
58 0 145735 0 89.84691 idfp7
58 0 217702 1 69.77732 idfp7
58 0 108547 2 66.874626 idfp7
58 0 112467 3 65.96064 idfp7
58 0 106179 4 65.10322 idfp7
58 0 2676592 5 64.33633 idfp7
58 0 145800 6 63.24687 idfp7
58 0 145815 7 62.075768 idfp7
58 0 2671725 8 61.38148 idfp7
58 0 2672207 9 61.357384 idfp7
59 0 2788983 0 244.34796 idfp7
59 0 4170685 1 222.347 idfp7
59 0 145627 2 194.9974 idfp7
59 0 118037 3 194.71465 idfp7
59 0 117968 4 188.10187 idfp7
59 0 118129 5 184.27277 idfp7
59 0 118040 6 178.46094 idfp7
59 0 1087691 7 168.68292 idfp7
59 0 134735 8 162.48817 idfp7
59 0 3205767 9 157.19788 idfp7
60 0 3195891 0 238.70021 idfp7
60 0 2788983 1 222.44533 idfp7
60 0 4170685 2 216.75888 idfp7
60 0 118129 3 195.03407 idfp7
60 0 145627 4 195.01088 idfp7
60 0 130158 5 184.75272 idfp7
60 0 117968 6 180.88405 idfp7
60 0 931614 7 179.35097 idfp7
60 0 118334 8 177.93427 idfp7
60 0 621195 9 171.33014 idfp7
61 0 2812210 0 141.2902 idfp7
61 0 145743 1 140.13327 idfp7
61 0 145923 2 135.62177 idfp7
61 0 218457 3 125.340096 idfp7
61 0 1732 4 111.524414 idfp7
61 0 3195092 5 110.71478 idfp7
61 0 112854 6 106.99587 idfp7
61 0 145815 7 106.76239 idfp7
61 0 2657927 8 101.116455 idfp7
61 0 112435 9 99.79454 idfp7
62 0 2812210 0 69.319145 idfp7
62 0 110091 1 56.082737 idfp7
62 0 117875 2 55.43292 idfp7
62 0 110661 3 55.150208 idfp7
62 0 118299 4 53.141483 idfp7
62 0 110926 5 50.607826 idfp7
62 0 109846 6 48.87604 idfp7
62 0 118381 7 48.335503 idfp7
62 0 109077 8 48.25023 idfp7
62 0 3195092 9 47.879032 idfp7
63 0 106985 0 57.329903 idfp7
63 0 149702 1 57.328518 idfp7
63 0 107685 2 56.163204 idfp7
63 0 104521 3 55.713963 idfp7
63 0 108539 4 54.62122 idfp7
63 0 118148 5 53.547966 idfp7
63 0 108111 6 53.328163 idfp7
63 0 108538 7 53.13764 idfp7
63 0 105525 8 53.057034 idfp7
63 0 107014 9 52.017845 idfp7
64 0 3205768 0 77.19217 idfp7
64 0 2809766 1 74.6174 idfp7
64 0 2811849 2 74.6174 idfp7
64 0 2758568 3 71.24829 idfp7
64 0 3205767 4 65.70322 idfp7
64 0 4151827 5 65.10461 idfp7
64 0 110645 6 65.0446 idfp7
64 0 3207860 7 64.40121 idfp7
64 0 2788983 8 63.195553 idfp7
64 0 118196 9 62.380707 idfp7
65 0 118123 0 154.91013 idfp7
65 0 150540 1 104.63166 idfp7
65 0 3211501 2 98.39611 idfp7
65 0 131165 3 95.504074 idfp7
65 0 110645 4 95.1509 idfp7
65 0 4151825 5 92.79181 idfp7
65 0 111051 6 92.53665 idfp7
65 0 145883 7 91.74093 idfp7
65 0 109292 8 88.7157 idfp7
65 0 112732 9 88.48653 idfp7
66 0 3211501 0 173.65535 idfp7
66 0 145867 1 144.25255 idfp7
66 0 3213872 2 118.93018 idfp7
66 0 4151827 3 118.82307 idfp7
66 0 118123 4 116.93587 idfp7
66 0 150540 5 115.963005 idfp7
66 0 4151826 6 115.94532 idfp7
66 0 3214775 7 111.37856 idfp7
66 0 3217422 8 110.939285 idfp7
66 0 218925 9 110.88418 idfp7
67 0 145800 0 167.20348 idfp7
67 0 867645 1 153.60262 idfp7
67 0 103675 2 105.62867 idfp7
67 0 103678 3 85.50241 idfp7
67 0 104522 4 84.160164 idfp7
67 0 106757 5 82.90682 idfp7
67 0 110330 6 78.35454 idfp7
67 0 107938 7 75.77069 idfp7
67 0 103721 8 75.41329 idfp7
67 0 111139 9 75.17595 idfp7
68 0 145800 0 148.47865 idfp7
68 0 867645 1 122.63354 idfp7
68 0 103675 2 85.90478 idfp7
68 0 103093 3 85.04493 idfp7
68 0 103678 4 82.79855 idfp7
68 0 97893 5 82.18676 idfp7
68 0 94177 6 81.05153 idfp7
68 0 88704 7 78.862885 idfp7
68 0 97584 8 75.36404 idfp7
68 0 111139 9 75.069885 idfp7
69 0 3214778 0 106.39639 idfp7
69 0 149289 1 102.59993 idfp7
69 0 117859 2 100.31345 idfp7
69 0 219733 3 95.17626 idfp7
69 0 220342 4 95.17626 idfp7
69 0 111709 5 95.03905 idfp7
69 0 2676593 6 94.81364 idfp7
69 0 110068 7 93.131775 idfp7
69 0 110996 8 92.60589 idfp7
69 0 2959743 9 91.84537 idfp7
70 0 149289 0 115.35141 idfp7
70 0 2676593 1 110.53476 idfp7
70 0 3214778 2 110.4244 idfp7
70 0 2959743 3 103.0251 idfp7
70 0 858289 4 103.0251 idfp7
70 0 219733 5 100.894104 idfp7
70 0 220342 6 100.894104 idfp7
70 0 2675751 7 98.20746 idfp7
70 0 110068 8 97.78512 idfp7
70 0 866022 9 97.023315 idfp7
71 0 112914 0 100.95395 idfp7
71 0 145121 1 100.87295 idfp7
71 0 118052 2 96.09001 idfp7
71 0 3189783 3 95.61539 idfp7
71 0 118287 4 93.30954 idfp7
71 0 2654533 5 89.09769 idfp7
71 0 2654756 6 89.09769 idfp7
71 0 118005 7 87.74643 idfp7
71 0 112904 8 86.68378 idfp7
71 0 118234 9 84.16677 idfp7
72 0 118052 0 106.01012 idfp7
72 0 112914 1 97.50145 idfp7
72 0 3189783 2 96.444885 idfp7
72 0 145121 3 95.957985 idfp7
72 0 112904 4 94.32672 idfp7
72 0 118005 5 93.35283 idfp7
72 0 118234 6 92.12713 idfp7
72 0 2654533 7 87.04976 idfp7
72 0 2654756 8 87.04976 idfp7
72 0 117979 9 80.54528 idfp7
73 0 110692 0 60.017246 idfp7
73 0 2804674 1 59.923695 idfp7
73 0 108538 2 56.948315 idfp7
73 0 109931 3 53.513573 idfp7
73 0 1087954 4 51.173927 idfp7
73 0 110175 5 50.74911 idfp7
73 0 217514 6 50.67986 idfp7
73 0 145624 7 50.607555 idfp7
73 0 118043 8 50.535576 idfp7
73 0 112206 9 50.354572 idfp7
74 0 2804674 0 82.66206 idfp7
74 0 107904 1 78.51016 idfp7
74 0 109284 2 77.094475 idfp7
74 0 112774 3 67.72118 idfp7
74 0 127908 4 65.461716 idfp7
74 0 2675749 5 61.63622 idfp7
74 0 803268 6 55.95551 idfp7
74 0 111245 7 55.181976 idfp7
74 0 111755 8 52.80066 idfp7
74 0 110798 9 52.390034 idfp7
75 0 92916 0 78.78859 idfp7
75 0 110964 1 74.82749 idfp7
75 0 92470 2 73.06942 idfp7
75 0 118226 3 72.599 idfp7
75 0 89728 4 71.312805 idfp7
75 0 3189783 5 70.22072 idfp7
75 0 86460 6 69.917725 idfp7
75 0 111291 7 69.80852 idfp7
75 0 90423 8 68.96876 idfp7
75 0 110779 9 68.005745 idfp7
76 0 2679833 0 89.846375 idfp7
76 0 2680440 1 89.846375 idfp7
76 0 108900 2 82.436455 idfp7
76 0 150540 3 82.08212 idfp7
76 0 110964 4 81.75825 idfp7
76 0 111945 5 80.07696 idfp7
76 0 112919 6 78.74107 idfp7
76 0 118298 7 76.84067 idfp7
76 0 2781925 8 76.815765 idfp7
76 0 145743 9 76.23068 idfp7
77 0 2812588 0 121.406654 idfp7
77 0 4151822 1 116.57901 idfp7
77 0 145817 2 112.172646 idfp7
77 0 112726 3 102.35263 idfp7
77 0 111455 4 95.27589 idfp7
77 0 111029 5 93.57847 idfp7
77 0 2770446 6 92.79441 idfp7
77 0 134747 7 91.82163 idfp7
77 0 145902 8 85.183525 idfp7
77 0 145647 9 83.776764 idfp7
78 0 2812588 0 49.880703 idfp7
78 0 117899 1 48.204285 idfp7
78 0 145632 2 47.91407 idfp7
78 0 111717 3 46.826054 idfp7
78 0 616862 4 46.370605 idfp7
78 0 111250 5 46.264828 idfp7
78 0 112485 6 45.761528 idfp7
78 0 799976 7 45.745495 idfp7
78 0 118022 8 44.863415 idfp7
78 0 112358 9 44.71235 idfp7
79 0 111009 0 140.94904 idfp7
79 0 118143 1 131.19963 idfp7
79 0 111470 2 119.73719 idfp7
79 0 110221 3 100.68709 idfp7
79 0 118513 4 69.92796 idfp7
79 0 111964 5 68.3878 idfp7
79 0 2680438 6 68.351456 idfp7
79 0 110183 7 62.465652 idfp7
79 0 150540 8 61.52915 idfp7
79 0 106328 9 61.198296 idfp7
80 0 111009 0 115.37398 idfp7
80 0 118143 1 115.07225 idfp7
80 0 111470 2 113.30575 idfp7
80 0 145859 3 86.216934 idfp7
80 0 110221 4 82.56171 idfp7
80 0 150540 5 80.86684 idfp7
80 0 106328 6 74.010796 idfp7
80 0 2680438 7 71.91792 idfp7
80 0 903979 8 70.34936 idfp7
80 0 902768 9 70.34936 idfp7
81 0 148484 0 86.97447 idfp7
81 0 112440 1 64.04815 idfp7
81 0 122253 2 61.917786 idfp7
81 0 118445 3 54.88792 idfp7
81 0 112867 4 54.56966 idfp7
81 0 117841 5 53.41837 idfp7
81 0 118368 6 50.533875 idfp7
81 0 799981 7 50.15729 idfp7
81 0 121157 8 49.60889 idfp7
81 0 112422 9 49.571545 idfp7
82 0 118368 0 85.724884 idfp7
82 0 1726 1 85.67804 idfp7
82 0 127900 2 82.52406 idfp7
82 0 216735 3 76.602455 idfp7
82 0 216806 4 76.602455 idfp7
82 0 2803250 5 76.48877 idfp7
82 0 799981 6 73.56893 idfp7
82 0 145625 7 73.04936 idfp7
82 0 117931 8 70.40312 idfp7
82 0 118126 9 70.229965 idfp7
83 0 145859 0 119.71911 idfp7
83 0 112922 1 87.742966 idfp7
83 0 137746 2 79.13216 idfp7
83 0 111246 3 77.99544 idfp7
83 0 109894 4 76.70932 idfp7
83 0 111151 5 75.96638 idfp7
83 0 111286 6 75.96618 idfp7
83 0 110289 7 75.551544 idfp7
83 0 145870 8 74.90052 idfp7
83 0 800858 9 72.920425 idfp7
84 0 145859 0 116.63837 idfp7
84 0 112922 1 98.66007 idfp7
84 0 800858 2 88.45493 idfp7
84 0 111151 3 86.555275 idfp7
84 0 109895 4 85.87159 idfp7
84 0 107293 5 85.65005 idfp7
84 0 109893 6 83.36905 idfp7
84 0 109200 7 82.50889 idfp7
84 0 110361 8 82.33786 idfp7
84 0 122251 9 82.201225 idfp7
85 0 2959737 0 179.01167 idfp7
85 0 802973 1 178.28734 idfp7
85 0 803271 2 178.28734 idfp7
85 0 3171724 3 134.64922 idfp7
85 0 3177199 4 134.64922 idfp7
85 0 3177200 5 134.64922 idfp7
85 0 150543 6 118.36193 idfp7
85 0 2959732 7 118.36193 idfp7
85 0 146553 8 117.81212 idfp7
85 0 146790 9 117.81212 idfp7
86 0 3171724 0 114.07702 idfp7
86 0 3177199 1 114.07702 idfp7
86 0 3177200 2 114.07702 idfp7
86 0 3205766 3 105.533554 idfp7
86 0 802973 4 101.47474 idfp7
86 0 803271 5 101.47474 idfp7
86 0 2959737 6 101.47474 idfp7
86 0 150543 7 93.18991 idfp7
86 0 2959732 8 93.18991 idfp7
86 0 146553 9 92.64704 idfp7
87 0 143378 0 39.912704 idfp7
87 0 111170 1 39.02452 idfp7
87 0 112807 2 37.659874 idfp7
87 0 136998 3 36.347794 idfp7
87 0 118313 4 36.02515 idfp7
87 0 124715 5 35.663116 idfp7
87 0 112746 6 35.236286 idfp7
87 0 110760 7 34.734356 idfp7
87 0 181012 8 34.596718 idfp7
87 0 1088038 9 34.4178 idfp7
88 0 182992 0 96.85832 idfp7
88 0 182991 1 89.88765 idfp7
88 0 2654277 2 87.87665 idfp7
88 0 149653 3 87.0661 idfp7
88 0 111170 4 87.028244 idfp7
88 0 145897 5 85.29494 idfp7
88 0 112807 6 79.77141 idfp7
88 0 118339 7 79.572105 idfp7
88 0 625833 8 79.089714 idfp7
88 0 625832 9 78.91964 idfp7
89 0 4151822 0 186.45244 idfp7
89 0 2812588 1 161.30577 idfp7
89 0 2770446 2 155.30432 idfp7
89 0 4162110 3 109.778786 idfp7
89 0 145647 4 101.34175 idfp7
89 0 134747 5 98.19029 idfp7
89 0 145817 6 94.51195 idfp7
89 0 145954 7 81.276505 idfp7
89 0 145722 8 68.73581 idfp7
89 0 2809767 9 66.67126 idfp7
90 0 4151822 0 192.9619 idfp7
90 0 2812588 1 192.26585 idfp7
90 0 2770446 2 147.06726 idfp7
90 0 145626 3 133.41043 idfp7
90 0 137748 4 123.737495 idfp7
90 0 626454 5 121.25527 idfp7
90 0 130150 6 121.19314 idfp7
90 0 118054 7 118.61585 idfp7
90 0 3181025 8 112.61101 idfp7
90 0 2620698 9 112.06378 idfp7
91 0 3212514 0 244.55672 idfp7
91 0 145782 1 108.62815 idfp7
91 0 134732 2 103.87553 idfp7
91 0 109857 3 101.04219 idfp7
91 0 118507 4 100.80621 idfp7
91 0 1087959 5 100.4899 idfp7
91 0 112439 6 99.31884 idfp7
91 0 110249 7 98.86232 idfp7
91 0 110213 8 98.31115 idfp7
91 0 219097 9 95.81661 idfp7
92 0 3212514 0 236.83348 idfp7
92 0 110249 1 132.7747 idfp7
92 0 1087959 2 126.343704 idfp7
92 0 118507 3 121.52003 idfp7
92 0 110032 4 104.43359 idfp7
92 0 110213 5 104.25289 idfp7
92 0 109857 6 102.737656 idfp7
92 0 134732 7 102.497375 idfp7
92 0 112439 8 97.33533 idfp7
92 0 134725 9 96.89817 idfp7
93 0 145901 0 170.51245 idfp7
93 0 117874 1 163.29196 idfp7
93 0 118334 2 160.49841 idfp7
93 0 112905 3 156.59784 idfp7
93 0 118107 4 156.49538 idfp7
93 0 112824 5 151.82997 idfp7
93 0 130158 6 150.2793 idfp7
93 0 118129 7 147.09688 idfp7
93 0 111736 8 146.59773 idfp7
93 0 110877 9 145.76646 idfp7
94 0 145901 0 174.73892 idfp7
94 0 931614 1 172.74806 idfp7
94 0 117874 2 159.57483 idfp7
94 0 2788983 3 152.96912 idfp7
94 0 4151827 4 144.3909 idfp7
94 0 112905 5 144.0517 idfp7
94 0 112824 6 143.61946 idfp7
94 0 118129 7 143.40508 idfp7
94 0 111736 8 143.25558 idfp7
94 0 145627 9 140.42717 idfp7
95 0 105495 0 87.503746 idfp7
95 0 108555 1 85.06343 idfp7
95 0 107232 2 79.04164 idfp7
95 0 107475 3 75.44307 idfp7
95 0 106171 4 66.28355 idfp7
95 0 103631 5 59.166588 idfp7
95 0 106073 6 58.420624 idfp7
95 0 109444 7 58.14067 idfp7
95 0 112750 8 54.8261 idfp7
95 0 104571 9 53.21812 idfp7
96 0 103631 0 94.64431 idfp7
96 0 108555 1 94.473335 idfp7
96 0 92746 2 64.673225 idfp7
96 0 799986 3 64.015335 idfp7
96 0 96542 4 63.63103 idfp7
96 0 108493 5 61.8878 idfp7
96 0 93739 6 61.387764 idfp7
96 0 92705 7 59.882835 idfp7
96 0 96850 8 59.875343 idfp7
96 0 110076 9 59.5584 idfp7
97 0 112101 0 111.785515 idfp7
97 0 111922 1 84.963486 idfp7
97 0 117959 2 58.966904 idfp7
97 0 2655597 3 57.411907 idfp7
97 0 2676593 4 56.7931 idfp7
97 0 2795279 5 55.662197 idfp7
97 0 146554 6 55.62821 idfp7
97 0 2959743 7 55.57759 idfp7
97 0 858289 8 55.57759 idfp7
97 0 118458 9 53.006607 idfp7
98 0 118467 0 27.966593 idfp7
98 0 134732 1 27.450497 idfp7
98 0 145804 2 26.711332 idfp7
98 0 2676593 3 26.299131 idfp7
98 0 3181481 4 25.922342 idfp7
98 0 118148 5 25.766645 idfp7
98 0 112574 6 25.715399 idfp7
98 0 2655591 7 25.613377 idfp7
98 0 2811845 8 25.486376 idfp7
98 0 117832 9 25.446316 idfp7
99 0 112267 0 114.019936 idfp7
99 0 111884 1 85.67549 idfp7
99 0 110552 2 75.354836 idfp7
99 0 112723 3 71.21765 idfp7
99 0 110578 4 63.392284 idfp7
99 0 109976 5 60.824432 idfp7
99 0 145914 6 59.634193 idfp7
99 0 112227 7 56.519367 idfp7
99 0 118121 8 56.43737 idfp7
99 0 109612 9 56.202763 idfp7
100 0 112267 0 124.91812 idfp7
100 0 110552 1 100.74785 idfp7
100 0 111886 2 84.94077 idfp7
100 0 110098 3 83.45929 idfp7
100 0 111884 4 83.43946 idfp7
100 0 109633 5 80.193855 idfp7
100 0 111695 6 77.71308 idfp7
100 0 102981 7 76.11396 idfp7
100 0 108980 8 74.91637 idfp7
100 0 109673 9 74.221664 idfp7
