2 0 105116 0 13.509826 idfp1
2 0 105035 1 13.3268 idfp1
2 0 105275 2 12.697998 idfp1
2 0 96361 3 12.549767 idfp1
2 0 96131 4 12.308397 idfp1
2 0 108562 5 11.871452 idfp1
2 0 104671 6 11.718662 idfp1
2 0 96598 7 11.651781 idfp1
2 0 108164 8 11.443761 idfp1
2 0 103644 9 11.334276 idfp1
3 0 112578 0 9.268737 idfp1
5 0 122256 0 8.88667 idfp1
5 0 117932 1 5.1935306 idfp1
5 0 104313 2 5.1188517 idfp1
5 0 112065 3 3.9745526 idfp1
5 0 118241 4 3.7535975 idfp1
5 0 112194 5 2.0851777 idfp1
5 0 110056 6 2.0851777 idfp1
5 0 145632 7 2.0851777 idfp1
5 0 149586 8 0.8930734 idfp1
5 0 149703 9 0.8930734 idfp1
6 0 110056 0 13.593337 idfp1
6 0 183480 1 13.213642 idfp1
6 0 108640 2 11.178816 idfp1
6 0 117932 3 10.68157 idfp1
6 0 110654 4 8.746167 idfp1
6 0 108910 5 7.992795 idfp1
6 0 108736 6 7.992795 idfp1
6 0 109301 7 7.879171 idfp1
6 0 109649 8 7.0140443 idfp1
6 0 109462 9 5.6273546 idfp1
7 0 623142 0 6.782439 idfp1
7 0 2752078 1 6.0678625 idfp1
7 0 3207859 2 5.1653237 idfp1
7 0 2790213 3 4.7681074 idfp1
7 0 820745 4 4.7681074 idfp1
7 0 4102799 5 4.7681074 idfp1
7 0 145919 6 4.57072 idfp1
7 0 4157382 7 4.57072 idfp1
7 0 4157405 8 4.57072 idfp1
7 0 4157406 9 4.57072 idfp1
8 0 112174 0 16.666952 idfp1
8 0 145715 1 16.333284 idfp1
8 0 134749 2 16.210075 idfp1
8 0 147531 3 16.084547 idfp1
8 0 112748 4 15.591359 idfp1
8 0 145713 5 15.408433 idfp1
8 0 127913 6 15.224321 idfp1
8 0 112834 7 13.039108 idfp1
8 0 2678467 8 13.007862 idfp1
8 0 2679202 9 13.007862 idfp1
9 0 2790213 0 3.3740747 idfp1
9 0 2144 1 1.8501154 idfp1
9 0 1722 2 1.4018064 idfp1
10 0 145871 0 6.083354 idfp1
10 0 147531 1 5.428162 idfp1
10 0 89664 2 4.154114 idfp1
10 0 149289 3 3.9231763 idfp1
10 0 205203 4 1.727012 idfp1
10 0 2803249 5 1.3085327 idfp1
10 0 2804677 6 1.3085327 idfp1
11 0 4151824 0 9.089373 idfp1
11 0 2671724 1 6.3931336 idfp1
11 0 873668 2 6.3931336 idfp1
11 0 2801434 3 5.018874 idfp1
11 0 1726 4 4.4139347 idfp1
11 0 2654532 5 4.243258 idfp1
11 0 4104821 6 4.243258 idfp1
11 0 2675749 7 3.427217 idfp1
11 0 3204918 8 3.427217 idfp1
11 0 205713 9 3.427217 idfp1
12 0 2752078 0 7.5357165 idfp1
12 0 145866 1 4.4935403 idfp1
12 0 2803250 2 4.2576704 idfp1
12 0 2675749 3 3.4388578 idfp1
12 0 624280 4 3.4388578 idfp1
12 0 800569 5 2.6072762 idfp1
12 0 802399 6 2.6072762 idfp1
12 0 899483 7 1.8041348 idfp1
12 0 219512 8 1.8041348 idfp1
12 0 145925 9 1.8041348 idfp1
13 0 811777 0 11.368007 idfp1
13 0 801109 1 4.509938 idfp1
13 0 2959730 2 3.8247333 idfp1
13 0 3168776 3 3.6426103 idfp1
13 0 145632 4 3.4401085 idfp1
13 0 2812588 5 2.8651981 idfp1
13 0 802973 6 2.7837973 idfp1
13 0 803271 7 2.7837973 idfp1
13 0 2959737 8 2.7837973 idfp1
13 0 218666 9 2.7617576 idfp1
14 0 2959754 0 10.557512 idfp1
14 0 104211 1 8.830814 idfp1
14 0 145931 2 7.975282 idfp1
14 0 145974 3 7.975282 idfp1
14 0 103821 4 7.1350307 idfp1
14 0 108451 5 6.073761 idfp1
14 0 86920 6 6.073761 idfp1
14 0 903977 7 4.2546115 idfp1
14 0 902767 8 4.2546115 idfp1
14 0 104324 9 4.0312834 idfp1
15 0 2770446 0 19.300196 idfp1
15 0 2812588 1 18.84707 idfp1
15 0 4151822 2 18.703562 idfp1
15 0 4171965 3 17.869324 idfp1
17 0 112428 0 10.030932 idfp1
17 0 112434 1 9.898477 idfp1
17 0 148484 2 9.872101 idfp1
17 0 2670966 3 9.786273 idfp1
17 0 111772 4 9.78419 idfp1
17 0 93008 5 9.614947 idfp1
17 0 104870 6 9.546332 idfp1
17 0 87824 7 9.478715 idfp1
17 0 84854 8 9.478715 idfp1
17 0 4161362 9 9.395482 idfp1
18 0 87295 0 12.948575 idfp1
18 0 87251 1 9.830379 idfp1
18 0 92805 2 8.794681 idfp1
18 0 111318 3 5.8772535 idfp1
18 0 104244 4 5.8772535 idfp1
18 0 93412 5 5.8772535 idfp1
18 0 96521 6 5.8772535 idfp1
18 0 105142 7 5.168851 idfp1
18 0 104701 8 4.013375 idfp1
18 0 87250 9 3.042864 idfp1
19 0 2654533 0 18.514378 idfp1
19 0 2654756 1 18.514378 idfp1
19 0 89979 2 7.7490873 idfp1
19 0 3189783 3 4.4057713 idfp1
19 0 2809766 4 3.1747043 idfp1
19 0 2811849 5 3.1747043 idfp1
19 0 3214780 6 2.1793811 idfp1
20 0 2654533 0 18.514378 idfp1
20 0 2654756 1 18.514378 idfp1
20 0 89979 2 7.7490873 idfp1
20 0 3189783 3 4.4057713 idfp1
20 0 2809766 4 3.1747043 idfp1
20 0 2811849 5 3.1747043 idfp1
20 0 3214780 6 2.1793811 idfp1
21 0 118372 0 3.5815644 idfp1
22 0 118372 0 3.5815644 idfp1
23 0 1738 0 8.597653 idfp1
23 0 145778 1 6.053207 idfp1
23 0 90248 2 5.631108 idfp1
23 0 99004 3 5.631108 idfp1
23 0 87124 4 4.760877 idfp1
23 0 2810525 5 3.8452904 idfp1
23 0 2811847 6 3.8452904 idfp1
23 0 118449 7 2.9154258 idfp1
23 0 2783887 8 2.9154258 idfp1
23 0 149289 9 2.0173624 idfp1
24 0 1738 0 8.597653 idfp1
24 0 145778 1 6.053207 idfp1
24 0 90248 2 5.631108 idfp1
24 0 99004 3 5.631108 idfp1
24 0 87124 4 4.760877 idfp1
24 0 2810525 5 3.8452904 idfp1
24 0 2811847 6 3.8452904 idfp1
24 0 118449 7 2.9154258 idfp1
24 0 2783887 8 2.9154258 idfp1
24 0 149289 9 2.0173624 idfp1
25 0 112616 0 16.601442 idfp1
25 0 2621067 1 12.064558 idfp1
25 0 117845 2 10.631271 idfp1
25 0 118021 3 8.044953 idfp1
25 0 2655499 4 7.7984605 idfp1
25 0 4104821 5 7.7984605 idfp1
25 0 3211503 6 6.56066 idfp1
25 0 821305 7 5.1935306 idfp1
25 0 2621053 8 4.9209175 idfp1
25 0 118115 9 3.7535975 idfp1
26 0 625709 0 8.710077 idfp1
26 0 4161362 1 8.710077 idfp1
26 0 620672 2 5.942101 idfp1
26 0 626208 3 5.4322 idfp1
26 0 148798 4 5.305809 idfp1
26 0 3209686 5 5.053405 idfp1
26 0 856345 6 5.053405 idfp1
26 0 2810527 7 4.444303 idfp1
26 0 2811848 8 4.444303 idfp1
26 0 2758569 9 4.272452 idfp1
27 0 2777833 0 8.110256 idfp1
27 0 856345 1 6.8374324 idfp1
27 0 2643015 2 6.7012005 idfp1
27 0 2645422 3 6.0001607 idfp1
27 0 4151819 4 5.7044587 idfp1
27 0 217514 5 5.265783 idfp1
27 0 802971 6 5.254287 idfp1
27 0 803270 7 5.254287 idfp1
27 0 2678466 8 5.047793 idfp1
27 0 182568 9 5.047793 idfp1
28 0 2777833 0 8.110256 idfp1
28 0 856345 1 6.8374324 idfp1
28 0 2643015 2 6.7012005 idfp1
28 0 2645422 3 6.0001607 idfp1
28 0 4151819 4 5.7044587 idfp1
28 0 217514 5 5.265783 idfp1
28 0 802971 6 5.254287 idfp1
28 0 803270 7 5.254287 idfp1
28 0 2678466 8 5.047793 idfp1
28 0 182568 9 5.047793 idfp1
29 0 102187 0 10.790767 idfp1
29 0 92125 1 10.348631 idfp1
29 0 93432 2 10.28276 idfp1
29 0 93018 3 9.782982 idfp1
29 0 91683 4 9.6649475 idfp1
29 0 104420 5 8.969859 idfp1
29 0 89774 6 8.846057 idfp1
29 0 86643 7 8.706846 idfp1
29 0 106158 8 8.58833 idfp1
29 0 91135 9 7.7795224 idfp1
30 0 205788 0 6.2002835 idfp1
30 0 2672535 1 5.7679286 idfp1
30 0 218921 2 3.9387207 idfp1
30 0 146983 3 3.9387207 idfp1
30 0 4151829 4 2.9862628 idfp1
30 0 145626 5 2.0663788 idfp1
30 0 215077 6 2.0663788 idfp1
30 0 2681318 7 1.2406845 idfp1
30 0 146553 8 1.2406845 idfp1
30 0 146790 9 1.2406845 idfp1
31 0 177069 0 14.203647 idfp1
31 0 108858 1 6.2904477 idfp1
31 0 2809762 2 6.2904477 idfp1
31 0 117847 3 5.716339 idfp1
31 0 106011 4 5.071348 idfp1
31 0 103872 5 5.071348 idfp1
31 0 103243 6 5.071348 idfp1
31 0 106255 7 4.2876225 idfp1
31 0 117985 8 4.2876225 idfp1
31 0 2798228 9 4.2876225 idfp1
32 0 112090 0 14.168507 idfp1
32 0 111434 1 14.013513 idfp1
32 0 125839 2 13.279094 idfp1
32 0 1728 3 13.041057 idfp1
32 0 145710 4 12.671376 idfp1
32 0 112850 5 12.300433 idfp1
32 0 112329 6 12.300433 idfp1
32 0 117853 7 11.35103 idfp1
32 0 112447 8 9.658478 idfp1
32 0 111744 9 8.692228 idfp1
33 0 109147 0 11.431282 idfp1
33 0 4171965 1 11.217204 idfp1
33 0 2769438 2 10.212236 idfp1
33 0 4151822 3 9.34101 idfp1
33 0 111455 4 3.8178947 idfp1
33 0 111378 5 2.9177551 idfp1
33 0 145873 6 2.0029898 idfp1
33 0 145817 7 1.6378598 idfp1
33 0 2812588 8 1.6378598 idfp1
33 0 2680591 9 1.5872338 idfp1
34 0 2676594 0 13.280664 idfp1
34 0 2675753 1 12.612673 idfp1
34 0 2679204 2 12.612673 idfp1
36 0 88107 0 8.542542 idfp1
36 0 2620828 1 8.14021 idfp1
36 0 87657 2 8.14021 idfp1
36 0 85974 3 6.4897046 idfp1
36 0 94994 4 6.4897046 idfp1
36 0 89453 5 5.9936748 idfp1
36 0 88911 6 5.9936748 idfp1
36 0 89351 7 5.9936748 idfp1
36 0 88087 8 5.9936748 idfp1
36 0 88706 9 5.9936748 idfp1
37 0 85483 0 13.203002 idfp1
37 0 131143 1 12.137768 idfp1
37 0 101889 2 11.571133 idfp1
37 0 102020 3 11.536958 idfp1
37 0 93282 4 11.536958 idfp1
37 0 86288 5 11.09257 idfp1
37 0 105411 6 10.828177 idfp1
37 0 139008 7 10.824554 idfp1
37 0 121978 8 10.776251 idfp1
37 0 123403 9 10.688448 idfp1
38 0 4151829 0 19.621742 idfp1
38 0 145855 1 17.113264 idfp1
38 0 145731 2 16.292267 idfp1
39 0 112568 0 11.99951 idfp1
39 0 111432 1 10.989224 idfp1
39 0 108442 2 10.589375 idfp1
39 0 108030 3 10.249622 idfp1
39 0 118192 4 10.169963 idfp1
39 0 112420 5 10.003321 idfp1
39 0 118457 6 8.723471 idfp1
39 0 107747 7 8.535266 idfp1
39 0 2959744 8 7.9365845 idfp1
39 0 855518 9 7.9365845 idfp1
40 0 108598 0 6.8570557 idfp1
40 0 112451 1 5.1653137 idfp1
40 0 118377 2 3.9231763 idfp1
40 0 118403 3 3.1495697 idfp1
40 0 121171 4 3.1495697 idfp1
40 0 145852 5 2.1793811 idfp1
40 0 145707 6 1.727012 idfp1
41 0 98051 0 13.702769 idfp1
41 0 86525 1 12.557209 idfp1
41 0 92396 2 11.716358 idfp1
41 0 85281 3 11.531796 idfp1
41 0 85264 4 11.01534 idfp1
41 0 84846 5 10.632974 idfp1
41 0 87259 6 10.36401 idfp1
41 0 183477 7 9.995388 idfp1
41 0 84857 8 9.995388 idfp1
41 0 87150 9 9.570238 idfp1
42 0 4160985 0 6.9326234 idfp1
42 0 4151819 1 6.135274 idfp1
42 0 4164892 2 5.429015 idfp1
42 0 91868 3 4.816444 idfp1
42 0 2804673 4 4.2977014 idfp1
42 0 2771753 5 4.2977014 idfp1
42 0 4160986 6 4.072111 idfp1
42 0 218134 7 4.072111 idfp1
42 0 218178 8 4.072111 idfp1
42 0 2771752 9 4.072111 idfp1
43 0 145960 0 8.30962 idfp1
43 0 621294 1 3.792022 idfp1
43 0 944097 2 3.792022 idfp1
43 0 932060 3 3.792022 idfp1
43 0 1744 4 2.8750386 idfp1
43 0 2657927 5 2.8750386 idfp1
43 0 815320 6 2.8750386 idfp1
43 0 145925 7 1.9894161 idfp1
43 0 147953 8 1.9894161 idfp1
43 0 148480 9 1.9894161 idfp1
45 0 144101 0 17.164312 idfp1
45 0 135844 1 15.087404 idfp1
45 0 141558 2 15.087404 idfp1
45 0 131715 3 14.454138 idfp1
45 0 133890 4 14.454138 idfp1
45 0 133698 5 14.013009 idfp1
46 0 623145 0 19.337526 idfp1
46 0 145861 1 7.191612 idfp1
46 0 3204917 2 4.1145883 idfp1
46 0 3216388 3 1.8112731 idfp1
47 0 2674861 0 19.198202 idfp1
47 0 2675754 1 19.198202 idfp1
47 0 111894 2 7.663065 idfp1
48 0 2674861 0 19.198202 idfp1
48 0 2675754 1 19.198202 idfp1
48 0 111894 2 7.663065 idfp1
49 0 98255 0 9.116811 idfp1
49 0 3209687 1 6.143865 idfp1
49 0 103582 2 5.4506354 idfp1
49 0 110067 3 4.6082945 idfp1
49 0 112517 4 3.7220519 idfp1
49 0 108825 5 3.7220519 idfp1
49 0 107181 6 2.8219886 idfp1
49 0 142875 7 2.8219886 idfp1
49 0 137002 8 2.8219886 idfp1
49 0 2760668 9 2.8219886 idfp1
50 0 3153112 0 19.840105 idfp1
50 0 4162535 1 9.741319 idfp1
50 0 3183080 2 4.3567934 idfp1
50 0 118028 3 3.3032377 idfp1
51 0 92777 0 13.193965 idfp1
51 0 85111 1 12.88742 idfp1
51 0 107187 2 12.863572 idfp1
51 0 2518368 3 12.705825 idfp1
51 0 85447 4 12.553668 idfp1
51 0 85110 5 12.450111 idfp1
51 0 97465 6 12.07768 idfp1
51 0 91822 7 11.806754 idfp1
51 0 95361 8 11.39057 idfp1
51 0 99799 9 9.84967 idfp1
52 0 132763 0 12.118112 idfp1
52 0 109426 1 11.539377 idfp1
52 0 91148 2 9.381419 idfp1
52 0 103583 3 6.3113317 idfp1
52 0 2381756 4 6.3113317 idfp1
52 0 3203655 5 6.3113317 idfp1
52 0 90150 6 6.3113317 idfp1
52 0 110060 7 5.825987 idfp1
52 0 112351 8 4.9546566 idfp1
52 0 103291 9 4.9546566 idfp1
53 0 145863 0 9.040881 idfp1
53 0 4162111 1 8.511377 idfp1
53 0 215806 2 6.3481836 idfp1
53 0 2803250 3 5.6840744 idfp1
53 0 4172499 4 5.6840744 idfp1
53 0 88689 5 5.4039497 idfp1
53 0 931123 6 5.4039497 idfp1
53 0 623144 7 4.9883833 idfp1
53 0 2670965 8 4.781877 idfp1
53 0 205788 9 4.5603223 idfp1
54 0 872994 0 15.929465 idfp1
54 0 117520 1 14.869021 idfp1
54 0 87977 2 14.463862 idfp1
54 0 811777 3 13.83547 idfp1
54 0 104449 4 13.491621 idfp1
54 0 943668 5 13.335828 idfp1
54 0 136424 6 13.241941 idfp1
54 0 138922 7 13.241941 idfp1
54 0 119777 8 13.182852 idfp1
54 0 120001 9 13.182852 idfp1
55 0 4154603 0 18.70542 idfp1
55 0 145855 1 17.113264 idfp1
55 0 145731 2 16.292267 idfp1
56 0 4154603 0 18.70542 idfp1
56 0 145855 1 17.113264 idfp1
56 0 145731 2 16.292267 idfp1
57 0 109150 0 13.634944 idfp1
57 0 109142 1 10.64393 idfp1
57 0 145222 2 2.1055448 idfp1
57 0 145292 3 2.1055448 idfp1
57 0 78784 4 2.1055448 idfp1
57 0 2811845 5 2.1055448 idfp1
57 0 2781925 6 2.1055448 idfp1
57 0 149005 7 1.6685019 idfp1
57 0 150540 8 0.90179664 idfp1
57 0 149286 9 0.5902866 idfp1
58 0 145735 0 12.349889 idfp1
58 0 94514 1 7.5389776 idfp1
59 0 2788474 0 7.30547 idfp1
59 0 3205767 1 6.2188487 idfp1
59 0 3197746 2 5.5029693 idfp1
59 0 4162535 3 4.8820534 idfp1
59 0 214949 4 4.2936053 idfp1
59 0 215071 5 4.2936053 idfp1
59 0 1754 6 4.1275816 idfp1
59 0 218667 7 3.3337867 idfp1
59 0 2675749 8 3.3337867 idfp1
59 0 945737 9 2.7797778 idfp1
60 0 122248 0 14.373414 idfp1
60 0 130242 1 14.235555 idfp1
60 0 121725 2 14.235555 idfp1
60 0 138124 3 14.119566 idfp1
60 0 2788983 4 9.221563 idfp1
60 0 3195891 5 4.9209175 idfp1
60 0 98219 6 4.9209175 idfp1
60 0 111693 7 3.9745526 idfp1
60 0 4170685 8 2.3474536 idfp1
60 0 107962 9 2.0851777 idfp1
61 0 219815 0 16.309322 idfp1
61 0 145923 1 16.191616 idfp1
61 0 145808 2 15.974996 idfp1
61 0 218132 3 15.969359 idfp1
61 0 903971 4 15.827213 idfp1
61 0 2959742 5 15.827213 idfp1
61 0 145844 6 15.417885 idfp1
61 0 2620704 7 15.349558 idfp1
61 0 145743 8 15.313554 idfp1
61 0 3216388 9 15.27985 idfp1
62 0 2155 0 9.559962 idfp1
62 0 4104822 1 4.4858966 idfp1
62 0 2771751 2 4.4858966 idfp1
62 0 800569 3 4.0027547 idfp1
62 0 147953 4 3.9451983 idfp1
62 0 148480 5 3.9451983 idfp1
62 0 2781925 6 3.9451983 idfp1
62 0 2650505 7 3.7926466 idfp1
62 0 145842 8 3.7926466 idfp1
62 0 625847 9 3.7926466 idfp1
63 0 101118 0 8.3844385 idfp1
63 0 98569 1 8.3844385 idfp1
63 0 101878 2 7.687557 idfp1
63 0 90659 3 7.687557 idfp1
63 0 90884 4 7.36057 idfp1
63 0 87238 5 7.36057 idfp1
63 0 106135 6 7.222726 idfp1
63 0 104632 7 7.222726 idfp1
63 0 100163 8 7.222726 idfp1
63 0 100175 9 7.222726 idfp1
64 0 616863 0 7.9429626 idfp1
64 0 4160986 1 7.112017 idfp1
64 0 4154238 2 5.705958 idfp1
64 0 1751 3 3.6247008 idfp1
64 0 813289 4 3.6247008 idfp1
64 0 854177 5 3.6247008 idfp1
64 0 145914 6 2.748179 idfp1
64 0 1736 7 2.748179 idfp1
64 0 1747 8 2.748179 idfp1
64 0 815320 9 2.748179 idfp1
66 0 87109 0 17.229622 idfp1
66 0 124132 1 16.578798 idfp1
66 0 123456 2 15.83961 idfp1
66 0 118123 3 15.347305 idfp1
66 0 123452 4 13.87408 idfp1
66 0 109853 5 10.357701 idfp1
66 0 112599 6 9.555226 idfp1
66 0 145867 7 9.223144 idfp1
66 0 102216 8 5.719207 idfp1
66 0 131165 9 3.6883364 idfp1
67 0 145800 0 13.392679 idfp1
67 0 867645 1 11.5185585 idfp1
67 0 112465 2 5.1432333 idfp1
67 0 2649075 3 4.154114 idfp1
67 0 149585 4 2.453506 idfp1
67 0 149649 5 2.453506 idfp1
67 0 802770 6 2.1793811 idfp1
68 0 145800 0 13.392679 idfp1
68 0 867645 1 11.5185585 idfp1
68 0 112465 2 5.1432333 idfp1
68 0 2649075 3 4.154114 idfp1
68 0 149585 4 2.453506 idfp1
68 0 149649 5 2.453506 idfp1
68 0 802770 6 2.1793811 idfp1
71 0 118170 0 14.426232 idfp1
71 0 2620710 1 13.338965 idfp1
71 0 117883 2 13.336137 idfp1
71 0 111868 3 9.331023 idfp1
71 0 111389 4 9.23031 idfp1
71 0 127892 5 8.452397 idfp1
71 0 111555 6 8.442853 idfp1
71 0 112444 7 7.605924 idfp1
71 0 112890 8 7.5778174 idfp1
71 0 127924 9 7.5618787 idfp1
72 0 118170 0 14.426232 idfp1
72 0 2620710 1 13.338965 idfp1
72 0 117883 2 13.336137 idfp1
72 0 111868 3 9.331023 idfp1
72 0 111389 4 9.23031 idfp1
72 0 127892 5 8.452397 idfp1
72 0 111555 6 8.442853 idfp1
72 0 112444 7 7.605924 idfp1
72 0 112890 8 7.5778174 idfp1
72 0 127924 9 7.5618787 idfp1
73 0 108459 0 8.450292 idfp1
73 0 108703 1 8.29204 idfp1
73 0 89576 2 7.4850206 idfp1
73 0 145952 3 7.4850206 idfp1
73 0 145964 4 7.4850206 idfp1
73 0 1445991 5 7.4850206 idfp1
73 0 103040 6 6.912915 idfp1
73 0 100503 7 6.912915 idfp1
73 0 86607 8 6.912915 idfp1
73 0 86293 9 6.8783107 idfp1
74 0 2381762 0 10.904092 idfp1
74 0 4168298 1 9.88039 idfp1
74 0 1855418 2 6.273149 idfp1
74 0 2789927 3 6.273149 idfp1
74 0 98655 4 6.273149 idfp1
74 0 2675749 5 5.5510187 idfp1
74 0 127922 6 4.924681 idfp1
74 0 145909 7 4.394281 idfp1
74 0 2671723 8 4.1636214 idfp1
74 0 118465 9 3.362896 idfp1
75 0 144935 0 16.225058 idfp1
75 0 2812588 1 1.0262474 idfp1
76 0 107711 0 14.493389 idfp1
76 0 107972 1 6.380162 idfp1
76 0 107037 2 5.394172 idfp1
76 0 122260 3 3.3032377 idfp1
77 0 107236 0 5.5098486 idfp1
77 0 2654277 1 5.5098486 idfp1
77 0 3209687 2 4.450224 idfp1
78 0 112181 0 9.81018 idfp1
78 0 112058 1 8.408185 idfp1
78 0 103398 2 8.336767 idfp1
78 0 98123 3 7.6995597 idfp1
78 0 2642828 4 7.6610174 idfp1
78 0 112524 5 7.2580895 idfp1
78 0 108716 6 6.8883576 idfp1
78 0 96729 7 6.8883576 idfp1
78 0 110536 8 6.167739 idfp1
78 0 111448 9 5.863778 idfp1
79 0 111470 0 15.590042 idfp1
79 0 118143 1 10.3251915 idfp1
79 0 111009 2 8.083597 idfp1
80 0 145871 0 10.562111 idfp1
81 0 127984 0 16.037502 idfp1
81 0 135955 1 15.3515625 idfp1
81 0 148484 2 13.612519 idfp1
81 0 113549 3 13.494 idfp1
81 0 127276 4 13.494 idfp1
81 0 129077 5 13.384054 idfp1
81 0 143120 6 13.384054 idfp1
81 0 129875 7 13.384054 idfp1
81 0 126452 8 13.384054 idfp1
81 0 112440 9 10.201611 idfp1
82 0 145865 0 17.041672 idfp1
82 0 127900 1 16.660175 idfp1
82 0 118368 2 15.461236 idfp1
82 0 216735 3 15.322246 idfp1
82 0 216806 4 15.322246 idfp1
82 0 118126 5 15.216711 idfp1
82 0 2803250 6 14.827799 idfp1
82 0 799981 7 14.633277 idfp1
82 0 1726 8 14.517846 idfp1
82 0 111198 9 14.252161 idfp1
83 0 623142 0 7.611225 idfp1
83 0 2678465 1 5.796505 idfp1
83 0 3207859 2 5.796505 idfp1
83 0 3207860 3 5.796505 idfp1
83 0 2809764 4 5.1292434 idfp1
83 0 620560 5 4.550496 idfp1
83 0 3160677 6 4.550496 idfp1
83 0 3162142 7 4.550496 idfp1
83 0 798626 8 4.0603967 idfp1
83 0 855656 9 4.0603967 idfp1
84 0 623142 0 7.611225 idfp1
84 0 2678465 1 5.796505 idfp1
84 0 3207859 2 5.796505 idfp1
84 0 3207860 3 5.796505 idfp1
84 0 2809764 4 5.1292434 idfp1
84 0 620560 5 4.550496 idfp1
84 0 3160677 6 4.550496 idfp1
84 0 3162142 7 4.550496 idfp1
84 0 798626 8 4.0603967 idfp1
84 0 855656 9 4.0603967 idfp1
85 0 873668 0 7.227308 idfp1
85 0 145891 1 3.6590116 idfp1
85 0 3171724 2 2.9609377 idfp1
85 0 3177199 3 2.9609377 idfp1
85 0 3177200 4 2.9609377 idfp1
85 0 145905 5 2.9374955 idfp1
85 0 802791 6 2.0326338 idfp1
85 0 2781925 7 2.0326338 idfp1
85 0 146553 8 1.2204235 idfp1
85 0 146790 9 1.2204235 idfp1
86 0 105790 0 12.153308 idfp1
86 0 107845 1 11.60029 idfp1
86 0 112436 2 10.236329 idfp1
86 0 97880 3 8.582463 idfp1
86 0 106989 4 8.2955 idfp1
86 0 85122 5 8.217411 idfp1
86 0 1303711 6 8.06352 idfp1
86 0 103705 7 8.025443 idfp1
86 0 106950 8 7.6687517 idfp1
86 0 85270 9 7.4435353 idfp1
87 0 118313 0 9.9419775 idfp1
87 0 145740 1 8.426424 idfp1
87 0 115740 2 8.097148 idfp1
87 0 3212516 3 7.996285 idfp1
87 0 106410 4 7.336969 idfp1
87 0 118017 5 7.336969 idfp1
87 0 3207858 6 7.336969 idfp1
87 0 111394 7 6.7728467 idfp1
87 0 4160985 8 6.761922 idfp1
87 0 111446 9 6.679638 idfp1
90 0 2770446 0 13.9164915 idfp1
90 0 2812588 1 4.847227 idfp1
90 0 4151822 2 4.450224 idfp1
91 0 109857 0 17.007076 idfp1
91 0 3212514 1 16.459494 idfp1
91 0 111278 2 14.516922 idfp1
91 0 112439 3 9.284554 idfp1
91 0 134732 4 9.284554 idfp1
91 0 118454 5 4.467576 idfp1
92 0 109857 0 17.007076 idfp1
92 0 3212514 1 16.459494 idfp1
92 0 111278 2 14.516922 idfp1
92 0 112439 3 9.284554 idfp1
92 0 134732 4 9.284554 idfp1
92 0 118454 5 4.467576 idfp1
93 0 931614 0 15.813317 idfp1
93 0 118099 1 14.792263 idfp1
93 0 145807 2 14.211964 idfp1
93 0 117965 3 13.19186 idfp1
93 0 145856 4 11.218529 idfp1
93 0 118129 5 9.041969 idfp1
93 0 145901 6 8.303585 idfp1
93 0 118040 7 8.027112 idfp1
94 0 931614 0 15.813317 idfp1
94 0 118099 1 14.792263 idfp1
94 0 145807 2 14.211964 idfp1
94 0 117965 3 13.19186 idfp1
94 0 145856 4 11.218529 idfp1
94 0 118129 5 9.041969 idfp1
94 0 145901 6 8.303585 idfp1
94 0 118040 7 8.027112 idfp1
95 0 105495 0 11.83521 idfp1
95 0 106171 1 11.397465 idfp1
95 0 108555 2 10.848767 idfp1
95 0 107232 3 10.701164 idfp1
95 0 106769 4 10.377436 idfp1
95 0 119891 5 9.887933 idfp1
95 0 116456 6 9.887933 idfp1
95 0 113054 7 9.807367 idfp1
95 0 117008 8 9.807367 idfp1
95 0 117122 9 9.807367 idfp1
96 0 105495 0 16.33463 idfp1
96 0 108555 1 14.558943 idfp1
96 0 107232 2 12.316947 idfp1
96 0 145736 3 11.955791 idfp1
96 0 106171 4 11.793051 idfp1
96 0 103631 5 10.535426 idfp1
96 0 118348 6 8.806553 idfp1
96 0 109455 7 6.501513 idfp1
96 0 109466 8 6.501513 idfp1
96 0 109300 9 5.0727034 idfp1
97 0 134275 0 14.374602 idfp1
97 0 116106 1 14.374602 idfp1
97 0 124942 2 14.257481 idfp1
97 0 141916 3 14.257481 idfp1
97 0 140582 4 13.771254 idfp1
97 0 112101 5 6.9108324 idfp1
97 0 111922 6 4.256506 idfp1
97 0 110112 7 3.042864 idfp1
97 0 112022 8 2.1055448 idfp1
97 0 93324 9 1.6685019 idfp1
98 0 108849 0 9.397225 idfp1
98 0 111684 1 8.040843 idfp1
98 0 108064 2 7.744328 idfp1
98 0 111821 3 7.358471 idfp1
98 0 88895 4 7.2898827 idfp1
98 0 105207 5 7.201928 idfp1
98 0 108376 6 6.9877563 idfp1
98 0 109202 7 6.896032 idfp1
98 0 112778 8 6.890902 idfp1
98 0 118467 9 6.890902 idfp1
99 0 112267 0 13.183608 idfp1
99 0 100888 1 11.359057 idfp1
99 0 100889 2 10.935555 idfp1
99 0 113388 3 10.810113 idfp1
99 0 113012 4 10.722034 idfp1
99 0 120529 5 10.722034 idfp1
99 0 129378 6 10.722034 idfp1
99 0 115627 7 10.722034 idfp1
99 0 115962 8 10.722034 idfp1
99 0 116162 9 10.722034 idfp1
