1 0 3204919 0 58.003925 idfp4
1 0 802972 1 52.786068 idfp4
1 0 3170730 2 47.21344 idfp4
1 0 3177197 3 47.21344 idfp4
1 0 2804671 4 45.755356 idfp4
1 0 3153112 5 45.15412 idfp4
1 0 2781925 6 45.08975 idfp4
1 0 2809767 7 44.97509 idfp4
1 0 2811850 8 44.97509 idfp4
1 0 4151827 9 44.19007 idfp4
2 0 103631 0 44.680897 idfp4
2 0 103549 1 41.865 idfp4
2 0 104671 2 38.081486 idfp4
2 0 145692 3 37.359398 idfp4
2 0 105116 4 34.05133 idfp4
2 0 104673 5 33.780205 idfp4
2 0 108555 6 33.32691 idfp4
2 0 103644 7 33.300644 idfp4
2 0 109928 8 32.118675 idfp4
2 0 106843 9 31.776417 idfp4
3 0 3162143 0 51.42359 idfp4
3 0 145890 1 41.825275 idfp4
3 0 215496 2 41.17731 idfp4
3 0 215694 3 41.17731 idfp4
3 0 2959735 4 41.17627 idfp4
3 0 2809767 5 38.915962 idfp4
3 0 2811850 6 38.915962 idfp4
3 0 118029 7 38.430183 idfp4
3 0 903973 8 38.05016 idfp4
3 0 118394 9 38.02497 idfp4
4 0 215694 0 122.07932 idfp4
4 0 2959735 1 122.07724 idfp4
4 0 215496 2 122.06075 idfp4
4 0 623142 3 115.03377 idfp4
4 0 3162143 4 106.52087 idfp4
4 0 118029 5 105.43854 idfp4
4 0 149007 6 91.364655 idfp4
4 0 903973 7 78.0237 idfp4
4 0 812450 8 71.31998 idfp4
4 0 78783 9 70.719765 idfp4
5 0 2672209 0 45.367283 idfp4
5 0 2657779 1 45.367283 idfp4
5 0 183480 2 39.674 idfp4
5 0 110831 3 39.146034 idfp4
5 0 145652 4 38.519325 idfp4
5 0 110056 5 36.46922 idfp4
5 0 112708 6 35.697414 idfp4
5 0 1740 7 34.37304 idfp4
5 0 107162 8 33.384068 idfp4
5 0 118217 9 32.859577 idfp4
6 0 110654 0 63.954884 idfp4
6 0 110056 1 50.67063 idfp4
6 0 183480 2 42.782955 idfp4
6 0 3203656 3 36.45233 idfp4
6 0 3206414 4 36.45233 idfp4
6 0 117932 5 35.902115 idfp4
6 0 111258 6 33.72344 idfp4
6 0 111114 7 33.18984 idfp4
6 0 108449 8 32.946575 idfp4
6 0 2811844 9 28.438274 idfp4
7 0 147531 0 32.36847 idfp4
7 0 2678467 1 29.223902 idfp4
7 0 2679202 2 29.223902 idfp4
7 0 2959746 3 29.223902 idfp4
7 0 145713 4 29.105797 idfp4
7 0 147530 5 29.058714 idfp4
7 0 2672535 6 28.428553 idfp4
7 0 127913 7 27.768515 idfp4
7 0 110932 8 27.73735 idfp4
7 0 3195892 9 27.614481 idfp4
8 0 134749 0 76.53674 idfp4
8 0 112174 1 74.36629 idfp4
8 0 145715 2 65.273056 idfp4
8 0 145868 3 64.62988 idfp4
8 0 2678467 4 64.3122 idfp4
8 0 2679202 5 64.3122 idfp4
8 0 2959746 6 64.3122 idfp4
8 0 112834 7 63.771423 idfp4
8 0 147531 8 62.731514 idfp4
8 0 112748 9 59.39456 idfp4
9 0 2675751 0 67.97624 idfp4
9 0 118212 1 53.280205 idfp4
9 0 147530 2 51.765144 idfp4
9 0 854177 3 51.2193 idfp4
9 0 112641 4 49.66276 idfp4
9 0 802400 5 49.27638 idfp4
9 0 109720 6 48.299763 idfp4
9 0 118423 7 47.12698 idfp4
9 0 127923 8 46.745335 idfp4
9 0 145908 9 45.941406 idfp4
10 0 118087 0 63.273373 idfp4
10 0 111500 1 57.966347 idfp4
10 0 112423 2 55.998062 idfp4
10 0 147531 3 54.000015 idfp4
10 0 134743 4 53.67012 idfp4
10 0 118118 5 52.230057 idfp4
10 0 112800 6 51.82793 idfp4
10 0 118236 7 51.75955 idfp4
10 0 214949 8 50.777496 idfp4
10 0 215071 9 50.777496 idfp4
11 0 2810524 0 43.104645 idfp4
11 0 2811846 1 43.104645 idfp4
11 0 873668 2 40.91359 idfp4
11 0 3197746 3 36.2403 idfp4
11 0 3007018 4 36.173935 idfp4
11 0 1750 5 36.104527 idfp4
11 0 4151827 6 35.982662 idfp4
11 0 145960 7 35.926174 idfp4
11 0 2670966 8 35.91266 idfp4
11 0 2812210 9 35.775864 idfp4
12 0 2672535 0 50.015285 idfp4
12 0 3181025 1 37.435833 idfp4
12 0 3211503 2 37.21969 idfp4
12 0 3204919 3 36.98875 idfp4
12 0 3207860 4 36.545944 idfp4
12 0 3197367 5 35.981503 idfp4
12 0 4172500 6 34.795486 idfp4
12 0 4151832 7 33.46293 idfp4
12 0 183479 8 33.419727 idfp4
12 0 4151826 9 33.414547 idfp4
13 0 4162111 0 50.682625 idfp4
13 0 145967 1 48.2685 idfp4
13 0 2812588 2 47.723408 idfp4
13 0 2642828 3 47.252487 idfp4
13 0 802973 4 40.52392 idfp4
13 0 803271 5 40.52392 idfp4
13 0 2959737 6 40.52392 idfp4
13 0 4106440 7 39.736412 idfp4
13 0 2959730 8 38.68368 idfp4
13 0 614392 9 37.93276 idfp4
14 0 2153 0 36.573627 idfp4
14 0 614392 1 35.172832 idfp4
14 0 614485 2 35.172832 idfp4
14 0 145967 3 33.201572 idfp4
14 0 108730 4 32.25258 idfp4
14 0 2812588 5 31.283316 idfp4
14 0 2742710 6 30.72281 idfp4
14 0 2670965 7 30.646072 idfp4
14 0 4151817 8 29.81897 idfp4
14 0 2809767 9 28.5428 idfp4
15 0 2812588 0 93.73523 idfp4
15 0 4151822 1 82.319695 idfp4
15 0 4171965 2 70.738716 idfp4
15 0 2770446 3 59.450382 idfp4
15 0 4015951 4 52.219284 idfp4
15 0 3207858 5 51.808727 idfp4
15 0 2809767 6 51.530964 idfp4
15 0 2811850 7 51.530964 idfp4
15 0 2771249 8 49.673183 idfp4
15 0 2812210 9 49.53664 idfp4
16 0 4151822 0 74.503296 idfp4
16 0 2770446 1 40.663757 idfp4
16 0 4162936 2 40.56262 idfp4
16 0 4171965 3 39.69086 idfp4
16 0 4168362 4 39.289406 idfp4
16 0 4162535 5 38.66238 idfp4
16 0 2812588 6 37.115826 idfp4
16 0 4157405 7 36.247643 idfp4
16 0 4157382 8 35.540974 idfp4
16 0 4157406 9 35.540974 idfp4
17 0 148484 0 31.03276 idfp4
17 0 4161362 1 27.84457 idfp4
17 0 145785 2 26.155598 idfp4
17 0 150542 3 26.119984 idfp4
17 0 145894 4 25.945383 idfp4
17 0 145865 5 25.923164 idfp4
17 0 2742710 6 25.902288 idfp4
17 0 2672535 7 25.836811 idfp4
17 0 2654532 8 25.743225 idfp4
17 0 147527 9 25.678457 idfp4
18 0 205712 0 72.32123 idfp4
18 0 148484 1 59.753647 idfp4
18 0 182990 2 52.66117 idfp4
18 0 217512 3 50.94333 idfp4
18 0 218665 4 48.737724 idfp4
18 0 2795703 5 48.47131 idfp4
18 0 2797292 6 48.47131 idfp4
18 0 146981 7 47.840557 idfp4
18 0 821306 8 47.485447 idfp4
18 0 802399 9 47.18944 idfp4
19 0 2654533 0 81.923706 idfp4
19 0 2654756 1 81.923706 idfp4
19 0 4172500 2 56.070366 idfp4
19 0 2679558 3 49.218994 idfp4
19 0 2781925 4 49.136074 idfp4
19 0 4151825 5 46.374023 idfp4
19 0 112775 6 45.376938 idfp4
19 0 2651115 7 44.973576 idfp4
19 0 2678133 8 44.819973 idfp4
19 0 2812209 9 43.709255 idfp4
20 0 2654533 0 87.51825 idfp4
20 0 2654756 1 87.51825 idfp4
20 0 4172500 2 54.789368 idfp4
20 0 112775 3 50.082527 idfp4
20 0 2781925 4 47.41846 idfp4
20 0 4151825 5 47.378395 idfp4
20 0 2678133 6 44.819973 idfp4
20 0 2679558 7 44.71493 idfp4
20 0 2651115 8 43.244648 idfp4
20 0 2649076 9 43.065212 idfp4
21 0 873660 0 75.56299 idfp4
21 0 867657 1 63.852894 idfp4
21 0 117890 2 63.189236 idfp4
21 0 902267 3 57.445385 idfp4
21 0 2659300 4 55.098873 idfp4
21 0 112799 5 51.516262 idfp4
21 0 145925 6 50.606853 idfp4
21 0 3181482 7 48.329254 idfp4
21 0 118081 8 47.742702 idfp4
21 0 2654534 9 46.695053 idfp4
22 0 2659300 0 107.76614 idfp4
22 0 117890 1 94.47781 idfp4
22 0 145829 2 74.52559 idfp4
22 0 112799 3 71.31597 idfp4
22 0 867657 4 69.27759 idfp4
22 0 118081 5 61.886204 idfp4
22 0 145925 6 59.987885 idfp4
22 0 112774 7 59.056217 idfp4
22 0 112846 8 54.45718 idfp4
22 0 2795279 9 53.634052 idfp4
23 0 2810525 0 46.08851 idfp4
23 0 2811847 1 46.08851 idfp4
23 0 4162535 2 38.933517 idfp4
23 0 145815 3 37.922062 idfp4
23 0 118449 4 37.82471 idfp4
23 0 218457 5 37.69084 idfp4
23 0 3217227 6 37.112602 idfp4
23 0 145738 7 36.86509 idfp4
23 0 2801435 8 36.167324 idfp4
23 0 118233 9 33.078163 idfp4
24 0 145778 0 24.285387 idfp4
24 0 182558 1 23.754126 idfp4
24 0 1738 2 23.258211 idfp4
24 0 2678133 3 22.69228 idfp4
24 0 2804671 4 21.102003 idfp4
24 0 802408 5 20.469955 idfp4
24 0 213504 6 19.8072 idfp4
24 0 2790213 7 18.739897 idfp4
24 0 855656 8 18.395666 idfp4
24 0 145635 9 17.694374 idfp4
25 0 112616 0 75.14627 idfp4
25 0 2655499 1 53.334152 idfp4
25 0 3211503 2 43.325523 idfp4
25 0 108792 3 38.99014 idfp4
25 0 2621067 4 38.789764 idfp4
25 0 821305 5 37.25086 idfp4
25 0 117845 6 35.308384 idfp4
25 0 118021 7 34.8331 idfp4
25 0 110318 8 34.016865 idfp4
25 0 4104821 9 33.516773 idfp4
26 0 117872 0 57.425243 idfp4
26 0 105698 1 46.124935 idfp4
26 0 112616 2 45.968178 idfp4
26 0 108792 3 45.38127 idfp4
26 0 112045 4 43.036766 idfp4
26 0 2671723 5 41.22071 idfp4
26 0 105235 6 41.100304 idfp4
26 0 110915 7 40.67259 idfp4
26 0 109919 8 40.324593 idfp4
26 0 111479 9 38.091976 idfp4
27 0 4157382 0 120.83524 idfp4
27 0 4157405 1 120.83524 idfp4
27 0 112346 2 52.956474 idfp4
27 0 111141 3 51.160423 idfp4
27 0 182992 4 42.73999 idfp4
27 0 112523 5 42.712563 idfp4
27 0 111061 6 38.266617 idfp4
27 0 112792 7 37.854492 idfp4
27 0 145636 8 37.522198 idfp4
27 0 217703 9 36.39333 idfp4
28 0 4157382 0 101.82064 idfp4
28 0 4157405 1 101.82064 idfp4
28 0 112346 2 54.23344 idfp4
28 0 111141 3 41.344593 idfp4
28 0 118489 4 30.116426 idfp4
28 0 112402 5 29.908417 idfp4
28 0 182992 6 28.689777 idfp4
28 0 2808290 7 28.42218 idfp4
28 0 620673 8 27.626896 idfp4
28 0 931121 9 27.283691 idfp4
29 0 118044 0 28.6269 idfp4
29 0 117875 1 28.165138 idfp4
29 0 4151826 2 27.861357 idfp4
29 0 118381 3 27.613962 idfp4
29 0 121164 4 26.486702 idfp4
29 0 111471 5 26.179966 idfp4
29 0 118351 6 26.176407 idfp4
29 0 112646 7 26.110334 idfp4
29 0 145708 8 25.886372 idfp4
29 0 111869 9 25.732378 idfp4
30 0 205788 0 87.38906 idfp4
30 0 218921 1 69.40963 idfp4
30 0 148795 2 67.104 idfp4
30 0 899483 3 67.01281 idfp4
30 0 4151826 4 66.27495 idfp4
30 0 802770 5 62.552204 idfp4
30 0 626206 6 62.10011 idfp4
30 0 145841 7 60.56601 idfp4
30 0 179213 8 60.00942 idfp4
30 0 2642828 9 59.63848 idfp4
31 0 145925 0 37.76085 idfp4
31 0 3207859 1 35.67617 idfp4
31 0 121355 2 32.155624 idfp4
31 0 183478 3 31.9607 idfp4
31 0 184061 4 31.9607 idfp4
31 0 184314 5 31.9607 idfp4
31 0 2809763 6 31.56269 idfp4
31 0 112486 7 31.330994 idfp4
31 0 145909 8 31.260761 idfp4
31 0 2798228 9 30.658852 idfp4
32 0 112329 0 55.288734 idfp4
32 0 111434 1 54.45131 idfp4
32 0 1728 2 54.431034 idfp4
32 0 112850 3 52.138443 idfp4
32 0 125839 4 49.277252 idfp4
32 0 112090 5 48.995037 idfp4
32 0 112447 6 48.851105 idfp4
32 0 145710 7 45.850235 idfp4
32 0 118455 8 45.541523 idfp4
32 0 117853 9 45.3867 idfp4
33 0 109535 0 39.128544 idfp4
33 0 109532 1 38.039337 idfp4
33 0 2809767 2 37.88451 idfp4
33 0 2811850 3 37.88451 idfp4
33 0 110795 4 37.39528 idfp4
33 0 2676594 5 37.16696 idfp4
33 0 121158 6 36.143917 idfp4
33 0 111863 7 35.968754 idfp4
33 0 2675753 8 35.526676 idfp4
33 0 2679204 9 35.526676 idfp4
34 0 2676594 0 150.10434 idfp4
34 0 2675753 1 146.28334 idfp4
34 0 2679204 2 146.28334 idfp4
34 0 2809767 3 104.03225 idfp4
34 0 2811850 4 104.03225 idfp4
34 0 3216389 5 50.806316 idfp4
34 0 121158 6 45.76002 idfp4
34 0 112325 7 42.17651 idfp4
34 0 136994 8 41.415333 idfp4
34 0 3207858 9 40.616386 idfp4
35 0 2678134 0 28.626421 idfp4
35 0 205203 1 24.212523 idfp4
35 0 2768888 2 24.070385 idfp4
35 0 2801432 3 23.807816 idfp4
35 0 2803249 4 23.765083 idfp4
35 0 2804677 5 23.763046 idfp4
35 0 218927 6 22.830622 idfp4
35 0 903979 7 22.491077 idfp4
35 0 902768 8 22.491077 idfp4
35 0 106350 9 22.169853 idfp4
36 0 779833 0 37.846207 idfp4
36 0 798511 1 37.846207 idfp4
36 0 118319 2 36.36852 idfp4
36 0 902769 3 33.548973 idfp4
36 0 931120 4 33.435345 idfp4
36 0 145868 5 33.129463 idfp4
36 0 145911 6 32.430634 idfp4
36 0 118238 7 32.34012 idfp4
36 0 145858 8 32.084885 idfp4
36 0 118070 9 31.992588 idfp4
37 0 4151829 0 38.29691 idfp4
37 0 145629 1 36.48711 idfp4
37 0 110007 2 33.71521 idfp4
37 0 118269 3 33.706413 idfp4
37 0 121168 4 31.535624 idfp4
37 0 145731 5 30.681238 idfp4
37 0 118290 6 30.224707 idfp4
37 0 118446 7 30.178413 idfp4
37 0 118133 8 29.816265 idfp4
37 0 111982 9 29.814411 idfp4
38 0 145855 0 78.0763 idfp4
38 0 145731 1 74.11931 idfp4
38 0 4151829 2 70.423386 idfp4
38 0 118269 3 55.701057 idfp4
38 0 1993216 4 52.876465 idfp4
38 0 112910 5 47.151634 idfp4
38 0 111420 6 44.452312 idfp4
38 0 111982 7 43.945168 idfp4
38 0 112292 8 43.524017 idfp4
38 0 110774 9 42.38331 idfp4
39 0 112568 0 58.748425 idfp4
39 0 118457 1 53.206337 idfp4
39 0 112420 2 52.063896 idfp4
39 0 111062 3 45.563236 idfp4
39 0 2959744 4 45.37936 idfp4
39 0 855518 5 45.37936 idfp4
39 0 130141 6 44.827606 idfp4
39 0 111432 7 44.458714 idfp4
39 0 2674861 8 44.037766 idfp4
39 0 2675754 9 44.037766 idfp4
40 0 105200 0 58.78361 idfp4
40 0 1731 1 57.83524 idfp4
40 0 621044 2 56.4884 idfp4
40 0 621090 3 56.4884 idfp4
40 0 2959739 4 56.4884 idfp4
40 0 122254 5 49.487938 idfp4
40 0 2959744 6 46.659203 idfp4
40 0 855518 7 46.659203 idfp4
40 0 2144 8 46.3388 idfp4
40 0 112273 9 46.237137 idfp4
41 0 112924 0 61.458992 idfp4
41 0 2810525 1 54.163773 idfp4
41 0 2811847 2 54.163773 idfp4
41 0 111198 3 49.670914 idfp4
41 0 112585 4 49.38795 idfp4
41 0 111254 5 48.80681 idfp4
41 0 2654533 6 46.047276 idfp4
41 0 2654756 7 46.047276 idfp4
41 0 111891 8 44.23034 idfp4
41 0 145785 9 43.48619 idfp4
42 0 112585 0 63.801384 idfp4
42 0 2654533 1 55.19502 idfp4
42 0 2654756 2 55.19502 idfp4
42 0 111891 3 54.06463 idfp4
42 0 110132 4 53.51466 idfp4
42 0 111198 5 51.76583 idfp4
42 0 109186 6 49.23081 idfp4
42 0 112924 7 48.163197 idfp4
42 0 110230 8 46.488773 idfp4
42 0 110075 9 45.974323 idfp4
43 0 2680590 0 42.01481 idfp4
43 0 2959745 1 42.01481 idfp4
43 0 112305 2 38.730247 idfp4
43 0 2784695 3 34.114952 idfp4
43 0 2812589 4 33.60824 idfp4
43 0 2959749 5 33.60824 idfp4
43 0 118148 6 32.814415 idfp4
43 0 112920 7 32.051006 idfp4
43 0 3191119 8 31.919746 idfp4
43 0 3195892 9 29.618626 idfp4
44 0 135284 0 13.729057 idfp4
44 0 183480 1 13.38608 idfp4
44 0 92563 2 13.148494 idfp4
44 0 99616 3 13.079235 idfp4
44 0 92375 4 12.670679 idfp4
44 0 131143 5 12.215769 idfp4
44 0 2781925 6 11.965574 idfp4
44 0 100505 7 11.964041 idfp4
44 0 1755 8 11.931607 idfp4
44 0 96678 9 11.739986 idfp4
45 0 3204917 0 91.83545 idfp4
45 0 145861 1 71.25253 idfp4
45 0 2959730 2 67.04063 idfp4
45 0 145772 3 67.012184 idfp4
45 0 866024 4 66.9791 idfp4
45 0 858802 5 66.9791 idfp4
45 0 145780 6 66.87853 idfp4
45 0 3181481 7 66.7279 idfp4
45 0 150542 8 61.97649 idfp4
45 0 137725 9 60.61652 idfp4
46 0 866024 0 174.63667 idfp4
46 0 858802 1 174.63667 idfp4
46 0 623145 2 114.73979 idfp4
46 0 3204917 3 100.550156 idfp4
46 0 2804673 4 93.51082 idfp4
46 0 903971 5 84.80478 idfp4
46 0 2959742 6 84.80478 idfp4
46 0 1732 7 84.320694 idfp4
46 0 150542 8 82.13001 idfp4
46 0 145861 9 81.02332 idfp4
47 0 2674861 0 78.0811 idfp4
47 0 2675754 1 78.0811 idfp4
47 0 2671723 2 46.170544 idfp4
47 0 2803251 3 45.870743 idfp4
47 0 3212516 4 43.503532 idfp4
47 0 3213872 5 41.111874 idfp4
47 0 2678133 6 40.889473 idfp4
47 0 821305 7 40.574726 idfp4
47 0 2790213 8 40.4746 idfp4
47 0 2679835 9 38.882427 idfp4
48 0 2674861 0 68.79028 idfp4
48 0 2675754 1 68.79028 idfp4
48 0 103019 2 35.434486 idfp4
48 0 2646093 3 34.21175 idfp4
48 0 182992 4 33.524593 idfp4
48 0 182991 5 32.33706 idfp4
48 0 96147 6 31.8457 idfp4
48 0 625711 7 31.216196 idfp4
48 0 858085 8 30.84061 idfp4
48 0 3170727 9 30.555365 idfp4
49 0 2810525 0 49.263634 idfp4
49 0 2811847 1 49.263634 idfp4
49 0 4162535 2 39.903988 idfp4
49 0 4151826 3 35.795055 idfp4
49 0 3153112 4 33.888874 idfp4
49 0 2812210 5 33.67396 idfp4
49 0 2811845 6 33.17859 idfp4
49 0 2809767 7 32.157017 idfp4
49 0 2811850 8 32.157017 idfp4
49 0 2803251 9 32.10688 idfp4
50 0 3153112 0 69.96029 idfp4
50 0 4162535 1 61.518894 idfp4
50 0 2810525 2 49.273838 idfp4
50 0 2811847 3 49.273838 idfp4
50 0 4151826 4 35.81594 idfp4
50 0 3177196 5 34.585854 idfp4
50 0 3181025 6 32.947407 idfp4
50 0 3170730 7 30.690052 idfp4
50 0 3177197 8 30.690052 idfp4
50 0 2804672 9 30.544645 idfp4
51 0 616433 0 32.71626 idfp4
51 0 2752078 1 31.324945 idfp4
51 0 112770 2 30.287045 idfp4
51 0 3203658 3 30.264406 idfp4
51 0 2675750 4 29.514513 idfp4
51 0 78783 5 29.445156 idfp4
51 0 213842 6 28.314983 idfp4
51 0 1737 7 28.306602 idfp4
51 0 2642829 8 27.14964 idfp4
51 0 2643016 9 27.14964 idfp4
52 0 112770 0 27.75067 idfp4
52 0 802399 1 23.007645 idfp4
52 0 90150 2 22.841772 idfp4
52 0 112931 3 21.757215 idfp4
52 0 98744 4 21.016008 idfp4
52 0 112094 5 20.805073 idfp4
52 0 107187 6 20.05654 idfp4
52 0 103439 7 19.949041 idfp4
52 0 103302 8 19.58282 idfp4
52 0 85447 9 19.567009 idfp4
53 0 799985 0 42.76411 idfp4
53 0 2771250 1 42.034386 idfp4
53 0 2808291 2 40.985703 idfp4
53 0 148483 3 40.630577 idfp4
53 0 815689 4 38.51957 idfp4
53 0 621045 5 35.005543 idfp4
53 0 145792 6 33.703735 idfp4
53 0 2670965 7 33.096817 idfp4
53 0 145924 8 32.586693 idfp4
53 0 2680590 9 32.501053 idfp4
54 0 872994 0 89.88417 idfp4
54 0 943668 1 72.23221 idfp4
54 0 811778 2 72.22333 idfp4
54 0 811777 3 68.30073 idfp4
54 0 931123 4 61.576443 idfp4
54 0 625711 5 56.129955 idfp4
54 0 2808291 6 48.21544 idfp4
54 0 815689 7 46.539806 idfp4
54 0 2679557 8 44.908005 idfp4
54 0 3195890 9 44.667416 idfp4
55 0 4154603 0 94.78701 idfp4
55 0 145855 1 69.9326 idfp4
55 0 145731 2 66.84526 idfp4
55 0 118269 3 60.745323 idfp4
55 0 145629 4 58.738003 idfp4
55 0 111261 5 54.25184 idfp4
55 0 111420 6 51.111027 idfp4
55 0 112910 7 50.949463 idfp4
55 0 112292 8 50.05535 idfp4
55 0 111982 9 47.63158 idfp4
56 0 4154603 0 148.35963 idfp4
56 0 145731 1 91.22077 idfp4
56 0 118269 2 89.365265 idfp4
56 0 112910 3 89.261086 idfp4
56 0 110774 4 76.726456 idfp4
56 0 111420 5 76.58257 idfp4
56 0 111261 6 75.14591 idfp4
56 0 145855 7 73.10741 idfp4
56 0 145629 8 69.68884 idfp4
56 0 1993216 9 68.77281 idfp4
57 0 800859 0 45.95668 idfp4
57 0 867644 1 45.246544 idfp4
57 0 800569 2 45.201145 idfp4
57 0 802408 3 44.72745 idfp4
57 0 212970 4 43.012955 idfp4
57 0 118297 5 41.139923 idfp4
57 0 118075 6 41.045444 idfp4
57 0 145903 7 40.976883 idfp4
57 0 205720 8 39.471073 idfp4
57 0 2671723 9 39.220825 idfp4
58 0 145735 0 60.164795 idfp4
58 0 217702 1 44.70466 idfp4
58 0 145800 2 43.759167 idfp4
58 0 4172497 3 41.579742 idfp4
58 0 106179 4 39.82674 idfp4
58 0 108547 5 39.42005 idfp4
58 0 4104822 6 37.60621 idfp4
58 0 110330 7 37.294846 idfp4
58 0 820904 8 36.25279 idfp4
58 0 2676592 9 35.964573 idfp4
59 0 2788983 0 161.95981 idfp4
59 0 4170685 1 138.40456 idfp4
59 0 118037 2 116.2217 idfp4
59 0 118040 3 110.29427 idfp4
59 0 118129 4 109.25627 idfp4
59 0 145627 5 108.80692 idfp4
59 0 1087691 6 108.7687 idfp4
59 0 117968 7 106.95274 idfp4
59 0 3205767 8 105.178535 idfp4
59 0 118422 9 99.18654 idfp4
60 0 3195891 0 158.45918 idfp4
60 0 4170685 1 131.40987 idfp4
60 0 2788983 2 124.14016 idfp4
60 0 118129 3 109.94628 idfp4
60 0 621195 4 107.41112 idfp4
60 0 621270 5 107.41112 idfp4
60 0 145627 6 101.944725 idfp4
60 0 118334 7 101.47783 idfp4
60 0 130158 8 97.94611 idfp4
60 0 931614 9 97.7483 idfp4
61 0 145743 0 93.133 idfp4
61 0 145923 1 90.098495 idfp4
61 0 2812210 2 84.531044 idfp4
61 0 218457 3 77.90939 idfp4
61 0 112854 4 75.09333 idfp4
61 0 219815 5 70.922966 idfp4
61 0 1732 6 68.89202 idfp4
61 0 2657927 7 65.55655 idfp4
61 0 3195092 8 64.77174 idfp4
61 0 145815 9 64.13637 idfp4
62 0 2812210 0 43.27166 idfp4
62 0 110661 1 34.403885 idfp4
62 0 117875 2 31.355713 idfp4
62 0 107147 3 31.297401 idfp4
62 0 118299 4 29.081228 idfp4
62 0 110926 5 28.520004 idfp4
62 0 3195092 6 28.222088 idfp4
62 0 110091 7 28.16012 idfp4
62 0 218457 8 27.890472 idfp4
62 0 109846 9 27.41627 idfp4
63 0 3191119 0 29.814606 idfp4
63 0 2812589 1 29.666744 idfp4
63 0 2959749 2 29.666744 idfp4
63 0 118148 3 27.973433 idfp4
63 0 149702 4 26.778196 idfp4
63 0 117935 5 26.670185 idfp4
63 0 107685 6 24.91106 idfp4
63 0 107014 7 24.840754 idfp4
63 0 2784695 8 24.501057 idfp4
63 0 118011 9 24.282698 idfp4
64 0 3205767 0 50.089363 idfp4
64 0 3205768 1 45.758472 idfp4
64 0 2809766 2 44.095875 idfp4
64 0 2811849 3 44.095875 idfp4
64 0 2758568 4 42.192894 idfp4
64 0 3214775 5 40.598255 idfp4
64 0 3207860 6 39.489555 idfp4
64 0 110645 7 39.18252 idfp4
64 0 3195891 8 37.04002 idfp4
64 0 821189 9 37.024227 idfp4
65 0 118123 0 89.33815 idfp4
65 0 3211501 1 48.22072 idfp4
65 0 3199502 2 47.423958 idfp4
65 0 150540 3 46.66464 idfp4
65 0 4151825 4 45.474426 idfp4
65 0 110645 5 42.35756 idfp4
65 0 4102799 6 41.524975 idfp4
65 0 4089982 7 40.03678 idfp4
65 0 149286 8 37.604206 idfp4
65 0 2654532 9 36.929253 idfp4
66 0 3211501 0 97.297104 idfp4
66 0 145867 1 86.44343 idfp4
66 0 3214775 2 67.45438 idfp4
66 0 118123 3 63.42281 idfp4
66 0 109486 4 56.99043 idfp4
66 0 110251 5 56.757683 idfp4
66 0 109237 6 56.044308 idfp4
66 0 3207861 7 55.436066 idfp4
66 0 4151827 8 54.08201 idfp4
66 0 3216389 9 53.29261 idfp4
67 0 145800 0 113.68508 idfp4
67 0 867645 1 102.62212 idfp4
67 0 103675 2 59.907455 idfp4
67 0 103721 3 44.913963 idfp4
67 0 106757 4 42.89851 idfp4
67 0 104522 5 41.174168 idfp4
67 0 106844 6 38.97327 idfp4
67 0 103678 7 37.21175 idfp4
67 0 108330 8 35.910973 idfp4
67 0 103916 9 34.840183 idfp4
68 0 145800 0 94.96026 idfp4
68 0 867645 1 71.65305 idfp4
68 0 97893 2 48.00926 idfp4
68 0 94177 3 43.788475 idfp4
68 0 88704 4 43.32045 idfp4
68 0 88819 5 41.933792 idfp4
68 0 103675 6 41.82279 idfp4
68 0 103093 7 39.40431 idfp4
68 0 87585 8 38.997166 idfp4
68 0 92402 9 38.20936 idfp4
69 0 3214778 0 54.83551 idfp4
69 0 866022 1 50.84185 idfp4
69 0 2959743 2 48.92154 idfp4
69 0 858289 3 48.92154 idfp4
69 0 2645422 4 46.865265 idfp4
69 0 219733 5 45.42466 idfp4
69 0 220342 6 45.42466 idfp4
69 0 2801433 7 45.309666 idfp4
69 0 182558 8 44.4009 idfp4
69 0 149289 9 44.34524 idfp4
70 0 866022 0 50.1413 idfp4
70 0 931120 1 48.89459 idfp4
70 0 868384 2 48.13506 idfp4
70 0 2801433 3 48.011745 idfp4
70 0 2790213 4 47.931175 idfp4
70 0 3214778 5 47.68863 idfp4
70 0 2959743 6 47.561775 idfp4
70 0 858289 7 47.561775 idfp4
70 0 931121 8 47.073124 idfp4
70 0 182558 9 46.846416 idfp4
71 0 3189783 0 52.29743 idfp4
71 0 145121 1 50.952175 idfp4
71 0 112914 2 48.89795 idfp4
71 0 118052 3 48.842384 idfp4
71 0 118287 4 48.4702 idfp4
71 0 112904 5 47.79586 idfp4
71 0 118005 6 45.341373 idfp4
71 0 2654533 7 44.705685 idfp4
71 0 2654756 8 44.705685 idfp4
71 0 118234 9 43.39836 idfp4
72 0 118052 0 61.05517 idfp4
72 0 112904 1 57.583534 idfp4
72 0 118005 2 54.15997 idfp4
72 0 145121 3 53.67567 idfp4
72 0 118234 4 52.793095 idfp4
72 0 3189783 5 51.46495 idfp4
72 0 112914 6 49.603233 idfp4
72 0 118287 7 39.88586 idfp4
72 0 117979 8 39.110455 idfp4
72 0 111103 9 37.36389 idfp4
73 0 2804674 0 34.74653 idfp4
73 0 110175 1 30.908745 idfp4
73 0 145624 2 30.264612 idfp4
73 0 108538 3 29.421482 idfp4
73 0 110692 4 27.999844 idfp4
73 0 812524 5 27.92377 idfp4
73 0 118043 6 27.669374 idfp4
73 0 109931 7 27.468775 idfp4
73 0 1087954 8 27.385149 idfp4
73 0 111425 9 27.144024 idfp4
74 0 107904 0 53.79905 idfp4
74 0 109284 1 53.718964 idfp4
74 0 2804674 2 50.450867 idfp4
74 0 112774 3 42.972923 idfp4
74 0 2675749 4 40.34488 idfp4
74 0 127908 5 39.954628 idfp4
74 0 110798 6 36.24891 idfp4
74 0 111245 7 34.700676 idfp4
74 0 111755 8 32.270374 idfp4
74 0 108616 9 32.269157 idfp4
75 0 867657 0 43.35694 idfp4
75 0 92916 1 39.962543 idfp4
75 0 96318 2 37.45373 idfp4
75 0 103554 3 34.76079 idfp4
75 0 89410 4 33.902946 idfp4
75 0 1210205 5 32.905342 idfp4
75 0 92680 6 32.374043 idfp4
75 0 2672535 7 31.099373 idfp4
75 0 106428 8 30.812468 idfp4
75 0 95777 9 29.999025 idfp4
76 0 110964 0 48.58139 idfp4
76 0 2679833 1 45.507748 idfp4
76 0 2680440 2 45.507748 idfp4
76 0 106490 3 45.4319 idfp4
76 0 108900 4 44.874092 idfp4
76 0 112919 5 42.953056 idfp4
76 0 118390 6 40.546238 idfp4
76 0 1732 7 40.264072 idfp4
76 0 118298 8 39.92311 idfp4
76 0 145743 9 39.473713 idfp4
77 0 4151822 0 76.12607 idfp4
77 0 2812588 1 73.50358 idfp4
77 0 145817 2 69.616035 idfp4
77 0 2770446 3 67.76381 idfp4
77 0 134747 4 58.852047 idfp4
77 0 112726 5 57.767494 idfp4
77 0 111029 6 53.708805 idfp4
77 0 145902 7 51.55212 idfp4
77 0 145647 8 50.269737 idfp4
77 0 4171965 9 48.995583 idfp4
78 0 616862 0 28.809 idfp4
78 0 117899 1 27.998404 idfp4
78 0 118022 2 27.384884 idfp4
78 0 112186 3 27.013105 idfp4
78 0 2812588 4 26.631327 idfp4
78 0 3207858 5 25.423244 idfp4
78 0 111717 6 25.002949 idfp4
78 0 111208 7 24.968714 idfp4
78 0 112358 8 24.885078 idfp4
78 0 112058 9 24.556145 idfp4
79 0 111009 0 95.48481 idfp4
79 0 118143 1 87.67208 idfp4
79 0 111470 2 82.517075 idfp4
79 0 110221 3 54.126537 idfp4
79 0 2680438 4 41.50321 idfp4
79 0 111964 5 38.51165 idfp4
79 0 118513 6 38.349037 idfp4
79 0 3171728 7 34.180885 idfp4
79 0 867644 8 33.794353 idfp4
79 0 110183 9 33.32201 idfp4
80 0 111009 0 71.545715 idfp4
80 0 111470 1 71.3344 idfp4
80 0 118143 2 60.429756 idfp4
80 0 145859 3 40.690437 idfp4
80 0 2680438 4 37.657 idfp4
80 0 110221 5 36.555355 idfp4
80 0 145876 6 31.708385 idfp4
80 0 820749 7 31.67963 idfp4
80 0 106328 8 31.128117 idfp4
80 0 145932 9 31.044687 idfp4
81 0 148484 0 57.253437 idfp4
81 0 112440 1 40.21676 idfp4
81 0 122253 2 37.01976 idfp4
81 0 118445 3 31.601154 idfp4
81 0 1726 4 27.992916 idfp4
81 0 216735 5 26.467464 idfp4
81 0 216806 6 26.467464 idfp4
81 0 117833 7 26.460827 idfp4
81 0 127900 8 25.83527 idfp4
81 0 799981 9 25.330038 idfp4
82 0 1726 0 54.00411 idfp4
82 0 127900 1 48.051563 idfp4
82 0 118368 2 47.975445 idfp4
82 0 216735 3 47.928055 idfp4
82 0 216806 4 47.928055 idfp4
82 0 2803250 5 45.71158 idfp4
82 0 799981 6 41.270985 idfp4
82 0 145865 7 38.793274 idfp4
82 0 118126 8 37.773376 idfp4
82 0 112803 9 36.011402 idfp4
83 0 145859 0 78.61999 idfp4
83 0 112922 1 53.92546 idfp4
83 0 111333 2 50.339657 idfp4
83 0 112368 3 49.58925 idfp4
83 0 110289 4 48.09646 idfp4
83 0 137746 5 47.982918 idfp4
83 0 145870 6 47.390617 idfp4
83 0 109894 7 47.252453 idfp4
83 0 111286 8 46.1654 idfp4
83 0 110449 9 46.153446 idfp4
84 0 145859 0 78.56627 idfp4
84 0 112922 1 63.806908 idfp4
84 0 107293 2 59.47918 idfp4
84 0 110681 3 58.891956 idfp4
84 0 800858 4 57.53801 idfp4
84 0 109895 5 53.75116 idfp4
84 0 107980 6 52.61042 idfp4
84 0 109894 7 52.286995 idfp4
84 0 122251 8 51.28337 idfp4
84 0 111286 9 50.69319 idfp4
85 0 2959737 0 109.86618 idfp4
85 0 802973 1 109.141846 idfp4
85 0 803271 2 109.141846 idfp4
85 0 3171724 3 74.56748 idfp4
85 0 3177199 4 74.56748 idfp4
85 0 3177200 5 74.56748 idfp4
85 0 150543 6 62.66066 idfp4
85 0 2959732 7 62.66066 idfp4
85 0 3205766 8 62.518463 idfp4
85 0 146553 9 62.31684 idfp4
86 0 3205766 0 70.35342 idfp4
86 0 3171724 1 68.32153 idfp4
86 0 3177199 2 68.32153 idfp4
86 0 3177200 3 68.32153 idfp4
86 0 802973 4 63.292763 idfp4
86 0 803271 5 63.292763 idfp4
86 0 2959737 6 63.292763 idfp4
86 0 150543 7 61.21977 idfp4
86 0 2959732 8 61.21977 idfp4
86 0 146553 9 60.687634 idfp4
87 0 143378 0 22.712967 idfp4
87 0 1088038 1 22.364939 idfp4
87 0 111905 2 22.143932 idfp4
87 0 104480 3 21.182133 idfp4
87 0 110760 4 20.1297 idfp4
87 0 104998 5 19.796646 idfp4
87 0 106464 6 19.524944 idfp4
87 0 111763 7 19.095778 idfp4
87 0 111446 8 18.91067 idfp4
87 0 812952 9 18.8276 idfp4
88 0 2654277 0 56.59167 idfp4
88 0 182992 1 53.72432 idfp4
88 0 149653 2 47.93259 idfp4
88 0 182991 3 47.78625 idfp4
88 0 145897 4 45.92787 idfp4
88 0 111170 5 43.327614 idfp4
88 0 625832 6 42.966442 idfp4
88 0 626055 7 42.966442 idfp4
88 0 1756 8 40.740974 idfp4
88 0 118339 9 39.218994 idfp4
89 0 4151822 0 140.0297 idfp4
89 0 2770446 1 123.615005 idfp4
89 0 2812588 2 114.3407 idfp4
89 0 4162110 3 87.30733 idfp4
89 0 145817 4 61.869064 idfp4
89 0 145954 5 51.690125 idfp4
89 0 145647 6 50.079407 idfp4
89 0 134747 7 49.416943 idfp4
89 0 145722 8 42.317467 idfp4
89 0 4162111 9 41.72239 idfp4
90 0 4151822 0 140.12257 idfp4
90 0 2812588 1 115.79972 idfp4
90 0 2770446 2 98.34081 idfp4
90 0 4162110 3 74.95396 idfp4
90 0 3181025 4 61.721058 idfp4
90 0 145626 5 61.62271 idfp4
90 0 4106440 6 61.50696 idfp4
90 0 130150 7 60.109646 idfp4
90 0 626454 8 56.476177 idfp4
90 0 2789927 9 55.975506 idfp4
91 0 3212514 0 156.10614 idfp4
91 0 145782 1 63.68285 idfp4
91 0 109857 2 61.655632 idfp4
91 0 112439 3 52.063717 idfp4
91 0 134732 4 50.21695 idfp4
91 0 111278 5 49.61979 idfp4
91 0 219097 6 49.0848 idfp4
91 0 1748 7 47.793762 idfp4
91 0 145892 8 46.518402 idfp4
91 0 111694 9 46.414257 idfp4
92 0 3212514 0 154.21696 idfp4
92 0 110249 1 63.25104 idfp4
92 0 109857 2 61.655632 idfp4
92 0 118507 3 52.320618 idfp4
92 0 1087959 4 52.245197 idfp4
92 0 112439 5 51.519592 idfp4
92 0 134732 6 50.976665 idfp4
92 0 111278 7 49.61979 idfp4
92 0 111694 8 47.496887 idfp4
92 0 111191 9 45.265102 idfp4
93 0 118334 0 95.97109 idfp4
93 0 145901 1 93.213264 idfp4
93 0 118107 2 91.170586 idfp4
93 0 130158 3 88.325264 idfp4
93 0 117874 4 86.981346 idfp4
93 0 112905 5 85.85286 idfp4
93 0 112824 6 85.098915 idfp4
93 0 118129 7 83.15263 idfp4
93 0 931614 8 81.482086 idfp4
93 0 110877 9 80.73252 idfp4
94 0 931614 0 109.708534 idfp4
94 0 145901 1 96.67961 idfp4
94 0 2788983 2 88.3747 idfp4
94 0 4151827 3 85.00713 idfp4
94 0 117874 4 82.03992 idfp4
94 0 118129 5 78.17162 idfp4
94 0 112824 6 75.285835 idfp4
94 0 118334 7 74.89658 idfp4
94 0 130158 8 74.85498 idfp4
94 0 112905 9 73.529915 idfp4
95 0 105495 0 58.06505 idfp4
95 0 108555 1 54.62326 idfp4
95 0 107232 2 50.841026 idfp4
95 0 107475 3 45.119045 idfp4
95 0 106171 4 43.603333 idfp4
95 0 103631 5 37.972076 idfp4
95 0 112750 6 36.011955 idfp4
95 0 109444 7 35.387615 idfp4
95 0 106073 8 32.54851 idfp4
95 0 101996 9 30.95356 idfp4
96 0 108555 0 63.49437 idfp4
96 0 103631 1 61.059437 idfp4
96 0 105495 2 40.31308 idfp4
96 0 92746 3 36.638557 idfp4
96 0 2680590 4 34.746468 idfp4
96 0 2959745 5 34.746468 idfp4
96 0 799986 6 34.43166 idfp4
96 0 96542 7 33.23131 idfp4
96 0 107232 8 33.097927 idfp4
96 0 93739 9 32.86821 idfp4
97 0 112101 0 63.63317 idfp4
97 0 111922 1 43.864452 idfp4
97 0 820748 2 30.98507 idfp4
97 0 2655597 3 30.146816 idfp4
97 0 146554 4 30.092777 idfp4
97 0 117959 5 27.900312 idfp4
97 0 2959743 6 27.255629 idfp4
97 0 858289 7 27.255629 idfp4
97 0 145822 8 26.09121 idfp4
97 0 112574 9 25.400795 idfp4
98 0 118467 0 23.46101 idfp4
98 0 134732 1 21.020779 idfp4
98 0 2655591 2 20.632256 idfp4
98 0 106593 3 19.237514 idfp4
98 0 2676593 4 19.011337 idfp4
98 0 112574 5 18.265259 idfp4
98 0 110156 6 18.144548 idfp4
98 0 145804 7 17.848568 idfp4
98 0 145822 8 17.684801 idfp4
98 0 112092 9 17.646746 idfp4
99 0 112267 0 78.657486 idfp4
99 0 111884 1 59.15012 idfp4
99 0 110552 2 43.26282 idfp4
99 0 112723 3 38.292747 idfp4
99 0 110578 4 37.720547 idfp4
99 0 109976 5 33.120796 idfp4
99 0 854177 6 33.006878 idfp4
99 0 145914 7 32.230312 idfp4
99 0 106428 8 31.3675 idfp4
99 0 111695 9 31.15001 idfp4
100 0 112267 0 81.192024 idfp4
100 0 110552 1 61.748158 idfp4
100 0 111884 2 55.884243 idfp4
100 0 92488 3 53.473854 idfp4
100 0 104883 4 53.282993 idfp4
100 0 102981 5 53.135506 idfp4
100 0 110098 6 52.7876 idfp4
100 0 111886 7 49.44209 idfp4
100 0 104524 8 49.39845 idfp4
100 0 102906 9 49.17837 idfp4
