1 0 112795 0 44.275375 idfs9
1 0 111116 1 42.933277 idfs9
1 0 219732 2 41.05172 idfs9
1 0 2649076 3 40.69592 idfs9
1 0 219733 4 40.66363 idfs9
1 0 220342 5 40.66363 idfs9
1 0 112924 6 40.624374 idfs9
1 0 149702 7 39.133476 idfs9
1 0 110370 8 38.84589 idfs9
1 0 112436 9 38.461773 idfs9
2 0 4170684 0 26.287487 idfs9
2 0 2644673 1 23.925806 idfs9
2 0 145692 2 21.596767 idfs9
2 0 104571 3 21.179796 idfs9
2 0 149006 4 20.744528 idfs9
2 0 112423 5 20.590775 idfs9
2 0 110134 6 20.087366 idfs9
2 0 109466 7 20.029757 idfs9
2 0 108555 8 19.685562 idfs9
2 0 112930 9 19.545778 idfs9
3 0 3162143 0 58.297356 idfs9
3 0 215496 1 57.25171 idfs9
3 0 215694 2 57.25171 idfs9
3 0 2959735 3 57.250668 idfs9
3 0 118029 4 56.018276 idfs9
3 0 112212 5 55.222412 idfs9
3 0 118475 6 53.059372 idfs9
3 0 149007 7 52.909348 idfs9
3 0 130157 8 52.889782 idfs9
3 0 111091 9 52.450012 idfs9
4 0 215496 0 74.41626 idfs9
4 0 215694 1 74.36933 idfs9
4 0 2959735 2 74.36725 idfs9
4 0 149007 3 73.783615 idfs9
4 0 118029 4 61.936012 idfs9
4 0 623142 5 61.660877 idfs9
4 0 3162143 6 59.747555 idfs9
4 0 107492 7 59.722233 idfs9
4 0 145890 8 59.713417 idfs9
4 0 117959 9 59.181225 idfs9
5 0 183480 0 51.38093 idfs9
5 0 111789 1 47.810856 idfs9
5 0 110056 2 46.353092 idfs9
5 0 118174 3 45.948597 idfs9
5 0 108089 4 45.67626 idfs9
5 0 2672209 5 44.732464 idfs9
5 0 2657779 6 44.732464 idfs9
5 0 117911 7 42.189167 idfs9
5 0 108088 8 41.657814 idfs9
5 0 118217 9 41.439114 idfs9
6 0 117932 0 32.711 idfs9
6 0 2811844 1 31.12672 idfs9
6 0 2959750 2 31.12672 idfs9
6 0 118174 3 22.918701 idfs9
6 0 110883 4 22.759403 idfs9
6 0 109004 5 22.319094 idfs9
6 0 2672209 6 22.284174 idfs9
6 0 2657779 7 22.284174 idfs9
6 0 111789 8 22.26493 idfs9
6 0 108449 9 22.054926 idfs9
7 0 147531 0 45.535263 idfs9
7 0 145715 1 44.282986 idfs9
7 0 2672535 2 44.235207 idfs9
7 0 134749 3 43.678204 idfs9
7 0 2655591 4 43.287735 idfs9
7 0 217512 5 42.844826 idfs9
7 0 145713 6 42.2929 idfs9
7 0 214949 7 42.18625 idfs9
7 0 215071 8 42.18625 idfs9
7 0 3195892 9 41.550026 idfs9
8 0 146981 0 24.81184 idfs9
8 0 145911 1 24.044926 idfs9
8 0 2760668 2 23.564537 idfs9
8 0 2771248 3 23.236483 idfs9
8 0 104034 4 22.618433 idfs9
8 0 182991 5 21.624624 idfs9
8 0 2812587 6 21.372726 idfs9
8 0 2959748 7 21.372726 idfs9
8 0 2679558 8 21.205423 idfs9
8 0 820904 9 21.100864 idfs9
9 0 112641 0 72.19957 idfs9
9 0 2675751 1 70.49665 idfs9
9 0 111694 2 69.17867 idfs9
9 0 118212 3 69.10874 idfs9
9 0 109720 4 67.83475 idfs9
9 0 118011 5 67.408646 idfs9
9 0 127923 6 66.626915 idfs9
9 0 111191 7 63.894886 idfs9
9 0 127887 8 63.25935 idfs9
9 0 112230 9 61.844936 idfs9
10 0 112931 0 52.444466 idfs9
10 0 145715 1 51.809143 idfs9
10 0 112423 2 51.607006 idfs9
10 0 121163 3 48.729702 idfs9
10 0 111500 4 48.391994 idfs9
10 0 147531 5 48.299698 idfs9
10 0 214949 6 47.61672 idfs9
10 0 215071 7 47.61672 idfs9
10 0 112094 8 47.553185 idfs9
10 0 145713 9 46.764725 idfs9
11 0 110800 0 32.002598 idfs9
11 0 1747 1 31.655678 idfs9
11 0 873668 2 31.372055 idfs9
11 0 107553 3 31.2717 idfs9
11 0 931123 4 30.98266 idfs9
11 0 145960 5 30.692846 idfs9
11 0 2809767 6 30.637 idfs9
11 0 2811850 7 30.637 idfs9
11 0 620560 8 30.455215 idfs9
11 0 2959744 9 30.268988 idfs9
12 0 2672535 0 40.343384 idfs9
12 0 809121 1 29.919235 idfs9
12 0 3153112 2 28.398638 idfs9
12 0 109096 3 26.635155 idfs9
12 0 621195 4 26.111387 idfs9
12 0 621270 5 26.111387 idfs9
12 0 3207860 6 25.61065 idfs9
12 0 107099 7 25.56509 idfs9
12 0 2812586 8 25.38678 idfs9
12 0 109248 9 25.324585 idfs9
13 0 802973 0 74.379265 idfs9
13 0 803271 1 74.379265 idfs9
13 0 2959737 2 74.379265 idfs9
13 0 2642828 3 73.20823 idfs9
13 0 2812588 4 67.23067 idfs9
13 0 145967 5 66.304504 idfs9
13 0 2959730 6 64.634705 idfs9
13 0 614392 7 63.361076 idfs9
13 0 614485 8 63.361076 idfs9
13 0 802770 9 62.57827 idfs9
14 0 2812588 0 44.635685 idfs9
14 0 614392 1 44.21205 idfs9
14 0 614485 2 44.21205 idfs9
14 0 124715 3 42.910778 idfs9
14 0 145632 4 38.99024 idfs9
14 0 145958 5 38.926617 idfs9
14 0 145967 6 38.821144 idfs9
14 0 145965 7 38.577023 idfs9
14 0 110496 8 37.376247 idfs9
14 0 105886 9 37.01352 idfs9
15 0 2812588 0 60.985973 idfs9
15 0 4162111 1 49.63605 idfs9
15 0 4015951 2 47.184032 idfs9
15 0 4151822 3 46.029285 idfs9
15 0 3207858 4 45.842194 idfs9
15 0 3199501 5 43.210686 idfs9
15 0 4106440 6 42.956062 idfs9
15 0 3177196 7 41.531067 idfs9
15 0 2806207 8 41.043003 idfs9
15 0 2810525 9 40.4056 idfs9
16 0 2812588 0 52.228493 idfs9
16 0 4151822 1 47.63863 idfs9
16 0 2155 2 45.141445 idfs9
16 0 2770446 3 44.312572 idfs9
16 0 2771249 4 40.99078 idfs9
16 0 121146 5 38.209164 idfs9
16 0 145817 6 38.204227 idfs9
16 0 150540 7 37.54102 idfs9
16 0 620561 8 37.02928 idfs9
16 0 134747 9 36.78801 idfs9
17 0 117987 0 29.304197 idfs9
17 0 118230 1 28.981745 idfs9
17 0 117968 2 28.838207 idfs9
17 0 118125 3 28.447977 idfs9
17 0 111302 4 28.100544 idfs9
17 0 1087697 5 27.545559 idfs9
17 0 2672535 6 27.416384 idfs9
17 0 145639 7 27.392849 idfs9
17 0 110593 8 27.29035 idfs9
17 0 110810 9 26.956244 idfs9
18 0 148484 0 73.02214 idfs9
18 0 110600 1 60.910824 idfs9
18 0 105382 2 60.115364 idfs9
18 0 145664 3 59.872997 idfs9
18 0 137739 4 59.485718 idfs9
18 0 4161362 5 58.69632 idfs9
18 0 110810 6 58.624786 idfs9
18 0 4151826 7 58.506763 idfs9
18 0 3209687 8 58.464146 idfs9
18 0 111880 9 58.413082 idfs9
19 0 104895 0 18.445457 idfs9
19 0 111219 1 16.83115 idfs9
19 0 105721 2 16.667395 idfs9
19 0 106639 3 16.410723 idfs9
19 0 112557 4 16.354673 idfs9
19 0 110694 5 16.248205 idfs9
19 0 117867 6 16.216694 idfs9
19 0 109097 7 16.131027 idfs9
19 0 108562 8 16.054703 idfs9
19 0 104474 9 16.05278 idfs9
20 0 118243 0 29.86677 idfs9
20 0 108538 1 27.997938 idfs9
20 0 866023 2 27.686247 idfs9
20 0 136996 3 27.410164 idfs9
20 0 111727 4 27.32021 idfs9
20 0 118358 5 26.908262 idfs9
20 0 111198 6 26.768045 idfs9
20 0 111433 7 26.73102 idfs9
20 0 118043 8 26.730629 idfs9
20 0 626454 9 26.610428 idfs9
21 0 2659300 0 37.340324 idfs9
21 0 118371 1 36.21829 idfs9
21 0 112777 2 33.99635 idfs9
21 0 867657 3 33.721573 idfs9
21 0 145925 4 33.57081 idfs9
21 0 117890 5 33.398903 idfs9
21 0 112846 6 32.90418 idfs9
21 0 112799 7 32.728672 idfs9
21 0 111858 8 31.7112 idfs9
21 0 2795279 9 31.547426 idfs9
22 0 111021 0 79.338455 idfs9
22 0 145644 1 77.372604 idfs9
22 0 112737 2 76.57061 idfs9
22 0 109807 3 73.031075 idfs9
22 0 111517 4 72.613335 idfs9
22 0 145788 5 72.57231 idfs9
22 0 873660 6 71.77595 idfs9
22 0 118416 7 70.70371 idfs9
22 0 112880 8 70.60679 idfs9
22 0 117852 9 69.36895 idfs9
23 0 112257 0 21.754711 idfs9
23 0 118449 1 19.57044 idfs9
23 0 4162535 2 19.435024 idfs9
23 0 2810525 3 18.147776 idfs9
23 0 2811847 4 18.147776 idfs9
23 0 137736 5 17.934534 idfs9
23 0 111610 6 17.36422 idfs9
23 0 145738 7 17.247889 idfs9
23 0 3153112 8 17.18101 idfs9
23 0 107645 9 17.015873 idfs9
24 0 2804671 0 27.837353 idfs9
24 0 182558 1 27.064346 idfs9
24 0 2801435 2 26.241928 idfs9
24 0 802408 3 25.989986 idfs9
24 0 2654754 4 25.22781 idfs9
24 0 616433 5 25.048613 idfs9
24 0 625711 6 24.88049 idfs9
24 0 3217476 7 24.652592 idfs9
24 0 145635 8 24.350002 idfs9
24 0 798626 9 23.903679 idfs9
25 0 112345 0 38.948444 idfs9
25 0 3211503 1 37.88881 idfs9
25 0 112616 2 36.24272 idfs9
25 0 118021 3 31.852018 idfs9
25 0 101911 4 30.494253 idfs9
25 0 108632 5 29.182936 idfs9
25 0 107971 6 28.857552 idfs9
25 0 97004 7 27.389309 idfs9
25 0 108129 8 27.208672 idfs9
25 0 134732 9 27.19817 idfs9
26 0 117872 0 54.402588 idfs9
26 0 118026 1 53.52253 idfs9
26 0 145758 2 52.556545 idfs9
26 0 112324 3 52.233242 idfs9
26 0 112616 4 51.57465 idfs9
26 0 112724 5 51.15447 idfs9
26 0 112045 6 50.434853 idfs9
26 0 111056 7 49.576992 idfs9
26 0 127910 8 49.032272 idfs9
26 0 112259 9 48.2536 idfs9
27 0 4157382 0 43.77518 idfs9
27 0 4157405 1 43.77518 idfs9
27 0 111141 2 35.533 idfs9
27 0 112346 3 35.4254 idfs9
27 0 110384 4 34.16782 idfs9
27 0 112071 5 32.26865 idfs9
27 0 110706 6 30.79938 idfs9
27 0 110320 7 30.57098 idfs9
27 0 118475 8 28.882101 idfs9
27 0 620673 9 28.205416 idfs9
28 0 4157382 0 70.88408 idfs9
28 0 4157405 1 70.88408 idfs9
28 0 112346 2 54.618298 idfs9
28 0 112523 3 49.371758 idfs9
28 0 111141 4 48.529873 idfs9
28 0 217703 5 46.835587 idfs9
28 0 112308 6 44.986794 idfs9
28 0 2679557 7 41.773945 idfs9
28 0 107063 8 41.51967 idfs9
28 0 110384 9 39.577396 idfs9
29 0 112620 0 33.084045 idfs9
29 0 205788 1 30.93123 idfs9
29 0 4151826 2 30.823683 idfs9
29 0 145726 3 30.662275 idfs9
29 0 111471 4 30.620712 idfs9
29 0 145632 5 30.507647 idfs9
29 0 626206 6 30.135784 idfs9
29 0 145843 7 30.04899 idfs9
29 0 118351 8 29.650623 idfs9
29 0 3195890 9 29.611502 idfs9
30 0 145841 0 62.012745 idfs9
30 0 205788 1 59.319427 idfs9
30 0 218921 2 58.568367 idfs9
30 0 145708 3 56.718864 idfs9
30 0 118117 4 55.954094 idfs9
30 0 137739 5 54.69866 idfs9
30 0 145843 6 53.866386 idfs9
30 0 145761 7 52.912273 idfs9
30 0 626206 8 52.29317 idfs9
30 0 118343 9 51.768967 idfs9
31 0 145925 0 51.8357 idfs9
31 0 148797 1 51.041656 idfs9
31 0 118412 2 47.15105 idfs9
31 0 137003 3 45.3138 idfs9
31 0 145857 4 45.221684 idfs9
31 0 130146 5 44.603428 idfs9
31 0 616433 6 44.49485 idfs9
31 0 3207859 7 43.913944 idfs9
31 0 117966 8 43.3724 idfs9
31 0 219733 9 42.85902 idfs9
32 0 110561 0 24.20619 idfs9
32 0 118458 1 23.251934 idfs9
32 0 112329 2 23.23059 idfs9
32 0 118499 3 22.796345 idfs9
32 0 118023 4 22.488747 idfs9
32 0 109450 5 22.122297 idfs9
32 0 118455 6 22.074253 idfs9
32 0 118303 7 21.99425 idfs9
32 0 118139 8 21.849104 idfs9
32 0 112836 9 21.833757 idfs9
33 0 2809767 0 32.723755 idfs9
33 0 2811850 1 32.723755 idfs9
33 0 2676594 2 27.074726 idfs9
33 0 2675753 3 26.600178 idfs9
33 0 2679204 4 26.600178 idfs9
33 0 112728 5 26.02646 idfs9
33 0 118302 6 24.611387 idfs9
33 0 110382 7 24.418745 idfs9
33 0 182991 8 24.202719 idfs9
33 0 110667 9 24.044487 idfs9
34 0 2676594 0 94.79608 idfs9
34 0 2809767 1 94.27238 idfs9
34 0 2811850 2 94.27238 idfs9
34 0 2675753 3 93.98038 idfs9
34 0 2679204 4 93.98038 idfs9
34 0 136994 5 52.913403 idfs9
34 0 137727 6 48.159046 idfs9
34 0 121158 7 47.88181 idfs9
34 0 112325 8 47.876953 idfs9
34 0 145870 9 44.472084 idfs9
35 0 932061 0 34.934593 idfs9
35 0 821306 1 33.304188 idfs9
35 0 118329 2 33.05268 idfs9
35 0 149005 3 32.81704 idfs9
35 0 3205767 4 32.7001 idfs9
35 0 109586 5 31.527142 idfs9
35 0 213843 6 31.42411 idfs9
35 0 214063 7 31.42411 idfs9
35 0 214467 8 31.42411 idfs9
35 0 112747 9 31.005808 idfs9
36 0 109923 0 41.279255 idfs9
36 0 112259 1 40.86686 idfs9
36 0 131163 2 40.827866 idfs9
36 0 109703 3 40.17293 idfs9
36 0 112069 4 39.58659 idfs9
36 0 213843 5 39.201523 idfs9
36 0 214063 6 39.201523 idfs9
36 0 214467 7 39.201523 idfs9
36 0 118234 8 38.685905 idfs9
36 0 110599 9 38.284103 idfs9
37 0 4151829 0 41.84823 idfs9
37 0 112910 1 39.269 idfs9
37 0 145731 2 39.176712 idfs9
37 0 111982 3 37.198563 idfs9
37 0 118269 4 36.91697 idfs9
37 0 110742 5 35.952805 idfs9
37 0 110774 6 34.916245 idfs9
37 0 145855 7 34.23965 idfs9
37 0 111420 8 34.099945 idfs9
37 0 103870 9 34.072456 idfs9
38 0 118269 0 73.676216 idfs9
38 0 1993216 1 67.12228 idfs9
38 0 4151829 2 64.38181 idfs9
38 0 112910 3 64.03308 idfs9
38 0 145855 4 63.53477 idfs9
38 0 112887 5 61.644005 idfs9
38 0 145731 6 61.078094 idfs9
38 0 112292 7 59.63328 idfs9
38 0 145629 8 59.07658 idfs9
38 0 111264 9 56.7318 idfs9
39 0 102086 0 23.591335 idfs9
39 0 112568 1 23.295042 idfs9
39 0 2674861 2 23.15847 idfs9
39 0 2675754 3 23.15847 idfs9
39 0 105058 4 21.865213 idfs9
39 0 111432 5 21.845749 idfs9
39 0 112420 6 21.65964 idfs9
39 0 111502 7 21.597933 idfs9
39 0 112855 8 21.3394 idfs9
39 0 1731 9 20.887707 idfs9
40 0 931120 0 27.396849 idfs9
40 0 145943 1 27.087849 idfs9
40 0 112348 2 24.118372 idfs9
40 0 2810526 3 23.85734 idfs9
40 0 149007 4 22.871572 idfs9
40 0 3170727 5 22.80134 idfs9
40 0 2769807 6 22.760328 idfs9
40 0 3171723 7 22.53232 idfs9
40 0 945737 8 22.26897 idfs9
40 0 932059 9 22.26897 idfs9
41 0 112585 0 41.27149 idfs9
41 0 109186 1 40.425907 idfs9
41 0 110132 2 38.86778 idfs9
41 0 111198 3 38.005814 idfs9
41 0 110075 4 37.27783 idfs9
41 0 111891 5 36.777596 idfs9
41 0 112924 6 36.32595 idfs9
41 0 111254 7 35.48078 idfs9
41 0 112440 8 35.22854 idfs9
41 0 112833 9 34.04238 idfs9
42 0 112924 0 48.34166 idfs9
42 0 3189783 1 47.67883 idfs9
42 0 3177199 2 46.356533 idfs9
42 0 137003 3 46.352013 idfs9
42 0 117864 4 46.227543 idfs9
42 0 3171724 5 45.84422 idfs9
42 0 3177200 6 45.84422 idfs9
42 0 118131 7 45.59053 idfs9
42 0 145632 8 45.28663 idfs9
42 0 112810 9 45.235172 idfs9
43 0 2680590 0 21.47459 idfs9
43 0 2959745 1 21.47459 idfs9
43 0 112920 2 21.391735 idfs9
43 0 112305 3 19.523613 idfs9
43 0 118113 4 19.272263 idfs9
43 0 90079 5 19.269476 idfs9
43 0 110519 6 18.835854 idfs9
43 0 94717 7 18.81445 idfs9
43 0 101403 8 18.71471 idfs9
43 0 103366 9 18.624891 idfs9
44 0 183480 0 25.86969 idfs9
44 0 802408 1 24.414503 idfs9
44 0 2781925 2 24.35468 idfs9
44 0 145674 3 22.793007 idfs9
44 0 109329 4 22.507061 idfs9
44 0 110162 5 22.273289 idfs9
44 0 104158 6 22.016495 idfs9
44 0 1087605 7 22.016495 idfs9
44 0 117953 8 21.94429 idfs9
44 0 112144 9 21.932346 idfs9
45 0 3181481 0 28.483807 idfs9
45 0 112309 1 27.14781 idfs9
45 0 118496 2 26.998945 idfs9
45 0 111754 3 26.59758 idfs9
45 0 145755 4 26.028835 idfs9
45 0 130159 5 25.74572 idfs9
45 0 127691 6 25.744642 idfs9
45 0 110757 7 25.534925 idfs9
45 0 107663 8 25.45922 idfs9
45 0 106592 9 25.108242 idfs9
46 0 2804673 0 42.698013 idfs9
46 0 145772 1 40.085083 idfs9
46 0 866024 2 37.47708 idfs9
46 0 858802 3 37.47708 idfs9
46 0 623145 4 35.007713 idfs9
46 0 618680 5 34.864643 idfs9
46 0 3204917 6 34.274723 idfs9
46 0 1269289 7 33.743267 idfs9
46 0 137725 8 33.243126 idfs9
46 0 118452 9 32.634335 idfs9
47 0 2674861 0 39.550606 idfs9
47 0 2675754 1 39.550606 idfs9
47 0 108545 2 33.40387 idfs9
47 0 121149 3 32.936405 idfs9
47 0 96147 4 32.523663 idfs9
47 0 111362 5 32.198254 idfs9
47 0 118218 6 31.807327 idfs9
47 0 105417 7 31.64897 idfs9
47 0 142882 8 31.164772 idfs9
47 0 103019 9 30.731995 idfs9
48 0 2674861 0 34.2965 idfs9
48 0 2675754 1 34.2965 idfs9
48 0 103019 2 28.813816 idfs9
48 0 108041 3 28.46686 idfs9
48 0 112422 4 28.404703 idfs9
48 0 107451 5 27.363005 idfs9
48 0 109625 6 25.858961 idfs9
48 0 103201 7 25.404413 idfs9
48 0 104182 8 25.354067 idfs9
48 0 1116658 9 25.188251 idfs9
49 0 4162535 0 34.47294 idfs9
49 0 2672535 1 27.507538 idfs9
49 0 95414 2 24.50178 idfs9
49 0 101852 3 24.052082 idfs9
49 0 90620 4 22.795559 idfs9
49 0 93031 5 21.965353 idfs9
49 0 1957917 6 21.503456 idfs9
49 0 145626 7 21.448452 idfs9
49 0 95551 8 21.00045 idfs9
49 0 87007 9 20.74356 idfs9
50 0 112733 0 31.065308 idfs9
50 0 109776 1 30.855486 idfs9
50 0 118203 2 30.594301 idfs9
50 0 118449 3 30.29419 idfs9
50 0 111953 4 29.17219 idfs9
50 0 112671 5 29.098896 idfs9
50 0 183479 6 29.02568 idfs9
50 0 117950 7 29.023872 idfs9
50 0 110763 8 28.99451 idfs9
50 0 112606 9 28.979593 idfs9
51 0 1741 0 12.799715 idfs9
51 0 109715 1 12.79327 idfs9
51 0 145791 2 12.592452 idfs9
51 0 109466 3 12.415705 idfs9
51 0 112867 4 12.1768055 idfs9
51 0 2808293 5 12.10856 idfs9
51 0 107254 6 11.955757 idfs9
51 0 127913 7 11.8041315 idfs9
51 0 145849 8 11.670228 idfs9
51 0 103299 9 11.617933 idfs9
52 0 112770 0 33.173653 idfs9
52 0 110974 1 26.197943 idfs9
52 0 85452 2 26.143333 idfs9
52 0 112931 3 26.12498 idfs9
52 0 112293 4 26.052664 idfs9
52 0 110236 5 25.633698 idfs9
52 0 112802 6 25.415035 idfs9
52 0 118076 7 25.361767 idfs9
52 0 91094 8 25.31492 idfs9
52 0 111908 9 25.281666 idfs9
53 0 625711 0 41.43847 idfs9
53 0 872994 1 37.792458 idfs9
53 0 621045 2 36.63036 idfs9
53 0 112573 3 36.15067 idfs9
53 0 145628 4 35.31474 idfs9
53 0 145635 5 35.068512 idfs9
53 0 118357 6 34.30917 idfs9
53 0 112206 7 34.116894 idfs9
53 0 1754 8 33.414276 idfs9
53 0 112640 9 33.244255 idfs9
54 0 616862 0 39.484035 idfs9
54 0 205788 1 39.45393 idfs9
54 0 145632 2 38.89465 idfs9
54 0 216733 3 38.829876 idfs9
54 0 2358 4 38.03319 idfs9
54 0 1744 5 37.865273 idfs9
54 0 931123 6 37.789257 idfs9
54 0 145884 7 37.738148 idfs9
54 0 931614 8 37.395065 idfs9
54 0 145626 9 37.315678 idfs9
55 0 4154603 0 88.08987 idfs9
55 0 145731 1 64.647194 idfs9
55 0 110774 2 63.252586 idfs9
55 0 111261 3 59.81726 idfs9
55 0 145855 4 54.87399 idfs9
55 0 111420 5 53.431396 idfs9
55 0 118269 6 52.774315 idfs9
55 0 110021 7 47.901897 idfs9
55 0 112910 8 46.389874 idfs9
55 0 111982 9 42.05612 idfs9
56 0 4154603 0 44.7596 idfs9
56 0 145855 1 37.433064 idfs9
56 0 145629 2 35.773922 idfs9
56 0 2959741 3 33.593853 idfs9
56 0 931616 4 33.593853 idfs9
56 0 2677564 5 33.196686 idfs9
56 0 2678135 6 33.196686 idfs9
56 0 145731 7 31.211544 idfs9
56 0 2679558 8 30.648602 idfs9
56 0 2811845 9 29.010239 idfs9
57 0 145907 0 11.489927 idfs9
57 0 145745 1 11.393122 idfs9
57 0 147953 2 11.254984 idfs9
57 0 148480 3 11.254984 idfs9
57 0 2804673 4 11.093848 idfs9
57 0 110355 5 11.078581 idfs9
57 0 145772 6 10.920686 idfs9
57 0 112802 7 10.793517 idfs9
57 0 3209687 8 10.760067 idfs9
57 0 799986 9 10.597248 idfs9
58 0 118467 0 27.031853 idfs9
58 0 821305 1 26.944477 idfs9
58 0 2811845 2 25.870554 idfs9
58 0 117867 3 25.453138 idfs9
58 0 117832 4 25.376352 idfs9
58 0 106152 5 25.36626 idfs9
58 0 145804 6 25.31868 idfs9
58 0 118282 7 25.25609 idfs9
58 0 145881 8 25.198093 idfs9
58 0 112458 9 25.193466 idfs9
59 0 2788983 0 82.208855 idfs9
59 0 4170685 1 80.87178 idfs9
59 0 145627 2 76.06479 idfs9
59 0 931614 3 74.8559 idfs9
59 0 112824 4 74.50182 idfs9
59 0 112905 5 73.3239 idfs9
59 0 130158 6 73.15689 idfs9
59 0 117968 7 72.98204 idfs9
59 0 118037 8 72.46183 idfs9
59 0 111736 9 71.691284 idfs9
60 0 931614 0 60.357445 idfs9
60 0 127905 1 56.459965 idfs9
60 0 118257 2 55.990246 idfs9
60 0 145856 3 54.13683 idfs9
60 0 109810 4 54.067127 idfs9
60 0 110510 5 54.06554 idfs9
60 0 3195891 6 53.70844 idfs9
60 0 118334 7 53.60445 idfs9
60 0 109949 8 50.724167 idfs9
60 0 109706 9 50.29647 idfs9
61 0 2812210 0 76.213326 idfs9
61 0 145923 1 70.90113 idfs9
61 0 219815 2 70.78577 idfs9
61 0 145743 3 69.18599 idfs9
61 0 218457 4 66.850426 idfs9
61 0 3195092 5 64.89047 idfs9
61 0 1732 6 64.444695 idfs9
61 0 1087955 7 59.445095 idfs9
61 0 2620704 8 56.823734 idfs9
61 0 218132 9 55.616787 idfs9
62 0 117832 0 34.732063 idfs9
62 0 802770 1 34.635784 idfs9
62 0 110091 2 34.503376 idfs9
62 0 118381 3 34.071663 idfs9
62 0 118188 4 34.029354 idfs9
62 0 218921 5 33.994316 idfs9
62 0 205788 6 33.811188 idfs9
62 0 219512 7 33.438354 idfs9
62 0 145708 8 33.240185 idfs9
62 0 137739 9 33.141495 idfs9
63 0 97274 0 12.278889 idfs9
63 0 97779 1 12.177547 idfs9
63 0 106208 2 12.094651 idfs9
63 0 96019 3 11.970431 idfs9
63 0 1332352 4 11.934937 idfs9
63 0 1095862 5 11.876561 idfs9
63 0 102072 6 11.762625 idfs9
63 0 105496 7 11.759068 idfs9
63 0 96350 8 11.753965 idfs9
63 0 97873 9 11.656462 idfs9
64 0 2758568 0 53.92948 idfs9
64 0 145895 1 47.2853 idfs9
64 0 110645 2 42.734474 idfs9
64 0 102061 3 39.04782 idfs9
64 0 109773 4 38.360493 idfs9
64 0 111051 5 38.18346 idfs9
64 0 111082 6 37.84446 idfs9
64 0 110542 7 36.509827 idfs9
64 0 111936 8 36.37626 idfs9
64 0 150540 9 35.610733 idfs9
65 0 118123 0 25.392317 idfs9
65 0 112677 1 16.490902 idfs9
65 0 111285 2 15.669049 idfs9
65 0 145867 3 15.568397 idfs9
65 0 112016 4 15.540676 idfs9
65 0 112935 5 15.273837 idfs9
65 0 111051 6 15.036508 idfs9
65 0 4151825 7 14.851296 idfs9
65 0 122242 8 14.603481 idfs9
65 0 111838 9 14.365953 idfs9
66 0 3211501 0 49.985462 idfs9
66 0 145867 1 48.674137 idfs9
66 0 111632 2 47.71526 idfs9
66 0 112935 3 39.60339 idfs9
66 0 112106 4 37.78944 idfs9
66 0 112547 5 37.73367 idfs9
66 0 121170 6 33.452564 idfs9
66 0 111803 7 33.32503 idfs9
66 0 110251 8 32.71678 idfs9
66 0 134921 9 31.796593 idfs9
67 0 867645 0 28.356041 idfs9
67 0 145800 1 23.473875 idfs9
67 0 103093 2 23.394733 idfs9
67 0 145664 3 22.933886 idfs9
67 0 145635 4 22.89064 idfs9
67 0 110753 5 22.591331 idfs9
67 0 104194 6 22.40293 idfs9
67 0 88797 7 22.328238 idfs9
67 0 102083 8 22.315731 idfs9
67 0 106757 9 22.267464 idfs9
68 0 103675 0 51.01301 idfs9
68 0 100945 1 45.638695 idfs9
68 0 104522 2 42.572475 idfs9
68 0 106483 3 42.180977 idfs9
68 0 106930 4 41.826477 idfs9
68 0 103678 5 41.61226 idfs9
68 0 99167 6 41.189045 idfs9
68 0 2455531 7 41.16497 idfs9
68 0 99090 8 41.10791 idfs9
68 0 105646 9 40.86442 idfs9
69 0 112719 0 34.62563 idfs9
69 0 117927 1 34.297974 idfs9
69 0 118363 2 34.29333 idfs9
69 0 111438 3 34.270744 idfs9
69 0 799975 4 34.096214 idfs9
69 0 109510 5 34.07413 idfs9
69 0 118098 6 33.943214 idfs9
69 0 112881 7 33.870815 idfs9
69 0 799995 8 33.520588 idfs9
69 0 127899 9 33.43772 idfs9
70 0 118111 0 47.059177 idfs9
70 0 111709 1 46.76944 idfs9
70 0 112534 2 45.316628 idfs9
70 0 118080 3 42.403378 idfs9
70 0 117961 4 41.073677 idfs9
70 0 117927 5 40.84296 idfs9
70 0 1087961 6 40.69397 idfs9
70 0 118317 7 40.390476 idfs9
70 0 117859 8 40.148094 idfs9
70 0 118379 9 39.59478 idfs9
71 0 118052 0 43.552704 idfs9
71 0 112904 1 42.790497 idfs9
71 0 118234 2 41.055656 idfs9
71 0 110331 3 40.139153 idfs9
71 0 112914 4 37.1925 idfs9
71 0 111103 5 36.727325 idfs9
71 0 118005 6 36.527004 idfs9
71 0 108303 7 35.563965 idfs9
71 0 112311 8 35.54294 idfs9
71 0 112324 9 35.109104 idfs9
72 0 118052 0 35.402195 idfs9
72 0 112904 1 35.395103 idfs9
72 0 117979 2 33.857533 idfs9
72 0 109721 3 33.45414 idfs9
72 0 3189783 4 33.208282 idfs9
72 0 118234 5 33.167877 idfs9
72 0 112914 6 33.139416 idfs9
72 0 112311 7 32.815792 idfs9
72 0 2654533 8 32.613743 idfs9
72 0 2654756 9 32.613743 idfs9
73 0 2804674 0 42.980965 idfs9
73 0 1087954 1 41.512695 idfs9
73 0 145624 2 41.18948 idfs9
73 0 118043 3 40.991203 idfs9
73 0 111425 4 38.441593 idfs9
73 0 110692 5 37.874916 idfs9
73 0 145638 6 37.668385 idfs9
73 0 868383 7 36.695488 idfs9
73 0 145881 8 35.374474 idfs9
73 0 109931 9 34.688152 idfs9
74 0 2804674 0 34.296005 idfs9
74 0 112774 1 34.177845 idfs9
74 0 218667 2 32.663685 idfs9
74 0 108616 3 32.612667 idfs9
74 0 219734 4 31.326954 idfs9
74 0 3183079 5 31.291628 idfs9
74 0 110798 6 31.184141 idfs9
74 0 127908 7 30.962334 idfs9
74 0 110398 8 30.571812 idfs9
74 0 103459 9 30.355797 idfs9
75 0 118226 0 62.380512 idfs9
75 0 2678134 1 57.350037 idfs9
75 0 111291 2 57.004036 idfs9
75 0 112347 3 56.99227 idfs9
75 0 106659 4 56.305347 idfs9
75 0 2672210 5 55.694153 idfs9
75 0 2654755 6 55.694153 idfs9
75 0 110779 7 55.241955 idfs9
75 0 110964 8 54.80022 idfs9
75 0 111557 9 54.76298 idfs9
76 0 1740 0 43.704758 idfs9
76 0 108900 1 42.22058 idfs9
76 0 118390 2 41.06622 idfs9
76 0 145799 3 41.043518 idfs9
76 0 111508 4 40.80396 idfs9
76 0 2679833 5 40.766747 idfs9
76 0 2680440 6 40.766747 idfs9
76 0 111945 7 40.54559 idfs9
76 0 145652 8 39.94562 idfs9
76 0 150540 9 38.899532 idfs9
77 0 104355 0 34.898563 idfs9
77 0 112626 1 33.300117 idfs9
77 0 111455 2 33.00014 idfs9
77 0 111610 3 32.630745 idfs9
77 0 112646 4 32.029335 idfs9
77 0 97242 5 31.273724 idfs9
77 0 110223 6 30.778646 idfs9
77 0 112693 7 30.74205 idfs9
77 0 108605 8 30.053087 idfs9
77 0 109535 9 29.86377 idfs9
78 0 2812588 0 65.29421 idfs9
78 0 145632 1 64.18008 idfs9
78 0 117899 2 61.69067 idfs9
78 0 799976 3 61.06007 idfs9
78 0 111717 4 61.04173 idfs9
78 0 112485 5 60.765965 idfs9
78 0 111250 6 59.998154 idfs9
78 0 118022 7 59.33079 idfs9
78 0 111092 8 58.554832 idfs9
78 0 122258 9 58.430397 idfs9
79 0 111009 0 69.30773 idfs9
79 0 118143 1 64.77174 idfs9
79 0 111470 2 60.426094 idfs9
79 0 2680438 3 50.945004 idfs9
79 0 110221 4 46.201263 idfs9
79 0 3171728 5 42.606693 idfs9
79 0 903979 6 35.23866 idfs9
79 0 902768 7 35.23866 idfs9
79 0 118375 8 33.69704 idfs9
79 0 106328 9 33.14443 idfs9
80 0 108900 0 35.791794 idfs9
80 0 2679833 1 34.83644 idfs9
80 0 2680440 2 34.83644 idfs9
80 0 149285 3 34.430893 idfs9
80 0 98551 4 33.91282 idfs9
80 0 112738 5 33.420444 idfs9
80 0 142889 6 32.15664 idfs9
80 0 4106441 7 32.10597 idfs9
80 0 118376 8 31.892246 idfs9
80 0 111502 9 31.685072 idfs9
81 0 118373 0 19.551338 idfs9
81 0 112260 1 19.345835 idfs9
81 0 799991 2 19.129072 idfs9
81 0 4157383 3 18.988497 idfs9
81 0 145881 4 18.721382 idfs9
81 0 3209687 5 18.584707 idfs9
81 0 148484 6 18.481604 idfs9
81 0 111914 7 18.260223 idfs9
81 0 3181481 8 18.034279 idfs9
81 0 802791 9 17.961758 idfs9
82 0 821305 0 26.76409 idfs9
82 0 112869 1 26.304064 idfs9
82 0 105931 2 25.900173 idfs9
82 0 104132 3 25.773268 idfs9
82 0 112305 4 25.309269 idfs9
82 0 112292 5 25.228704 idfs9
82 0 104194 6 25.226395 idfs9
82 0 111106 7 25.037428 idfs9
82 0 117837 8 25.018625 idfs9
82 0 112803 9 24.975136 idfs9
83 0 145859 0 77.78455 idfs9
83 0 111151 1 58.35345 idfs9
83 0 111246 2 57.344463 idfs9
83 0 111194 3 56.711292 idfs9
83 0 111664 4 56.325294 idfs9
83 0 111103 5 55.499527 idfs9
83 0 111663 6 55.333958 idfs9
83 0 137746 7 55.060314 idfs9
83 0 820896 8 54.91831 idfs9
83 0 109894 9 52.483032 idfs9
84 0 145859 0 74.70382 idfs9
84 0 111151 1 68.94234 idfs9
84 0 111664 2 67.026596 idfs9
84 0 110361 3 66.664406 idfs9
84 0 800858 4 65.21897 idfs9
84 0 109200 5 65.215256 idfs9
84 0 109893 6 63.850292 idfs9
84 0 122251 7 63.38785 idfs9
84 0 110473 8 63.153885 idfs9
84 0 112922 9 62.936256 idfs9
85 0 802973 0 57.010017 idfs9
85 0 803271 1 57.010017 idfs9
85 0 2959737 2 57.010017 idfs9
85 0 137749 3 48.73209 idfs9
85 0 150543 4 46.277203 idfs9
85 0 2959732 5 46.277203 idfs9
85 0 146553 6 45.825584 idfs9
85 0 146790 7 45.825584 idfs9
85 0 111586 8 44.171894 idfs9
85 0 218925 9 43.9482 idfs9
86 0 3171724 0 46.715496 idfs9
86 0 3177199 1 46.715496 idfs9
86 0 3177200 2 46.715496 idfs9
86 0 3195092 3 40.13169 idfs9
86 0 3205766 4 35.655624 idfs9
86 0 802973 5 34.68296 idfs9
86 0 803271 6 34.68296 idfs9
86 0 2959737 7 34.68296 idfs9
86 0 3170730 8 33.314663 idfs9
86 0 3177197 9 33.314663 idfs9
87 0 143378 0 37.99065 idfs9
87 0 112807 1 35.721527 idfs9
87 0 112746 2 35.17723 idfs9
87 0 112080 3 34.488583 idfs9
87 0 111170 4 33.829784 idfs9
87 0 136998 5 33.55878 idfs9
87 0 118109 6 33.349743 idfs9
87 0 117899 7 31.858757 idfs9
87 0 111186 8 31.35558 idfs9
87 0 105721 9 31.151207 idfs9
88 0 625833 0 33.217472 idfs9
88 0 145122 1 33.19619 idfs9
88 0 111170 2 32.059788 idfs9
88 0 130159 3 31.54272 idfs9
88 0 182991 4 31.509851 idfs9
88 0 625711 5 31.200941 idfs9
88 0 127691 6 31.092642 idfs9
88 0 145770 7 30.913069 idfs9
88 0 147529 8 30.848574 idfs9
88 0 182992 9 30.372425 idfs9
89 0 4151822 0 126.85343 idfs9
89 0 2812588 1 113.134766 idfs9
89 0 4162110 2 96.70644 idfs9
89 0 2770446 3 91.6584 idfs9
89 0 145817 4 68.09242 idfs9
89 0 4106440 5 66.58962 idfs9
89 0 145954 6 62.862404 idfs9
89 0 145647 7 62.417202 idfs9
89 0 134747 8 58.454014 idfs9
89 0 111029 9 58.242615 idfs9
90 0 145626 0 18.24007 idfs9
90 0 109643 1 18.059114 idfs9
90 0 109921 2 17.77049 idfs9
90 0 118054 3 17.559464 idfs9
90 0 118420 4 17.250887 idfs9
90 0 109079 5 17.12165 idfs9
90 0 2620698 6 16.893915 idfs9
90 0 109776 7 16.632711 idfs9
90 0 109080 8 16.504326 idfs9
90 0 109016 9 16.35744 idfs9
91 0 3212514 0 64.06972 idfs9
91 0 219097 1 49.341354 idfs9
91 0 145892 2 47.7265 idfs9
91 0 145785 3 45.662086 idfs9
91 0 1087959 4 45.658447 idfs9
91 0 856791 5 44.72478 idfs9
91 0 110032 6 44.48971 idfs9
91 0 624280 7 43.48653 idfs9
91 0 118507 8 42.27448 idfs9
91 0 109043 9 41.813797 idfs9
92 0 3212514 0 26.903666 idfs9
92 0 2675751 1 20.716505 idfs9
92 0 4162936 2 19.816256 idfs9
92 0 109818 3 19.779089 idfs9
92 0 111820 4 19.702543 idfs9
92 0 111828 5 19.672152 idfs9
92 0 109857 6 19.473564 idfs9
92 0 111694 7 19.302534 idfs9
92 0 112241 8 18.80575 idfs9
92 0 111191 9 18.743567 idfs9
93 0 110877 0 97.3817 idfs9
93 0 118107 1 94.03004 idfs9
93 0 118334 2 93.523384 idfs9
93 0 130158 3 93.11607 idfs9
93 0 109610 4 86.29756 idfs9
93 0 4151827 5 84.78172 idfs9
93 0 110248 6 83.13603 idfs9
93 0 931614 7 82.706436 idfs9
93 0 2788983 8 82.17573 idfs9
93 0 110200 9 80.9996 idfs9
94 0 931614 0 113.16882 idfs9
94 0 3195891 1 98.56655 idfs9
94 0 4151827 2 97.23071 idfs9
94 0 2788983 3 91.81572 idfs9
94 0 130158 4 78.430084 idfs9
94 0 145901 5 77.06887 idfs9
94 0 117874 6 74.25542 idfs9
94 0 118107 7 73.465195 idfs9
94 0 118334 8 73.3804 idfs9
94 0 110248 9 73.37426 idfs9
95 0 107232 0 32.151466 idfs9
95 0 108555 1 30.855558 idfs9
95 0 105495 2 29.856674 idfs9
95 0 107794 3 26.722271 idfs9
95 0 107475 4 26.160212 idfs9
95 0 111385 5 24.75686 idfs9
95 0 108161 6 24.14969 idfs9
95 0 101863 7 24.149267 idfs9
95 0 112765 8 23.936962 idfs9
95 0 112343 9 23.814802 idfs9
96 0 104330 0 17.70571 idfs9
96 0 91961 1 17.516226 idfs9
96 0 91505 2 17.411898 idfs9
96 0 104523 3 17.329176 idfs9
96 0 2650505 4 17.316637 idfs9
96 0 86280 5 17.313784 idfs9
96 0 108711 6 16.9305 idfs9
96 0 106657 7 16.904106 idfs9
96 0 104055 8 16.803156 idfs9
96 0 108330 9 16.772976 idfs9
97 0 112101 0 43.849777 idfs9
97 0 111922 1 34.383484 idfs9
97 0 136993 2 29.629063 idfs9
97 0 2806208 3 25.271902 idfs9
97 0 2808294 4 25.271902 idfs9
97 0 118379 5 24.937983 idfs9
97 0 145822 6 24.29301 idfs9
97 0 134751 7 24.255568 idfs9
97 0 105412 8 24.04193 idfs9
97 0 109772 9 23.819136 idfs9
98 0 2655591 0 30.992998 idfs9
98 0 103809 1 30.463606 idfs9
98 0 145822 2 29.962645 idfs9
98 0 145903 3 29.916857 idfs9
98 0 117902 4 29.358744 idfs9
98 0 118148 5 29.12628 idfs9
98 0 110146 6 29.111235 idfs9
98 0 2676593 7 29.043581 idfs9
98 0 3181481 8 28.723845 idfs9
98 0 110996 9 28.48564 idfs9
99 0 112267 0 59.100803 idfs9
99 0 111884 1 44.941334 idfs9
99 0 110552 2 43.94501 idfs9
99 0 118121 3 38.902084 idfs9
99 0 109976 4 37.75212 idfs9
99 0 104759 5 35.00672 idfs9
99 0 110578 6 34.932312 idfs9
99 0 145914 7 33.018578 idfs9
99 0 109673 8 32.262314 idfs9
99 0 112723 9 31.529978 idfs9
100 0 112267 0 89.44162 idfs9
100 0 110552 1 80.07863 idfs9
100 0 111886 2 63.147594 idfs9
100 0 111884 3 62.667065 idfs9
100 0 112723 4 59.596935 idfs9
100 0 102981 5 58.297535 idfs9
100 0 110098 6 57.059505 idfs9
100 0 112227 7 56.50252 idfs9
100 0 109678 8 55.853268 idfs9
100 0 102161 9 54.999043 idfs9
