1 0 112795 0 42.410923 idfs8
1 0 111116 1 41.01921 idfs8
1 0 2649076 2 38.574062 idfs8
1 0 219732 3 38.46589 idfs8
1 0 219733 4 38.16758 idfs8
1 0 220342 5 38.16758 idfs8
1 0 112924 6 37.5215 idfs8
1 0 149702 7 36.830524 idfs8
1 0 110370 8 36.51409 idfs8
1 0 112436 9 35.92869 idfs8
2 0 4170684 0 24.71504 idfs8
2 0 2644673 1 22.235964 idfs8
2 0 145692 2 20.135988 idfs8
2 0 149006 3 19.684845 idfs8
2 0 104571 4 19.55825 idfs8
2 0 112423 5 19.115366 idfs8
2 0 110134 6 18.7398 idfs8
2 0 109466 7 18.364809 idfs8
2 0 108555 8 18.24508 idfs8
2 0 103549 9 18.202808 idfs8
3 0 3162143 0 54.952793 idfs8
3 0 215496 1 54.157032 idfs8
3 0 215694 2 54.157032 idfs8
3 0 2959735 3 54.15599 idfs8
3 0 118029 4 53.01676 idfs8
3 0 112212 5 52.219185 idfs8
3 0 118475 6 50.027424 idfs8
3 0 149007 7 49.70714 idfs8
3 0 130157 8 49.603203 idfs8
3 0 111091 9 49.442646 idfs8
4 0 215496 0 69.84174 idfs8
4 0 215694 1 69.794815 idfs8
4 0 2959735 2 69.79273 idfs8
4 0 149007 3 68.31171 idfs8
4 0 623142 4 57.710773 idfs8
4 0 118029 5 56.695827 idfs8
4 0 3162143 6 54.967518 idfs8
4 0 145890 7 54.77493 idfs8
4 0 117959 8 54.65694 idfs8
4 0 107492 9 54.29401 idfs8
5 0 183480 0 46.307255 idfs8
5 0 111789 1 42.514862 idfs8
5 0 110056 2 41.989933 idfs8
5 0 108089 3 41.297417 idfs8
5 0 118174 4 40.517212 idfs8
5 0 2672209 5 39.937725 idfs8
5 0 2657779 6 39.937725 idfs8
5 0 117911 7 37.8376 idfs8
5 0 118217 8 36.854633 idfs8
5 0 108088 9 36.216526 idfs8
6 0 117932 0 31.562025 idfs8
6 0 2811844 1 29.77296 idfs8
6 0 2959750 2 29.77296 idfs8
6 0 110883 3 22.030687 idfs8
6 0 118174 4 21.67437 idfs8
6 0 2672209 5 21.135199 idfs8
6 0 2657779 6 21.135199 idfs8
6 0 109004 7 21.10161 idfs8
6 0 2680591 8 20.84616 idfs8
6 0 111789 9 20.721285 idfs8
7 0 147531 0 41.047836 idfs8
7 0 145715 1 40.938553 idfs8
7 0 2672535 2 39.3732 idfs8
7 0 134749 3 39.074387 idfs8
7 0 2655591 4 38.462692 idfs8
7 0 214949 5 38.192993 idfs8
7 0 215071 6 38.192993 idfs8
7 0 110932 7 38.086903 idfs8
7 0 3195892 8 37.96687 idfs8
7 0 217512 9 37.64021 idfs8
8 0 146981 0 22.386461 idfs8
8 0 145911 1 20.970297 idfs8
8 0 2760668 2 20.06081 idfs8
8 0 2771248 3 19.981968 idfs8
8 0 104034 4 19.086386 idfs8
8 0 2679558 5 18.913885 idfs8
8 0 145898 6 18.860857 idfs8
8 0 182991 7 18.770248 idfs8
8 0 2812587 8 18.747894 idfs8
8 0 2959748 9 18.747894 idfs8
9 0 112641 0 66.421 idfs8
9 0 2675751 1 63.49874 idfs8
9 0 118212 2 62.79775 idfs8
9 0 111694 3 62.56601 idfs8
9 0 109720 4 62.21339 idfs8
9 0 118011 5 60.43922 idfs8
9 0 127923 6 59.90853 idfs8
9 0 112230 7 58.44721 idfs8
9 0 111191 8 57.40289 idfs8
9 0 127887 9 56.540966 idfs8
10 0 145715 0 49.854023 idfs8
10 0 112423 1 49.690926 idfs8
10 0 112931 2 49.51623 idfs8
10 0 121163 3 45.715065 idfs8
10 0 111500 4 45.71162 idfs8
10 0 112094 5 45.303104 idfs8
10 0 214949 6 44.813942 idfs8
10 0 215071 7 44.813942 idfs8
10 0 147531 8 44.809345 idfs8
10 0 112291 9 43.62816 idfs8
11 0 1747 0 28.94561 idfs8
11 0 110800 1 28.840803 idfs8
11 0 873668 2 28.796015 idfs8
11 0 107553 3 28.157833 idfs8
11 0 2743678 4 27.953186 idfs8
11 0 931123 5 27.8881 idfs8
11 0 2809767 6 27.594957 idfs8
11 0 2811850 7 27.594957 idfs8
11 0 145960 8 27.54546 idfs8
11 0 620560 9 27.519318 idfs8
12 0 2672535 0 36.945007 idfs8
12 0 809121 1 28.261795 idfs8
12 0 621195 2 25.499283 idfs8
12 0 621270 3 25.499283 idfs8
12 0 3153112 4 25.38646 idfs8
12 0 109096 5 25.013609 idfs8
12 0 111537 6 23.273338 idfs8
12 0 3207860 7 23.013502 idfs8
12 0 2812586 8 22.943554 idfs8
12 0 109248 9 22.773312 idfs8
13 0 802973 0 67.348755 idfs8
13 0 803271 1 67.348755 idfs8
13 0 2959737 2 67.348755 idfs8
13 0 2642828 3 67.0746 idfs8
13 0 145967 4 62.357063 idfs8
13 0 2812588 5 60.188282 idfs8
13 0 2959730 6 57.533012 idfs8
13 0 614392 7 55.689503 idfs8
13 0 614485 8 55.689503 idfs8
13 0 802770 9 55.336315 idfs8
14 0 2812588 0 39.940796 idfs8
14 0 614392 1 39.430325 idfs8
14 0 614485 2 39.430325 idfs8
14 0 124715 3 38.08455 idfs8
14 0 145632 4 34.32143 idfs8
14 0 145958 5 34.253956 idfs8
14 0 145967 6 34.209297 idfs8
14 0 145965 7 33.872257 idfs8
14 0 105886 8 32.74104 idfs8
14 0 110496 9 32.730114 idfs8
15 0 2812588 0 58.54289 idfs8
15 0 4162111 1 47.885757 idfs8
15 0 4015951 2 47.184032 idfs8
15 0 3207858 3 45.842194 idfs8
15 0 4106440 4 42.956062 idfs8
15 0 4151822 5 42.695633 idfs8
15 0 3199501 6 41.95688 idfs8
15 0 3177196 7 41.531067 idfs8
15 0 4151821 8 40.365055 idfs8
15 0 2806207 9 38.229004 idfs8
16 0 2812588 0 48.42665 idfs8
16 0 4151822 1 44.091774 idfs8
16 0 2155 2 43.036263 idfs8
16 0 2770446 3 42.14172 idfs8
16 0 2771249 4 37.71022 idfs8
16 0 121146 5 34.828407 idfs8
16 0 145817 6 34.82822 idfs8
16 0 134747 7 33.91799 idfs8
16 0 150540 8 33.739174 idfs8
16 0 1921234 9 33.45099 idfs8
17 0 117987 0 26.9221 idfs8
17 0 145639 1 26.024172 idfs8
17 0 118125 2 25.982267 idfs8
17 0 117968 3 25.954618 idfs8
17 0 118230 4 25.904577 idfs8
17 0 110593 5 25.805016 idfs8
17 0 111302 6 25.349237 idfs8
17 0 1087697 7 25.28776 idfs8
17 0 3187209 8 25.040022 idfs8
17 0 112076 9 25.026674 idfs8
18 0 148484 0 66.7088 idfs8
18 0 110600 1 55.442867 idfs8
18 0 145664 2 54.41736 idfs8
18 0 105382 3 54.284664 idfs8
18 0 137739 4 53.974007 idfs8
18 0 110810 5 53.601013 idfs8
18 0 3209687 6 53.211594 idfs8
18 0 111880 7 53.191116 idfs8
18 0 118507 8 52.985153 idfs8
18 0 145763 9 52.910336 idfs8
19 0 106639 0 15.619338 idfs8
19 0 104895 1 15.555479 idfs8
19 0 109180 2 15.449481 idfs8
19 0 111880 3 14.921834 idfs8
19 0 112557 4 14.900501 idfs8
19 0 110692 5 14.848532 idfs8
19 0 620671 6 14.824262 idfs8
19 0 93820 7 14.748582 idfs8
19 0 117867 8 14.652828 idfs8
19 0 112921 9 14.613421 idfs8
20 0 118243 0 27.00976 idfs8
20 0 626454 1 24.934937 idfs8
20 0 108538 2 24.704731 idfs8
20 0 136996 3 24.250875 idfs8
20 0 866023 4 24.225977 idfs8
20 0 118358 5 24.111195 idfs8
20 0 111727 6 23.851377 idfs8
20 0 111198 7 23.821552 idfs8
20 0 118043 8 23.790932 idfs8
20 0 111433 9 23.783175 idfs8
21 0 2659300 0 36.22981 idfs8
21 0 118371 1 34.20348 idfs8
21 0 117890 2 32.320305 idfs8
21 0 867657 3 32.18568 idfs8
21 0 112777 4 32.088528 idfs8
21 0 145925 5 31.685226 idfs8
21 0 112846 6 31.279375 idfs8
21 0 112799 7 30.786268 idfs8
21 0 111858 8 30.086397 idfs8
21 0 2795279 9 29.913086 idfs8
22 0 111021 0 69.99199 idfs8
22 0 145644 1 69.250694 idfs8
22 0 112737 2 68.467804 idfs8
22 0 109807 3 64.447334 idfs8
22 0 145788 4 64.115005 idfs8
22 0 111517 5 63.96567 idfs8
22 0 112880 6 62.880768 idfs8
22 0 118416 7 62.532997 idfs8
22 0 117852 8 62.426937 idfs8
22 0 873660 9 62.35102 idfs8
23 0 112257 0 20.019007 idfs8
23 0 4162535 1 18.551195 idfs8
23 0 118449 2 18.005817 idfs8
23 0 137736 3 16.73973 idfs8
23 0 2810525 4 16.672497 idfs8
23 0 2811847 5 16.672497 idfs8
23 0 3153112 6 16.028645 idfs8
23 0 145738 7 15.982131 idfs8
23 0 111610 8 15.83212 idfs8
23 0 107645 9 15.52817 idfs8
24 0 2804671 0 27.837353 idfs8
24 0 182558 1 25.388401 idfs8
24 0 2801435 2 24.93082 idfs8
24 0 802408 3 24.47733 idfs8
24 0 2654754 4 23.413376 idfs8
24 0 616433 5 23.310493 idfs8
24 0 625711 6 23.2535 idfs8
24 0 3217476 7 22.954407 idfs8
24 0 145635 8 22.679176 idfs8
24 0 798626 9 22.241137 idfs8
25 0 112345 0 35.33196 idfs8
25 0 3211503 1 34.263687 idfs8
25 0 112616 2 32.36381 idfs8
25 0 118021 3 28.29702 idfs8
25 0 108632 4 27.838446 idfs8
25 0 101911 5 27.197044 idfs8
25 0 107971 6 26.704185 idfs8
25 0 134732 7 25.780117 idfs8
25 0 108129 8 25.030212 idfs8
25 0 105018 9 24.506554 idfs8
26 0 117872 0 49.699654 idfs8
26 0 118026 1 48.714195 idfs8
26 0 145758 2 48.68598 idfs8
26 0 112324 3 47.706505 idfs8
26 0 112616 4 46.65924 idfs8
26 0 112724 5 46.472313 idfs8
26 0 112045 6 46.266838 idfs8
26 0 111056 7 45.037193 idfs8
26 0 118052 8 44.68599 idfs8
26 0 127910 9 44.060738 idfs8
27 0 4157382 0 42.499645 idfs8
27 0 4157405 1 42.499645 idfs8
27 0 112346 2 34.14986 idfs8
27 0 111141 3 34.030296 idfs8
27 0 110384 4 32.67357 idfs8
27 0 112071 5 30.823942 idfs8
27 0 110706 6 29.273396 idfs8
27 0 110320 7 28.985756 idfs8
27 0 118475 8 27.414368 idfs8
27 0 620673 9 26.772114 idfs8
28 0 4157382 0 66.39034 idfs8
28 0 4157405 1 66.39034 idfs8
28 0 112346 2 50.398647 idfs8
28 0 112523 3 44.419754 idfs8
28 0 111141 4 43.281227 idfs8
28 0 217703 5 42.08846 idfs8
28 0 112308 6 38.982075 idfs8
28 0 107063 7 38.07738 idfs8
28 0 2679557 8 38.020275 idfs8
28 0 110384 9 35.995625 idfs8
29 0 112620 0 30.328054 idfs8
29 0 4151826 1 28.062815 idfs8
29 0 205788 2 27.962778 idfs8
29 0 111471 3 27.852448 idfs8
29 0 145726 4 27.747166 idfs8
29 0 145632 5 27.696386 idfs8
29 0 145843 6 27.513569 idfs8
29 0 626206 7 27.25029 idfs8
29 0 118351 8 26.811907 idfs8
29 0 3195890 9 26.603401 idfs8
30 0 145841 0 55.930847 idfs8
30 0 205788 1 53.389095 idfs8
30 0 218921 2 52.966564 idfs8
30 0 145708 3 51.396553 idfs8
30 0 118117 4 49.4482 idfs8
30 0 137739 5 48.61817 idfs8
30 0 145843 6 48.052734 idfs8
30 0 145761 7 47.049076 idfs8
30 0 626206 8 46.508266 idfs8
30 0 145916 9 46.145134 idfs8
31 0 145925 0 46.69759 idfs8
31 0 148797 1 46.36063 idfs8
31 0 118412 2 43.844456 idfs8
31 0 3207859 3 40.70123 idfs8
31 0 137003 4 40.239597 idfs8
31 0 130146 5 40.057537 idfs8
31 0 616433 6 39.84432 idfs8
31 0 145857 7 39.652634 idfs8
31 0 2784695 8 38.377865 idfs8
31 0 902771 9 37.97467 idfs8
32 0 110561 0 22.655985 idfs8
32 0 118458 1 21.6873 idfs8
32 0 112329 2 21.402683 idfs8
32 0 118499 3 21.24452 idfs8
32 0 118023 4 21.104403 idfs8
32 0 109450 5 20.78567 idfs8
32 0 118455 6 20.61127 idfs8
32 0 118139 7 20.46476 idfs8
32 0 118303 8 20.442425 idfs8
32 0 118321 9 20.183052 idfs8
33 0 2809767 0 30.95418 idfs8
33 0 2811850 1 30.95418 idfs8
33 0 2676594 2 25.310272 idfs8
33 0 2675753 3 24.840523 idfs8
33 0 2679204 4 24.840523 idfs8
33 0 112728 5 24.301992 idfs8
33 0 118302 6 22.908949 idfs8
33 0 110382 7 22.765766 idfs8
33 0 182991 8 22.432087 idfs8
33 0 110667 9 22.359615 idfs8
34 0 2676594 0 90.10967 idfs8
34 0 2809767 1 89.40579 idfs8
34 0 2811850 2 89.40579 idfs8
34 0 2675753 3 89.3602 idfs8
34 0 2679204 4 89.3602 idfs8
34 0 136994 5 49.85881 idfs8
34 0 137727 6 48.159046 idfs8
34 0 112325 7 45.108227 idfs8
34 0 121158 8 43.05176 idfs8
34 0 145870 9 42.67499 idfs8
35 0 932061 0 33.28637 idfs8
35 0 821306 1 31.854345 idfs8
35 0 118329 2 31.356567 idfs8
35 0 149005 3 30.784138 idfs8
35 0 3205767 4 30.622704 idfs8
35 0 109586 5 30.152357 idfs8
35 0 112747 6 29.917028 idfs8
35 0 213843 7 29.767998 idfs8
35 0 214063 8 29.767998 idfs8
35 0 214467 9 29.767998 idfs8
36 0 109923 0 38.07729 idfs8
36 0 112259 1 37.905205 idfs8
36 0 131163 2 37.41013 idfs8
36 0 112069 3 36.75018 idfs8
36 0 109703 4 36.566357 idfs8
36 0 213843 5 36.027836 idfs8
36 0 214063 6 36.027836 idfs8
36 0 214467 7 36.027836 idfs8
36 0 110599 8 35.385674 idfs8
36 0 118234 9 35.02877 idfs8
37 0 4151829 0 39.609932 idfs8
37 0 145731 1 37.610245 idfs8
37 0 111982 2 35.555824 idfs8
37 0 112910 3 35.466892 idfs8
37 0 118269 4 34.989773 idfs8
37 0 110742 5 33.62981 idfs8
37 0 110774 6 32.832 idfs8
37 0 103870 7 32.666054 idfs8
37 0 145855 8 32.599686 idfs8
37 0 111420 9 31.202978 idfs8
38 0 118269 0 68.72365 idfs8
38 0 1993216 1 61.201126 idfs8
38 0 145855 2 58.892548 idfs8
38 0 112910 3 58.74562 idfs8
38 0 4151829 4 58.704655 idfs8
38 0 112887 5 56.78097 idfs8
38 0 145731 6 55.788353 idfs8
38 0 112292 7 54.412296 idfs8
38 0 145629 8 53.798557 idfs8
38 0 111264 9 51.82315 idfs8
39 0 102086 0 23.591335 idfs8
39 0 112568 1 23.295042 idfs8
39 0 2674861 2 23.15847 idfs8
39 0 2675754 3 23.15847 idfs8
39 0 105058 4 21.865213 idfs8
39 0 111432 5 21.845749 idfs8
39 0 112420 6 21.65964 idfs8
39 0 111502 7 21.597933 idfs8
39 0 112855 8 21.3394 idfs8
39 0 1731 9 20.887707 idfs8
40 0 931120 0 26.075226 idfs8
40 0 145943 1 25.641882 idfs8
40 0 2810526 2 23.049755 idfs8
40 0 112348 3 21.979774 idfs8
40 0 149007 4 21.500793 idfs8
40 0 3171723 5 21.480682 idfs8
40 0 3170727 6 21.09188 idfs8
40 0 2769807 7 20.908854 idfs8
40 0 4161363 8 20.579367 idfs8
40 0 212970 9 20.34996 idfs8
41 0 112585 0 37.455128 idfs8
41 0 109186 1 36.480484 idfs8
41 0 110132 2 34.9522 idfs8
41 0 111198 3 33.997593 idfs8
41 0 110075 4 33.424725 idfs8
41 0 111891 5 33.033745 idfs8
41 0 112924 6 32.28883 idfs8
41 0 111254 7 32.09124 idfs8
41 0 112440 8 31.759823 idfs8
41 0 2810525 9 30.591032 idfs8
42 0 112924 0 43.661797 idfs8
42 0 3189783 1 42.883728 idfs8
42 0 137003 2 42.614708 idfs8
42 0 118131 3 42.29579 idfs8
42 0 3177199 4 42.25365 idfs8
42 0 145632 5 42.236637 idfs8
42 0 3171724 6 41.74134 idfs8
42 0 3177200 7 41.74134 idfs8
42 0 112810 8 41.454502 idfs8
42 0 117864 9 41.302513 idfs8
43 0 112920 0 18.964554 idfs8
43 0 2680590 1 18.962698 idfs8
43 0 2959745 2 18.962698 idfs8
43 0 103366 3 17.218006 idfs8
43 0 112305 4 17.056086 idfs8
43 0 90079 5 16.985462 idfs8
43 0 106707 6 16.9636 idfs8
43 0 110519 7 16.876478 idfs8
43 0 103735 8 16.84546 idfs8
43 0 118113 9 16.826918 idfs8
44 0 183480 0 24.128996 idfs8
44 0 802408 1 23.049864 idfs8
44 0 2781925 2 22.660572 idfs8
44 0 145674 3 20.788181 idfs8
44 0 109329 4 20.68455 idfs8
44 0 110162 5 20.64019 idfs8
44 0 111968 6 20.37717 idfs8
44 0 112144 7 20.258183 idfs8
44 0 104158 8 20.046171 idfs8
44 0 1087605 9 20.046171 idfs8
45 0 3181481 0 28.025051 idfs8
45 0 112309 1 26.75754 idfs8
45 0 118496 2 26.336193 idfs8
45 0 111754 3 25.710272 idfs8
45 0 145755 4 25.193237 idfs8
45 0 110757 5 24.887453 idfs8
45 0 130159 6 24.82788 idfs8
45 0 127691 7 24.826805 idfs8
45 0 107663 8 24.664824 idfs8
45 0 106592 9 24.4798 idfs8
46 0 2804673 0 41.145 idfs8
46 0 145772 1 38.415363 idfs8
46 0 866024 2 36.05885 idfs8
46 0 858802 3 36.05885 idfs8
46 0 623145 4 33.373665 idfs8
46 0 618680 5 33.03003 idfs8
46 0 3204917 6 32.688557 idfs8
46 0 1269289 7 32.28534 idfs8
46 0 137725 8 32.061108 idfs8
46 0 118452 9 31.359297 idfs8
47 0 2674861 0 35.416138 idfs8
47 0 2675754 1 35.416138 idfs8
47 0 108545 2 29.706724 idfs8
47 0 96147 3 28.88272 idfs8
47 0 105417 4 28.80067 idfs8
47 0 121149 5 28.51544 idfs8
47 0 111362 6 28.274393 idfs8
47 0 2518018 7 28.219873 idfs8
47 0 118218 8 27.913624 idfs8
47 0 142882 9 27.26059 idfs8
48 0 2674861 0 32.762444 idfs8
48 0 2675754 1 32.762444 idfs8
48 0 103019 2 27.76918 idfs8
48 0 112422 3 26.630268 idfs8
48 0 108041 4 26.626657 idfs8
48 0 107451 5 25.981115 idfs8
48 0 103201 6 24.241896 idfs8
48 0 96287 7 24.11598 idfs8
48 0 109625 8 24.002293 idfs8
48 0 104182 9 23.431358 idfs8
49 0 4162535 0 32.29909 idfs8
49 0 2672535 1 25.556595 idfs8
49 0 90620 2 22.795559 idfs8
49 0 101852 3 22.788073 idfs8
49 0 95414 4 22.602852 idfs8
49 0 1957917 5 20.239447 idfs8
49 0 93031 6 19.934065 idfs8
49 0 95551 7 19.694597 idfs8
49 0 87007 8 19.519808 idfs8
49 0 145626 9 19.327024 idfs8
50 0 112733 0 29.603819 idfs8
50 0 118449 1 29.227526 idfs8
50 0 118203 2 29.196625 idfs8
50 0 109776 3 29.175585 idfs8
50 0 110763 4 27.867594 idfs8
50 0 117950 5 27.831545 idfs8
50 0 111953 6 27.78955 idfs8
50 0 112671 7 27.684767 idfs8
50 0 183479 8 27.667624 idfs8
50 0 112606 9 27.574972 idfs8
51 0 145849 0 11.670228 idfs8
51 0 109715 1 11.654159 idfs8
51 0 1741 2 11.2986965 idfs8
51 0 112867 3 11.160378 idfs8
51 0 107587 4 11.034416 idfs8
51 0 127913 5 11.026271 idfs8
51 0 107254 6 10.93933 idfs8
51 0 145791 7 10.796401 idfs8
51 0 109466 8 10.776106 idfs8
51 0 2808293 9 10.769122 idfs8
52 0 112770 0 28.52398 idfs8
52 0 118076 1 23.130981 idfs8
52 0 111908 2 22.926695 idfs8
52 0 91094 3 22.582758 idfs8
52 0 110974 4 22.181402 idfs8
52 0 802399 5 21.993385 idfs8
52 0 107187 6 21.595594 idfs8
52 0 85452 7 21.575043 idfs8
52 0 91913 8 21.381975 idfs8
52 0 110236 9 21.364113 idfs8
53 0 625711 0 37.94368 idfs8
53 0 872994 1 34.22968 idfs8
53 0 621045 2 33.016693 idfs8
53 0 112573 3 32.57088 idfs8
53 0 145628 4 31.59217 idfs8
53 0 145635 5 31.564243 idfs8
53 0 112206 6 30.70685 idfs8
53 0 118357 7 30.589003 idfs8
53 0 112728 8 29.991274 idfs8
53 0 104615 9 29.93184 idfs8
54 0 616862 0 37.468056 idfs8
54 0 205788 1 36.929302 idfs8
54 0 216733 2 36.661736 idfs8
54 0 145632 3 36.48247 idfs8
54 0 2358 4 36.297417 idfs8
54 0 1744 5 36.206974 idfs8
54 0 145884 6 36.16453 idfs8
54 0 931614 7 36.134964 idfs8
54 0 145626 8 35.53806 idfs8
54 0 145807 9 34.89737 idfs8
55 0 4154603 0 85.34936 idfs8
55 0 145731 1 60.76986 idfs8
55 0 110774 2 59.300762 idfs8
55 0 111261 3 55.863922 idfs8
55 0 145855 4 51.888397 idfs8
55 0 111420 5 49.58933 idfs8
55 0 118269 6 48.416176 idfs8
55 0 110021 7 43.622555 idfs8
55 0 112910 8 43.340435 idfs8
55 0 111982 9 39.13159 idfs8
56 0 4154603 0 41.865887 idfs8
56 0 145855 1 34.194946 idfs8
56 0 145629 2 32.81727 idfs8
56 0 2959741 3 30.157185 idfs8
56 0 931616 4 30.157185 idfs8
56 0 2677564 5 29.871822 idfs8
56 0 2678135 6 29.871822 idfs8
56 0 145731 7 27.913626 idfs8
56 0 2679558 8 27.61991 idfs8
56 0 2811845 9 25.727028 idfs8
57 0 145907 0 11.489927 idfs8
57 0 145745 1 11.393122 idfs8
57 0 147953 2 11.254984 idfs8
57 0 148480 3 11.254984 idfs8
57 0 2804673 4 11.093848 idfs8
57 0 110355 5 11.078581 idfs8
57 0 145772 6 10.920686 idfs8
57 0 112802 7 10.793517 idfs8
57 0 3209687 8 10.760067 idfs8
57 0 799986 9 10.597248 idfs8
58 0 118467 0 24.367058 idfs8
58 0 821305 1 23.577976 idfs8
58 0 2811845 2 22.810568 idfs8
58 0 2671725 3 22.782902 idfs8
58 0 2672207 4 22.756649 idfs8
58 0 118282 5 22.687057 idfs8
58 0 106152 6 22.483946 idfs8
58 0 145881 7 22.262327 idfs8
58 0 117832 8 22.191206 idfs8
58 0 112077 9 22.178715 idfs8
59 0 2788983 0 75.88871 idfs8
59 0 4170685 1 74.08813 idfs8
59 0 145627 2 69.23139 idfs8
59 0 112824 3 68.38965 idfs8
59 0 931614 4 68.3359 idfs8
59 0 130158 5 67.19164 idfs8
59 0 112905 6 66.87747 idfs8
59 0 117968 7 66.5161 idfs8
59 0 2672208 8 66.0709 idfs8
59 0 2670794 9 66.0709 idfs8
60 0 931614 0 57.063984 idfs8
60 0 118257 1 53.274616 idfs8
60 0 127905 2 52.971867 idfs8
60 0 145856 3 51.639015 idfs8
60 0 109810 4 51.09871 idfs8
60 0 110510 5 50.48763 idfs8
60 0 118334 6 50.30485 idfs8
60 0 3195891 7 50.05874 idfs8
60 0 118107 8 47.699738 idfs8
60 0 109949 9 47.293125 idfs8
61 0 2812210 0 72.755394 idfs8
61 0 219815 1 67.64053 idfs8
61 0 145923 2 67.4716 idfs8
61 0 145743 3 65.78894 idfs8
61 0 218457 4 63.86605 idfs8
61 0 3195092 5 61.60036 idfs8
61 0 1732 6 61.121197 idfs8
61 0 1087955 7 56.4213 idfs8
61 0 2620704 8 54.11901 idfs8
61 0 218132 9 52.436718 idfs8
62 0 110091 0 31.999105 idfs8
62 0 117832 1 31.5367 idfs8
62 0 802770 2 31.096754 idfs8
62 0 219512 3 30.927004 idfs8
62 0 218921 4 30.85099 idfs8
62 0 118381 5 30.641068 idfs8
62 0 118188 6 30.561274 idfs8
62 0 205788 7 30.429129 idfs8
62 0 118045 8 30.335016 idfs8
62 0 145708 9 30.084776 idfs8
63 0 97274 0 12.278889 idfs8
63 0 97779 1 12.177547 idfs8
63 0 106208 2 12.094651 idfs8
63 0 96019 3 11.970431 idfs8
63 0 1332352 4 11.934937 idfs8
63 0 1095862 5 11.876561 idfs8
63 0 102072 6 11.762625 idfs8
63 0 105496 7 11.759068 idfs8
63 0 96350 8 11.753965 idfs8
63 0 97873 9 11.656462 idfs8
64 0 2758568 0 49.757687 idfs8
64 0 145895 1 43.61462 idfs8
64 0 110645 2 39.258038 idfs8
64 0 102061 3 35.523403 idfs8
64 0 111051 4 35.213078 idfs8
64 0 109773 5 34.60108 idfs8
64 0 111082 6 34.45676 idfs8
64 0 111936 7 33.404217 idfs8
64 0 110542 8 32.975597 idfs8
64 0 150540 9 32.591255 idfs8
65 0 118123 0 23.634132 idfs8
65 0 112677 1 14.765429 idfs8
65 0 111285 2 13.946826 idfs8
65 0 112016 3 13.846302 idfs8
65 0 145867 4 13.816968 idfs8
65 0 112935 5 13.60833 idfs8
65 0 111051 6 13.291323 idfs8
65 0 4151825 7 13.121343 idfs8
65 0 122242 8 12.956097 idfs8
65 0 111838 9 12.657526 idfs8
66 0 3211501 0 47.288746 idfs8
66 0 145867 1 45.922943 idfs8
66 0 111632 2 44.529213 idfs8
66 0 112935 3 36.45479 idfs8
66 0 112547 4 34.928104 idfs8
66 0 112106 5 34.677483 idfs8
66 0 111803 6 30.949886 idfs8
66 0 121170 7 30.770168 idfs8
66 0 110251 8 29.652668 idfs8
66 0 134921 9 28.91545 idfs8
67 0 867645 0 26.36453 idfs8
67 0 145664 1 22.455893 idfs8
67 0 2959738 2 22.19924 idfs8
67 0 145800 3 21.54233 idfs8
67 0 112891 4 21.443922 idfs8
67 0 103093 5 21.373055 idfs8
67 0 145635 6 21.301641 idfs8
67 0 88797 7 20.697983 idfs8
67 0 110753 8 20.687265 idfs8
67 0 106757 9 20.500626 idfs8
68 0 103675 0 48.397594 idfs8
68 0 100945 1 42.381935 idfs8
68 0 103678 2 39.786224 idfs8
68 0 106483 3 39.30586 idfs8
68 0 104522 4 39.266285 idfs8
68 0 99090 5 39.185165 idfs8
68 0 106930 6 38.751118 idfs8
68 0 103093 7 38.287624 idfs8
68 0 99167 8 38.054245 idfs8
68 0 2455531 9 38.030174 idfs8
69 0 112719 0 32.139885 idfs8
69 0 111438 1 31.913446 idfs8
69 0 117927 2 31.865389 idfs8
69 0 118363 3 31.809835 idfs8
69 0 799975 4 31.616272 idfs8
69 0 109510 5 31.509745 idfs8
69 0 118098 6 31.42092 idfs8
69 0 112881 7 31.415846 idfs8
69 0 127899 8 30.99409 idfs8
69 0 799995 9 30.978746 idfs8
70 0 118111 0 44.372986 idfs8
70 0 111709 1 44.26644 idfs8
70 0 112534 2 42.351723 idfs8
70 0 118080 3 39.820465 idfs8
70 0 117961 4 38.227737 idfs8
70 0 117927 5 38.163616 idfs8
70 0 1087961 6 38.056087 idfs8
70 0 117859 7 37.957996 idfs8
70 0 118317 8 37.45433 idfs8
70 0 118379 9 37.05129 idfs8
71 0 118052 0 39.085285 idfs8
71 0 112904 1 38.432594 idfs8
71 0 118234 2 36.964184 idfs8
71 0 110331 3 35.88401 idfs8
71 0 112914 4 33.099464 idfs8
71 0 111103 5 33.017582 idfs8
71 0 118005 6 32.644287 idfs8
71 0 117979 7 32.02072 idfs8
71 0 108303 8 31.870573 idfs8
71 0 112311 9 31.48065 idfs8
72 0 112904 0 32.660778 idfs8
72 0 118052 1 32.129284 idfs8
72 0 117979 2 31.156565 idfs8
72 0 112914 3 30.796242 idfs8
72 0 118234 4 30.323587 idfs8
72 0 3189783 5 30.242247 idfs8
72 0 109721 6 30.10994 idfs8
72 0 112311 7 29.767723 idfs8
72 0 2654533 8 29.556524 idfs8
72 0 2654756 9 29.556524 idfs8
73 0 2804674 0 38.859306 idfs8
73 0 1087954 1 37.637817 idfs8
73 0 145624 2 37.482834 idfs8
73 0 118043 3 37.355553 idfs8
73 0 111425 4 34.549515 idfs8
73 0 145638 5 34.28534 idfs8
73 0 110692 6 34.07611 idfs8
73 0 868383 7 33.013145 idfs8
73 0 145881 8 31.853506 idfs8
73 0 109931 9 31.29487 idfs8
74 0 2804674 0 32.43623 idfs8
74 0 112774 1 31.97041 idfs8
74 0 108616 2 30.638952 idfs8
74 0 218667 3 30.518734 idfs8
74 0 219734 4 29.493689 idfs8
74 0 3183079 5 29.233852 idfs8
74 0 110798 6 29.137312 idfs8
74 0 127908 7 28.954268 idfs8
74 0 103459 8 28.703144 idfs8
74 0 110398 9 28.51679 idfs8
75 0 118226 0 55.839138 idfs8
75 0 111291 1 53.20453 idfs8
75 0 106428 2 52.093555 idfs8
75 0 112347 3 50.610985 idfs8
75 0 106659 4 49.714302 idfs8
75 0 90423 5 49.44542 idfs8
75 0 2678134 6 48.803253 idfs8
75 0 2672210 7 48.48753 idfs8
75 0 2654755 8 48.48753 idfs8
75 0 111557 9 48.46024 idfs8
76 0 1740 0 40.14791 idfs8
76 0 108900 1 38.89785 idfs8
76 0 2679833 2 37.740643 idfs8
76 0 2680440 3 37.740643 idfs8
76 0 111508 4 37.277134 idfs8
76 0 145799 5 36.733883 idfs8
76 0 118390 6 35.811405 idfs8
76 0 145652 7 35.606373 idfs8
76 0 111945 8 35.48308 idfs8
76 0 150540 9 34.66137 idfs8
77 0 104355 0 33.16945 idfs8
77 0 112626 1 31.680872 idfs8
77 0 111610 2 31.270748 idfs8
77 0 111455 3 31.125666 idfs8
77 0 112646 4 30.394459 idfs8
77 0 97242 5 29.73821 idfs8
77 0 112693 6 29.582363 idfs8
77 0 110223 7 29.215544 idfs8
77 0 108605 8 28.566576 idfs8
77 0 110594 9 28.234657 idfs8
78 0 2812588 0 57.906273 idfs8
78 0 117899 1 57.161934 idfs8
78 0 145632 2 57.042496 idfs8
78 0 118022 3 54.347675 idfs8
78 0 111717 4 53.952953 idfs8
78 0 112485 5 53.871037 idfs8
78 0 111250 6 53.67308 idfs8
78 0 799976 7 53.059044 idfs8
78 0 111092 8 52.68159 idfs8
78 0 111271 9 51.606026 idfs8
79 0 111009 0 64.37908 idfs8
79 0 118143 1 60.113724 idfs8
79 0 111470 2 56.52293 idfs8
79 0 2680438 3 46.32174 idfs8
79 0 110221 4 41.59632 idfs8
79 0 3171728 5 37.597908 idfs8
79 0 903979 6 32.186516 idfs8
79 0 902768 7 32.186516 idfs8
79 0 106328 8 30.179478 idfs8
79 0 118375 9 29.079702 idfs8
80 0 108900 0 31.305077 idfs8
80 0 149285 1 30.637424 idfs8
80 0 2679833 2 30.22862 idfs8
80 0 2680440 3 30.22862 idfs8
80 0 98551 4 29.765959 idfs8
80 0 112738 5 29.48341 idfs8
80 0 111502 6 27.928108 idfs8
80 0 102890 7 27.83603 idfs8
80 0 142889 8 27.649942 idfs8
80 0 4106441 9 27.506672 idfs8
81 0 118373 0 18.160915 idfs8
81 0 112260 1 17.881277 idfs8
81 0 4157383 2 17.842237 idfs8
81 0 799991 3 17.452438 idfs8
81 0 111914 4 17.413988 idfs8
81 0 110073 5 17.017326 idfs8
81 0 3209687 6 16.775108 idfs8
81 0 145881 7 16.696049 idfs8
81 0 111418 8 16.587273 idfs8
81 0 802791 9 16.508785 idfs8
82 0 821305 0 25.017233 idfs8
82 0 112869 1 24.977524 idfs8
82 0 105931 2 24.735453 idfs8
82 0 104132 3 24.48962 idfs8
82 0 104194 4 23.843197 idfs8
82 0 112305 5 23.755322 idfs8
82 0 117837 6 23.693478 idfs8
82 0 112292 7 23.677702 idfs8
82 0 112803 8 23.64081 idfs8
82 0 111106 9 23.486427 idfs8
83 0 145859 0 72.457726 idfs8
83 0 111246 1 53.53247 idfs8
83 0 111151 2 53.190407 idfs8
83 0 111663 3 51.811058 idfs8
83 0 111194 4 51.466946 idfs8
83 0 111664 5 51.28479 idfs8
83 0 820896 6 50.77201 idfs8
83 0 111103 7 50.350597 idfs8
83 0 137746 8 50.27796 idfs8
83 0 122251 9 48.834953 idfs8
84 0 145859 0 70.95186 idfs8
84 0 111151 1 65.16236 idfs8
84 0 111664 2 63.57916 idfs8
84 0 110361 3 63.26068 idfs8
84 0 109200 4 62.009693 idfs8
84 0 800858 5 61.521385 idfs8
84 0 109893 6 60.62098 idfs8
84 0 122251 7 60.165592 idfs8
84 0 110473 8 60.115868 idfs8
84 0 110731 9 59.485313 idfs8
85 0 802973 0 51.672825 idfs8
85 0 803271 1 51.672825 idfs8
85 0 2959737 2 51.672825 idfs8
85 0 137749 3 44.47698 idfs8
85 0 150543 4 41.98463 idfs8
85 0 2959732 5 41.98463 idfs8
85 0 146553 6 41.4852 idfs8
85 0 146790 7 41.4852 idfs8
85 0 111586 8 41.35988 idfs8
85 0 218925 9 40.31776 idfs8
86 0 3171724 0 44.91028 idfs8
86 0 3177199 1 44.91028 idfs8
86 0 3177200 2 44.91028 idfs8
86 0 3195092 3 38.544533 idfs8
86 0 3205766 4 35.027927 idfs8
86 0 802973 5 32.978783 idfs8
86 0 803271 6 32.978783 idfs8
86 0 2959737 7 32.978783 idfs8
86 0 3170730 8 31.538757 idfs8
86 0 3177197 9 31.538757 idfs8
87 0 143378 0 35.589745 idfs8
87 0 112807 1 32.612946 idfs8
87 0 136998 2 31.16705 idfs8
87 0 112746 3 31.076765 idfs8
87 0 112080 4 30.847237 idfs8
87 0 111170 5 30.724894 idfs8
87 0 118109 6 29.488083 idfs8
87 0 117899 7 28.918238 idfs8
87 0 111186 8 28.353298 idfs8
87 0 1088038 9 27.623667 idfs8
88 0 625833 0 31.00309 idfs8
88 0 145122 1 30.739977 idfs8
88 0 625711 2 29.717855 idfs8
88 0 111170 3 29.578642 idfs8
88 0 130159 4 28.786957 idfs8
88 0 181012 5 28.6486 idfs8
88 0 127691 6 28.38035 idfs8
88 0 182991 7 28.333685 idfs8
88 0 145770 8 28.166058 idfs8
88 0 145839 9 28.144514 idfs8
89 0 4151822 0 121.69142 idfs8
89 0 2812588 1 107.6075 idfs8
89 0 4162110 2 92.74366 idfs8
89 0 2770446 3 89.48755 idfs8
89 0 145817 4 63.19094 idfs8
89 0 145954 5 62.862404 idfs8
89 0 4106440 6 62.570084 idfs8
89 0 145647 7 58.11628 idfs8
89 0 111029 8 54.021336 idfs8
89 0 134747 9 53.4841 idfs8
90 0 145626 0 18.238026 idfs8
90 0 109643 1 18.056898 idfs8
90 0 109921 2 17.768366 idfs8
90 0 118054 3 17.557247 idfs8
90 0 118420 4 17.24871 idfs8
90 0 109079 5 17.119562 idfs8
90 0 2620698 6 16.891777 idfs8
90 0 109776 7 16.6305 idfs8
90 0 109080 8 16.502155 idfs8
90 0 109016 9 16.355274 idfs8
91 0 3212514 0 61.559315 idfs8
91 0 219097 1 46.869984 idfs8
91 0 145892 2 44.832882 idfs8
91 0 856791 3 43.004402 idfs8
91 0 145785 4 42.803013 idfs8
91 0 1087959 5 42.631413 idfs8
91 0 110032 6 41.395184 idfs8
91 0 624280 7 40.825512 idfs8
91 0 118507 8 39.33092 idfs8
91 0 109043 9 38.827194 idfs8
92 0 3212514 0 25.21055 idfs8
92 0 2675751 1 19.018795 idfs8
92 0 111820 2 18.477795 idfs8
92 0 109857 3 17.962934 idfs8
92 0 109818 4 17.85297 idfs8
92 0 111694 5 17.837534 idfs8
92 0 111828 6 17.832375 idfs8
92 0 4162936 7 17.797117 idfs8
92 0 112241 8 17.618961 idfs8
92 0 111191 9 17.089996 idfs8
93 0 110877 0 91.22007 idfs8
93 0 118107 1 87.448105 idfs8
93 0 130158 2 87.06432 idfs8
93 0 118334 3 86.594986 idfs8
93 0 109610 4 80.45431 idfs8
93 0 4151827 5 78.06134 idfs8
93 0 110248 6 77.32152 idfs8
93 0 931614 7 75.990074 idfs8
93 0 2788983 8 75.62189 idfs8
93 0 110200 9 75.62085 idfs8
94 0 931614 0 106.72625 idfs8
94 0 3195891 1 91.72804 idfs8
94 0 4151827 2 90.44998 idfs8
94 0 2788983 3 85.83346 idfs8
94 0 130158 4 72.64422 idfs8
94 0 145901 5 71.10886 idfs8
94 0 117874 6 68.19212 idfs8
94 0 2743641 7 67.76042 idfs8
94 0 2959756 8 67.76042 idfs8
94 0 110248 9 67.73466 idfs8
95 0 107232 0 32.145523 idfs8
95 0 108555 1 30.848743 idfs8
95 0 105495 2 29.84949 idfs8
95 0 107794 3 26.714933 idfs8
95 0 107475 4 26.153748 idfs8
95 0 111385 5 24.749355 idfs8
95 0 108161 6 24.142475 idfs8
95 0 101863 7 24.14178 idfs8
95 0 112765 8 23.929558 idfs8
95 0 112343 9 23.807722 idfs8
96 0 91505 0 16.52102 idfs8
96 0 104330 1 16.471664 idfs8
96 0 2650505 2 16.087822 idfs8
96 0 86280 3 15.925043 idfs8
96 0 91961 4 15.8748255 idfs8
96 0 104523 5 15.634345 idfs8
96 0 2959738 6 15.408248 idfs8
96 0 103631 7 15.402481 idfs8
96 0 106657 8 15.397894 idfs8
96 0 108711 9 15.391666 idfs8
97 0 112101 0 39.95979 idfs8
97 0 111922 1 30.77679 idfs8
97 0 136993 2 26.083454 idfs8
97 0 2806208 3 21.800571 idfs8
97 0 2808294 4 21.800571 idfs8
97 0 118379 5 21.100834 idfs8
97 0 145822 6 20.500788 idfs8
97 0 105412 7 20.344902 idfs8
97 0 134751 8 20.210981 idfs8
97 0 109772 9 19.735806 idfs8
98 0 2655591 0 27.333912 idfs8
98 0 103809 1 27.007177 idfs8
98 0 145822 2 26.826725 idfs8
98 0 145903 3 26.815872 idfs8
98 0 110146 4 26.398193 idfs8
98 0 2676593 5 26.101446 idfs8
98 0 110156 6 26.095932 idfs8
98 0 118148 7 25.950056 idfs8
98 0 117902 8 25.854578 idfs8
98 0 108783 9 25.575756 idfs8
99 0 112267 0 55.80073 idfs8
99 0 111884 1 41.490402 idfs8
99 0 110552 2 40.783577 idfs8
99 0 118121 3 35.63912 idfs8
99 0 109976 4 35.190224 idfs8
99 0 104759 5 31.73943 idfs8
99 0 110578 6 31.72298 idfs8
99 0 145914 7 29.703445 idfs8
99 0 109673 8 28.798376 idfs8
99 0 112723 9 28.080105 idfs8
100 0 112267 0 82.88807 idfs8
100 0 110552 1 72.232506 idfs8
100 0 111886 2 57.54641 idfs8
100 0 111884 3 56.108 idfs8
100 0 112723 4 53.368126 idfs8
100 0 102981 5 52.00712 idfs8
100 0 110098 6 51.508526 idfs8
100 0 112227 7 51.217236 idfs8
100 0 109678 8 50.816284 idfs8
100 0 104883 9 50.17322 idfs8
