1 0 109368 0 8.983674 idfs1
1 0 108789 1 8.683483 idfs1
1 0 108947 2 8.683483 idfs1
1 0 112589 3 8.667003 idfs1
1 0 109359 4 8.142183 idfs1
1 0 110407 5 8.142183 idfs1
1 0 110728 6 8.142183 idfs1
1 0 111317 7 8.075307 idfs1
1 0 118483 8 7.7067785 idfs1
1 0 112540 9 7.4945426 idfs1
2 0 108555 0 10.192553 idfs1
2 0 4170684 1 10.133535 idfs1
2 0 107232 2 10.078937 idfs1
2 0 118348 3 10.016153 idfs1
2 0 107475 4 10.014966 idfs1
2 0 104044 5 9.970714 idfs1
2 0 105495 6 9.937759 idfs1
2 0 2644673 7 9.921711 idfs1
2 0 104209 8 9.913892 idfs1
2 0 106171 9 9.875465 idfs1
3 0 623142 0 13.65673 idfs1
3 0 111219 1 13.5414095 idfs1
3 0 145821 2 13.428854 idfs1
3 0 112212 3 13.254101 idfs1
3 0 130143 4 13.023624 idfs1
3 0 118029 5 12.925492 idfs1
3 0 108779 6 12.914091 idfs1
3 0 110967 7 12.859059 idfs1
3 0 109293 8 12.740987 idfs1
3 0 118415 9 12.67004 idfs1
4 0 149007 0 11.574224 idfs1
4 0 215496 1 10.516315 idfs1
4 0 2959735 2 10.469387 idfs1
4 0 215694 3 10.469387 idfs1
4 0 92614 4 9.148992 idfs1
4 0 97129 5 9.1134615 idfs1
4 0 4168362 6 8.826678 idfs1
4 0 89226 7 8.654698 idfs1
4 0 623142 8 8.654698 idfs1
4 0 103615 9 8.348396 idfs1
5 0 122256 0 8.88667 idfs1
5 0 117932 1 5.1935306 idfs1
5 0 104313 2 5.1188517 idfs1
5 0 112065 3 3.9745526 idfs1
5 0 118241 4 3.7535975 idfs1
5 0 112194 5 2.0851777 idfs1
5 0 110056 6 2.0851777 idfs1
5 0 145632 7 2.0851777 idfs1
5 0 149586 8 0.8930734 idfs1
5 0 149703 9 0.8930734 idfs1
6 0 106257 0 15.054063 idfs1
6 0 2811844 1 14.644307 idfs1
6 0 2959750 2 14.644307 idfs1
6 0 105695 3 14.545866 idfs1
6 0 105790 4 14.515762 idfs1
6 0 117932 5 13.942565 idfs1
6 0 110048 6 13.698967 idfs1
6 0 110883 7 11.131127 idfs1
6 0 108449 8 10.194346 idfs1
6 0 4151831 9 9.925687 idfs1
7 0 623142 0 6.782439 idfs1
7 0 2752078 1 6.0678625 idfs1
7 0 3207859 2 5.1653237 idfs1
7 0 2790213 3 4.7681074 idfs1
7 0 820745 4 4.7681074 idfs1
7 0 4102799 5 4.7681074 idfs1
7 0 145919 6 4.57072 idfs1
7 0 4157382 7 4.57072 idfs1
7 0 4157405 8 4.57072 idfs1
7 0 4157406 9 4.57072 idfs1
8 0 2670643 0 7.616506 idfs1
8 0 215806 1 6.2932334 idfs1
8 0 145911 2 5.634873 idfs1
8 0 2654532 3 5.634873 idfs1
8 0 2750102 4 5.357173 idfs1
8 0 145898 5 5.357173 idfs1
8 0 2642830 6 5.357173 idfs1
8 0 3203658 7 5.357173 idfs1
8 0 145859 8 4.9452033 idfs1
8 0 182991 9 4.7404847 idfs1
9 0 110543 0 9.230787 idfs1
9 0 111680 1 3.9782112 idfs1
9 0 85404 2 3.1937525 idfs1
9 0 111264 3 2.2099538 idfs1
9 0 145908 4 2.2099538 idfs1
9 0 118213 5 1.3268889 idfs1
10 0 121163 0 7.326638 idfs1
10 0 107280 1 7.2709107 idfs1
10 0 112855 2 7.2235317 idfs1
10 0 110943 3 7.2235317 idfs1
10 0 2801434 4 7.214176 idfs1
10 0 110614 5 7.125727 idfs1
10 0 111981 6 6.9303327 idfs1
10 0 112005 7 6.874715 idfs1
10 0 111047 8 6.7214956 idfs1
10 0 117998 9 6.6559606 idfs1
11 0 104940 0 6.327766 idfs1
11 0 116686 1 6.279892 idfs1
11 0 97364 2 6.2785435 idfs1
11 0 118457 3 6.250098 idfs1
11 0 96873 4 6.222108 idfs1
11 0 2620774 5 6.2124834 idfs1
11 0 86503 6 6.191493 idfs1
11 0 107870 7 6.165704 idfs1
11 0 99424 8 6.1582313 idfs1
11 0 86804 9 6.1288433 idfs1
12 0 96880 0 12.169 idfs1
12 0 95036 1 10.934208 idfs1
12 0 94279 2 9.980058 idfs1
12 0 2743640 3 8.969411 idfs1
12 0 4162110 4 8.632956 idfs1
12 0 95142 5 8.282451 idfs1
12 0 94119 6 8.282451 idfs1
12 0 99753 7 8.282451 idfs1
12 0 92317 8 7.399201 idfs1
12 0 809121 9 7.399201 idfs1
13 0 811777 0 11.368007 idfs1
13 0 801109 1 4.509938 idfs1
13 0 2959730 2 3.8247333 idfs1
13 0 3168776 3 3.6426103 idfs1
13 0 145632 4 3.4401085 idfs1
13 0 2812588 5 2.8651981 idfs1
13 0 802973 6 2.7837973 idfs1
13 0 803271 7 2.7837973 idfs1
13 0 2959737 8 2.7837973 idfs1
13 0 218666 9 2.7617576 idfs1
14 0 93720 0 10.04359 idfs1
14 0 90497 1 9.784766 idfs1
14 0 107759 2 9.748227 idfs1
14 0 90802 3 9.557193 idfs1
14 0 614392 4 9.437645 idfs1
14 0 614485 5 9.437645 idfs1
14 0 107679 6 9.151065 idfs1
14 0 108225 7 9.064862 idfs1
14 0 108193 8 8.871379 idfs1
14 0 4151817 9 8.868935 idfs1
15 0 4151822 0 15.945891 idfs1
15 0 3207858 1 14.801167 idfs1
15 0 2812588 2 14.010155 idfs1
15 0 4106440 3 12.799654 idfs1
15 0 4015951 4 12.533073 idfs1
15 0 4151821 5 12.533073 idfs1
15 0 3177196 6 11.757804 idfs1
15 0 4162111 7 11.069176 idfs1
15 0 4162534 8 11.069176 idfs1
15 0 4171965 9 11.069176 idfs1
16 0 118206 0 7.560205 idfs1
16 0 100487 1 7.0023437 idfs1
16 0 2155 2 7.0023437 idfs1
16 0 104935 3 6.718043 idfs1
16 0 97805 4 6.718043 idfs1
16 0 101420 5 6.5922318 idfs1
16 0 111163 6 6.0853705 idfs1
16 0 94103 7 6.0853705 idfs1
16 0 101396 8 5.9506454 idfs1
16 0 100259 9 5.9506454 idfs1
17 0 108437 0 4.6314607 idfs1
17 0 145955 1 4.404905 idfs1
17 0 145956 2 4.404905 idfs1
17 0 112055 3 4.378308 idfs1
17 0 105549 4 4.3613048 idfs1
17 0 109639 5 4.162448 idfs1
17 0 3187209 6 4.141761 idfs1
17 0 107735 7 4.1280828 idfs1
17 0 105959 8 4.0144 idfs1
17 0 110277 9 4.0144 idfs1
18 0 112428 0 10.030932 idfs1
18 0 112434 1 9.898477 idfs1
18 0 148484 2 9.872101 idfs1
18 0 2670966 3 9.786273 idfs1
18 0 111772 4 9.78419 idfs1
18 0 93008 5 9.614947 idfs1
18 0 104870 6 9.546332 idfs1
18 0 87824 7 9.478715 idfs1
18 0 84854 8 9.478715 idfs1
18 0 4161362 9 9.395482 idfs1
19 0 98107 0 6.9777107 idfs1
19 0 107474 1 6.957276 idfs1
19 0 99241 2 6.9540334 idfs1
19 0 110530 3 6.9388337 idfs1
19 0 105052 4 6.8885736 idfs1
19 0 98294 5 6.8741236 idfs1
19 0 95645 6 6.872637 idfs1
19 0 107473 7 6.855478 idfs1
19 0 99347 8 6.855006 idfs1
19 0 96275 9 6.8504286 idfs1
20 0 4151817 0 8.387404 idfs1
20 0 4162936 1 5.601283 idfs1
20 0 2359 2 4.493899 idfs1
20 0 867644 3 4.1805325 idfs1
20 0 147528 4 3.730279 idfs1
20 0 3203656 5 3.730279 idfs1
20 0 3206414 6 3.730279 idfs1
20 0 866023 7 3.5344737 idfs1
20 0 2758568 8 3.5344737 idfs1
20 0 2758569 9 3.5344737 idfs1
21 0 85426 0 10.025913 idfs1
21 0 112039 1 9.783362 idfs1
21 0 90472 2 9.783362 idfs1
21 0 118055 3 9.561841 idfs1
21 0 130139 4 9.543721 idfs1
21 0 112068 5 9.525489 idfs1
21 0 112846 6 9.342524 idfs1
21 0 111895 7 8.918161 idfs1
21 0 117918 8 8.652951 idfs1
21 0 86383 9 8.539369 idfs1
22 0 1303477 0 13.442666 idfs1
22 0 108000 1 13.394914 idfs1
22 0 110908 2 13.221319 idfs1
22 0 96577 3 12.768729 idfs1
22 0 111585 4 12.126933 idfs1
22 0 114849 5 11.327325 idfs1
22 0 138637 6 11.235032 idfs1
22 0 111172 7 10.899018 idfs1
22 0 85351 8 10.786356 idfs1
22 0 111553 9 10.56911 idfs1
23 0 111993 0 6.5769267 idfs1
23 0 111907 1 6.251806 idfs1
23 0 111897 2 6.039617 idfs1
23 0 109052 3 5.8800097 idfs1
23 0 105583 4 5.8576207 idfs1
23 0 110835 5 5.8167424 idfs1
23 0 109809 6 5.7635326 idfs1
23 0 110953 7 5.737127 idfs1
23 0 112346 8 5.6567445 idfs1
23 0 109191 9 5.6567445 idfs1
24 0 109265 0 10.812226 idfs1
24 0 2620844 1 9.897321 idfs1
24 0 112872 2 9.847843 idfs1
24 0 109698 3 9.701855 idfs1
24 0 111318 4 9.465267 idfs1
24 0 110916 5 9.147123 idfs1
24 0 109674 6 8.632004 idfs1
24 0 94605 7 8.256744 idfs1
24 0 108136 8 8.01464 idfs1
24 0 94035 9 7.161041 idfs1
25 0 97072 0 7.220503 idfs1
25 0 110043 1 6.7594995 idfs1
25 0 103002 2 6.66749 idfs1
25 0 106536 3 6.542626 idfs1
25 0 111040 4 6.542626 idfs1
25 0 98874 5 6.542626 idfs1
25 0 109512 6 6.3615937 idfs1
25 0 108576 7 6.1746325 idfs1
25 0 109238 8 6.089714 idfs1
25 0 118445 9 6.0395784 idfs1
26 0 625709 0 8.710077 idfs1
26 0 4161362 1 8.710077 idfs1
26 0 620672 2 5.942101 idfs1
26 0 626208 3 5.4322 idfs1
26 0 148798 4 5.305809 idfs1
26 0 3209686 5 5.053405 idfs1
26 0 856345 6 5.053405 idfs1
26 0 2810527 7 4.444303 idfs1
26 0 2811848 8 4.444303 idfs1
26 0 2758569 9 4.272452 idfs1
27 0 118475 0 11.357863 idfs1
27 0 2797291 1 11.292429 idfs1
27 0 109704 2 11.253098 idfs1
27 0 110255 3 11.232152 idfs1
27 0 112071 4 11.226791 idfs1
27 0 111141 5 11.186241 idfs1
27 0 145827 6 11.17185 idfs1
27 0 118489 7 11.144395 idfs1
27 0 4157382 8 11.136885 idfs1
27 0 4157405 9 11.136885 idfs1
28 0 145975 0 7.461631 idfs1
28 0 4168298 1 7.461631 idfs1
28 0 616869 2 6.8879237 idfs1
28 0 2742710 3 6.7931314 idfs1
28 0 2750102 4 6.7931314 idfs1
28 0 180494 5 6.7931314 idfs1
28 0 181012 6 6.7931314 idfs1
28 0 873668 7 6.7931314 idfs1
28 0 2812585 8 6.7931314 idfs1
28 0 612628 9 6.735431 idfs1
29 0 100296 0 5.3252525 idfs1
29 0 93823 1 5.2005396 idfs1
29 0 92666 2 5.133217 idfs1
29 0 101568 3 5.0796747 idfs1
29 0 88552 4 4.967296 idfs1
29 0 90792 5 4.967296 idfs1
29 0 98560 6 4.889049 idfs1
29 0 103389 7 4.8579288 idfs1
29 0 111306 8 4.7359014 idfs1
29 0 96639 9 4.7359014 idfs1
30 0 118045 0 14.321316 idfs1
30 0 205788 1 13.918504 idfs1
30 0 145841 2 13.604508 idfs1
30 0 145916 3 13.443623 idfs1
30 0 112704 4 12.885073 idfs1
30 0 112734 5 12.782345 idfs1
30 0 218921 6 12.781096 idfs1
30 0 137739 7 12.745377 idfs1
30 0 145843 8 12.6118355 idfs1
30 0 145708 9 12.497373 idfs1
31 0 2959752 0 7.6072907 idfs1
31 0 2750100 1 7.0258403 idfs1
31 0 4151820 2 6.2856193 idfs1
31 0 145854 3 5.805946 idfs1
31 0 802408 4 5.805946 idfs1
31 0 145898 5 5.3506913 idfs1
31 0 2812587 6 5.210274 idfs1
31 0 2959748 7 5.210274 idfs1
31 0 3171727 8 5.210274 idfs1
31 0 3177198 9 5.210274 idfs1
32 0 112836 0 7.971441 idfs1
32 0 111754 1 7.967354 idfs1
32 0 112329 2 7.954161 idfs1
32 0 117924 3 7.8976903 idfs1
32 0 107168 4 7.872462 idfs1
32 0 2679557 5 7.861413 idfs1
32 0 1087950 6 7.852092 idfs1
32 0 145905 7 7.8432016 idfs1
32 0 110312 8 7.806548 idfs1
32 0 112774 9 7.793132 idfs1
33 0 2676594 0 10.75079 idfs1
33 0 2675753 1 10.707589 idfs1
33 0 2679204 2 10.707589 idfs1
33 0 2809767 3 9.9638 idfs1
33 0 2811850 4 9.9638 idfs1
33 0 112962 5 9.636662 idfs1
33 0 139563 6 9.578524 idfs1
33 0 146986 7 8.837832 idfs1
33 0 95048 8 8.626589 idfs1
33 0 91083 9 8.551444 idfs1
34 0 2676594 0 15.238615 idfs1
34 0 2675753 1 15.169417 idfs1
34 0 2679204 2 15.169417 idfs1
34 0 136994 3 14.172545 idfs1
34 0 2809767 4 13.912768 idfs1
34 0 2811850 5 13.912768 idfs1
34 0 128455 6 13.680186 idfs1
34 0 137727 7 11.624245 idfs1
34 0 121158 8 10.139375 idfs1
34 0 3207858 9 9.910129 idfs1
35 0 2645421 0 6.0693655 idfs1
35 0 623142 1 6.0693655 idfs1
35 0 145871 2 5.9957566 idfs1
35 0 621293 3 5.99125 idfs1
35 0 4151827 4 5.9873652 idfs1
35 0 205788 5 5.9823236 idfs1
35 0 3177196 6 5.9498253 idfs1
35 0 145940 7 5.9332175 idfs1
35 0 2651114 8 5.907307 idfs1
35 0 4157383 9 5.850705 idfs1
36 0 100465 0 7.506367 idfs1
36 0 104080 1 7.4346604 idfs1
36 0 125337 2 7.277778 idfs1
36 0 104561 3 7.201516 idfs1
36 0 102626 4 7.1502995 idfs1
36 0 103546 5 7.092917 idfs1
36 0 103388 6 6.88074 idfs1
36 0 105540 7 6.7263923 idfs1
36 0 100163 8 6.501629 idfs1
36 0 102276 9 6.4892883 idfs1
37 0 4151828 0 7.749687 idfs1
37 0 2789928 1 6.1245584 idfs1
37 0 4151820 2 6.1245584 idfs1
37 0 3195092 3 5.6571765 idfs1
37 0 146982 4 5.4838433 idfs1
37 0 2671724 5 5.213587 idfs1
37 0 809121 6 5.213587 idfs1
37 0 616862 7 5.213587 idfs1
37 0 3203655 8 5.213587 idfs1
37 0 145896 9 4.6134276 idfs1
38 0 4170684 0 12.321822 idfs1
38 0 105495 1 11.83521 idfs1
38 0 106171 2 11.397465 idfs1
38 0 108555 3 10.848767 idfs1
38 0 107232 4 10.701164 idfs1
38 0 106769 5 10.377436 idfs1
38 0 119891 6 9.887933 idfs1
38 0 116456 7 9.887933 idfs1
38 0 113054 8 9.807367 idfs1
38 0 117008 9 9.807367 idfs1
39 0 103135 0 11.031403 idfs1
39 0 112420 1 11.003219 idfs1
39 0 122254 2 10.979773 idfs1
39 0 103810 3 10.979231 idfs1
39 0 105200 4 10.9598255 idfs1
39 0 621044 5 10.91454 idfs1
39 0 621090 6 10.91454 idfs1
39 0 2959739 7 10.91454 idfs1
39 0 112568 8 10.901069 idfs1
39 0 2959744 9 10.884845 idfs1
40 0 92047 0 9.96298 idfs1
40 0 931120 1 9.932203 idfs1
40 0 122054 2 9.83328 idfs1
40 0 122422 3 9.787544 idfs1
40 0 93994 4 9.690171 idfs1
40 0 110845 5 9.538934 idfs1
40 0 111039 6 9.253587 idfs1
40 0 110621 7 9.253587 idfs1
40 0 95290 8 9.14136 idfs1
40 0 105617 9 9.071332 idfs1
41 0 1729 0 8.909014 idfs1
41 0 111670 1 8.64611 idfs1
41 0 2810525 2 8.64611 idfs1
41 0 2811847 3 8.64611 idfs1
41 0 118177 4 8.445052 idfs1
41 0 2771752 5 8.321797 idfs1
41 0 217513 6 8.288973 idfs1
41 0 217604 7 8.288973 idfs1
41 0 112440 8 8.262522 idfs1
41 0 111891 9 8.259028 idfs1
42 0 2150 0 8.500581 idfs1
42 0 2751166 1 7.7025266 idfs1
42 0 145959 2 7.7025266 idfs1
42 0 177069 3 7.7025266 idfs1
42 0 109804 4 6.421449 idfs1
42 0 2804671 5 6.421449 idfs1
42 0 3171724 6 6.082594 idfs1
42 0 3177199 7 6.082594 idfs1
42 0 3177200 8 6.082594 idfs1
42 0 4106441 9 5.8616962 idfs1
43 0 109241 0 7.407729 idfs1
43 0 111467 1 7.402882 idfs1
43 0 1723 2 7.255859 idfs1
43 0 109130 3 7.1882463 idfs1
43 0 218665 4 7.109888 idfs1
43 0 111539 5 6.982097 idfs1
43 0 118420 6 6.982097 idfs1
43 0 108762 7 6.945877 idfs1
43 0 820897 8 6.918963 idfs1
43 0 110374 9 6.8939443 idfs1
45 0 144101 0 17.164312 idfs1
45 0 135844 1 15.087404 idfs1
45 0 141558 2 15.087404 idfs1
45 0 131715 3 14.454138 idfs1
45 0 133890 4 14.454138 idfs1
45 0 133698 5 14.013009 idfs1
46 0 2804673 0 11.248288 idfs1
46 0 119491 1 9.684663 idfs1
46 0 127643 2 9.684663 idfs1
46 0 127647 3 9.684663 idfs1
46 0 127649 4 9.684663 idfs1
46 0 127653 5 9.684663 idfs1
46 0 136085 6 9.684663 idfs1
46 0 124874 7 9.641446 idfs1
46 0 127642 8 9.641446 idfs1
46 0 127648 9 9.641446 idfs1
47 0 2674861 0 9.519345 idfs1
47 0 2675754 1 9.519345 idfs1
47 0 108545 2 9.146906 idfs1
47 0 97532 3 9.062748 idfs1
47 0 96287 4 8.97412 idfs1
47 0 96147 5 8.921829 idfs1
47 0 85450 6 8.814014 idfs1
47 0 105417 7 8.574261 idfs1
47 0 94794 8 8.574261 idfs1
47 0 92421 9 8.572326 idfs1
48 0 2674861 0 9.519345 idfs1
48 0 2675754 1 9.519345 idfs1
48 0 108545 2 9.146906 idfs1
48 0 97532 3 9.062748 idfs1
48 0 96287 4 8.97412 idfs1
48 0 96147 5 8.921829 idfs1
48 0 85450 6 8.814014 idfs1
48 0 105417 7 8.574261 idfs1
48 0 94794 8 8.574261 idfs1
48 0 92421 9 8.572326 idfs1
49 0 95847 0 11.851145 idfs1
49 0 101852 1 11.747002 idfs1
49 0 95414 2 10.753803 idfs1
49 0 95551 3 10.438482 idfs1
49 0 96476 4 10.296395 idfs1
49 0 96570 5 10.296395 idfs1
49 0 102376 6 9.198376 idfs1
49 0 1957917 7 9.198376 idfs1
49 0 95696 8 7.940195 idfs1
49 0 101311 9 7.688914 idfs1
50 0 98255 0 9.116811 idfs1
50 0 3209687 1 6.143865 idfs1
50 0 103582 2 5.4506354 idfs1
50 0 110067 3 4.6082945 idfs1
50 0 112517 4 3.7220519 idfs1
50 0 108825 5 3.7220519 idfs1
50 0 107181 6 2.8219886 idfs1
50 0 142875 7 2.8219886 idfs1
50 0 137002 8 2.8219886 idfs1
50 0 2760668 9 2.8219886 idfs1
51 0 109978 0 7.408356 idfs1
51 0 101858 1 7.3504777 idfs1
51 0 109745 2 7.15958 idfs1
51 0 109435 3 7.1496687 idfs1
51 0 91208 4 7.1195107 idfs1
51 0 109466 5 7.023132 idfs1
51 0 106522 6 6.886081 idfs1
51 0 106561 7 6.8859434 idfs1
51 0 94663 8 6.8856916 idfs1
51 0 109702 9 6.7968087 idfs1
52 0 132763 0 12.118112 idfs1
52 0 109426 1 11.539377 idfs1
52 0 91148 2 9.381419 idfs1
52 0 103583 3 6.3113317 idfs1
52 0 2381756 4 6.3113317 idfs1
52 0 3203655 5 6.3113317 idfs1
52 0 90150 6 6.3113317 idfs1
52 0 110060 7 5.825987 idfs1
52 0 112351 8 4.9546566 idfs1
52 0 103291 9 4.9546566 idfs1
53 0 85308 0 8.464243 idfs1
53 0 85333 1 8.464243 idfs1
53 0 85219 2 8.375451 idfs1
53 0 85338 3 8.375451 idfs1
53 0 85218 4 8.232229 idfs1
53 0 85316 5 8.232229 idfs1
53 0 85331 6 8.232229 idfs1
53 0 85162 7 7.980988 idfs1
53 0 84952 8 7.7791066 idfs1
53 0 87141 9 7.714883 idfs1
54 0 145863 0 9.040881 idfs1
54 0 4162111 1 8.511377 idfs1
54 0 215806 2 6.3481836 idfs1
54 0 2803250 3 5.6840744 idfs1
54 0 4172499 4 5.6840744 idfs1
54 0 88689 5 5.4039497 idfs1
54 0 931123 6 5.4039497 idfs1
54 0 623144 7 4.9883833 idfs1
54 0 2670965 8 4.781877 idfs1
54 0 205788 9 4.5603223 idfs1
55 0 4154603 0 18.70542 idfs1
55 0 145855 1 17.113264 idfs1
55 0 145731 2 16.292267 idfs1
56 0 4154603 0 9.411269 idfs1
56 0 145965 1 9.21778 idfs1
56 0 145629 2 7.0350842 idfs1
56 0 145850 3 5.822062 idfs1
56 0 145855 4 5.4712987 idfs1
56 0 931125 5 5.4712987 idfs1
56 0 145917 6 3.4756339 idfs1
56 0 182568 7 3.4756339 idfs1
56 0 2672208 8 3.2807887 idfs1
56 0 2670794 9 3.2807887 idfs1
57 0 131159 0 5.54235 idfs1
57 0 148797 1 5.483963 idfs1
57 0 3187496 2 5.3963256 idfs1
57 0 117844 3 5.257495 idfs1
57 0 137737 4 5.2422814 idfs1
57 0 111366 5 5.191168 idfs1
57 0 145745 6 5.1580772 idfs1
57 0 101011 7 5.138307 idfs1
57 0 856345 8 5.138307 idfs1
57 0 112292 9 5.134445 idfs1
58 0 90574 0 4.2508483 idfs1
58 0 90718 1 4.114935 idfs1
58 0 90868 2 4.0604787 idfs1
58 0 88636 3 4.056952 idfs1
58 0 110321 4 4.007464 idfs1
58 0 86709 5 3.9510465 idfs1
58 0 110798 6 3.922373 idfs1
58 0 89543 7 3.8983643 idfs1
58 0 85327 8 3.8678095 idfs1
58 0 106035 9 3.8595798 idfs1
59 0 99853 0 13.600932 idfs1
59 0 101753 1 13.453953 idfs1
59 0 102206 2 12.890114 idfs1
59 0 104123 3 12.473749 idfs1
59 0 135924 4 12.18379 idfs1
59 0 141269 5 10.671908 idfs1
59 0 132095 6 10.598477 idfs1
59 0 114706 7 10.487297 idfs1
59 0 104495 8 9.264481 idfs1
59 0 103464 9 9.118684 idfs1
60 0 118257 0 13.961637 idfs1
60 0 118099 1 13.88409 idfs1
60 0 1283337 2 13.864603 idfs1
60 0 112611 3 13.852164 idfs1
60 0 1087897 4 13.684754 idfs1
60 0 112686 5 13.63362 idfs1
60 0 111098 6 13.586863 idfs1
60 0 110596 7 13.450519 idfs1
60 0 1515492 8 13.302654 idfs1
60 0 118107 9 13.258666 idfs1
61 0 219815 0 16.309322 idfs1
61 0 145923 1 16.191616 idfs1
61 0 145808 2 15.974996 idfs1
61 0 218132 3 15.969359 idfs1
61 0 903971 4 15.827213 idfs1
61 0 2959742 5 15.827213 idfs1
61 0 145844 6 15.417885 idfs1
61 0 2620704 7 15.349558 idfs1
61 0 145743 8 15.313554 idfs1
61 0 3216388 9 15.27985 idfs1
62 0 111288 0 6.68905 idfs1
62 0 106159 1 6.6039786 idfs1
62 0 2681316 2 6.436929 idfs1
62 0 218925 3 6.2518644 idfs1
62 0 2676591 4 6.122301 idfs1
62 0 2679203 5 6.122301 idfs1
62 0 112148 6 5.8326154 idfs1
62 0 177069 7 5.8326154 idfs1
62 0 117863 8 5.6712294 idfs1
62 0 106704 9 5.384159 idfs1
63 0 107014 0 5.197232 idfs1
63 0 97779 1 5.184491 idfs1
63 0 104545 2 5.1602306 idfs1
63 0 106218 3 5.1215863 idfs1
63 0 104455 4 5.096146 idfs1
63 0 118276 5 5.084071 idfs1
63 0 96381 6 5.0457635 idfs1
63 0 108307 7 5.0413127 idfs1
63 0 109520 8 5.0254145 idfs1
63 0 106545 9 5.0177345 idfs1
64 0 145895 0 9.359712 idfs1
64 0 219731 1 9.286984 idfs1
64 0 1748 2 7.3616652 idfs1
64 0 2145 3 7.2103143 idfs1
64 0 149007 4 6.8622184 idfs1
64 0 147951 5 6.6592054 idfs1
64 0 3171728 6 6.6592054 idfs1
64 0 146985 7 6.6258717 idfs1
64 0 2959731 8 6.6258717 idfs1
64 0 801976 9 6.4205136 idfs1
66 0 134921 0 13.916393 idfs1
66 0 118495 1 13.410611 idfs1
66 0 112935 2 13.004457 idfs1
66 0 145867 3 12.944326 idfs1
66 0 218667 4 12.940928 idfs1
66 0 3211501 5 12.641517 idfs1
66 0 110282 6 12.225215 idfs1
66 0 112688 7 11.769787 idfs1
66 0 108368 8 11.296479 idfs1
66 0 111632 9 11.290214 idfs1
67 0 145635 0 6.963135 idfs1
67 0 3209687 1 6.9317245 idfs1
67 0 145763 2 6.929649 idfs1
67 0 110753 3 6.8831086 idfs1
67 0 118434 4 6.8770294 idfs1
67 0 112701 5 6.8739443 idfs1
67 0 110662 6 6.863514 idfs1
67 0 110486 7 6.8346896 idfs1
67 0 145800 8 6.819913 idfs1
67 0 118483 9 6.8048053 idfs1
68 0 867657 0 6.1955338 idfs1
68 0 146981 1 4.3043504 idfs1
68 0 855517 2 4.3043504 idfs1
68 0 218132 3 4.3043504 idfs1
68 0 217702 4 3.8407614 idfs1
68 0 899483 5 3.7855344 idfs1
68 0 147527 6 3.7855344 idfs1
68 0 146982 7 3.6391566 idfs1
68 0 2642828 8 3.6391566 idfs1
68 0 145631 9 3.6391566 idfs1
69 0 2620891 0 4.5687304 idfs1
69 0 97494 1 4.0875444 idfs1
69 0 107421 2 4.0326753 idfs1
69 0 90240 3 4.0326753 idfs1
69 0 96722 4 4.023155 idfs1
69 0 98169 5 4.023155 idfs1
69 0 119315 6 4.0118995 idfs1
69 0 103590 7 3.9975471 idfs1
69 0 1303525 8 3.8929257 idfs1
69 0 87574 9 3.8929257 idfs1
70 0 96838 0 10.204526 idfs1
70 0 866022 1 9.804034 idfs1
70 0 108570 2 9.680349 idfs1
70 0 112927 3 9.139438 idfs1
70 0 111709 4 9.120945 idfs1
70 0 2801433 5 9.116106 idfs1
70 0 145739 6 8.962417 idfs1
70 0 118111 7 8.853492 idfs1
70 0 118080 8 8.76313 idfs1
70 0 136533 9 8.679593 idfs1
71 0 117979 0 7.530499 idfs1
71 0 112904 1 7.528796 idfs1
71 0 118052 2 7.5178113 idfs1
71 0 89700 3 7.4748583 idfs1
71 0 118234 4 7.454073 idfs1
71 0 110936 5 7.4199963 idfs1
71 0 108643 6 7.401881 idfs1
71 0 111103 7 7.369582 idfs1
71 0 90451 8 7.367241 idfs1
71 0 112823 9 7.344296 idfs1
72 0 145961 0 8.336767 idfs1
72 0 145950 1 7.6995597 idfs1
72 0 107893 2 7.0283947 idfs1
72 0 4162936 3 6.167739 idfs1
72 0 107819 4 5.863778 idfs1
72 0 873668 5 5.863778 idfs1
72 0 801110 6 5.863778 idfs1
72 0 220538 7 4.603308 idfs1
72 0 3187211 8 4.603308 idfs1
72 0 820904 9 3.8919134 idfs1
73 0 97383 0 10.13781 idfs1
73 0 132824 1 10.137276 idfs1
73 0 137346 2 9.930163 idfs1
73 0 132813 3 9.918334 idfs1
73 0 139772 4 9.886056 idfs1
73 0 130809 5 9.522402 idfs1
73 0 140467 6 9.487303 idfs1
73 0 118617 7 9.46322 idfs1
73 0 118927 8 9.46322 idfs1
73 0 122014 9 9.46322 idfs1
74 0 2381762 0 10.904092 idfs1
74 0 4168298 1 9.88039 idfs1
74 0 1855418 2 6.273149 idfs1
74 0 2789927 3 6.273149 idfs1
74 0 98655 4 6.273149 idfs1
74 0 2675749 5 5.5510187 idfs1
74 0 127922 6 4.924681 idfs1
74 0 145909 7 4.394281 idfs1
74 0 2671723 8 4.1636214 idfs1
74 0 118465 9 3.362896 idfs1
75 0 103513 0 11.807686 idfs1
75 0 104806 1 11.784482 idfs1
75 0 103792 2 9.629482 idfs1
75 0 95367 3 9.047232 idfs1
75 0 112571 4 8.236676 idfs1
75 0 102148 5 8.236676 idfs1
75 0 112896 6 7.700114 idfs1
75 0 109745 7 7.5047483 idfs1
75 0 118255 8 7.5047483 idfs1
75 0 145909 9 7.110039 idfs1
76 0 112430 0 13.9627075 idfs1
76 0 105783 1 8.887496 idfs1
76 0 110752 2 5.223401 idfs1
76 0 105887 3 3.0749774 idfs1
76 0 117865 4 3.0749774 idfs1
76 0 110971 5 2.127766 idfs1
76 0 109380 6 1.881815 idfs1
76 0 108198 7 0.91131383 idfs1
76 0 118144 8 0.91131383 idfs1
77 0 112499 0 9.387163 idfs1
77 0 97242 1 9.065111 idfs1
77 0 137745 2 8.978949 idfs1
77 0 92834 3 8.865922 idfs1
77 0 112626 4 8.852373 idfs1
77 0 112693 5 8.82534 idfs1
77 0 104355 6 8.745045 idfs1
77 0 112646 7 8.707591 idfs1
77 0 108605 8 8.604068 idfs1
77 0 112726 9 8.503163 idfs1
78 0 112181 0 9.81018 idfs1
78 0 112058 1 8.408185 idfs1
78 0 103398 2 8.336767 idfs1
78 0 98123 3 7.6995597 idfs1
78 0 2642828 4 7.6610174 idfs1
78 0 112524 5 7.2580895 idfs1
78 0 108716 6 6.8883576 idfs1
78 0 96729 7 6.8883576 idfs1
78 0 110536 8 6.167739 idfs1
78 0 111448 9 5.863778 idfs1
79 0 111470 0 17.589605 idfs1
79 0 111009 1 16.98181 idfs1
79 0 118143 2 13.743529 idfs1
79 0 110221 3 6.735971 idfs1
79 0 112098 4 2.2449083 idfs1
80 0 145871 0 10.562111 idfs1
81 0 109535 0 7.33555 idfs1
81 0 4157383 1 7.313896 idfs1
81 0 109676 2 7.1746526 idfs1
81 0 111934 3 7.12399 idfs1
81 0 110864 4 7.0965014 idfs1
81 0 111472 5 7.091528 idfs1
81 0 111819 6 7.0819106 idfs1
81 0 802973 7 7.0565166 idfs1
81 0 803271 8 7.0565166 idfs1
81 0 2959737 9 7.0565166 idfs1
82 0 88621 0 7.2256513 idfs1
82 0 89574 1 6.536745 idfs1
82 0 94767 2 6.4945526 idfs1
82 0 89621 3 5.8855166 idfs1
82 0 91972 4 5.8855166 idfs1
82 0 97855 5 5.8855166 idfs1
82 0 88376 6 5.8626604 idfs1
82 0 92889 7 5.8626604 idfs1
82 0 89444 8 5.7405577 idfs1
82 0 96750 9 5.5675397 idfs1
83 0 129173 0 12.36095 idfs1
83 0 87365 1 10.354333 idfs1
83 0 2151 2 10.185343 idfs1
83 0 2150 3 9.88222 idfs1
83 0 84733 4 9.833106 idfs1
83 0 84738 5 9.125349 idfs1
83 0 117891 6 8.265968 idfs1
83 0 104079 7 8.152211 idfs1
83 0 103708 8 8.152211 idfs1
83 0 86472 9 8.152211 idfs1
84 0 111365 0 11.163824 idfs1
84 0 111093 1 11.102447 idfs1
84 0 2788685 2 11.012947 idfs1
84 0 2959751 3 11.012947 idfs1
84 0 145793 4 10.890417 idfs1
84 0 111757 5 10.884911 idfs1
84 0 2621076 6 10.750318 idfs1
84 0 112618 7 10.446705 idfs1
84 0 112590 8 10.445212 idfs1
84 0 118173 9 10.439835 idfs1
85 0 867645 0 9.478228 idfs1
85 0 145787 1 9.255991 idfs1
85 0 101410 2 8.502445 idfs1
85 0 112844 3 7.7998285 idfs1
85 0 111882 4 7.6292276 idfs1
85 0 103701 5 7.6292276 idfs1
85 0 112702 6 7.6169214 idfs1
85 0 90015 7 6.8901057 idfs1
85 0 85150 8 6.8901057 idfs1
85 0 94595 9 6.8901057 idfs1
86 0 3203623 0 7.9876256 idfs1
86 0 2421297 1 7.88035 idfs1
86 0 90659 2 7.7619276 idfs1
86 0 95786 3 7.7190604 idfs1
86 0 1036341 4 7.695861 idfs1
86 0 2679558 5 7.6874394 idfs1
86 0 4151826 6 7.6075053 idfs1
86 0 219731 7 7.586069 idfs1
86 0 1748 8 7.581369 idfs1
86 0 105128 9 7.581217 idfs1
87 0 118313 0 9.9419775 idfs1
87 0 145740 1 8.426424 idfs1
87 0 115740 2 8.097148 idfs1
87 0 3212516 3 7.996285 idfs1
87 0 106410 4 7.336969 idfs1
87 0 118017 5 7.336969 idfs1
87 0 3207858 6 7.336969 idfs1
87 0 111394 7 6.7728467 idfs1
87 0 4160985 8 6.761922 idfs1
87 0 111446 9 6.679638 idfs1
90 0 110874 0 6.55748 idfs1
90 0 118061 1 6.5306664 idfs1
90 0 121160 2 6.520422 idfs1
90 0 111958 3 6.492559 idfs1
90 0 145118 4 6.4832683 idfs1
90 0 110047 5 6.4831853 idfs1
90 0 111780 6 6.455716 idfs1
90 0 105906 7 6.454892 idfs1
90 0 110905 8 6.44405 idfs1
90 0 110557 9 6.393846 idfs1
91 0 3007018 0 10.124097 idfs1
91 0 943668 1 8.721345 idfs1
91 0 145897 2 8.653563 idfs1
91 0 86923 3 8.050781 idfs1
91 0 856791 4 7.9399853 idfs1
91 0 86714 5 7.270818 idfs1
91 0 84733 6 7.270818 idfs1
91 0 182991 7 7.2626085 idfs1
91 0 145892 8 6.853931 idfs1
91 0 3212514 9 6.853931 idfs1
92 0 111820 0 10.829281 idfs1
92 0 118454 1 10.74454 idfs1
92 0 118105 2 10.693512 idfs1
92 0 145782 3 10.685656 idfs1
92 0 1087692 4 10.598236 idfs1
92 0 3212514 5 10.5830145 idfs1
92 0 109818 6 10.568823 idfs1
92 0 112439 7 10.552558 idfs1
92 0 118212 8 10.526228 idfs1
92 0 111278 9 10.515114 idfs1
93 0 130158 0 14.392806 idfs1
93 0 118334 1 13.960123 idfs1
93 0 118107 2 13.941548 idfs1
93 0 110200 3 13.158279 idfs1
93 0 110877 4 11.927622 idfs1
93 0 2788983 5 11.502357 idfs1
93 0 111793 6 10.976844 idfs1
93 0 4151827 7 10.561914 idfs1
93 0 110688 8 10.335026 idfs1
93 0 1087897 9 9.440785 idfs1
94 0 130158 0 14.392806 idfs1
94 0 118334 1 13.960123 idfs1
94 0 118107 2 13.941548 idfs1
94 0 110200 3 13.158279 idfs1
94 0 110877 4 11.927622 idfs1
94 0 2788983 5 11.502357 idfs1
94 0 111793 6 10.976844 idfs1
94 0 4151827 7 10.561914 idfs1
94 0 110688 8 10.335026 idfs1
94 0 1087897 9 9.440785 idfs1
95 0 105495 0 11.83521 idfs1
95 0 106171 1 11.397465 idfs1
95 0 108555 2 10.848767 idfs1
95 0 107232 3 10.701164 idfs1
95 0 106769 4 10.377436 idfs1
95 0 119891 5 9.887933 idfs1
95 0 116456 6 9.887933 idfs1
95 0 113054 7 9.807367 idfs1
95 0 117008 8 9.807367 idfs1
95 0 117122 9 9.807367 idfs1
96 0 145800 0 6.017167 idfs1
96 0 104367 1 6.0026417 idfs1
96 0 92395 2 5.994567 idfs1
96 0 97017 3 5.990542 idfs1
96 0 104194 4 5.9890847 idfs1
96 0 87464 5 5.9852533 idfs1
96 0 92738 6 5.9839873 idfs1
96 0 92042 7 5.9828744 idfs1
96 0 103020 8 5.976793 idfs1
96 0 902769 9 5.976006 idfs1
97 0 118379 0 11.662163 idfs1
97 0 107320 1 6.6114035 idfs1
97 0 109772 2 5.5792766 idfs1
97 0 117959 3 4.6312256 idfs1
97 0 2655597 4 4.6312256 idfs1
97 0 145822 5 4.406967 idfs1
97 0 107223 6 3.544227 idfs1
97 0 112247 7 3.3471944 idfs1
97 0 109811 8 3.3471944 idfs1
97 0 621044 9 2.9552467 idfs1
98 0 110740 0 6.9703174 idfs1
98 0 118273 1 6.9361777 idfs1
98 0 102684 2 6.9173627 idfs1
98 0 106228 3 6.900215 idfs1
98 0 86116 4 6.890826 idfs1
98 0 96520 5 6.8815813 idfs1
98 0 97934 6 6.8737655 idfs1
98 0 104104 7 6.872762 idfs1
98 0 2676593 8 6.86625 idfs1
98 0 88130 9 6.86228 idfs1
99 0 104561 0 10.102857 idfs1
99 0 111484 1 10.062426 idfs1
99 0 205712 2 10.058389 idfs1
99 0 109813 3 10.05424 idfs1
99 0 111884 4 10.020689 idfs1
99 0 110098 5 9.956726 idfs1
99 0 145885 6 9.909688 idfs1
99 0 104941 7 9.908083 idfs1
99 0 106274 8 9.903432 idfs1
99 0 108980 9 9.898342 idfs1
