1 0 112795 0 34.791065 idfs6
1 0 111116 1 32.196873 idfs6
1 0 219732 2 30.061916 idfs6
1 0 149702 3 29.983746 idfs6
1 0 112924 4 29.711721 idfs6
1 0 110370 5 29.422066 idfs6
1 0 219733 6 29.296234 idfs6
1 0 220342 7 29.296234 idfs6
1 0 2649076 8 29.276215 idfs6
1 0 101572 9 27.710003 idfs6
2 0 4170684 0 20.37072 idfs6
2 0 2644673 1 18.828585 idfs6
2 0 149006 2 17.459347 idfs6
2 0 104571 3 15.944916 idfs6
2 0 110134 4 15.622171 idfs6
2 0 110184 5 15.556921 idfs6
2 0 150540 6 15.531525 idfs6
2 0 145692 7 15.386451 idfs6
2 0 112115 8 15.350077 idfs6
2 0 111317 9 15.260679 idfs6
3 0 3162143 0 48.04358 idfs6
3 0 215496 1 46.938957 idfs6
3 0 215694 2 46.938957 idfs6
3 0 2959735 3 46.937916 idfs6
3 0 118029 4 46.296844 idfs6
3 0 112212 5 45.11334 idfs6
3 0 145683 6 44.1417 idfs6
3 0 118475 7 43.55888 idfs6
3 0 149007 8 43.168118 idfs6
3 0 145878 9 42.919502 idfs6
4 0 215496 0 60.073597 idfs6
4 0 215694 1 60.02667 idfs6
4 0 2959735 2 60.024586 idfs6
4 0 149007 3 58.533615 idfs6
4 0 623142 4 50.794636 idfs6
4 0 118029 5 47.227707 idfs6
4 0 111920 6 46.592525 idfs6
4 0 145890 7 46.264675 idfs6
4 0 145821 8 45.56763 idfs6
4 0 3162143 9 45.498306 idfs6
5 0 183480 0 36.28994 idfs6
5 0 111789 1 34.38324 idfs6
5 0 110056 2 33.693764 idfs6
5 0 118174 3 32.466496 idfs6
5 0 108089 4 30.289843 idfs6
5 0 2672209 5 30.02784 idfs6
5 0 2657779 6 30.02784 idfs6
5 0 118217 7 28.409857 idfs6
5 0 117932 8 28.009146 idfs6
5 0 108088 9 27.031458 idfs6
6 0 117932 0 28.060896 idfs6
6 0 2811844 1 26.493937 idfs6
6 0 2959750 2 26.493937 idfs6
6 0 110883 3 19.29857 idfs6
6 0 108449 4 18.619713 idfs6
6 0 109573 5 17.67798 idfs6
6 0 105790 6 17.355091 idfs6
6 0 100934 7 16.814106 idfs6
6 0 2680591 8 16.71312 idfs6
6 0 118174 9 16.480751 idfs6
7 0 147531 0 32.585644 idfs6
7 0 145715 1 31.159548 idfs6
7 0 110932 2 30.75096 idfs6
7 0 2672535 3 30.491608 idfs6
7 0 3195892 4 29.135345 idfs6
7 0 2655591 5 29.030703 idfs6
7 0 214949 6 28.618265 idfs6
7 0 215071 7 28.618265 idfs6
7 0 134749 8 28.540997 idfs6
7 0 217512 9 27.755524 idfs6
8 0 145911 0 17.67008 idfs6
8 0 146981 1 16.815907 idfs6
8 0 182991 2 16.199852 idfs6
8 0 2760668 3 15.620388 idfs6
8 0 820904 4 15.098954 idfs6
8 0 104034 5 15.044809 idfs6
8 0 2670643 6 15.036736 idfs6
8 0 2771248 7 14.975724 idfs6
8 0 2812587 8 14.62014 idfs6
8 0 2959748 9 14.62014 idfs6
9 0 112641 0 50.8138 idfs6
9 0 109720 1 50.560875 idfs6
9 0 2675751 2 49.53218 idfs6
9 0 118212 3 49.327686 idfs6
9 0 118011 4 47.659313 idfs6
9 0 127923 5 47.22783 idfs6
9 0 111694 6 47.112972 idfs6
9 0 111828 7 46.511307 idfs6
9 0 110436 8 45.17506 idfs6
9 0 109193 9 44.729527 idfs6
10 0 145715 0 41.26629 idfs6
10 0 112423 1 40.196163 idfs6
10 0 112931 2 39.733845 idfs6
10 0 111500 3 37.92168 idfs6
10 0 112094 4 37.26687 idfs6
10 0 121163 5 36.33737 idfs6
10 0 214949 6 35.85914 idfs6
10 0 215071 7 35.85914 idfs6
10 0 147531 8 35.505608 idfs6
10 0 112291 9 35.095257 idfs6
11 0 931123 0 25.290674 idfs6
11 0 110800 1 23.850618 idfs6
11 0 212830 2 23.820608 idfs6
11 0 873668 3 23.20266 idfs6
11 0 620560 4 22.848827 idfs6
11 0 107553 5 22.780975 idfs6
11 0 2743678 6 22.661936 idfs6
11 0 1747 7 22.463474 idfs6
11 0 1757 8 21.664532 idfs6
11 0 2959755 9 21.604515 idfs6
12 0 2672535 0 34.07424 idfs6
12 0 809121 1 24.827446 idfs6
12 0 621195 2 22.753122 idfs6
12 0 621270 3 22.753122 idfs6
12 0 3153112 4 22.245102 idfs6
12 0 3207860 5 19.9358 idfs6
12 0 109096 6 19.704878 idfs6
12 0 111537 7 19.488503 idfs6
12 0 4155979 8 19.368177 idfs6
12 0 2812586 9 19.06347 idfs6
13 0 145967 0 53.78927 idfs6
13 0 2642828 1 53.448902 idfs6
13 0 802973 2 51.89762 idfs6
13 0 803271 3 51.89762 idfs6
13 0 2959737 4 51.89762 idfs6
13 0 2812588 5 44.923763 idfs6
13 0 2959730 6 44.853344 idfs6
13 0 4162111 7 43.572918 idfs6
13 0 4106440 8 42.801388 idfs6
13 0 3168776 9 40.790733 idfs6
14 0 614392 0 33.39487 idfs6
14 0 614485 1 33.39487 idfs6
14 0 124715 2 32.47465 idfs6
14 0 2812588 3 31.910686 idfs6
14 0 145967 4 30.90804 idfs6
14 0 145958 5 29.457253 idfs6
14 0 3199501 6 29.34943 idfs6
14 0 124465 7 26.815166 idfs6
14 0 112316 8 26.742554 idfs6
14 0 145632 9 26.366814 idfs6
15 0 2812588 0 50.727802 idfs6
15 0 4015951 1 43.615433 idfs6
15 0 4162111 2 42.682224 idfs6
15 0 3207858 3 42.43771 idfs6
15 0 4151822 4 38.129375 idfs6
15 0 3177196 5 38.013775 idfs6
15 0 4106440 6 37.484726 idfs6
15 0 4151821 7 37.01577 idfs6
15 0 3199501 8 36.64447 idfs6
15 0 4162534 9 33.785183 idfs6
16 0 2812588 0 38.309753 idfs6
16 0 4151822 1 36.50185 idfs6
16 0 2770446 2 35.09501 idfs6
16 0 2155 3 34.894356 idfs6
16 0 2771249 4 30.757168 idfs6
16 0 134747 5 28.601074 idfs6
16 0 121146 6 26.184114 idfs6
16 0 145817 7 26.025702 idfs6
16 0 3203658 8 25.919724 idfs6
16 0 177420 9 25.906643 idfs6
17 0 110593 0 23.525415 idfs6
17 0 109329 1 23.232819 idfs6
17 0 110810 2 20.89107 idfs6
17 0 112819 3 20.881363 idfs6
17 0 3187209 4 20.792252 idfs6
17 0 118125 5 20.595787 idfs6
17 0 145639 6 20.372087 idfs6
17 0 2672535 7 20.356852 idfs6
17 0 117968 8 20.294924 idfs6
17 0 118230 9 20.234787 idfs6
18 0 148484 0 49.833355 idfs6
18 0 110810 1 41.87095 idfs6
18 0 110600 2 41.09785 idfs6
18 0 3209687 3 40.491337 idfs6
18 0 145664 4 39.28891 idfs6
18 0 137739 5 39.118748 idfs6
18 0 105382 6 39.08073 idfs6
18 0 118507 7 38.91942 idfs6
18 0 136985 8 38.76749 idfs6
18 0 112126 9 38.6476 idfs6
19 0 104895 0 15.555479 idfs6
19 0 109180 1 15.449481 idfs6
19 0 106639 2 14.238943 idfs6
19 0 117867 3 13.491535 idfs6
19 0 110441 4 13.174294 idfs6
19 0 111219 5 12.948792 idfs6
19 0 105517 6 12.8051195 idfs6
19 0 1087906 7 12.777187 idfs6
19 0 104313 8 12.777187 idfs6
19 0 107612 9 12.771021 idfs6
20 0 118243 0 20.953815 idfs6
20 0 111343 1 20.724398 idfs6
20 0 626454 2 20.706413 idfs6
20 0 109032 3 19.236174 idfs6
20 0 106282 4 19.075686 idfs6
20 0 111788 5 18.91243 idfs6
20 0 111713 6 18.739746 idfs6
20 0 866023 7 18.709822 idfs6
20 0 108538 8 18.668293 idfs6
20 0 112410 9 18.427172 idfs6
21 0 2659300 0 29.592941 idfs6
21 0 118371 1 26.816948 idfs6
21 0 112799 2 26.232193 idfs6
21 0 112777 3 26.0686 idfs6
21 0 145925 4 24.672647 idfs6
21 0 2795279 5 24.627655 idfs6
21 0 112846 6 24.218597 idfs6
21 0 867657 7 24.097271 idfs6
21 0 118055 8 23.464216 idfs6
21 0 118010 9 23.361694 idfs6
22 0 111021 0 51.25036 idfs6
22 0 145644 1 50.756805 idfs6
22 0 109807 2 48.727768 idfs6
22 0 112737 3 48.569714 idfs6
22 0 111517 4 46.559742 idfs6
22 0 145788 5 45.134132 idfs6
22 0 117949 6 43.155487 idfs6
22 0 112880 7 43.12569 idfs6
22 0 110694 8 42.87639 idfs6
22 0 118268 9 42.593277 idfs6
23 0 112257 0 15.96849 idfs6
23 0 4162535 1 14.901168 idfs6
23 0 118449 2 14.08323 idfs6
23 0 107645 3 13.366778 idfs6
23 0 137736 4 12.970149 idfs6
23 0 2810525 5 12.561378 idfs6
23 0 2811847 6 12.561378 idfs6
23 0 108393 7 12.513577 idfs6
23 0 110391 8 12.444517 idfs6
23 0 145738 9 12.313154 idfs6
24 0 2804671 0 24.054039 idfs6
24 0 182558 1 21.414377 idfs6
24 0 802408 2 19.787603 idfs6
24 0 616433 3 18.663288 idfs6
24 0 2801435 4 17.49409 idfs6
24 0 820895 5 17.099209 idfs6
24 0 145635 6 16.676989 idfs6
24 0 3217476 7 16.558762 idfs6
24 0 625711 8 16.467678 idfs6
24 0 2809766 9 16.455145 idfs6
25 0 112345 0 28.86639 idfs6
25 0 3211503 1 27.527834 idfs6
25 0 112616 2 24.29266 idfs6
25 0 118021 3 21.570177 idfs6
25 0 108632 4 20.28743 idfs6
25 0 109416 5 20.010593 idfs6
25 0 101911 6 18.69764 idfs6
25 0 107971 7 18.510202 idfs6
25 0 107574 8 18.32734 idfs6
25 0 104924 9 18.314148 idfs6
26 0 145758 0 42.500355 idfs6
26 0 117872 1 42.378452 idfs6
26 0 118026 2 41.12569 idfs6
26 0 112324 3 40.16057 idfs6
26 0 112724 4 38.656666 idfs6
26 0 112616 5 38.469646 idfs6
26 0 112045 6 37.214485 idfs6
26 0 127910 7 36.512894 idfs6
26 0 118052 8 36.409286 idfs6
26 0 111056 9 36.16203 idfs6
27 0 4157382 0 37.049294 idfs6
27 0 4157405 1 37.049294 idfs6
27 0 112346 2 29.033457 idfs6
27 0 111141 3 28.916656 idfs6
27 0 110384 4 28.647478 idfs6
27 0 112071 5 26.030577 idfs6
27 0 110706 6 24.635923 idfs6
27 0 110320 7 23.86665 idfs6
27 0 118475 8 22.583467 idfs6
27 0 620673 9 22.478712 idfs6
28 0 4157382 0 52.81204 idfs6
28 0 4157405 1 52.81204 idfs6
28 0 112346 2 37.76256 idfs6
28 0 112523 3 33.40218 idfs6
28 0 217703 4 31.9524 idfs6
28 0 111141 5 30.996298 idfs6
28 0 2679557 6 30.331242 idfs6
28 0 112308 7 29.16383 idfs6
28 0 107063 8 27.742668 idfs6
28 0 108340 9 27.226042 idfs6
29 0 112620 0 25.006174 idfs6
29 0 111471 1 23.575998 idfs6
29 0 4151826 2 22.88003 idfs6
29 0 145632 3 22.709892 idfs6
29 0 626206 4 22.47923 idfs6
29 0 145726 5 22.237474 idfs6
29 0 145843 6 22.177498 idfs6
29 0 109622 7 21.938372 idfs6
29 0 112065 8 21.937113 idfs6
29 0 3195890 9 21.86967 idfs6
30 0 145841 0 49.14494 idfs6
30 0 205788 1 46.606033 idfs6
30 0 145708 2 44.295837 idfs6
30 0 218921 3 44.25285 idfs6
30 0 118117 4 42.170845 idfs6
30 0 145916 5 41.71618 idfs6
30 0 137739 6 41.01201 idfs6
30 0 145843 7 40.445095 idfs6
30 0 112620 8 39.592976 idfs6
30 0 4151826 9 39.575184 idfs6
31 0 145925 0 38.055885 idfs6
31 0 148797 1 36.415104 idfs6
31 0 3207859 2 36.19563 idfs6
31 0 137003 3 33.809387 idfs6
31 0 118412 4 33.24335 idfs6
31 0 902267 5 32.58559 idfs6
31 0 145857 6 32.40572 idfs6
31 0 130146 7 31.652245 idfs6
31 0 616433 8 31.589027 idfs6
31 0 2811844 9 30.50901 idfs6
32 0 118458 0 19.940306 idfs6
32 0 110561 1 19.149992 idfs6
32 0 118023 2 18.42667 idfs6
32 0 118139 3 18.343775 idfs6
32 0 109450 4 18.220713 idfs6
32 0 109505 5 18.178782 idfs6
32 0 112836 6 18.09456 idfs6
32 0 118369 7 17.998953 idfs6
32 0 118303 8 17.960535 idfs6
32 0 219511 9 17.77723 idfs6
33 0 2809767 0 26.04656 idfs6
33 0 2811850 1 26.04656 idfs6
33 0 2676594 2 21.93308 idfs6
33 0 2675753 3 21.626677 idfs6
33 0 2679204 4 21.626677 idfs6
33 0 112728 5 20.7449 idfs6
33 0 108583 6 18.818014 idfs6
33 0 118302 7 18.773766 idfs6
33 0 112771 8 18.212656 idfs6
33 0 110382 9 18.11159 idfs6
34 0 2809767 0 78.88172 idfs6
34 0 2811850 1 78.88172 idfs6
34 0 2676594 2 77.10309 idfs6
34 0 2675753 3 76.724495 idfs6
34 0 2679204 4 76.724495 idfs6
34 0 136994 5 43.433804 idfs6
34 0 137727 6 41.865658 idfs6
34 0 112325 7 39.6841 idfs6
34 0 121158 8 34.765648 idfs6
34 0 145870 9 33.92565 idfs6
35 0 3205767 0 28.986101 idfs6
35 0 932061 1 26.841448 idfs6
35 0 118329 2 25.515318 idfs6
35 0 821306 3 25.391005 idfs6
35 0 3203656 4 24.759039 idfs6
35 0 3206414 5 24.759039 idfs6
35 0 213843 6 23.38802 idfs6
35 0 214063 7 23.38802 idfs6
35 0 214467 8 23.38802 idfs6
35 0 112747 9 23.285538 idfs6
36 0 112259 0 31.129364 idfs6
36 0 213843 1 28.860785 idfs6
36 0 214063 2 28.860785 idfs6
36 0 214467 3 28.860785 idfs6
36 0 112069 4 28.692122 idfs6
36 0 131163 5 28.278791 idfs6
36 0 118234 6 27.742931 idfs6
36 0 109923 7 27.448841 idfs6
36 0 110101 8 27.380363 idfs6
36 0 110599 9 27.129673 idfs6
37 0 4151829 0 33.45545 idfs6
37 0 145731 1 30.412636 idfs6
37 0 112910 2 28.86313 idfs6
37 0 111982 3 27.870182 idfs6
37 0 118269 4 27.675543 idfs6
37 0 145855 5 27.66916 idfs6
37 0 110742 6 26.283915 idfs6
37 0 103870 7 26.210133 idfs6
37 0 110774 8 25.82582 idfs6
37 0 145629 9 25.03332 idfs6
38 0 118269 0 56.805973 idfs6
38 0 145855 1 51.13458 idfs6
38 0 1993216 2 51.023006 idfs6
38 0 4151829 3 50.02883 idfs6
38 0 112910 4 49.967976 idfs6
38 0 145731 5 48.539158 idfs6
38 0 112887 6 46.863377 idfs6
38 0 145629 7 44.43652 idfs6
38 0 112292 8 42.220642 idfs6
38 0 111264 9 40.43206 idfs6
39 0 2674861 0 20.236153 idfs6
39 0 2675754 1 20.236153 idfs6
39 0 112568 2 20.167526 idfs6
39 0 105058 3 20.012493 idfs6
39 0 111502 4 19.68103 idfs6
39 0 98478 5 19.537994 idfs6
39 0 111432 6 19.239523 idfs6
39 0 112936 7 19.047516 idfs6
39 0 102086 8 18.82224 idfs6
39 0 112420 9 18.723919 idfs6
40 0 931120 0 21.774715 idfs6
40 0 145943 1 21.527348 idfs6
40 0 2810526 2 19.185513 idfs6
40 0 2769807 3 17.317362 idfs6
40 0 2756232 4 17.285072 idfs6
40 0 112348 5 17.259422 idfs6
40 0 4161363 6 17.250992 idfs6
40 0 3171723 7 16.99913 idfs6
40 0 2801430 8 16.97676 idfs6
40 0 149007 9 16.896671 idfs6
41 0 112585 0 32.68661 idfs6
41 0 109186 1 31.748707 idfs6
41 0 110132 2 29.773716 idfs6
41 0 111198 3 29.507675 idfs6
41 0 110075 4 27.669764 idfs6
41 0 112440 5 27.227592 idfs6
41 0 111254 6 27.181818 idfs6
41 0 111891 7 25.807745 idfs6
41 0 112924 8 25.784502 idfs6
41 0 2810525 9 25.083803 idfs6
42 0 112924 0 35.7205 idfs6
42 0 3189783 1 34.001488 idfs6
42 0 137003 2 33.836014 idfs6
42 0 3177199 3 33.543343 idfs6
42 0 118131 4 33.538975 idfs6
42 0 3171724 5 33.03103 idfs6
42 0 3177200 6 33.03103 idfs6
42 0 145632 7 33.02034 idfs6
42 0 127927 8 32.024696 idfs6
42 0 112810 9 31.788492 idfs6
43 0 2680590 0 15.529944 idfs6
43 0 2959745 1 15.529944 idfs6
43 0 112920 2 14.819827 idfs6
43 0 111467 3 14.434228 idfs6
43 0 108581 4 14.3368435 idfs6
43 0 112305 5 14.010645 idfs6
43 0 110415 6 13.430829 idfs6
43 0 109897 7 13.272022 idfs6
43 0 106883 8 12.906877 idfs6
43 0 106707 9 12.767269 idfs6
44 0 183480 0 16.364311 idfs6
44 0 802408 1 15.0453005 idfs6
44 0 109329 2 14.525344 idfs6
44 0 1738 3 14.502729 idfs6
44 0 2781925 4 14.16489 idfs6
44 0 145674 5 13.722866 idfs6
44 0 110162 6 13.630884 idfs6
44 0 206090 7 13.341236 idfs6
44 0 206187 8 13.341236 idfs6
44 0 91444 9 13.293259 idfs6
45 0 3181481 0 24.91802 idfs6
45 0 118496 1 23.023422 idfs6
45 0 111754 2 21.223366 idfs6
45 0 112309 3 21.069773 idfs6
45 0 117881 4 20.221252 idfs6
45 0 107663 5 19.795437 idfs6
45 0 111712 6 19.447626 idfs6
45 0 137005 7 19.114384 idfs6
45 0 112319 8 19.059782 idfs6
45 0 145707 9 19.04031 idfs6
46 0 2804673 0 34.70024 idfs6
46 0 145772 1 31.553932 idfs6
46 0 866024 2 30.575716 idfs6
46 0 858802 3 30.575716 idfs6
46 0 623145 4 27.874762 idfs6
46 0 618680 5 27.651999 idfs6
46 0 3204917 6 26.923355 idfs6
46 0 1269289 7 26.352358 idfs6
46 0 118453 8 25.384283 idfs6
46 0 150542 9 24.87231 idfs6
47 0 2674861 0 31.56156 idfs6
47 0 2675754 1 31.56156 idfs6
47 0 108545 2 26.147871 idfs6
47 0 96287 3 24.221218 idfs6
47 0 2518018 4 23.968988 idfs6
47 0 105417 5 23.897669 idfs6
47 0 111362 6 23.851568 idfs6
47 0 96147 7 23.606462 idfs6
47 0 121149 8 23.598293 idfs6
47 0 118218 9 23.541948 idfs6
48 0 2674861 0 25.919077 idfs6
48 0 2675754 1 25.919077 idfs6
48 0 103019 2 21.444157 idfs6
48 0 112422 3 21.345324 idfs6
48 0 96287 4 19.92854 idfs6
48 0 107451 5 19.814611 idfs6
48 0 108041 6 19.636583 idfs6
48 0 94040 7 18.515747 idfs6
48 0 109625 8 18.203413 idfs6
48 0 103902 9 18.18003 idfs6
49 0 4162535 0 26.45954 idfs6
49 0 2672535 1 20.166847 idfs6
49 0 90620 2 19.047028 idfs6
49 0 101852 3 18.37043 idfs6
49 0 95414 4 18.011003 idfs6
49 0 95551 5 16.49853 idfs6
49 0 93031 6 15.869262 idfs6
49 0 1957917 7 15.821804 idfs6
49 0 95847 8 15.806031 idfs6
49 0 101311 9 15.744443 idfs6
50 0 112733 0 25.172794 idfs6
50 0 118449 1 25.169506 idfs6
50 0 118203 2 24.855547 idfs6
50 0 109776 3 24.343952 idfs6
50 0 110763 4 23.747906 idfs6
50 0 117950 5 22.998484 idfs6
50 0 111953 6 22.94635 idfs6
50 0 183479 7 22.897085 idfs6
50 0 117996 8 22.785872 idfs6
50 0 112606 9 22.721298 idfs6
51 0 145849 0 11.670228 idfs6
51 0 109715 1 11.654159 idfs6
51 0 1741 2 11.2986965 idfs6
51 0 112867 3 11.160378 idfs6
51 0 107587 4 11.034416 idfs6
51 0 127913 5 11.026271 idfs6
51 0 107254 6 10.93933 idfs6
51 0 145791 7 10.796401 idfs6
51 0 109466 8 10.776106 idfs6
51 0 2808293 9 10.769122 idfs6
52 0 90150 0 19.156357 idfs6
52 0 91913 1 17.545977 idfs6
52 0 85447 2 17.291092 idfs6
52 0 101959 3 17.251259 idfs6
52 0 97465 4 16.963041 idfs6
52 0 802399 5 16.746357 idfs6
52 0 112770 6 16.717983 idfs6
52 0 111908 7 16.63172 idfs6
52 0 107187 8 16.577993 idfs6
52 0 85111 9 15.944949 idfs6
53 0 625711 0 30.674788 idfs6
53 0 872994 1 27.10072 idfs6
53 0 621045 2 26.841995 idfs6
53 0 112573 3 25.765081 idfs6
53 0 145635 4 24.75986 idfs6
53 0 104615 5 24.599884 idfs6
53 0 145628 6 24.201185 idfs6
53 0 118357 7 23.865925 idfs6
53 0 112126 8 23.832075 idfs6
53 0 112206 9 23.288801 idfs6
54 0 145884 0 29.654995 idfs6
54 0 616862 1 29.594713 idfs6
54 0 2358 2 29.42947 idfs6
54 0 1744 3 29.224447 idfs6
54 0 205788 4 28.750872 idfs6
54 0 931614 5 28.673746 idfs6
54 0 931123 6 28.07652 idfs6
54 0 216733 7 27.917202 idfs6
54 0 145626 8 27.644142 idfs6
54 0 145632 9 27.573326 idfs6
55 0 4154603 0 72.39321 idfs6
55 0 145731 1 53.226418 idfs6
55 0 110774 2 45.808167 idfs6
55 0 111261 3 44.603027 idfs6
55 0 145855 4 42.04208 idfs6
55 0 111420 5 40.556496 idfs6
55 0 118269 6 37.295006 idfs6
55 0 112910 7 36.597145 idfs6
55 0 110021 8 33.64557 idfs6
55 0 111982 9 31.227665 idfs6
56 0 4154603 0 36.568317 idfs6
56 0 145855 1 30.9815 idfs6
56 0 2677564 2 27.945593 idfs6
56 0 2678135 3 27.945593 idfs6
56 0 145629 4 26.734682 idfs6
56 0 2679558 5 26.156845 idfs6
56 0 2959741 6 24.172724 idfs6
56 0 931616 7 24.172724 idfs6
56 0 145965 8 22.598 idfs6
56 0 145731 9 22.345034 idfs6
57 0 2804673 0 10.228991 idfs6
57 0 145745 1 9.969648 idfs6
57 0 145907 2 9.940983 idfs6
57 0 145772 3 9.691851 idfs6
57 0 147953 4 9.560212 idfs6
57 0 148480 5 9.560212 idfs6
57 0 218132 6 9.4876795 idfs6
57 0 112802 7 9.358694 idfs6
57 0 117908 8 9.193706 idfs6
57 0 3209687 9 9.14082 idfs6
58 0 118467 0 18.00837 idfs6
58 0 106152 1 17.541866 idfs6
58 0 821305 2 16.855558 idfs6
58 0 2811845 3 16.6142 idfs6
58 0 2671725 4 16.552662 idfs6
58 0 2672207 5 16.528563 idfs6
58 0 117832 6 16.485916 idfs6
58 0 112085 7 16.32834 idfs6
58 0 111055 8 16.325891 idfs6
58 0 106311 9 16.302465 idfs6
59 0 2788983 0 63.00234 idfs6
59 0 4170685 1 62.987854 idfs6
59 0 931614 2 58.269684 idfs6
59 0 145627 3 57.454136 idfs6
59 0 112824 4 57.08859 idfs6
59 0 130158 5 56.988125 idfs6
59 0 112905 6 55.518032 idfs6
59 0 2672208 7 55.218014 idfs6
59 0 2670794 8 55.218014 idfs6
59 0 111736 9 54.441586 idfs6
60 0 931614 0 49.086075 idfs6
60 0 118257 1 45.035683 idfs6
60 0 127905 2 44.9632 idfs6
60 0 145856 3 43.488766 idfs6
60 0 109810 4 42.83329 idfs6
60 0 110510 5 42.527504 idfs6
60 0 3195891 6 42.499695 idfs6
60 0 118334 7 42.333153 idfs6
60 0 130158 8 40.499104 idfs6
60 0 118107 9 40.384373 idfs6
61 0 2812210 0 63.141953 idfs6
61 0 219815 1 57.793343 idfs6
61 0 145923 2 56.162003 idfs6
61 0 218457 3 54.51771 idfs6
61 0 145743 4 54.318623 idfs6
61 0 3195092 5 53.301327 idfs6
61 0 1732 6 49.309116 idfs6
61 0 1087955 7 47.052444 idfs6
61 0 2620704 8 45.696194 idfs6
61 0 218132 9 43.014877 idfs6
62 0 110091 0 26.140404 idfs6
62 0 117832 1 25.852625 idfs6
62 0 2620703 2 24.708687 idfs6
62 0 219512 3 23.719429 idfs6
62 0 145708 4 23.208208 idfs6
62 0 1742 5 23.205425 idfs6
62 0 118188 6 23.061968 idfs6
62 0 118117 7 23.052425 idfs6
62 0 121164 8 22.976446 idfs6
62 0 137739 9 22.832344 idfs6
63 0 99465 0 10.469048 idfs6
63 0 97274 1 10.343403 idfs6
63 0 96381 2 10.225231 idfs6
63 0 104545 3 10.190526 idfs6
63 0 97779 4 10.170066 idfs6
63 0 106208 5 10.159166 idfs6
63 0 105496 6 10.071393 idfs6
63 0 108369 7 9.952938 idfs6
63 0 106996 8 9.923335 idfs6
63 0 96350 9 9.900689 idfs6
64 0 2758568 0 42.660385 idfs6
64 0 145895 1 36.57299 idfs6
64 0 110645 2 32.49815 idfs6
64 0 102061 3 31.96882 idfs6
64 0 109773 4 28.477224 idfs6
64 0 111936 5 27.363615 idfs6
64 0 111051 6 27.268545 idfs6
64 0 1745 7 27.254135 idfs6
64 0 111082 8 27.167397 idfs6
64 0 110542 9 27.04113 idfs6
65 0 118123 0 20.272612 idfs6
65 0 111285 1 11.1830015 idfs6
65 0 96649 2 10.808198 idfs6
65 0 105303 3 10.712917 idfs6
65 0 108951 4 10.505323 idfs6
65 0 618680 5 10.497487 idfs6
65 0 112677 6 10.467164 idfs6
65 0 112165 7 10.31084 idfs6
65 0 112935 8 10.282473 idfs6
65 0 145867 9 10.245073 idfs6
66 0 3211501 0 39.75816 idfs6
66 0 145867 1 38.06521 idfs6
66 0 111632 2 35.58278 idfs6
66 0 112935 3 30.217852 idfs6
66 0 112106 4 28.22092 idfs6
66 0 112547 5 27.219479 idfs6
66 0 118495 6 25.570087 idfs6
66 0 218667 7 22.760078 idfs6
66 0 121170 8 22.724577 idfs6
66 0 134921 9 22.70399 idfs6
67 0 867645 0 20.31898 idfs6
67 0 145800 1 17.112862 idfs6
67 0 2959738 2 16.738764 idfs6
67 0 145635 3 16.302908 idfs6
67 0 103093 4 16.174446 idfs6
67 0 112081 5 16.065004 idfs6
67 0 112891 6 15.570008 idfs6
67 0 88797 7 15.338638 idfs6
67 0 102083 8 15.209131 idfs6
67 0 110330 9 14.995088 idfs6
68 0 103675 0 39.78877 idfs6
68 0 100945 1 34.693592 idfs6
68 0 103678 2 32.05996 idfs6
68 0 99090 3 31.46649 idfs6
68 0 106930 4 31.453371 idfs6
68 0 106483 5 31.444267 idfs6
68 0 145673 6 30.508839 idfs6
68 0 104522 7 30.408916 idfs6
68 0 97893 8 30.308918 idfs6
68 0 2455531 9 29.58364 idfs6
69 0 112719 0 26.79384 idfs6
69 0 799975 1 26.601757 idfs6
69 0 117927 2 26.532911 idfs6
69 0 109420 3 26.07796 idfs6
69 0 118363 4 26.069218 idfs6
69 0 111438 5 25.882732 idfs6
69 0 145642 6 25.87848 idfs6
69 0 127899 7 25.82671 idfs6
69 0 112881 8 25.553436 idfs6
69 0 134745 9 25.512327 idfs6
70 0 111709 0 36.839123 idfs6
70 0 118111 1 36.17915 idfs6
70 0 112534 2 34.136692 idfs6
70 0 118080 3 32.11478 idfs6
70 0 117961 4 31.793879 idfs6
70 0 1087961 5 30.761068 idfs6
70 0 117859 6 30.483479 idfs6
70 0 117927 7 29.938513 idfs6
70 0 118317 8 29.546904 idfs6
70 0 118379 9 28.928629 idfs6
71 0 118052 0 31.56685 idfs6
71 0 112904 1 31.228933 idfs6
71 0 110331 2 30.39642 idfs6
71 0 118234 3 29.680573 idfs6
71 0 111103 4 28.915085 idfs6
71 0 112324 5 26.030361 idfs6
71 0 118005 6 25.967524 idfs6
71 0 112914 7 25.2051 idfs6
71 0 108303 8 24.78598 idfs6
71 0 88325 9 24.666222 idfs6
72 0 118052 0 24.59536 idfs6
72 0 112904 1 24.050085 idfs6
72 0 117979 2 23.589815 idfs6
72 0 108624 3 23.419752 idfs6
72 0 112914 4 22.812038 idfs6
72 0 110936 5 22.694426 idfs6
72 0 118234 6 22.621237 idfs6
72 0 112797 7 21.914606 idfs6
72 0 109721 8 21.735394 idfs6
72 0 2654533 9 21.640701 idfs6
73 0 2804674 0 31.50214 idfs6
73 0 1087954 1 31.230425 idfs6
73 0 145624 2 30.855312 idfs6
73 0 118043 3 29.778116 idfs6
73 0 111425 4 27.9481 idfs6
73 0 110692 5 27.45787 idfs6
73 0 145638 6 27.173698 idfs6
73 0 118162 7 26.4382 idfs6
73 0 868383 8 25.574945 idfs6
73 0 109931 9 25.312647 idfs6
74 0 2804674 0 25.734838 idfs6
74 0 112774 1 24.669373 idfs6
74 0 108616 2 24.08581 idfs6
74 0 110398 3 23.60294 idfs6
74 0 218667 4 23.352608 idfs6
74 0 103459 5 23.301498 idfs6
74 0 110798 6 23.176012 idfs6
74 0 219734 7 23.092 idfs6
74 0 3183079 8 22.947542 idfs6
74 0 127908 9 22.479214 idfs6
75 0 112347 0 39.168392 idfs6
75 0 118226 1 36.463146 idfs6
75 0 111291 2 35.64777 idfs6
75 0 106428 3 34.55777 idfs6
75 0 99541 4 34.17778 idfs6
75 0 2678134 5 33.988182 idfs6
75 0 103814 6 33.30015 idfs6
75 0 145826 7 32.92975 idfs6
75 0 2674861 8 32.565083 idfs6
75 0 2675754 9 32.565083 idfs6
76 0 1740 0 30.721703 idfs6
76 0 108900 1 29.488731 idfs6
76 0 111508 2 28.509506 idfs6
76 0 145799 3 27.869194 idfs6
76 0 145652 4 27.797321 idfs6
76 0 2679833 5 27.691929 idfs6
76 0 2680440 6 27.691929 idfs6
76 0 118390 7 26.37921 idfs6
76 0 150540 8 26.104082 idfs6
76 0 111945 9 26.017525 idfs6
77 0 104355 0 28.729168 idfs6
77 0 111455 1 26.897137 idfs6
77 0 112626 2 26.466646 idfs6
77 0 111610 3 26.388168 idfs6
77 0 97242 4 25.33937 idfs6
77 0 112646 5 24.991241 idfs6
77 0 112693 6 24.83746 idfs6
77 0 112726 7 24.824837 idfs6
77 0 110223 8 24.183197 idfs6
77 0 110594 9 23.76621 idfs6
78 0 117899 0 43.487907 idfs6
78 0 2812588 1 42.211174 idfs6
78 0 616862 2 41.78241 idfs6
78 0 111250 3 40.625454 idfs6
78 0 111717 4 40.559547 idfs6
78 0 112358 5 39.39039 idfs6
78 0 799976 6 39.267654 idfs6
78 0 118131 7 39.024643 idfs6
78 0 118037 8 38.65253 idfs6
78 0 118022 9 38.266552 idfs6
79 0 111009 0 55.13367 idfs6
79 0 118143 1 48.838654 idfs6
79 0 111470 2 47.99804 idfs6
79 0 2680438 3 41.32906 idfs6
79 0 110221 4 34.542816 idfs6
79 0 3171728 5 25.324387 idfs6
79 0 145932 6 22.213528 idfs6
79 0 106328 7 21.553804 idfs6
79 0 903979 8 21.345324 idfs6
79 0 902768 9 21.345324 idfs6
80 0 149285 0 22.089138 idfs6
80 0 108900 1 21.247398 idfs6
80 0 118513 2 20.682913 idfs6
80 0 112664 3 20.474686 idfs6
80 0 118368 4 20.272707 idfs6
80 0 111502 5 20.23647 idfs6
80 0 98551 6 20.095745 idfs6
80 0 4106441 7 19.837212 idfs6
80 0 1100709 8 19.82681 idfs6
80 0 94532 9 19.82681 idfs6
81 0 118373 0 15.006995 idfs6
81 0 4157383 1 14.765799 idfs6
81 0 112260 2 14.132398 idfs6
81 0 799991 3 13.934408 idfs6
81 0 145811 4 13.856603 idfs6
81 0 111914 5 13.7677965 idfs6
81 0 110073 6 13.672728 idfs6
81 0 148484 7 13.228079 idfs6
81 0 802791 8 13.118923 idfs6
81 0 3209687 9 13.105083 idfs6
82 0 112869 0 18.36624 idfs6
82 0 111106 1 18.276772 idfs6
82 0 821305 2 18.228237 idfs6
82 0 105739 3 17.96213 idfs6
82 0 105931 4 17.94017 idfs6
82 0 117837 5 17.785027 idfs6
82 0 104132 6 17.707338 idfs6
82 0 88165 7 17.61488 idfs6
82 0 112752 8 17.439049 idfs6
82 0 112803 9 17.409243 idfs6
83 0 145859 0 56.583164 idfs6
83 0 111333 1 39.8049 idfs6
83 0 111151 2 39.7588 idfs6
83 0 111194 3 39.63494 idfs6
83 0 111246 4 38.442886 idfs6
83 0 111664 5 37.973846 idfs6
83 0 111663 6 37.06833 idfs6
83 0 111103 7 37.01243 idfs6
83 0 820896 8 36.600334 idfs6
83 0 112372 9 36.46468 idfs6
84 0 145859 0 53.502422 idfs6
84 0 111151 1 50.34769 idfs6
84 0 111664 2 48.675148 idfs6
84 0 110361 3 47.55136 idfs6
84 0 108164 4 47.313244 idfs6
84 0 112922 5 47.104095 idfs6
84 0 800858 6 46.46754 idfs6
84 0 107293 7 46.191856 idfs6
84 0 109200 8 45.90887 idfs6
84 0 110731 9 45.847427 idfs6
85 0 802973 0 42.0368 idfs6
85 0 803271 1 42.0368 idfs6
85 0 2959737 2 42.0368 idfs6
85 0 137749 3 35.327156 idfs6
85 0 111586 4 34.746025 idfs6
85 0 218925 5 34.072937 idfs6
85 0 112326 6 32.789368 idfs6
85 0 150543 7 32.429646 idfs6
85 0 2959732 8 32.429646 idfs6
85 0 146553 9 32.10748 idfs6
86 0 3171724 0 38.584766 idfs6
86 0 3177199 1 38.584766 idfs6
86 0 3177200 2 38.584766 idfs6
86 0 3205766 3 32.927567 idfs6
86 0 3195092 4 32.713932 idfs6
86 0 802973 5 28.096975 idfs6
86 0 803271 6 28.096975 idfs6
86 0 2959737 7 28.096975 idfs6
86 0 3171728 8 27.086544 idfs6
86 0 3170730 9 26.36718 idfs6
87 0 143378 0 24.705408 idfs6
87 0 104998 1 24.325493 idfs6
87 0 136998 2 24.01091 idfs6
87 0 104480 3 22.311586 idfs6
87 0 112746 4 21.884277 idfs6
87 0 1088038 5 21.311075 idfs6
87 0 118109 6 21.198298 idfs6
87 0 105721 7 20.864925 idfs6
87 0 112807 8 20.761715 idfs6
87 0 111186 9 20.358782 idfs6
88 0 625833 0 25.329077 idfs6
88 0 111170 1 23.756405 idfs6
88 0 145122 2 23.42453 idfs6
88 0 182991 3 22.94489 idfs6
88 0 625711 4 22.753838 idfs6
88 0 143378 5 22.648403 idfs6
88 0 182992 6 22.261377 idfs6
88 0 130159 7 22.19202 idfs6
88 0 872994 8 21.96882 idfs6
88 0 111539 9 21.955809 idfs6
89 0 4151822 0 109.68344 idfs6
89 0 2812588 1 94.332405 idfs6
89 0 2770446 2 80.18044 idfs6
89 0 4162110 3 79.65285 idfs6
89 0 145817 4 53.37126 idfs6
89 0 145954 5 52.407295 idfs6
89 0 4106440 6 51.862453 idfs6
89 0 145647 7 47.449486 idfs6
89 0 134747 8 46.682957 idfs6
89 0 180494 9 44.821693 idfs6
90 0 145626 0 16.285892 idfs6
90 0 109643 1 15.945585 idfs6
90 0 109921 2 15.717604 idfs6
90 0 118054 3 15.477296 idfs6
90 0 118420 4 15.103817 idfs6
90 0 109079 5 15.091624 idfs6
90 0 2620698 6 14.775936 idfs6
90 0 92716 7 14.620355 idfs6
90 0 109080 8 14.610188 idfs6
90 0 109776 9 14.487585 idfs6
91 0 3212514 0 52.049667 idfs6
91 0 219097 1 38.92431 idfs6
91 0 856791 2 36.179024 idfs6
91 0 145892 3 35.850243 idfs6
91 0 145785 4 33.819874 idfs6
91 0 110032 5 33.7975 idfs6
91 0 1087959 6 32.954018 idfs6
91 0 624280 7 32.47815 idfs6
91 0 109043 8 31.705038 idfs6
91 0 145873 9 30.71741 idfs6
92 0 3212514 0 22.917185 idfs6
92 0 2675751 1 16.54906 idfs6
92 0 98116 2 16.184105 idfs6
92 0 111820 3 16.06576 idfs6
92 0 111828 4 16.039083 idfs6
92 0 109857 5 15.6193 idfs6
92 0 109818 6 15.52752 idfs6
92 0 4162936 7 15.400795 idfs6
92 0 111694 8 15.374731 idfs6
92 0 98779 9 15.374642 idfs6
93 0 110877 0 77.63391 idfs6
93 0 130158 1 74.49812 idfs6
93 0 118334 2 71.07595 idfs6
93 0 118107 3 70.58312 idfs6
93 0 110200 4 66.91633 idfs6
93 0 4151827 5 66.610245 idfs6
93 0 109610 6 65.41652 idfs6
93 0 112905 7 64.54383 idfs6
93 0 2788983 8 62.655994 idfs6
93 0 110248 9 61.883427 idfs6
94 0 931614 0 89.154335 idfs6
94 0 4151827 1 78.53935 idfs6
94 0 3195891 2 77.864746 idfs6
94 0 2788983 3 70.743454 idfs6
94 0 2743641 4 61.841743 idfs6
94 0 2959756 5 61.841743 idfs6
94 0 130158 6 61.027832 idfs6
94 0 145901 7 58.780678 idfs6
94 0 111736 8 57.502415 idfs6
94 0 2743678 9 55.74919 idfs6
95 0 107232 0 27.65589 idfs6
95 0 108555 1 25.952425 idfs6
95 0 105495 2 25.787796 idfs6
95 0 107794 3 21.31313 idfs6
95 0 107475 4 20.712864 idfs6
95 0 109444 5 19.459976 idfs6
95 0 112765 6 19.442263 idfs6
95 0 111385 7 19.395311 idfs6
95 0 101863 8 19.226004 idfs6
95 0 108161 9 19.041471 idfs6
96 0 91505 0 14.513922 idfs6
96 0 104330 1 14.500528 idfs6
96 0 108330 2 14.441683 idfs6
96 0 2650505 3 14.308059 idfs6
96 0 91961 4 14.272933 idfs6
96 0 89763 5 14.052608 idfs6
96 0 104523 6 13.9822235 idfs6
96 0 86280 7 13.948533 idfs6
96 0 91215 8 13.856528 idfs6
96 0 108711 9 13.794442 idfs6
97 0 112101 0 29.7747 idfs6
97 0 111922 1 26.935478 idfs6
97 0 136993 2 20.800062 idfs6
97 0 118379 3 19.724579 idfs6
97 0 2806208 4 18.781507 idfs6
97 0 2808294 5 18.781507 idfs6
97 0 145822 6 17.62827 idfs6
97 0 2959744 7 16.600855 idfs6
97 0 855518 8 16.600855 idfs6
97 0 3213873 9 16.084017 idfs6
98 0 2655591 0 21.603495 idfs6
98 0 2676593 1 21.198837 idfs6
98 0 145903 2 20.483742 idfs6
98 0 108783 3 20.213846 idfs6
98 0 103809 4 20.065609 idfs6
98 0 2655597 5 20.028593 idfs6
98 0 145822 6 19.998774 idfs6
98 0 112163 7 19.931147 idfs6
98 0 112574 8 19.875408 idfs6
98 0 110156 9 19.734112 idfs6
99 0 112267 0 51.846485 idfs6
99 0 111884 1 36.61065 idfs6
99 0 110552 2 35.108498 idfs6
99 0 118121 3 30.75961 idfs6
99 0 109976 4 30.663637 idfs6
99 0 104759 5 27.520103 idfs6
99 0 110578 6 26.998075 idfs6
99 0 145914 7 25.383303 idfs6
99 0 109673 8 23.896957 idfs6
99 0 112723 9 23.461796 idfs6
100 0 112267 0 67.64797 idfs6
100 0 110552 1 50.97557 idfs6
100 0 102981 2 41.662178 idfs6
100 0 111884 3 41.660336 idfs6
100 0 105252 4 39.396645 idfs6
100 0 111886 5 39.129017 idfs6
100 0 102161 6 38.80168 idfs6
100 0 107933 7 38.09625 idfs6
100 0 854177 8 37.906986 idfs6
100 0 110098 9 37.175777 idfs6
