1 0 112795 0 20.93517 idfs3
1 0 110464 1 16.801205 idfs3
1 0 110235 2 16.789492 idfs3
1 0 110668 3 16.325287 idfs3
1 0 219732 4 16.12238 idfs3
1 0 97605 5 16.095993 idfs3
1 0 112284 6 15.959353 idfs3
1 0 112540 7 15.929262 idfs3
1 0 110298 8 15.609416 idfs3
1 0 111116 9 15.2360115 idfs3
2 0 104571 0 12.498323 idfs3
2 0 145692 1 11.363132 idfs3
2 0 104543 2 10.260111 idfs3
2 0 108555 3 10.192553 idfs3
2 0 4170684 4 10.133535 idfs3
2 0 107232 5 10.078937 idfs3
2 0 118348 6 10.016153 idfs3
2 0 107475 7 10.014966 idfs3
2 0 104044 8 9.970714 idfs3
2 0 105495 9 9.937759 idfs3
3 0 3162143 0 31.804272 idfs3
3 0 215496 1 31.411152 idfs3
3 0 215694 2 31.411152 idfs3
3 0 2959735 3 31.41011 idfs3
3 0 118029 4 30.714123 idfs3
3 0 112212 5 29.978514 idfs3
3 0 812450 6 29.414349 idfs3
3 0 145683 7 28.869614 idfs3
3 0 117892 8 28.72407 idfs3
3 0 130157 9 28.24142 idfs3
4 0 215496 0 42.314075 idfs3
4 0 215694 1 42.267147 idfs3
4 0 2959735 2 42.265064 idfs3
4 0 149007 3 40.40234 idfs3
4 0 623142 4 33.752792 idfs3
4 0 111920 5 31.661297 idfs3
4 0 118029 6 30.750765 idfs3
4 0 145821 7 28.90572 idfs3
4 0 106656 8 28.058393 idfs3
4 0 149288 9 27.419218 idfs3
5 0 183480 0 28.004488 idfs3
5 0 110056 1 22.930664 idfs3
5 0 108089 2 22.47049 idfs3
5 0 2672209 3 20.76617 idfs3
5 0 2657779 4 20.76617 idfs3
5 0 111789 5 20.347126 idfs3
5 0 108088 6 19.570044 idfs3
5 0 118174 7 19.365124 idfs3
5 0 112538 8 17.574734 idfs3
5 0 108671 9 17.500729 idfs3
6 0 117932 0 23.632034 idfs3
6 0 2811844 1 20.892881 idfs3
6 0 2959750 2 20.892881 idfs3
6 0 108449 3 16.19541 idfs3
6 0 106257 4 15.054063 idfs3
6 0 105695 5 14.545866 idfs3
6 0 105790 6 14.515762 idfs3
6 0 110048 7 13.698967 idfs3
6 0 2680591 8 13.329972 idfs3
6 0 110883 9 13.318753 idfs3
7 0 2672535 0 16.827255 idfs3
7 0 112851 1 15.5014105 idfs3
7 0 147530 2 15.1820345 idfs3
7 0 147531 3 14.740833 idfs3
7 0 2752078 4 14.588909 idfs3
7 0 2655591 5 14.231968 idfs3
7 0 820745 6 13.716038 idfs3
7 0 111951 7 13.679621 idfs3
7 0 219733 8 13.042194 idfs3
7 0 220342 9 13.042194 idfs3
8 0 145911 0 17.67008 idfs3
8 0 2670643 1 15.036736 idfs3
8 0 146981 2 13.676572 idfs3
8 0 215806 3 12.424291 idfs3
8 0 182991 4 11.980612 idfs3
8 0 4104823 5 11.423844 idfs3
8 0 2654532 6 11.124536 idfs3
8 0 2812587 7 11.088314 idfs3
8 0 2959748 8 11.088314 idfs3
8 0 145859 9 10.967211 idfs3
9 0 2675751 0 30.157784 idfs3
9 0 145908 1 27.431643 idfs3
9 0 111828 2 25.786846 idfs3
9 0 110543 3 25.454762 idfs3
9 0 109720 4 25.430222 idfs3
9 0 3211502 5 25.25492 idfs3
9 0 118467 6 24.802776 idfs3
9 0 110962 7 24.72949 idfs3
9 0 110436 8 24.63776 idfs3
9 0 112885 9 24.633724 idfs3
10 0 112931 0 27.957851 idfs3
10 0 145715 1 26.593473 idfs3
10 0 112094 2 25.991756 idfs3
10 0 147531 3 25.307032 idfs3
10 0 145713 4 25.086006 idfs3
10 0 127914 5 24.65849 idfs3
10 0 112291 6 24.553602 idfs3
10 0 1992989 7 24.200163 idfs3
10 0 112834 8 24.09519 idfs3
10 0 145678 9 23.303728 idfs3
11 0 104371 0 14.896402 idfs3
11 0 931123 1 14.094036 idfs3
11 0 109398 2 13.84129 idfs3
11 0 212830 3 13.359411 idfs3
11 0 873668 4 13.282286 idfs3
11 0 102335 5 13.074466 idfs3
11 0 107553 6 12.730684 idfs3
11 0 1750 7 12.649281 idfs3
11 0 104940 8 12.422823 idfs3
11 0 620560 9 12.334147 idfs3
12 0 2672535 0 18.662405 idfs3
12 0 809121 1 15.887567 idfs3
12 0 624280 2 12.9509 idfs3
12 0 621195 3 12.503098 idfs3
12 0 621270 4 12.503098 idfs3
12 0 96880 5 12.169 idfs3
12 0 1746 6 11.850683 idfs3
12 0 2812586 7 11.831393 idfs3
12 0 3207860 8 11.656219 idfs3
12 0 105909 9 11.492445 idfs3
13 0 2642828 0 30.916111 idfs3
13 0 802973 1 25.747923 idfs3
13 0 803271 2 25.747923 idfs3
13 0 2959737 3 25.747923 idfs3
13 0 3168776 4 24.315655 idfs3
13 0 3170728 5 23.383251 idfs3
13 0 145967 6 23.034477 idfs3
13 0 2959730 7 22.276123 idfs3
13 0 145971 8 21.667507 idfs3
13 0 811777 9 20.099663 idfs3
14 0 614392 0 23.80729 idfs3
14 0 614485 1 23.80729 idfs3
14 0 124715 2 22.11667 idfs3
14 0 145958 3 21.417835 idfs3
14 0 4151817 4 21.212759 idfs3
14 0 145967 5 20.799816 idfs3
14 0 3199501 6 19.297047 idfs3
14 0 112316 7 19.083538 idfs3
14 0 2812588 8 19.065243 idfs3
14 0 2153 9 16.537971 idfs3
15 0 2812588 0 31.113903 idfs3
15 0 4162111 1 29.368303 idfs3
15 0 3207858 2 29.017605 idfs3
15 0 4151821 3 28.127533 idfs3
15 0 4106440 4 26.84452 idfs3
15 0 4015951 5 26.66204 idfs3
15 0 4162534 6 26.457956 idfs3
15 0 3199501 7 25.285614 idfs3
15 0 3177196 8 25.012785 idfs3
15 0 4151822 9 24.200191 idfs3
16 0 2155 0 27.186363 idfs3
16 0 2770446 1 21.579386 idfs3
16 0 4151822 2 19.44853 idfs3
16 0 2771249 3 18.954985 idfs3
16 0 2812588 4 18.79444 idfs3
16 0 177420 5 18.237747 idfs3
16 0 620561 6 16.649689 idfs3
16 0 2810523 7 16.395256 idfs3
16 0 102717 8 16.095518 idfs3
16 0 802398 9 16.077522 idfs3
17 0 110593 0 13.815317 idfs3
17 0 131146 1 13.019015 idfs3
17 0 112152 2 12.98893 idfs3
17 0 108603 3 12.904917 idfs3
17 0 118125 4 12.816665 idfs3
17 0 2672535 5 12.805087 idfs3
17 0 111306 6 12.369749 idfs3
17 0 117968 7 12.232669 idfs3
17 0 112819 8 12.1819725 idfs3
17 0 117987 9 12.154703 idfs3
18 0 148484 0 32.503185 idfs3
18 0 2670966 1 23.738987 idfs3
18 0 799991 2 22.883991 idfs3
18 0 145703 3 22.10205 idfs3
18 0 112434 4 21.974176 idfs3
18 0 111696 5 21.93546 idfs3
18 0 104306 6 21.801086 idfs3
18 0 111713 7 21.76859 idfs3
18 0 112260 8 21.603931 idfs3
18 0 112101 9 21.487392 idfs3
19 0 103133 0 9.285629 idfs3
19 0 107661 1 9.197855 idfs3
19 0 104895 2 8.954784 idfs3
19 0 102034 3 8.866007 idfs3
19 0 87884 4 8.828347 idfs3
19 0 93820 5 8.630234 idfs3
19 0 99101 6 8.612297 idfs3
19 0 106314 7 8.507561 idfs3
19 0 93149 8 8.339263 idfs3
19 0 104063 9 8.304659 idfs3
20 0 3158927 0 13.947176 idfs3
20 0 147528 1 12.8221035 idfs3
20 0 3203656 2 11.875186 idfs3
20 0 3206414 3 11.875186 idfs3
20 0 95121 4 11.798634 idfs3
20 0 98691 5 11.396887 idfs3
20 0 118440 6 11.3317 idfs3
20 0 3217477 7 11.188628 idfs3
20 0 118358 8 11.124987 idfs3
20 0 112554 9 11.049235 idfs3
21 0 118371 0 22.68165 idfs3
21 0 130139 1 22.004904 idfs3
21 0 118055 2 20.764309 idfs3
21 0 2659300 3 20.492697 idfs3
21 0 112766 4 20.325708 idfs3
21 0 112777 5 19.98068 idfs3
21 0 112799 6 19.793882 idfs3
21 0 109609 7 19.489779 idfs3
21 0 86383 8 19.489563 idfs3
21 0 112846 9 19.389404 idfs3
22 0 112043 0 23.93681 idfs3
22 0 103249 1 22.992912 idfs3
22 0 103858 2 22.414148 idfs3
22 0 112737 3 21.913073 idfs3
22 0 109807 4 21.828487 idfs3
22 0 103768 5 20.719624 idfs3
22 0 105482 6 20.627953 idfs3
22 0 107239 7 20.506886 idfs3
22 0 118415 8 20.273981 idfs3
22 0 111021 9 20.214186 idfs3
23 0 146983 0 8.566297 idfs3
23 0 4157382 1 7.9352474 idfs3
23 0 4157405 2 7.9352474 idfs3
23 0 4157406 3 7.9352474 idfs3
23 0 109889 4 7.7524514 idfs3
23 0 109052 5 7.6837115 idfs3
23 0 105435 6 7.680641 idfs3
23 0 110391 7 7.680641 idfs3
23 0 112533 8 7.4543586 idfs3
23 0 110474 9 7.3281317 idfs3
24 0 2804671 0 17.05453 idfs3
24 0 145960 1 15.618204 idfs3
24 0 182514 2 14.58683 idfs3
24 0 109265 3 13.85999 idfs3
24 0 2645421 4 13.331027 idfs3
24 0 182558 5 13.259726 idfs3
24 0 2788474 6 13.010269 idfs3
24 0 2151 7 12.958254 idfs3
24 0 145929 8 12.895048 idfs3
24 0 1733 9 12.895048 idfs3
25 0 3211503 0 17.993809 idfs3
25 0 112616 1 15.479442 idfs3
25 0 110095 2 13.398724 idfs3
25 0 112345 3 13.354069 idfs3
25 0 109416 4 13.154818 idfs3
25 0 118021 5 13.114317 idfs3
25 0 107574 6 12.765492 idfs3
25 0 145864 7 12.293527 idfs3
25 0 107971 8 12.111914 idfs3
25 0 106384 9 12.037879 idfs3
26 0 145758 0 26.198822 idfs3
26 0 118026 1 25.864214 idfs3
26 0 112324 2 24.575905 idfs3
26 0 118424 3 24.209932 idfs3
26 0 110086 4 23.791355 idfs3
26 0 127910 5 22.962656 idfs3
26 0 626208 6 22.728645 idfs3
26 0 118441 7 22.149714 idfs3
26 0 117872 8 21.99028 idfs3
26 0 118070 9 21.555351 idfs3
27 0 4157382 0 27.389029 idfs3
27 0 4157405 1 27.389029 idfs3
27 0 112346 2 21.597296 idfs3
27 0 111141 3 19.847883 idfs3
27 0 110384 4 19.100264 idfs3
27 0 620673 5 15.942444 idfs3
27 0 112071 6 15.735123 idfs3
27 0 110706 7 15.617771 idfs3
27 0 110320 8 15.602868 idfs3
27 0 145787 9 15.370321 idfs3
28 0 4157382 0 27.40797 idfs3
28 0 4157405 1 27.40797 idfs3
28 0 217703 2 19.137173 idfs3
28 0 108340 3 16.93865 idfs3
28 0 873668 4 16.732777 idfs3
28 0 616869 5 15.620355 idfs3
28 0 145975 6 14.817055 idfs3
28 0 4168298 7 14.817055 idfs3
28 0 112346 8 14.414848 idfs3
28 0 212830 9 13.95807 idfs3
29 0 112620 0 15.537369 idfs3
29 0 145910 1 15.284925 idfs3
29 0 130150 2 14.651133 idfs3
29 0 1759 3 14.314051 idfs3
29 0 97427 4 14.0851 idfs3
29 0 99464 5 14.062565 idfs3
29 0 110490 6 14.018906 idfs3
29 0 111092 7 13.969068 idfs3
29 0 109526 8 13.881501 idfs3
29 0 112180 9 13.765575 idfs3
30 0 145916 0 31.884861 idfs3
30 0 145841 1 31.632835 idfs3
30 0 205788 2 28.558447 idfs3
30 0 145708 3 27.475325 idfs3
30 0 137739 4 25.621061 idfs3
30 0 4151826 5 24.990917 idfs3
30 0 118117 6 24.60678 idfs3
30 0 118045 7 24.550632 idfs3
30 0 118343 8 24.347233 idfs3
30 0 145843 9 23.785202 idfs3
31 0 3207859 0 23.824928 idfs3
31 0 145925 1 22.845243 idfs3
31 0 148797 2 20.639498 idfs3
31 0 118412 3 19.502022 idfs3
31 0 137003 4 19.027155 idfs3
31 0 903977 5 16.642633 idfs3
31 0 902767 6 16.642633 idfs3
31 0 145857 7 16.509697 idfs3
31 0 145676 8 16.04572 idfs3
31 0 118473 9 15.987968 idfs3
32 0 108616 0 12.221677 idfs3
32 0 109034 1 12.1712055 idfs3
32 0 118335 2 11.77379 idfs3
32 0 118456 3 11.390535 idfs3
32 0 108871 4 10.998047 idfs3
32 0 110398 5 10.9369135 idfs3
32 0 108965 6 10.930774 idfs3
32 0 118321 7 10.710694 idfs3
32 0 110935 8 10.526773 idfs3
32 0 118458 9 10.450367 idfs3
33 0 2809767 0 21.56031 idfs3
33 0 2811850 1 21.56031 idfs3
33 0 2676594 2 17.911388 idfs3
33 0 2675753 3 17.838001 idfs3
33 0 2679204 4 17.838001 idfs3
33 0 118302 5 15.918364 idfs3
33 0 108583 6 15.0033245 idfs3
33 0 110138 7 14.849355 idfs3
33 0 112728 8 13.743697 idfs3
33 0 118130 9 12.806931 idfs3
34 0 2809767 0 51.610603 idfs3
34 0 2811850 1 51.610603 idfs3
34 0 2675753 2 49.897034 idfs3
34 0 2679204 3 49.897034 idfs3
34 0 2676594 4 49.758995 idfs3
34 0 3207858 5 27.725122 idfs3
34 0 136994 6 25.715218 idfs3
34 0 137727 7 25.684032 idfs3
34 0 121158 8 23.90686 idfs3
34 0 112325 9 21.820744 idfs3
35 0 932061 0 19.322287 idfs3
35 0 3205767 1 18.808834 idfs3
35 0 868381 2 18.468527 idfs3
35 0 821306 3 18.43133 idfs3
35 0 3203656 4 17.18843 idfs3
35 0 3206414 5 17.18843 idfs3
35 0 2654532 6 17.143236 idfs3
35 0 2768888 7 16.914513 idfs3
35 0 3214778 8 16.371193 idfs3
35 0 799992 9 16.338697 idfs3
36 0 105224 0 17.883432 idfs3
36 0 112259 1 16.96952 idfs3
36 0 118070 2 16.593922 idfs3
36 0 118187 3 15.760451 idfs3
36 0 100007 4 14.456728 idfs3
36 0 105338 5 13.875961 idfs3
36 0 97681 6 13.70959 idfs3
36 0 89164 7 13.70712 idfs3
36 0 93831 8 13.57204 idfs3
36 0 118234 9 13.539717 idfs3
37 0 4151829 0 24.616144 idfs3
37 0 145855 1 20.20964 idfs3
37 0 118269 2 19.357058 idfs3
37 0 145731 3 19.080107 idfs3
37 0 111982 4 18.817968 idfs3
37 0 112910 5 18.565895 idfs3
37 0 107652 6 18.362144 idfs3
37 0 1993216 7 17.637983 idfs3
37 0 145629 8 17.636866 idfs3
37 0 112359 9 17.368687 idfs3
38 0 145731 0 34.96522 idfs3
38 0 118269 1 34.853672 idfs3
38 0 1993216 2 34.17026 idfs3
38 0 112910 3 33.038883 idfs3
38 0 145855 4 32.500523 idfs3
38 0 111982 5 31.530958 idfs3
38 0 111420 6 30.575598 idfs3
38 0 112292 7 29.738354 idfs3
38 0 4151829 8 29.67606 idfs3
38 0 111264 9 28.098583 idfs3
39 0 99304 0 17.074528 idfs3
39 0 111502 1 16.999762 idfs3
39 0 111062 2 16.922073 idfs3
39 0 799994 3 16.860481 idfs3
39 0 2674861 4 16.803774 idfs3
39 0 2675754 5 16.803774 idfs3
39 0 103317 6 16.723637 idfs3
39 0 101718 7 16.717583 idfs3
39 0 109288 8 16.640017 idfs3
39 0 118192 9 16.631187 idfs3
40 0 931120 0 16.956957 idfs3
40 0 145943 1 15.10678 idfs3
40 0 2810526 2 13.456747 idfs3
40 0 92047 3 12.771536 idfs3
40 0 2801430 4 11.659222 idfs3
40 0 110621 5 11.379672 idfs3
40 0 145866 6 11.226545 idfs3
40 0 145964 7 11.18577 idfs3
40 0 96968 8 11.039202 idfs3
40 0 2642830 9 11.005697 idfs3
41 0 109186 0 22.810219 idfs3
41 0 2810525 1 22.133127 idfs3
41 0 2811847 2 22.133127 idfs3
41 0 112585 3 21.201412 idfs3
41 0 111198 4 20.737608 idfs3
41 0 112257 5 19.978102 idfs3
41 0 110075 6 19.787077 idfs3
41 0 110132 7 19.245794 idfs3
41 0 110635 8 18.384127 idfs3
41 0 111254 9 18.365332 idfs3
42 0 145943 0 19.230137 idfs3
42 0 2751166 1 18.192457 idfs3
42 0 2150 2 16.791748 idfs3
42 0 3177199 3 15.701936 idfs3
42 0 134735 4 15.510063 idfs3
42 0 145959 5 15.2153015 idfs3
42 0 177069 6 15.2153015 idfs3
42 0 3171724 7 15.189623 idfs3
42 0 3177200 8 15.189623 idfs3
42 0 145901 9 14.968701 idfs3
43 0 103735 0 10.554098 idfs3
43 0 112410 1 9.216232 idfs3
43 0 109556 2 9.216232 idfs3
43 0 111467 3 8.97213 idfs3
43 0 108629 4 8.839016 idfs3
43 0 112606 5 8.696049 idfs3
43 0 110374 6 8.373557 idfs3
43 0 105745 7 8.240937 idfs3
43 0 103461 8 8.222773 idfs3
43 0 104342 9 8.134415 idfs3
44 0 183480 0 13.38608 idfs3
44 0 1738 1 11.061074 idfs3
44 0 91444 2 10.953227 idfs3
44 0 2672209 3 9.267527 idfs3
44 0 2657779 4 9.267527 idfs3
44 0 2781925 5 9.186165 idfs3
44 0 1755 6 9.144785 idfs3
44 0 205202 7 8.7403755 idfs3
44 0 2521732 8 8.734802 idfs3
44 0 149006 9 8.329382 idfs3
45 0 127691 0 17.724762 idfs3
45 0 130159 1 17.724762 idfs3
45 0 144101 2 17.164312 idfs3
45 0 3181481 3 15.587917 idfs3
45 0 118496 4 15.368392 idfs3
45 0 104281 5 15.352214 idfs3
45 0 131835 6 15.256687 idfs3
45 0 142063 7 15.256687 idfs3
45 0 135844 8 15.087404 idfs3
45 0 141558 9 15.087404 idfs3
46 0 2804673 0 24.420877 idfs3
46 0 618680 1 21.12722 idfs3
46 0 145772 2 20.857483 idfs3
46 0 623145 3 20.79238 idfs3
46 0 118453 4 19.982594 idfs3
46 0 866024 5 19.79406 idfs3
46 0 858802 6 19.79406 idfs3
46 0 3204917 7 18.429096 idfs3
46 0 137725 8 17.200356 idfs3
46 0 1269289 9 17.14098 idfs3
47 0 2674861 0 20.159765 idfs3
47 0 2675754 1 20.159765 idfs3
47 0 108545 2 18.968613 idfs3
47 0 96287 3 18.80072 idfs3
47 0 96147 4 17.66058 idfs3
47 0 111362 5 16.41375 idfs3
47 0 2518018 6 16.232767 idfs3
47 0 104250 7 16.225126 idfs3
47 0 103019 8 16.112898 idfs3
47 0 142882 9 15.851243 idfs3
48 0 103019 0 17.11354 idfs3
48 0 2674861 1 16.429201 idfs3
48 0 2675754 2 16.429201 idfs3
48 0 99428 3 15.779324 idfs3
48 0 96287 4 15.167417 idfs3
48 0 95291 5 14.738144 idfs3
48 0 92469 6 14.41494 idfs3
48 0 91994 7 14.28933 idfs3
48 0 86520 8 14.237415 idfs3
48 0 2518018 9 14.12618 idfs3
49 0 4162535 0 15.820852 idfs3
49 0 101852 1 14.436086 idfs3
49 0 90620 2 14.43404 idfs3
49 0 95847 3 13.110421 idfs3
49 0 95414 4 13.053939 idfs3
49 0 96570 5 12.180768 idfs3
49 0 1957917 6 11.88746 idfs3
49 0 95551 7 11.697759 idfs3
49 0 87072 8 11.334693 idfs3
49 0 102376 9 10.757997 idfs3
50 0 118203 0 17.47677 idfs3
50 0 112733 1 17.269648 idfs3
50 0 118449 2 16.824692 idfs3
50 0 109776 3 16.321037 idfs3
50 0 112800 4 16.245043 idfs3
50 0 118124 5 15.976624 idfs3
50 0 110763 6 15.972446 idfs3
50 0 105591 7 15.875626 idfs3
50 0 117996 8 15.616059 idfs3
50 0 111953 9 15.481779 idfs3
51 0 109978 0 7.408356 idfs3
51 0 101858 1 7.3504777 idfs3
51 0 109745 2 7.15958 idfs3
51 0 109435 3 7.1496687 idfs3
51 0 91208 4 7.1195107 idfs3
51 0 109466 5 7.023132 idfs3
51 0 106522 6 6.886081 idfs3
51 0 106561 7 6.8859434 idfs3
51 0 94663 8 6.8856916 idfs3
51 0 109702 9 6.7968087 idfs3
52 0 92777 0 13.193965 idfs3
52 0 85111 1 12.88742 idfs3
52 0 107187 2 12.863572 idfs3
52 0 2518368 3 12.705825 idfs3
52 0 117754 4 12.626416 idfs3
52 0 85447 5 12.553668 idfs3
52 0 85110 6 12.450111 idfs3
52 0 111908 7 12.40805 idfs3
52 0 132763 8 12.118112 idfs3
52 0 97465 9 12.07768 idfs3
53 0 625711 0 19.365532 idfs3
53 0 621045 1 18.985329 idfs3
53 0 872994 2 18.116943 idfs3
53 0 217288 3 15.711109 idfs3
53 0 145628 4 15.49743 idfs3
53 0 118357 5 15.463396 idfs3
53 0 85158 6 15.262892 idfs3
53 0 145635 7 14.994963 idfs3
53 0 2655591 8 14.726939 idfs3
53 0 148483 9 14.671574 idfs3
54 0 1744 0 20.048027 idfs3
54 0 2809764 1 19.066153 idfs3
54 0 616862 2 18.688866 idfs3
54 0 931614 3 18.368946 idfs3
54 0 145632 4 18.161343 idfs3
54 0 616863 5 18.153412 idfs3
54 0 2670965 6 18.111464 idfs3
54 0 145924 7 18.053183 idfs3
54 0 145807 8 17.752235 idfs3
54 0 931123 9 17.720798 idfs3
55 0 4154603 0 52.616272 idfs3
55 0 145731 1 41.287174 idfs3
55 0 145855 2 34.606953 idfs3
55 0 111420 3 27.878532 idfs3
55 0 110774 4 27.781834 idfs3
55 0 111261 5 26.733353 idfs3
55 0 112910 6 25.812355 idfs3
55 0 118269 7 24.354431 idfs3
55 0 111982 8 22.221922 idfs3
55 0 118444 9 17.917032 idfs3
56 0 4154603 0 25.899178 idfs3
56 0 145855 1 23.451778 idfs3
56 0 2677564 2 21.007607 idfs3
56 0 2678135 3 21.007607 idfs3
56 0 2959741 4 19.289495 idfs3
56 0 931616 5 19.289495 idfs3
56 0 145629 6 19.185427 idfs3
56 0 145965 7 18.895496 idfs3
56 0 2679558 8 18.887352 idfs3
56 0 109215 9 18.728613 idfs3
57 0 131159 0 5.54235 idfs3
57 0 148797 1 5.483963 idfs3
57 0 3187496 2 5.3963256 idfs3
57 0 117844 3 5.257495 idfs3
57 0 137737 4 5.2422814 idfs3
57 0 111366 5 5.191168 idfs3
57 0 145745 6 5.1580772 idfs3
57 0 101011 7 5.138307 idfs3
57 0 856345 8 5.138307 idfs3
57 0 112292 9 5.134445 idfs3
58 0 106311 0 11.2647505 idfs3
58 0 118447 1 10.832345 idfs3
58 0 111340 2 10.622513 idfs3
58 0 1269282 3 10.481277 idfs3
58 0 110445 4 10.424848 idfs3
58 0 145811 5 10.381774 idfs3
58 0 122257 6 10.227597 idfs3
58 0 2671725 7 10.119566 idfs3
58 0 2672207 8 10.095466 idfs3
58 0 799979 9 10.057707 idfs3
59 0 931614 0 35.788456 idfs3
59 0 4170685 1 35.001472 idfs3
59 0 2788983 2 31.448889 idfs3
59 0 130158 3 29.835428 idfs3
59 0 112824 4 29.774601 idfs3
59 0 112905 5 29.457186 idfs3
59 0 145856 6 29.314787 idfs3
59 0 2672208 7 28.753239 idfs3
59 0 2670794 8 28.753239 idfs3
59 0 118334 9 28.201674 idfs3
60 0 931614 0 38.884552 idfs3
60 0 118257 1 34.48461 idfs3
60 0 145856 2 33.491016 idfs3
60 0 118334 3 32.246395 idfs3
60 0 110510 4 32.235455 idfs3
60 0 127905 5 31.777874 idfs3
60 0 3195891 6 31.438438 idfs3
60 0 118107 7 30.56034 idfs3
60 0 109810 8 30.408043 idfs3
60 0 130158 9 30.005093 idfs3
61 0 2812210 0 46.01799 idfs3
61 0 219815 1 43.75589 idfs3
61 0 145743 2 41.19697 idfs3
61 0 218457 3 39.199722 idfs3
61 0 145923 4 38.295174 idfs3
61 0 3195092 5 34.692894 idfs3
61 0 1732 6 33.6498 idfs3
61 0 2620704 7 31.208847 idfs3
61 0 1087955 8 31.120747 idfs3
61 0 218132 9 30.831205 idfs3
62 0 118045 0 16.374235 idfs3
62 0 118397 1 16.004818 idfs3
62 0 145843 2 15.867549 idfs3
62 0 145796 3 15.441252 idfs3
62 0 148795 4 14.96015 idfs3
62 0 219512 5 14.769877 idfs3
62 0 145910 6 14.668336 idfs3
62 0 145708 7 14.620483 idfs3
62 0 117832 8 14.24185 idfs3
62 0 112704 9 14.195604 idfs3
63 0 107014 0 5.197232 idfs3
63 0 97779 1 5.184491 idfs3
63 0 104545 2 5.1602306 idfs3
63 0 106218 3 5.1215863 idfs3
63 0 104455 4 5.096146 idfs3
63 0 118276 5 5.084071 idfs3
63 0 96381 6 5.0457635 idfs3
63 0 108307 7 5.0413127 idfs3
63 0 109520 8 5.0254145 idfs3
63 0 106545 9 5.0177345 idfs3
64 0 2758568 0 24.555977 idfs3
64 0 145895 1 20.784557 idfs3
64 0 219731 2 18.474274 idfs3
64 0 102061 3 17.527018 idfs3
64 0 111285 4 16.924673 idfs3
64 0 110645 5 16.770779 idfs3
64 0 821189 6 16.596863 idfs3
64 0 109773 7 14.985979 idfs3
64 0 1748 8 14.644304 idfs3
64 0 93425 9 14.596804 idfs3
65 0 118123 0 7.6628866 idfs3
65 0 103491 1 7.5102077 idfs3
65 0 117976 2 7.5102077 idfs3
65 0 104995 3 6.7245345 idfs3
65 0 103256 4 6.3931336 idfs3
65 0 107490 5 4.243258 idfs3
65 0 105721 6 4.243258 idfs3
65 0 137731 7 4.243258 idfs3
65 0 105502 8 3.427217 idfs3
65 0 109747 9 3.427217 idfs3
66 0 3211501 0 25.09528 idfs3
66 0 112935 1 24.645658 idfs3
66 0 145867 2 23.838324 idfs3
66 0 111632 3 22.646305 idfs3
66 0 118495 4 20.397638 idfs3
66 0 112106 5 16.945232 idfs3
66 0 112760 6 16.837471 idfs3
66 0 134921 7 16.727217 idfs3
66 0 112409 8 16.530209 idfs3
66 0 618680 9 16.452639 idfs3
67 0 867645 0 14.91671 idfs3
67 0 145800 1 12.83708 idfs3
67 0 100126 2 12.728969 idfs3
67 0 2959738 3 12.546571 idfs3
67 0 90657 4 12.229981 idfs3
67 0 94232 5 12.097971 idfs3
67 0 101798 6 12.084267 idfs3
67 0 98481 7 12.075663 idfs3
67 0 91952 8 12.066885 idfs3
67 0 97100 9 11.657661 idfs3
68 0 103675 0 19.379372 idfs3
68 0 100945 1 18.590687 idfs3
68 0 902769 2 18.589794 idfs3
68 0 100823 3 18.452372 idfs3
68 0 100119 4 18.045551 idfs3
68 0 90638 5 17.182709 idfs3
68 0 104522 6 16.85026 idfs3
68 0 93847 7 16.835995 idfs3
68 0 103678 8 16.785604 idfs3
68 0 87147 9 16.693256 idfs3
69 0 799975 0 14.253726 idfs3
69 0 112719 1 14.109743 idfs3
69 0 142877 2 13.83604 idfs3
69 0 110719 3 13.603583 idfs3
69 0 118054 4 13.212998 idfs3
69 0 106507 5 13.142187 idfs3
69 0 118244 6 13.135613 idfs3
69 0 145642 7 12.874406 idfs3
69 0 97779 8 12.704147 idfs3
69 0 118483 9 12.696997 idfs3
70 0 118111 0 21.629625 idfs3
70 0 111709 1 21.476635 idfs3
70 0 117961 2 19.085024 idfs3
70 0 112534 3 18.96048 idfs3
70 0 118080 4 17.181334 idfs3
70 0 117859 5 17.173086 idfs3
70 0 112927 6 16.57607 idfs3
70 0 117997 7 16.398241 idfs3
70 0 1087961 8 16.260983 idfs3
70 0 111385 9 15.965469 idfs3
71 0 118052 0 18.934322 idfs3
71 0 118234 1 18.796722 idfs3
71 0 112904 2 17.848862 idfs3
71 0 117979 3 17.795221 idfs3
71 0 111103 4 17.553009 idfs3
71 0 84788 5 17.003756 idfs3
71 0 108303 6 16.933403 idfs3
71 0 105213 7 16.733467 idfs3
71 0 118005 8 16.634708 idfs3
71 0 98815 9 16.357006 idfs3
72 0 85168 0 17.295853 idfs3
72 0 112904 1 16.862564 idfs3
72 0 118052 2 15.505241 idfs3
72 0 103775 3 15.250856 idfs3
72 0 108624 4 15.237358 idfs3
72 0 88166 5 15.11214 idfs3
72 0 111103 6 15.047161 idfs3
72 0 85232 7 14.880047 idfs3
72 0 118234 8 14.8269615 idfs3
72 0 85079 9 14.70046 idfs3
73 0 145624 0 19.966806 idfs3
73 0 1087954 1 18.230831 idfs3
73 0 118043 2 17.669378 idfs3
73 0 812524 3 16.888527 idfs3
73 0 2804674 4 15.716238 idfs3
73 0 108345 5 14.99002 idfs3
73 0 145638 6 14.573858 idfs3
73 0 111425 7 14.191061 idfs3
73 0 145881 8 14.069156 idfs3
73 0 2655590 9 13.695066 idfs3
74 0 218667 0 18.431955 idfs3
74 0 145909 1 17.403097 idfs3
74 0 219734 2 16.844128 idfs3
74 0 3183079 3 16.381754 idfs3
74 0 4168298 4 16.158102 idfs3
74 0 2804674 5 15.033813 idfs3
74 0 103459 6 14.439159 idfs3
74 0 219105 7 14.42885 idfs3
74 0 2675749 8 14.186221 idfs3
74 0 219511 9 13.956747 idfs3
75 0 108372 0 19.42682 idfs3
75 0 2657927 1 19.0369 idfs3
75 0 106428 2 18.491295 idfs3
75 0 4154604 3 18.336084 idfs3
75 0 145909 4 17.931187 idfs3
75 0 2672526 5 17.731743 idfs3
75 0 2674863 6 17.731743 idfs3
75 0 104002 7 17.688658 idfs3
75 0 2678134 8 17.420652 idfs3
75 0 111291 9 16.895044 idfs3
76 0 145938 0 16.621176 idfs3
76 0 112430 1 16.613945 idfs3
76 0 145968 2 15.575634 idfs3
76 0 112590 3 15.542595 idfs3
76 0 2750101 4 15.003527 idfs3
76 0 106490 5 14.600369 idfs3
76 0 149653 6 13.933657 idfs3
76 0 3171728 7 13.856757 idfs3
76 0 112307 8 13.804478 idfs3
76 0 117963 9 13.430658 idfs3
77 0 104355 0 22.335981 idfs3
77 0 112626 1 22.330214 idfs3
77 0 97242 2 21.92661 idfs3
77 0 112888 3 21.028442 idfs3
77 0 111455 4 20.81652 idfs3
77 0 108605 5 20.617113 idfs3
77 0 95933 6 20.449717 idfs3
77 0 109635 7 20.372286 idfs3
77 0 1087956 8 20.357 idfs3
77 0 112693 9 20.314432 idfs3
78 0 112358 0 21.858053 idfs3
78 0 616862 1 21.560244 idfs3
78 0 3207858 2 20.636658 idfs3
78 0 118196 3 20.284542 idfs3
78 0 799976 4 19.12818 idfs3
78 0 2812588 5 18.370031 idfs3
78 0 108496 6 17.72943 idfs3
78 0 111785 7 17.550694 idfs3
78 0 118022 8 17.514393 idfs3
78 0 112601 9 17.335728 idfs3
79 0 111470 0 23.87238 idfs3
79 0 111009 1 22.103037 idfs3
79 0 118143 2 19.06183 idfs3
79 0 145932 3 17.804504 idfs3
79 0 2670795 4 17.058443 idfs3
79 0 145941 5 16.727947 idfs3
79 0 903979 6 16.712475 idfs3
79 0 902768 7 16.712475 idfs3
79 0 2771753 8 16.26509 idfs3
79 0 92377 9 13.656232 idfs3
80 0 87566 0 13.04265 idfs3
80 0 94164 1 12.818774 idfs3
80 0 87991 2 12.430233 idfs3
80 0 1100709 3 12.167726 idfs3
80 0 94532 4 12.167726 idfs3
80 0 90028 5 11.7104225 idfs3
80 0 91984 6 11.546817 idfs3
80 0 150541 7 11.44206 idfs3
80 0 108574 8 11.4321575 idfs3
80 0 112664 9 11.367852 idfs3
81 0 799991 0 9.871759 idfs3
81 0 111699 1 9.854656 idfs3
81 0 118373 2 9.798126 idfs3
81 0 112260 3 9.790001 idfs3
81 0 802791 4 9.674005 idfs3
81 0 118045 5 9.599212 idfs3
81 0 111914 6 9.434057 idfs3
81 0 110784 7 9.1742325 idfs3
81 0 4157383 8 9.12538 idfs3
81 0 110404 9 9.079334 idfs3
82 0 104132 0 12.028684 idfs3
82 0 112869 1 11.574533 idfs3
82 0 95854 2 11.470803 idfs3
82 0 88621 3 11.394056 idfs3
82 0 2773182 4 11.29399 idfs3
82 0 109872 5 11.073585 idfs3
82 0 86824 6 11.049778 idfs3
82 0 4168363 7 11.019703 idfs3
82 0 105739 8 11.013944 idfs3
82 0 94767 9 10.929559 idfs3
83 0 145859 0 33.537876 idfs3
83 0 145870 1 30.513203 idfs3
83 0 111103 2 29.356718 idfs3
83 0 109894 3 27.375551 idfs3
83 0 111246 4 26.309912 idfs3
83 0 111151 5 25.611647 idfs3
83 0 112922 6 25.375048 idfs3
83 0 109631 7 24.92959 idfs3
83 0 111663 8 24.82996 idfs3
83 0 137746 9 24.61163 idfs3
84 0 145859 0 40.990154 idfs3
84 0 112922 1 31.750326 idfs3
84 0 111151 2 31.37744 idfs3
84 0 111103 3 31.274878 idfs3
84 0 145870 4 30.513203 idfs3
84 0 111246 5 28.71654 idfs3
84 0 110449 6 27.771267 idfs3
84 0 108164 7 27.766933 idfs3
84 0 122251 8 27.675468 idfs3
84 0 110731 9 27.662312 idfs3
85 0 218925 0 22.732258 idfs3
85 0 802973 1 21.25101 idfs3
85 0 803271 2 21.25101 idfs3
85 0 2959737 3 21.25101 idfs3
85 0 137749 4 19.68933 idfs3
85 0 124465 5 18.612297 idfs3
85 0 111985 6 18.164268 idfs3
85 0 111586 7 17.70646 idfs3
85 0 146553 8 17.097849 idfs3
85 0 146790 9 17.097849 idfs3
86 0 3171724 0 23.73688 idfs3
86 0 3177199 1 23.73688 idfs3
86 0 3177200 2 23.73688 idfs3
86 0 3205766 3 22.285595 idfs3
86 0 3195092 4 22.00656 idfs3
86 0 3171728 5 20.527433 idfs3
86 0 3170730 6 20.337828 idfs3
86 0 3177197 7 20.337828 idfs3
86 0 3214774 8 18.764942 idfs3
86 0 3181025 9 18.530613 idfs3
87 0 104480 0 19.560768 idfs3
87 0 111905 1 15.849295 idfs3
87 0 104998 2 15.346903 idfs3
87 0 106464 3 14.585177 idfs3
87 0 3007018 4 14.359819 idfs3
87 0 143378 5 14.198324 idfs3
87 0 1088038 6 13.067673 idfs3
87 0 104995 7 12.616873 idfs3
87 0 111446 8 12.404573 idfs3
87 0 110372 9 12.404573 idfs3
88 0 103505 0 14.486374 idfs3
88 0 96961 1 13.595268 idfs3
88 0 143378 2 13.085893 idfs3
88 0 111976 3 12.99178 idfs3
88 0 3007018 4 12.648741 idfs3
88 0 96585 5 12.375323 idfs3
88 0 145958 6 12.275595 idfs3
88 0 181012 7 12.006154 idfs3
88 0 91293 8 11.658938 idfs3
88 0 135138 9 11.525198 idfs3
89 0 4151822 0 75.785255 idfs3
89 0 2812588 1 64.761795 idfs3
89 0 2770446 2 62.13569 idfs3
89 0 4162110 3 57.582767 idfs3
89 0 145817 4 33.184006 idfs3
89 0 145954 5 31.506824 idfs3
89 0 145647 6 31.238882 idfs3
89 0 134747 7 30.811949 idfs3
89 0 145969 8 26.721825 idfs3
89 0 180494 9 26.588829 idfs3
90 0 109643 0 12.843188 idfs3
90 0 118054 1 12.759495 idfs3
90 0 109921 2 12.506008 idfs3
90 0 109080 3 12.275431 idfs3
90 0 109079 4 12.174857 idfs3
90 0 145626 5 11.967179 idfs3
90 0 109776 6 11.961134 idfs3
90 0 107840 7 11.898104 idfs3
90 0 145697 8 11.78793 idfs3
90 0 92716 9 11.696222 idfs3
91 0 3212514 0 28.196194 idfs3
91 0 145897 1 21.558035 idfs3
91 0 145892 2 21.33534 idfs3
91 0 3007018 3 19.431183 idfs3
91 0 182991 4 18.690483 idfs3
91 0 219097 5 18.04271 idfs3
91 0 943668 6 16.73888 idfs3
91 0 856791 7 16.473503 idfs3
91 0 145785 8 16.244808 idfs3
91 0 624280 9 16.104637 idfs3
92 0 3212514 0 15.91941 idfs3
92 0 2675751 1 13.451235 idfs3
92 0 98116 2 12.586119 idfs3
92 0 98779 3 12.520999 idfs3
92 0 99392 4 12.519806 idfs3
92 0 99791 5 12.307007 idfs3
92 0 111828 6 12.0695715 idfs3
92 0 95758 7 11.874168 idfs3
92 0 98913 8 11.874168 idfs3
92 0 118166 9 11.179094 idfs3
93 0 110200 0 42.87341 idfs3
93 0 110877 1 42.549953 idfs3
93 0 118334 2 41.617393 idfs3
93 0 130158 3 41.14665 idfs3
93 0 118107 4 39.58972 idfs3
93 0 109610 5 33.9445 idfs3
93 0 4151827 6 32.857315 idfs3
93 0 2788983 7 29.743706 idfs3
93 0 110688 8 29.71116 idfs3
93 0 110248 9 29.31932 idfs3
94 0 931614 0 46.570717 idfs3
94 0 4151827 1 42.542316 idfs3
94 0 3195891 2 39.134953 idfs3
94 0 2788983 3 34.58969 idfs3
94 0 130158 4 29.758549 idfs3
94 0 2743641 5 26.35743 idfs3
94 0 2959756 6 26.35743 idfs3
94 0 110200 7 25.581186 idfs3
94 0 118334 8 25.13886 idfs3
94 0 110877 9 24.593536 idfs3
95 0 105495 0 19.019846 idfs3
95 0 107232 1 19.00606 idfs3
95 0 108555 2 17.8967 idfs3
95 0 107794 3 14.459533 idfs3
95 0 96226 4 13.921179 idfs3
95 0 101290 5 13.783372 idfs3
95 0 109444 6 13.774794 idfs3
95 0 106171 7 13.75587 idfs3
95 0 108161 8 13.551632 idfs3
95 0 112750 9 13.543007 idfs3
96 0 2959738 0 9.606176 idfs3
96 0 97168 1 9.35624 idfs3
96 0 108330 2 9.221058 idfs3
96 0 105495 3 9.205497 idfs3
96 0 97618 4 9.144902 idfs3
96 0 87481 5 9.02628 idfs3
96 0 112674 6 8.904242 idfs3
96 0 100970 7 8.892567 idfs3
96 0 104001 8 8.872894 idfs3
96 0 96268 9 8.8624115 idfs3
97 0 112101 0 16.327415 idfs3
97 0 3213873 1 13.310873 idfs3
97 0 111922 2 12.678939 idfs3
97 0 118379 3 11.662163 idfs3
97 0 88181 4 11.273554 idfs3
97 0 1303693 5 10.557499 idfs3
97 0 2959744 6 10.058329 idfs3
97 0 855518 7 10.058329 idfs3
97 0 101098 8 9.542541 idfs3
97 0 112082 9 9.450802 idfs3
98 0 2676593 0 15.249845 idfs3
98 0 2655591 1 14.091803 idfs3
98 0 134732 2 13.5563755 idfs3
98 0 110996 3 13.408346 idfs3
98 0 111516 4 13.288226 idfs3
98 0 106593 5 13.246197 idfs3
98 0 104104 6 12.937513 idfs3
98 0 2655597 7 12.837071 idfs3
98 0 145822 8 12.827593 idfs3
98 0 112574 9 12.464815 idfs3
99 0 112267 0 34.07868 idfs3
99 0 111884 1 24.758106 idfs3
99 0 110552 2 19.128878 idfs3
99 0 110578 3 18.405077 idfs3
99 0 109976 4 18.19968 idfs3
99 0 118121 5 17.75441 idfs3
99 0 854177 6 17.676542 idfs3
99 0 145914 7 16.88928 idfs3
99 0 109673 8 16.773567 idfs3
99 0 109569 9 16.423653 idfs3
100 0 112267 0 28.005775 idfs3
100 0 110552 1 22.12007 idfs3
100 0 102592 2 19.656818 idfs3
100 0 854177 3 18.284834 idfs3
100 0 97728 4 17.392397 idfs3
100 0 100266 5 17.22644 idfs3
100 0 91292 6 16.910353 idfs3
100 0 96077 7 16.872467 idfs3
100 0 97913 8 16.840479 idfs3
100 0 109673 9 16.773567 idfs3
