1 0 112795 0 25.347458 idfs4
1 0 112540 1 22.250767 idfs4
1 0 149702 2 19.81881 idfs4
1 0 97605 3 19.145897 idfs4
1 0 110235 4 19.008636 idfs4
1 0 110370 5 18.95093 idfs4
1 0 112924 6 18.926544 idfs4
1 0 219733 7 18.90044 idfs4
1 0 220342 8 18.90044 idfs4
1 0 110464 9 18.682741 idfs4
2 0 4170684 0 14.522411 idfs4
2 0 150540 1 13.200629 idfs4
2 0 149006 2 12.908213 idfs4
2 0 104571 3 12.498323 idfs4
2 0 2644673 4 11.9899845 idfs4
2 0 3203658 5 11.604854 idfs4
2 0 145692 6 11.363132 idfs4
2 0 149286 7 11.15479 idfs4
2 0 110184 8 10.765851 idfs4
2 0 104543 9 10.260111 idfs4
3 0 3162143 0 39.631012 idfs4
3 0 215496 1 39.252342 idfs4
3 0 215694 2 39.252342 idfs4
3 0 2959735 3 39.251305 idfs4
3 0 118029 4 38.760498 idfs4
3 0 112212 5 37.91433 idfs4
3 0 812450 6 37.079582 idfs4
3 0 145683 7 36.92321 idfs4
3 0 117892 8 36.225746 idfs4
3 0 130157 9 36.145317 idfs4
4 0 215496 0 51.29594 idfs4
4 0 215694 1 51.249012 idfs4
4 0 2959735 2 51.24693 idfs4
4 0 149007 3 49.570972 idfs4
4 0 623142 4 43.328064 idfs4
4 0 118029 5 40.81288 idfs4
4 0 111920 6 39.1298 idfs4
4 0 145890 7 36.496437 idfs4
4 0 145821 8 36.41 idfs4
4 0 903973 9 36.40015 idfs4
5 0 183480 0 31.112759 idfs4
5 0 110056 1 26.806679 idfs4
5 0 111789 2 25.512545 idfs4
5 0 118174 3 24.915243 idfs4
5 0 2672209 4 24.677773 idfs4
5 0 2657779 5 24.677773 idfs4
5 0 108089 6 24.368984 idfs4
5 0 118217 7 24.211279 idfs4
5 0 108088 8 21.201344 idfs4
5 0 117911 9 20.156078 idfs4
6 0 117932 0 23.632034 idfs4
6 0 2811844 1 22.579418 idfs4
6 0 2959750 2 22.579418 idfs4
6 0 110883 3 17.009039 idfs4
6 0 106257 4 16.379845 idfs4
6 0 108449 5 16.19541 idfs4
6 0 105695 6 14.545866 idfs4
6 0 105790 7 14.515762 idfs4
6 0 110048 8 13.698967 idfs4
6 0 109573 9 13.632147 idfs4
7 0 147531 0 26.013866 idfs4
7 0 110932 1 23.000246 idfs4
7 0 145713 2 22.21952 idfs4
7 0 2675751 3 22.02232 idfs4
7 0 2672535 4 22.017662 idfs4
7 0 2678467 5 21.921724 idfs4
7 0 2679202 6 21.921724 idfs4
7 0 2959746 7 21.921724 idfs4
7 0 145715 8 21.676392 idfs4
7 0 145868 9 21.616611 idfs4
8 0 145911 0 17.67008 idfs4
8 0 2670643 1 15.036736 idfs4
8 0 182991 2 14.6683235 idfs4
8 0 2654532 3 14.469028 idfs4
8 0 2679558 4 13.921619 idfs4
8 0 146981 5 13.676572 idfs4
8 0 145859 6 12.999282 idfs4
8 0 215806 7 12.424291 idfs4
8 0 820904 8 12.178092 idfs4
8 0 2812587 9 11.609056 idfs4
9 0 110543 0 38.299294 idfs4
9 0 2675751 1 38.220406 idfs4
9 0 145908 2 37.466606 idfs4
9 0 111828 3 36.28274 idfs4
9 0 118212 4 35.48113 idfs4
9 0 110436 5 34.504147 idfs4
9 0 118467 6 33.66674 idfs4
9 0 127923 7 33.080883 idfs4
9 0 111516 8 32.96664 idfs4
9 0 109193 9 32.950577 idfs4
10 0 112931 0 31.240047 idfs4
10 0 145715 1 30.482822 idfs4
10 0 1992989 2 27.830582 idfs4
10 0 121163 3 27.494122 idfs4
10 0 147531 4 26.967154 idfs4
10 0 111500 5 26.9154 idfs4
10 0 112423 6 26.495527 idfs4
10 0 112094 7 25.991756 idfs4
10 0 145713 8 25.893047 idfs4
10 0 112291 9 25.367085 idfs4
11 0 931123 0 17.90511 idfs4
11 0 107553 1 16.297894 idfs4
11 0 110800 2 16.018974 idfs4
11 0 109398 3 15.984592 idfs4
11 0 620560 4 15.321358 idfs4
11 0 4151830 5 15.147234 idfs4
11 0 102335 6 15.051468 idfs4
11 0 1757 7 15.040296 idfs4
11 0 1747 8 14.934272 idfs4
11 0 104371 9 14.896402 idfs4
12 0 2672535 0 25.941631 idfs4
12 0 809121 1 20.034683 idfs4
12 0 3207860 2 19.9358 idfs4
12 0 621195 3 18.430187 idfs4
12 0 621270 4 18.430187 idfs4
12 0 105909 5 17.741205 idfs4
12 0 109096 6 16.710096 idfs4
12 0 1746 7 16.222002 idfs4
12 0 111537 8 14.846161 idfs4
12 0 106433 9 14.350559 idfs4
13 0 145967 0 37.475224 idfs4
13 0 2642828 1 36.105843 idfs4
13 0 802973 2 34.153934 idfs4
13 0 803271 3 34.153934 idfs4
13 0 2959737 4 34.153934 idfs4
13 0 4162111 5 30.395487 idfs4
13 0 4106440 6 28.237995 idfs4
13 0 2812588 7 28.160614 idfs4
13 0 3168776 8 27.922167 idfs4
13 0 145942 9 27.26514 idfs4
14 0 614392 0 26.778145 idfs4
14 0 614485 1 26.778145 idfs4
14 0 145958 2 24.776836 idfs4
14 0 124715 3 24.734907 idfs4
14 0 2812588 4 23.777285 idfs4
14 0 145967 5 22.939138 idfs4
14 0 3199501 6 21.866251 idfs4
14 0 4151817 7 21.212759 idfs4
14 0 145966 8 20.869108 idfs4
14 0 112316 9 20.851414 idfs4
15 0 2812588 0 41.70766 idfs4
15 0 3207858 1 38.72564 idfs4
15 0 4162111 2 38.657272 idfs4
15 0 4015951 3 36.114925 idfs4
15 0 3177196 4 33.880936 idfs4
15 0 3199501 5 33.634377 idfs4
15 0 4151821 6 33.015606 idfs4
15 0 4151822 7 30.928991 idfs4
15 0 4162534 8 30.775087 idfs4
15 0 4106440 9 30.741488 idfs4
16 0 2155 0 31.498089 idfs4
16 0 4151822 1 26.192785 idfs4
16 0 2770446 2 26.018757 idfs4
16 0 2812588 3 24.917873 idfs4
16 0 2771249 4 22.897022 idfs4
16 0 2756231 5 22.855972 idfs4
16 0 3203658 6 21.42556 idfs4
16 0 177420 7 21.047323 idfs4
16 0 180494 8 20.79895 idfs4
16 0 620561 9 20.084093 idfs4
17 0 118125 0 16.624645 idfs4
17 0 110593 1 16.586948 idfs4
17 0 109329 2 15.91724 idfs4
17 0 131146 3 15.4857645 idfs4
17 0 2672535 4 15.14636 idfs4
17 0 108603 5 14.830463 idfs4
17 0 112819 6 14.688162 idfs4
17 0 117968 7 14.391721 idfs4
17 0 110432 8 14.086133 idfs4
17 0 112079 9 13.967295 idfs4
18 0 148484 0 37.292316 idfs4
18 0 2670966 1 26.935947 idfs4
18 0 799991 2 26.789968 idfs4
18 0 145703 3 26.629932 idfs4
18 0 112434 4 26.480787 idfs4
18 0 111713 5 26.186771 idfs4
18 0 108913 6 26.153522 idfs4
18 0 112383 7 25.445103 idfs4
18 0 111696 8 25.384888 idfs4
18 0 112260 9 25.370415 idfs4
19 0 99101 0 11.977055 idfs4
19 0 104063 1 10.142099 idfs4
19 0 92051 2 10.078662 idfs4
19 0 94138 3 9.935971 idfs4
19 0 95874 4 9.877405 idfs4
19 0 88428 5 9.822111 idfs4
19 0 2516349 6 9.809582 idfs4
19 0 95716 7 9.809582 idfs4
19 0 94891 8 9.668564 idfs4
19 0 98986 9 9.587305 idfs4
20 0 99191 0 15.48534 idfs4
20 0 3158927 1 13.947176 idfs4
20 0 94999 2 12.889314 idfs4
20 0 147528 3 12.8221035 idfs4
20 0 108897 4 12.406247 idfs4
20 0 2516349 5 12.33196 idfs4
20 0 95716 6 12.33196 idfs4
20 0 105335 7 11.880042 idfs4
20 0 3203656 8 11.875186 idfs4
20 0 3206414 9 11.875186 idfs4
21 0 112777 0 24.366133 idfs4
21 0 2659300 1 24.237066 idfs4
21 0 118371 2 23.663244 idfs4
21 0 118055 3 22.418518 idfs4
21 0 112799 4 22.314037 idfs4
21 0 130139 5 22.004904 idfs4
21 0 112846 6 21.50955 idfs4
21 0 867657 7 21.035578 idfs4
21 0 145925 8 20.769009 idfs4
21 0 118010 9 20.363493 idfs4
22 0 145644 0 34.653263 idfs4
22 0 111517 1 33.656837 idfs4
22 0 111021 2 33.043976 idfs4
22 0 112737 3 32.489365 idfs4
22 0 109807 4 31.51453 idfs4
22 0 107627 5 29.66967 idfs4
22 0 103249 6 29.654297 idfs4
22 0 105319 7 29.545326 idfs4
22 0 112880 8 29.534134 idfs4
22 0 110955 9 29.450315 idfs4
23 0 107645 0 11.1185875 idfs4
23 0 134751 1 9.503639 idfs4
23 0 107694 2 9.137352 idfs4
23 0 108854 3 8.864825 idfs4
23 0 110598 4 8.837547 idfs4
23 0 108560 5 8.705261 idfs4
23 0 109052 6 8.64941 idfs4
23 0 111119 7 8.5830555 idfs4
23 0 146983 8 8.566297 idfs4
23 0 110548 9 8.402775 idfs4
24 0 2804671 0 17.05453 idfs4
24 0 182558 1 16.158133 idfs4
24 0 145960 2 15.618204 idfs4
24 0 616433 3 15.572307 idfs4
24 0 109265 4 15.03803 idfs4
24 0 182514 5 14.58683 idfs4
24 0 145635 6 13.714342 idfs4
24 0 218926 7 13.671952 idfs4
24 0 3203659 8 13.35206 idfs4
24 0 2645421 9 13.331027 idfs4
25 0 3211503 0 23.136103 idfs4
25 0 112345 1 21.4502 idfs4
25 0 112616 2 18.685772 idfs4
25 0 118021 3 16.320646 idfs4
25 0 107574 4 16.319204 idfs4
25 0 108632 5 14.900931 idfs4
25 0 145864 6 14.700516 idfs4
25 0 104924 7 14.517796 idfs4
25 0 109416 8 14.485673 idfs4
25 0 109210 9 14.197682 idfs4
26 0 145758 0 31.706043 idfs4
26 0 112324 1 30.977583 idfs4
26 0 118026 2 30.640005 idfs4
26 0 117872 3 30.573156 idfs4
26 0 112724 4 29.198973 idfs4
26 0 111103 5 28.838486 idfs4
26 0 112616 6 28.682697 idfs4
26 0 110086 7 28.423494 idfs4
26 0 127910 8 27.549057 idfs4
26 0 118052 9 27.534746 idfs4
27 0 4157382 0 29.606833 idfs4
27 0 4157405 1 29.606833 idfs4
27 0 112346 2 22.64947 idfs4
27 0 111141 3 21.977604 idfs4
27 0 110384 4 21.674553 idfs4
27 0 620673 5 18.573496 idfs4
27 0 112071 6 18.30941 idfs4
27 0 110320 7 17.756927 idfs4
27 0 110706 8 17.235552 idfs4
27 0 145787 9 16.745192 idfs4
28 0 4157382 0 37.323685 idfs4
28 0 4157405 1 37.323685 idfs4
28 0 112346 2 23.08865 idfs4
28 0 2679557 3 22.932713 idfs4
28 0 217703 4 22.56706 idfs4
28 0 111141 5 21.894707 idfs4
28 0 107680 6 20.873375 idfs4
28 0 873668 7 18.793118 idfs4
28 0 616869 8 18.406008 idfs4
28 0 2750102 9 18.359882 idfs4
29 0 112620 0 21.2443 idfs4
29 0 118351 1 19.58619 idfs4
29 0 112065 2 19.434263 idfs4
29 0 107894 3 19.217318 idfs4
29 0 4151826 4 18.84771 idfs4
29 0 109622 5 18.571024 idfs4
29 0 111471 6 18.50302 idfs4
29 0 145843 7 18.492586 idfs4
29 0 111092 8 18.490427 idfs4
29 0 104681 9 18.379835 idfs4
30 0 145841 0 41.02586 idfs4
30 0 145916 1 39.95556 idfs4
30 0 205788 2 36.687233 idfs4
30 0 145708 3 36.226974 idfs4
30 0 137739 4 34.570168 idfs4
30 0 112704 5 34.09644 idfs4
30 0 218921 6 33.944145 idfs4
30 0 4151826 7 33.18265 idfs4
30 0 118117 8 32.924057 idfs4
30 0 145843 9 32.44853 idfs4
31 0 145925 0 24.893343 idfs4
31 0 148797 1 24.498566 idfs4
31 0 3207859 2 23.824928 idfs4
31 0 137003 3 21.967543 idfs4
31 0 145857 4 21.522367 idfs4
31 0 118412 5 20.572327 idfs4
31 0 902267 6 19.879618 idfs4
31 0 899494 7 19.226372 idfs4
31 0 2809763 8 18.3322 idfs4
31 0 219510 9 18.266415 idfs4
32 0 118458 0 16.17894 idfs4
32 0 110561 1 15.7899685 idfs4
32 0 109450 2 15.190672 idfs4
32 0 118139 3 14.981541 idfs4
32 0 118023 4 14.839164 idfs4
32 0 118321 5 14.806665 idfs4
32 0 118369 6 14.7736435 idfs4
32 0 109505 7 14.65632 idfs4
32 0 130162 8 14.557734 idfs4
32 0 118303 9 14.539772 idfs4
33 0 2809767 0 23.692467 idfs4
33 0 2811850 1 23.692467 idfs4
33 0 2676594 2 19.143883 idfs4
33 0 2675753 3 18.946552 idfs4
33 0 2679204 4 18.946552 idfs4
33 0 112728 5 17.48307 idfs4
33 0 108583 6 16.722265 idfs4
33 0 111702 7 16.608234 idfs4
33 0 118302 8 15.918364 idfs4
33 0 111971 9 15.06592 idfs4
34 0 2809767 0 65.94531 idfs4
34 0 2811850 1 65.94531 idfs4
34 0 2676594 2 61.527233 idfs4
34 0 2675753 3 61.524303 idfs4
34 0 2679204 4 61.524303 idfs4
34 0 136994 5 32.74511 idfs4
34 0 137727 6 29.225628 idfs4
34 0 112325 7 28.352098 idfs4
34 0 3207858 8 27.725122 idfs4
34 0 121158 9 26.20446 idfs4
35 0 3205767 0 22.26256 idfs4
35 0 932061 1 21.057045 idfs4
35 0 3203656 2 19.393557 idfs4
35 0 3206414 3 19.393557 idfs4
35 0 3214778 4 19.313396 idfs4
35 0 118329 5 18.53625 idfs4
35 0 868381 6 18.468527 idfs4
35 0 821306 7 18.43133 idfs4
35 0 109586 8 17.42164 idfs4
35 0 213843 9 17.298252 idfs4
36 0 112259 0 21.45331 idfs4
36 0 118070 1 19.231077 idfs4
36 0 131163 2 18.99791 idfs4
36 0 118187 3 18.506363 idfs4
36 0 105224 4 17.883432 idfs4
36 0 110101 5 17.729078 idfs4
36 0 111777 6 17.702652 idfs4
36 0 109923 7 17.27723 idfs4
36 0 118234 8 16.926968 idfs4
36 0 111721 9 16.630047 idfs4
37 0 4151829 0 24.616144 idfs4
37 0 145855 1 20.20964 idfs4
37 0 111982 2 20.17865 idfs4
37 0 145731 3 20.172476 idfs4
37 0 118269 4 19.357058 idfs4
37 0 112910 5 18.565895 idfs4
37 0 112359 6 18.461058 idfs4
37 0 107652 7 18.362144 idfs4
37 0 3171724 8 18.06324 idfs4
37 0 3177199 9 18.06324 idfs4
38 0 1993216 0 44.922604 idfs4
38 0 118269 1 44.887733 idfs4
38 0 112910 2 44.181244 idfs4
38 0 145731 3 43.94912 idfs4
38 0 145855 4 41.65212 idfs4
38 0 4151829 5 38.704365 idfs4
38 0 111420 6 34.843735 idfs4
38 0 145629 7 34.80877 idfs4
38 0 112887 8 34.65887 idfs4
38 0 111982 9 33.49026 idfs4
39 0 111502 0 18.787748 idfs4
39 0 118182 1 18.371439 idfs4
39 0 2674861 2 18.096031 idfs4
39 0 2675754 3 18.096031 idfs4
39 0 2959744 4 17.85764 idfs4
39 0 855518 5 17.85764 idfs4
39 0 112420 6 17.82351 idfs4
39 0 93335 7 17.79134 idfs4
39 0 111062 8 17.764347 idfs4
39 0 97053 9 17.752846 idfs4
40 0 931120 0 19.488493 idfs4
40 0 145943 1 17.866182 idfs4
40 0 2810526 2 16.387913 idfs4
40 0 2756232 3 14.45902 idfs4
40 0 92047 4 14.4424095 idfs4
40 0 112348 5 14.300422 idfs4
40 0 2769807 6 14.140969 idfs4
40 0 2801430 7 14.091762 idfs4
40 0 93051 8 13.968303 idfs4
40 0 3171723 9 13.897067 idfs4
41 0 109186 0 28.540379 idfs4
41 0 112585 1 27.70998 idfs4
41 0 111198 2 26.252682 idfs4
41 0 110132 3 26.007723 idfs4
41 0 111254 4 24.107533 idfs4
41 0 110075 5 23.704405 idfs4
41 0 2810525 6 22.133127 idfs4
41 0 2811847 7 22.133127 idfs4
41 0 111891 8 22.04475 idfs4
41 0 112440 9 21.672398 idfs4
42 0 3189783 0 24.86438 idfs4
42 0 145943 1 24.719915 idfs4
42 0 112924 2 24.41999 idfs4
42 0 3177199 3 24.329718 idfs4
42 0 3171724 4 23.817406 idfs4
42 0 3177200 5 23.817406 idfs4
42 0 4151818 6 23.514275 idfs4
42 0 137003 7 23.25604 idfs4
42 0 145632 8 23.106384 idfs4
42 0 145626 9 22.585573 idfs4
43 0 112920 0 14.137925 idfs4
43 0 2680590 1 14.114221 idfs4
43 0 2959745 2 14.114221 idfs4
43 0 111467 3 13.440902 idfs4
43 0 112305 4 13.328743 idfs4
43 0 110519 5 12.67225 idfs4
43 0 90079 6 12.450742 idfs4
43 0 112427 7 12.34099 idfs4
43 0 108581 8 12.29076 idfs4
43 0 92185 9 12.243936 idfs4
44 0 183480 0 13.38608 idfs4
44 0 1738 1 11.061074 idfs4
44 0 91444 2 10.953227 idfs4
44 0 2781925 3 9.651412 idfs4
44 0 149006 4 9.496127 idfs4
44 0 109329 5 9.3279915 idfs4
44 0 2672209 6 9.267527 idfs4
44 0 2657779 7 9.267527 idfs4
44 0 1755 8 9.144785 idfs4
44 0 2654754 9 9.0699835 idfs4
45 0 3181481 0 20.968225 idfs4
45 0 118496 1 20.523975 idfs4
45 0 112319 2 17.893103 idfs4
45 0 110434 3 17.861603 idfs4
45 0 127691 4 17.724762 idfs4
45 0 130159 5 17.724762 idfs4
45 0 144101 6 17.164312 idfs4
45 0 110757 7 16.723978 idfs4
45 0 112309 8 16.712315 idfs4
45 0 107663 9 16.53467 idfs4
46 0 2804673 0 28.52898 idfs4
46 0 145772 1 24.095295 idfs4
46 0 623145 2 23.803883 idfs4
46 0 118453 3 23.708508 idfs4
46 0 618680 4 23.298761 idfs4
46 0 866024 5 23.09048 idfs4
46 0 858802 6 23.09048 idfs4
46 0 3204917 7 21.884869 idfs4
46 0 1269289 8 21.347738 idfs4
46 0 118452 9 20.65914 idfs4
47 0 2674861 0 25.009764 idfs4
47 0 2675754 1 25.009764 idfs4
47 0 108545 2 22.90627 idfs4
47 0 96287 3 21.209112 idfs4
47 0 142882 4 19.891312 idfs4
47 0 111362 5 19.055853 idfs4
47 0 105417 6 18.218962 idfs4
47 0 2518018 7 18.162012 idfs4
47 0 96147 8 17.66058 idfs4
47 0 118218 9 17.459906 idfs4
48 0 2674861 0 17.658823 idfs4
48 0 2675754 1 17.658823 idfs4
48 0 103019 2 17.11354 idfs4
48 0 99428 3 15.779324 idfs4
48 0 96287 4 15.167417 idfs4
48 0 95291 5 14.738144 idfs4
48 0 96147 6 14.657043 idfs4
48 0 92469 7 14.41494 idfs4
48 0 91994 8 14.28933 idfs4
48 0 86520 9 14.237415 idfs4
49 0 4162535 0 21.084337 idfs4
49 0 90620 1 16.134945 idfs4
49 0 101852 2 15.883997 idfs4
49 0 95414 3 15.860932 idfs4
49 0 2672535 4 15.014471 idfs4
49 0 95551 5 14.961239 idfs4
49 0 95847 6 14.268742 idfs4
49 0 90370 7 14.166723 idfs4
49 0 101311 8 13.879695 idfs4
49 0 87072 9 13.450426 idfs4
50 0 118449 0 19.895002 idfs4
50 0 112733 1 19.71785 idfs4
50 0 118203 2 19.487297 idfs4
50 0 109776 3 18.887064 idfs4
50 0 110763 4 18.853573 idfs4
50 0 111953 5 18.508272 idfs4
50 0 112933 6 17.799381 idfs4
50 0 111611 7 17.770233 idfs4
50 0 109932 8 17.702623 idfs4
50 0 105591 9 17.69909 idfs4
51 0 145849 0 10.19077 idfs4
51 0 145692 1 9.288127 idfs4
51 0 112867 2 8.990362 idfs4
51 0 127913 3 8.726864 idfs4
51 0 1741 4 8.548265 idfs4
51 0 103384 5 8.498336 idfs4
51 0 109715 6 8.415298 idfs4
51 0 107253 7 8.216523 idfs4
51 0 107968 8 8.180098 idfs4
51 0 109098 9 8.153181 idfs4
52 0 85447 0 17.291092 idfs4
52 0 91913 1 16.212841 idfs4
52 0 90150 2 16.201996 idfs4
52 0 85111 3 15.944949 idfs4
52 0 90370 4 15.494654 idfs4
52 0 107187 5 14.042452 idfs4
52 0 85235 6 13.700863 idfs4
52 0 92777 7 13.193965 idfs4
52 0 91148 8 12.842644 idfs4
52 0 2518368 9 12.705825 idfs4
53 0 625711 0 26.7785 idfs4
53 0 872994 1 23.94328 idfs4
53 0 621045 2 23.424152 idfs4
53 0 118357 3 22.432217 idfs4
53 0 134737 4 21.152245 idfs4
53 0 145635 5 20.501648 idfs4
53 0 104615 6 20.03624 idfs4
53 0 2655591 7 19.92672 idfs4
53 0 811778 8 19.830566 idfs4
53 0 121172 9 19.730736 idfs4
54 0 616862 0 23.8807 idfs4
54 0 616863 1 23.624548 idfs4
54 0 2809764 2 22.83872 idfs4
54 0 1744 3 21.876595 idfs4
54 0 145632 4 21.85374 idfs4
54 0 2670965 5 21.322481 idfs4
54 0 2358 6 20.936598 idfs4
54 0 205713 7 20.910913 idfs4
54 0 205788 8 20.90973 idfs4
54 0 145884 9 20.874317 idfs4
55 0 4154603 0 60.258163 idfs4
55 0 145731 1 46.139297 idfs4
55 0 145855 2 38.09943 idfs4
55 0 110774 3 34.528343 idfs4
55 0 111420 4 33.26375 idfs4
55 0 111261 5 32.06278 idfs4
55 0 112910 6 31.786758 idfs4
55 0 118269 7 26.86138 idfs4
55 0 111982 8 26.161121 idfs4
55 0 110021 9 22.602894 idfs4
56 0 4154603 0 36.568317 idfs4
56 0 145855 1 30.9815 idfs4
56 0 145629 2 25.237587 idfs4
56 0 2679558 3 25.167818 idfs4
56 0 2677564 4 23.582796 idfs4
56 0 2678135 5 23.582796 idfs4
56 0 145965 6 22.598 idfs4
56 0 2959741 7 22.187363 idfs4
56 0 931616 8 22.187363 idfs4
56 0 112910 9 20.311052 idfs4
57 0 147953 0 7.8636417 idfs4
57 0 148480 1 7.8636417 idfs4
57 0 2804673 2 7.7793803 idfs4
57 0 145772 3 7.618987 idfs4
57 0 145907 4 7.552216 idfs4
57 0 145745 5 7.5042276 idfs4
57 0 3209687 6 7.495495 idfs4
57 0 3187496 7 7.484871 idfs4
57 0 799990 8 7.43035 idfs4
57 0 117908 9 7.348562 idfs4
58 0 118467 0 14.013344 idfs4
58 0 106152 1 13.798419 idfs4
58 0 111194 2 13.493169 idfs4
58 0 2671725 3 12.952946 idfs4
58 0 2672207 4 12.928846 idfs4
58 0 821305 5 12.868116 idfs4
58 0 112458 6 12.860877 idfs4
58 0 111340 7 12.833891 idfs4
58 0 92943 8 12.789022 idfs4
58 0 112085 9 12.728737 idfs4
59 0 2788983 0 41.21743 idfs4
59 0 4170685 1 39.70652 idfs4
59 0 931614 2 39.16535 idfs4
59 0 111736 3 38.707382 idfs4
59 0 130158 4 38.634655 idfs4
59 0 145901 5 37.604534 idfs4
59 0 112824 6 37.42761 idfs4
59 0 2672208 7 36.71886 idfs4
59 0 2670794 8 36.71886 idfs4
59 0 145627 9 35.0883 idfs4
60 0 931614 0 41.04724 idfs4
60 0 127905 1 36.74535 idfs4
60 0 118257 2 36.166126 idfs4
60 0 110510 3 35.84227 idfs4
60 0 145856 4 35.19364 idfs4
60 0 118334 5 35.08523 idfs4
60 0 109810 6 34.26588 idfs4
60 0 3195891 7 33.870403 idfs4
60 0 130158 8 32.625828 idfs4
60 0 118107 9 32.45789 idfs4
61 0 2812210 0 51.155968 idfs4
61 0 219815 1 47.36895 idfs4
61 0 145743 2 47.144573 idfs4
61 0 145923 3 45.947937 idfs4
61 0 218457 4 42.939358 idfs4
61 0 3195092 5 41.426727 idfs4
61 0 2620704 6 38.445652 idfs4
61 0 1732 7 38.37311 idfs4
61 0 1087955 8 37.057686 idfs4
61 0 218132 9 34.129314 idfs4
62 0 118045 0 18.389372 idfs4
62 0 219512 1 17.635866 idfs4
62 0 112620 2 17.486843 idfs4
62 0 117832 3 16.829565 idfs4
62 0 148795 4 16.74821 idfs4
62 0 2620703 5 16.680664 idfs4
62 0 118381 6 16.443954 idfs4
62 0 145843 7 16.406363 idfs4
62 0 117954 8 16.309853 idfs4
62 0 1742 9 16.242077 idfs4
63 0 99465 0 7.6486487 idfs4
63 0 97274 1 7.5610867 idfs4
63 0 105496 2 7.4151983 idfs4
63 0 106208 3 7.3587737 idfs4
63 0 97873 4 7.2492094 idfs4
63 0 106996 5 7.242348 idfs4
63 0 96381 6 7.21507 idfs4
63 0 101096 7 7.2007008 idfs4
63 0 101445 8 7.18903 idfs4
63 0 104545 9 7.1825285 idfs4
64 0 2758568 0 32.79738 idfs4
64 0 145895 1 28.260279 idfs4
64 0 102061 2 26.835627 idfs4
64 0 110645 3 24.928793 idfs4
64 0 109773 4 23.153833 idfs4
64 0 821189 5 22.765924 idfs4
64 0 93425 6 22.175411 idfs4
64 0 98509 7 22.020544 idfs4
64 0 111082 8 21.146946 idfs4
64 0 111936 9 20.01641 idfs4
65 0 111084 0 7.8617835 idfs4
65 0 118123 1 7.6628866 idfs4
65 0 103491 2 7.5102077 idfs4
65 0 117976 3 7.5102077 idfs4
65 0 1088038 4 6.9637375 idfs4
65 0 101622 5 6.9637375 idfs4
65 0 91175 6 6.9637375 idfs4
65 0 96649 7 6.9637375 idfs4
65 0 97240 8 6.9637375 idfs4
65 0 104995 9 6.7245345 idfs4
66 0 3211501 0 30.70691 idfs4
66 0 145867 1 28.876102 idfs4
66 0 111632 2 27.03282 idfs4
66 0 112935 3 25.370779 idfs4
66 0 118495 4 20.397638 idfs4
66 0 112106 5 19.857275 idfs4
66 0 112760 6 19.180067 idfs4
66 0 134921 7 18.568604 idfs4
66 0 618680 8 18.373339 idfs4
66 0 112547 9 18.105711 idfs4
67 0 867645 0 19.070019 idfs4
67 0 145800 1 16.476318 idfs4
67 0 101798 2 13.562254 idfs4
67 0 2959738 3 13.555838 idfs4
67 0 103093 4 13.481662 idfs4
67 0 102083 5 13.444845 idfs4
67 0 112081 6 12.9971895 idfs4
67 0 1087847 7 12.972943 idfs4
67 0 104194 8 12.948496 idfs4
67 0 99007 9 12.743964 idfs4
68 0 103675 0 26.5181 idfs4
68 0 902769 1 24.284859 idfs4
68 0 100945 2 23.534702 idfs4
68 0 104522 3 22.85836 idfs4
68 0 103678 4 21.610281 idfs4
68 0 100823 5 21.593761 idfs4
68 0 106930 6 20.847279 idfs4
68 0 87464 7 20.0022 idfs4
68 0 99090 8 19.812561 idfs4
68 0 92457 9 19.802681 idfs4
69 0 127899 0 17.415289 idfs4
69 0 145642 1 17.288628 idfs4
69 0 97779 2 17.088629 idfs4
69 0 110161 3 16.869488 idfs4
69 0 112719 4 16.839048 idfs4
69 0 799975 5 16.833683 idfs4
69 0 109510 6 16.63331 idfs4
69 0 142877 7 16.553701 idfs4
69 0 103590 8 16.417744 idfs4
69 0 134745 9 16.416388 idfs4
70 0 111709 0 28.375694 idfs4
70 0 118111 1 28.290827 idfs4
70 0 112534 2 26.11273 idfs4
70 0 118080 3 24.540102 idfs4
70 0 117961 4 24.438099 idfs4
70 0 1087961 5 23.25576 idfs4
70 0 117859 6 23.199139 idfs4
70 0 112927 7 23.177969 idfs4
70 0 111385 8 22.780136 idfs4
70 0 111189 9 22.537743 idfs4
71 0 118052 0 26.912949 idfs4
71 0 112904 1 25.610445 idfs4
71 0 111103 2 24.659178 idfs4
71 0 118234 3 24.259748 idfs4
71 0 110331 4 23.556835 idfs4
71 0 118005 5 22.298464 idfs4
71 0 108643 6 21.522003 idfs4
71 0 108303 7 21.508894 idfs4
71 0 88325 8 21.48464 idfs4
71 0 92190 9 21.18731 idfs4
72 0 112904 0 19.308659 idfs4
72 0 118052 1 18.916653 idfs4
72 0 111103 2 18.665237 idfs4
72 0 108624 3 18.264969 idfs4
72 0 112914 4 17.875679 idfs4
72 0 118234 5 17.675817 idfs4
72 0 110936 6 17.571005 idfs4
72 0 85168 7 17.295853 idfs4
72 0 103775 8 17.183302 idfs4
72 0 101673 9 16.570387 idfs4
73 0 145624 0 26.073727 idfs4
73 0 1087954 1 22.186752 idfs4
73 0 118043 2 21.997131 idfs4
73 0 2804674 3 21.841309 idfs4
73 0 812524 4 21.10702 idfs4
73 0 111425 5 19.526108 idfs4
73 0 108345 6 19.01182 idfs4
73 0 145638 7 18.705725 idfs4
73 0 2655590 8 18.20109 idfs4
73 0 145881 9 18.055626 idfs4
74 0 2804674 0 21.810894 idfs4
74 0 3183079 1 20.435974 idfs4
74 0 103459 2 19.140966 idfs4
74 0 112774 3 18.975338 idfs4
74 0 110798 4 18.869564 idfs4
74 0 218667 5 18.431955 idfs4
74 0 219734 6 18.036337 idfs4
74 0 145909 7 17.403097 idfs4
74 0 110398 8 17.252604 idfs4
74 0 2678466 9 17.139933 idfs4
75 0 112347 0 26.335737 idfs4
75 0 111291 1 24.39054 idfs4
75 0 106428 2 23.90904 idfs4
75 0 100407 3 23.082647 idfs4
75 0 97645 4 23.065947 idfs4
75 0 111557 5 21.759468 idfs4
75 0 107048 6 21.62561 idfs4
75 0 96836 7 21.354717 idfs4
75 0 110779 8 21.32967 idfs4
75 0 118226 9 21.258265 idfs4
76 0 1740 0 23.89675 idfs4
76 0 145799 1 23.226748 idfs4
76 0 145652 2 21.73384 idfs4
76 0 108900 3 21.228518 idfs4
76 0 2670966 4 20.725044 idfs4
76 0 118390 5 20.361538 idfs4
76 0 111945 6 19.909435 idfs4
76 0 2679833 7 19.744904 idfs4
76 0 2680440 8 19.744904 idfs4
76 0 149653 9 19.620974 idfs4
77 0 104355 0 25.33731 idfs4
77 0 112626 1 24.712503 idfs4
77 0 111455 2 23.629866 idfs4
77 0 97242 3 23.183088 idfs4
77 0 95933 4 23.086258 idfs4
77 0 111610 5 22.980677 idfs4
77 0 112726 6 22.804379 idfs4
77 0 614392 7 22.751541 idfs4
77 0 614485 8 22.751541 idfs4
77 0 108605 9 22.089493 idfs4
78 0 616862 0 28.809 idfs4
78 0 117899 1 27.998404 idfs4
78 0 118022 2 27.384884 idfs4
78 0 112186 3 27.013105 idfs4
78 0 2812588 4 26.631327 idfs4
78 0 3207858 5 25.423244 idfs4
78 0 111717 6 25.002949 idfs4
78 0 111208 7 24.968714 idfs4
78 0 112358 8 24.885078 idfs4
78 0 112058 9 24.556145 idfs4
79 0 111009 0 39.37273 idfs4
79 0 111470 1 36.69612 idfs4
79 0 118143 2 34.12742 idfs4
79 0 2680438 3 30.627449 idfs4
79 0 110221 4 21.038288 idfs4
79 0 145932 5 17.804504 idfs4
79 0 2670795 6 17.058443 idfs4
79 0 145941 7 16.727947 idfs4
79 0 3171728 8 16.717041 idfs4
79 0 903979 9 16.712475 idfs4
80 0 1100709 0 18.386017 idfs4
80 0 94532 1 18.386017 idfs4
80 0 149285 2 17.603771 idfs4
80 0 108900 3 17.267069 idfs4
80 0 112664 4 17.235085 idfs4
80 0 118513 5 17.018782 idfs4
80 0 111502 6 16.513445 idfs4
80 0 86283 7 15.989023 idfs4
80 0 101679 8 15.894102 idfs4
80 0 98551 9 15.597614 idfs4
81 0 111914 0 13.111515 idfs4
81 0 112260 1 13.002314 idfs4
81 0 799991 2 12.901298 idfs4
81 0 4157383 3 12.620237 idfs4
81 0 802791 4 12.499126 idfs4
81 0 110404 5 12.268672 idfs4
81 0 118373 6 12.247326 idfs4
81 0 111418 7 11.8956785 idfs4
81 0 118045 8 11.8364935 idfs4
81 0 110864 9 11.829509 idfs4
82 0 2773182 0 14.259275 idfs4
82 0 109872 1 13.558533 idfs4
82 0 118392 2 13.439211 idfs4
82 0 104132 3 13.250386 idfs4
82 0 105931 4 12.985134 idfs4
82 0 95854 5 12.797177 idfs4
82 0 4168363 6 12.752609 idfs4
82 0 85671 7 12.671035 idfs4
82 0 117837 8 12.581538 idfs4
82 0 112869 9 12.285573 idfs4
83 0 145859 0 46.724457 idfs4
83 0 111103 1 34.184235 idfs4
83 0 111333 2 32.91332 idfs4
83 0 110449 3 31.807236 idfs4
83 0 111246 4 31.720491 idfs4
83 0 111151 5 30.759987 idfs4
83 0 145870 6 30.513203 idfs4
83 0 112922 7 30.07647 idfs4
83 0 111663 8 29.895075 idfs4
83 0 111194 9 29.872492 idfs4
84 0 145859 0 44.054146 idfs4
84 0 112922 1 37.33972 idfs4
84 0 111151 2 36.763046 idfs4
84 0 108164 3 36.637093 idfs4
84 0 800858 4 34.21288 idfs4
84 0 110361 5 34.026073 idfs4
84 0 109201 6 33.925716 idfs4
84 0 122251 7 33.855824 idfs4
84 0 109891 8 33.714714 idfs4
84 0 110473 9 33.700504 idfs4
85 0 802973 0 30.220514 idfs4
85 0 803271 1 30.220514 idfs4
85 0 2959737 2 30.220514 idfs4
85 0 218925 3 29.452707 idfs4
85 0 112240 4 27.277603 idfs4
85 0 111586 5 26.457247 idfs4
85 0 108530 6 25.115005 idfs4
85 0 137749 7 24.883383 idfs4
85 0 110145 8 24.005537 idfs4
85 0 111985 9 23.422514 idfs4
86 0 3171724 0 28.821478 idfs4
86 0 3177199 1 28.821478 idfs4
86 0 3177200 2 28.821478 idfs4
86 0 3205766 3 26.995903 idfs4
86 0 3195092 4 24.837275 idfs4
86 0 3171728 5 20.527433 idfs4
86 0 3170730 6 20.337828 idfs4
86 0 3177197 7 20.337828 idfs4
86 0 3181025 8 20.285921 idfs4
86 0 802973 9 20.177023 idfs4
87 0 104480 0 21.182133 idfs4
87 0 104998 1 19.796646 idfs4
87 0 1088038 2 19.394049 idfs4
87 0 111905 3 17.914618 idfs4
87 0 145818 4 17.697721 idfs4
87 0 143378 5 17.61739 idfs4
87 0 106464 6 17.011375 idfs4
87 0 111446 7 16.770971 idfs4
87 0 118017 8 15.533198 idfs4
87 0 136998 9 15.41142 idfs4
88 0 143378 0 19.489384 idfs4
88 0 3007018 1 18.361916 idfs4
88 0 181012 2 17.767994 idfs4
88 0 943668 3 17.761713 idfs4
88 0 145897 4 17.660027 idfs4
88 0 145958 5 17.270388 idfs4
88 0 625833 6 16.953217 idfs4
88 0 112335 7 16.877636 idfs4
88 0 182991 8 16.786922 idfs4
88 0 111539 9 16.713095 idfs4
89 0 4151822 0 95.42184 idfs4
89 0 2812588 1 79.362236 idfs4
89 0 2770446 2 71.96677 idfs4
89 0 4162110 3 71.508446 idfs4
89 0 145954 4 41.370903 idfs4
89 0 145817 5 41.27123 idfs4
89 0 145647 6 36.62534 idfs4
89 0 134747 7 35.1367 idfs4
89 0 180494 8 34.896885 idfs4
89 0 4106440 9 34.51614 idfs4
90 0 145626 0 14.020183 idfs4
90 0 109643 1 13.465661 idfs4
90 0 109921 2 13.281375 idfs4
90 0 118054 3 13.018109 idfs4
90 0 109079 4 12.79733 idfs4
90 0 118420 5 12.591079 idfs4
90 0 92716 6 12.517231 idfs4
90 0 2620698 7 12.339112 idfs4
90 0 109080 8 12.275431 idfs4
90 0 109016 9 11.988862 idfs4
91 0 3212514 0 38.851734 idfs4
91 0 219097 1 26.817797 idfs4
91 0 145892 2 24.954212 idfs4
91 0 856791 3 24.380455 idfs4
91 0 145897 4 23.858118 idfs4
91 0 182991 5 23.776836 idfs4
91 0 145785 6 21.322964 idfs4
91 0 624280 7 20.011341 idfs4
91 0 110032 8 19.975481 idfs4
91 0 3007018 9 19.431183 idfs4
92 0 3212514 0 18.827108 idfs4
92 0 98116 1 14.767496 idfs4
92 0 2675751 2 14.3407755 idfs4
92 0 95758 3 13.988467 idfs4
92 0 111828 4 13.45374 idfs4
92 0 98913 5 13.135387 idfs4
92 0 111820 6 13.003454 idfs4
92 0 4162936 7 12.772415 idfs4
92 0 111694 8 12.763433 idfs4
92 0 134732 9 12.660688 idfs4
93 0 110877 0 58.56704 idfs4
93 0 110200 1 54.105568 idfs4
93 0 118107 2 53.57444 idfs4
93 0 118334 3 53.394726 idfs4
93 0 130158 4 52.36761 idfs4
93 0 109610 5 46.552982 idfs4
93 0 4151827 6 45.18167 idfs4
93 0 110248 7 42.526066 idfs4
93 0 2788983 8 39.406853 idfs4
93 0 110688 9 38.192646 idfs4
94 0 931614 0 65.45949 idfs4
94 0 4151827 1 57.110783 idfs4
94 0 3195891 2 55.974167 idfs4
94 0 2788983 3 47.494312 idfs4
94 0 2743641 4 41.161106 idfs4
94 0 2959756 5 41.161106 idfs4
94 0 130158 6 38.897324 idfs4
94 0 2743678 7 36.60029 idfs4
94 0 2959755 8 35.532135 idfs4
94 0 110877 9 33.138256 idfs4
95 0 107232 0 22.584915 idfs4
95 0 105495 1 22.56222 idfs4
95 0 108555 2 21.197742 idfs4
95 0 107794 3 18.297499 idfs4
95 0 109444 4 17.70157 idfs4
95 0 96226 5 17.562775 idfs4
95 0 101290 6 17.550226 idfs4
95 0 112750 7 17.345879 idfs4
95 0 95904 8 17.278316 idfs4
95 0 96212 9 16.746258 idfs4
96 0 86280 0 11.162268 idfs4
96 0 89439 1 10.960882 idfs4
96 0 104523 2 10.7835455 idfs4
96 0 103665 3 10.692165 idfs4
96 0 108330 4 10.685943 idfs4
96 0 104964 5 10.6845875 idfs4
96 0 728300 6 10.616036 idfs4
96 0 118503 7 10.601197 idfs4
96 0 104330 8 10.57113 idfs4
96 0 104522 9 10.537331 idfs4
97 0 112101 0 25.77395 idfs4
97 0 111922 1 23.090607 idfs4
97 0 95594 2 15.8890915 idfs4
97 0 2806208 3 15.515223 idfs4
97 0 2808294 4 15.515223 idfs4
97 0 136993 5 15.058113 idfs4
97 0 145822 6 14.532703 idfs4
97 0 100558 7 13.813232 idfs4
97 0 118379 8 13.639992 idfs4
97 0 3213873 9 13.310873 idfs4
98 0 106593 0 19.237514 idfs4
98 0 2655591 1 19.22481 idfs4
98 0 2676593 2 18.063097 idfs4
98 0 110156 3 17.250471 idfs4
98 0 145822 4 16.573088 idfs4
98 0 145903 5 16.442022 idfs4
98 0 112574 6 16.43486 idfs4
98 0 2655597 7 16.24207 idfs4
98 0 111516 8 16.147419 idfs4
98 0 104104 9 15.949146 idfs4
99 0 112267 0 41.76941 idfs4
99 0 111884 1 31.160538 idfs4
99 0 110552 2 26.127 idfs4
99 0 118121 3 25.341688 idfs4
99 0 109976 4 24.40055 idfs4
99 0 110578 5 22.313799 idfs4
99 0 104759 6 22.141518 idfs4
99 0 109673 7 20.00683 idfs4
99 0 145914 8 18.970736 idfs4
99 0 96562 9 18.221344 idfs4
100 0 112267 0 34.740475 idfs4
100 0 110552 1 30.932968 idfs4
100 0 91843 2 30.30769 idfs4
100 0 100701 3 29.570452 idfs4
100 0 91230 4 26.701973 idfs4
100 0 101394 5 24.880236 idfs4
100 0 97728 6 24.620264 idfs4
100 0 96077 7 24.180178 idfs4
100 0 854177 8 23.82386 idfs4
100 0 102981 9 22.995186 idfs4
