1 0 112795 0 38.74045 idfs7
1 0 111116 1 35.81238 idfs7
1 0 2649076 2 33.8975 idfs7
1 0 219732 3 33.755676 idfs7
1 0 219733 4 33.62611 idfs7
1 0 220342 5 33.62611 idfs7
1 0 112924 6 32.916534 idfs7
1 0 149702 7 32.664425 idfs7
1 0 110370 8 32.0805 idfs7
1 0 112436 9 31.069668 idfs7
2 0 4170684 0 22.545101 idfs7
2 0 2644673 1 20.265162 idfs7
2 0 149006 2 18.739935 idfs7
2 0 145692 3 18.017569 idfs7
2 0 104571 4 17.515331 idfs7
2 0 112423 5 17.148554 idfs7
2 0 109466 6 16.682634 idfs7
2 0 110134 7 16.649172 idfs7
2 0 150540 8 16.51054 idfs7
2 0 108555 9 16.461842 idfs7
3 0 3162143 0 51.73817 idfs7
3 0 215496 1 51.025475 idfs7
3 0 215694 2 51.025475 idfs7
3 0 2959735 3 51.024433 idfs7
3 0 118029 4 50.44451 idfs7
3 0 112212 5 49.182777 idfs7
3 0 118475 6 47.182957 idfs7
3 0 149007 7 47.143745 idfs7
3 0 130157 8 46.457703 idfs7
3 0 117892 9 46.380074 idfs7
4 0 215496 0 63.90752 idfs7
4 0 215694 1 63.86059 idfs7
4 0 2959735 2 63.85851 idfs7
4 0 149007 3 62.56921 idfs7
4 0 623142 4 52.318592 idfs7
4 0 145890 5 50.323654 idfs7
4 0 118029 6 50.016613 idfs7
4 0 3162143 7 49.716946 idfs7
4 0 903973 8 49.038345 idfs7
4 0 117959 9 48.779423 idfs7
5 0 183480 0 41.845695 idfs7
5 0 111789 1 40.06107 idfs7
5 0 118174 2 38.289867 idfs7
5 0 110056 3 37.69008 idfs7
5 0 108089 4 37.466103 idfs7
5 0 2672209 5 35.953934 idfs7
5 0 2657779 6 35.953934 idfs7
5 0 117911 7 33.408276 idfs7
5 0 108088 8 33.2585 idfs7
5 0 118217 9 33.10498 idfs7
6 0 117932 0 30.049013 idfs7
6 0 2811844 1 28.975447 idfs7
6 0 2959750 2 28.975447 idfs7
6 0 110883 3 20.375277 idfs7
6 0 108449 4 20.230886 idfs7
6 0 109573 5 19.945463 idfs7
6 0 118174 6 19.623796 idfs7
6 0 109004 7 19.241894 idfs7
6 0 2672209 8 19.202282 idfs7
6 0 2657779 9 19.202282 idfs7
7 0 145715 0 34.57718 idfs7
7 0 147531 1 34.439972 idfs7
7 0 2672535 2 34.21943 idfs7
7 0 2655591 3 33.694798 idfs7
7 0 134749 4 32.84021 idfs7
7 0 3195892 5 31.93215 idfs7
7 0 2678467 6 31.88686 idfs7
7 0 2679202 7 31.88686 idfs7
7 0 2959746 8 31.88686 idfs7
7 0 110932 9 31.842003 idfs7
8 0 145911 0 20.970297 idfs7
8 0 146981 1 20.229794 idfs7
8 0 2760668 2 19.33161 idfs7
8 0 2771248 3 18.224533 idfs7
8 0 182991 4 18.2122 idfs7
8 0 2812587 5 18.02918 idfs7
8 0 2959748 6 18.02918 idfs7
8 0 104034 7 16.986137 idfs7
8 0 215806 8 16.971237 idfs7
8 0 2676593 9 16.898077 idfs7
9 0 112641 0 60.577305 idfs7
9 0 2675751 1 58.22108 idfs7
9 0 118212 2 57.114662 idfs7
9 0 109720 3 56.82741 idfs7
9 0 111694 4 56.28779 idfs7
9 0 118011 5 55.73188 idfs7
9 0 127923 6 54.84699 idfs7
9 0 112230 7 52.92333 idfs7
9 0 110543 8 51.74908 idfs7
9 0 127887 9 51.479424 idfs7
10 0 145715 0 44.239784 idfs7
10 0 112931 1 43.84988 idfs7
10 0 112423 2 43.267307 idfs7
10 0 121163 3 40.25278 idfs7
10 0 112094 4 39.646812 idfs7
10 0 214949 5 39.344288 idfs7
10 0 215071 6 39.344288 idfs7
10 0 147531 7 39.05801 idfs7
10 0 111500 8 38.832397 idfs7
10 0 112291 9 37.916958 idfs7
11 0 931123 0 27.8881 idfs7
11 0 110800 1 26.727219 idfs7
11 0 873668 2 26.312529 idfs7
11 0 1747 3 25.880173 idfs7
11 0 212830 4 25.254044 idfs7
11 0 2743678 5 25.167747 idfs7
11 0 107553 6 25.10872 idfs7
11 0 620560 7 24.90251 idfs7
11 0 2750102 8 24.4851 idfs7
11 0 2809767 9 24.441257 idfs7
12 0 2672535 0 36.945007 idfs7
12 0 809121 1 28.261795 idfs7
12 0 621195 2 25.499283 idfs7
12 0 621270 3 25.499283 idfs7
12 0 3153112 4 25.38646 idfs7
12 0 111537 5 23.273338 idfs7
12 0 109096 6 22.955748 idfs7
12 0 3207860 7 21.951061 idfs7
12 0 2812586 8 21.398842 idfs7
12 0 109248 9 21.379826 idfs7
13 0 2642828 0 61.662674 idfs7
13 0 802973 1 61.089993 idfs7
13 0 803271 2 61.089993 idfs7
13 0 2959737 3 61.089993 idfs7
13 0 145967 4 59.355213 idfs7
13 0 2812588 5 53.293034 idfs7
13 0 4162111 6 51.596035 idfs7
13 0 2959730 7 51.38365 idfs7
13 0 4106440 8 50.88107 idfs7
13 0 614392 9 48.991154 idfs7
14 0 2812588 0 36.721554 idfs7
14 0 614392 1 36.66032 idfs7
14 0 614485 2 36.66032 idfs7
14 0 124715 3 34.965233 idfs7
14 0 145632 4 31.254072 idfs7
14 0 145958 5 31.00958 idfs7
14 0 145967 6 30.90804 idfs7
14 0 3199501 7 30.76681 idfs7
14 0 145965 8 30.765057 idfs7
14 0 112316 9 30.17774 idfs7
15 0 2812588 0 55.86027 idfs7
15 0 4015951 1 47.184032 idfs7
15 0 4162111 2 46.086708 idfs7
15 0 3207858 3 45.842194 idfs7
15 0 4106440 4 42.956062 idfs7
15 0 3177196 5 41.531067 idfs7
15 0 4151822 6 41.499638 idfs7
15 0 4151821 7 40.365055 idfs7
15 0 3199501 8 40.15783 idfs7
15 0 2806207 9 38.229004 idfs7
16 0 2812588 0 41.657917 idfs7
16 0 4151822 1 38.124725 idfs7
16 0 2770446 2 35.09501 idfs7
16 0 2155 3 34.894356 idfs7
16 0 2771249 4 32.783108 idfs7
16 0 134747 5 30.489153 idfs7
16 0 121146 6 29.270838 idfs7
16 0 145817 7 28.988617 idfs7
16 0 111904 8 27.794119 idfs7
16 0 150540 9 27.441267 idfs7
17 0 117987 0 24.182606 idfs7
17 0 118125 1 23.949121 idfs7
17 0 117968 2 23.619228 idfs7
17 0 110593 3 23.525415 idfs7
17 0 145639 4 23.393852 idfs7
17 0 118230 5 23.313608 idfs7
17 0 109329 6 23.232819 idfs7
17 0 111302 7 23.102243 idfs7
17 0 112076 8 23.081915 idfs7
17 0 2672535 9 22.718092 idfs7
18 0 148484 0 57.932995 idfs7
18 0 110600 1 47.51319 idfs7
18 0 105382 2 46.79347 idfs7
18 0 145664 3 46.57447 idfs7
18 0 111880 4 46.306232 idfs7
18 0 3209687 5 45.98685 idfs7
18 0 137739 6 45.89858 idfs7
18 0 110810 7 45.736362 idfs7
18 0 118507 8 45.228962 idfs7
18 0 145763 9 45.149307 idfs7
19 0 104895 0 15.555479 idfs7
19 0 109180 1 15.449481 idfs7
19 0 106639 2 14.238943 idfs7
19 0 117867 3 13.491535 idfs7
19 0 110441 4 13.174294 idfs7
19 0 111219 5 12.948792 idfs7
19 0 105517 6 12.8051195 idfs7
19 0 1087906 7 12.777187 idfs7
19 0 104313 8 12.777187 idfs7
19 0 107612 9 12.771021 idfs7
20 0 118243 0 23.726576 idfs7
20 0 626454 1 22.349928 idfs7
20 0 108538 2 22.142046 idfs7
20 0 866023 3 21.673702 idfs7
20 0 111343 4 21.55552 idfs7
20 0 118358 5 21.500713 idfs7
20 0 111727 6 20.994642 idfs7
20 0 106282 7 20.959772 idfs7
20 0 111713 8 20.887253 idfs7
20 0 118043 9 20.849737 idfs7
21 0 2659300 0 33.91326 idfs7
21 0 118371 1 31.394632 idfs7
21 0 112777 2 28.825413 idfs7
21 0 145925 3 28.424105 idfs7
21 0 2795279 4 28.300428 idfs7
21 0 117890 5 28.259735 idfs7
21 0 112799 6 27.968637 idfs7
21 0 867657 7 27.850733 idfs7
21 0 111858 8 27.602268 idfs7
21 0 112846 9 27.071777 idfs7
22 0 111021 0 63.028996 idfs7
22 0 145644 1 61.681553 idfs7
22 0 112737 2 61.406635 idfs7
22 0 111517 3 59.669094 idfs7
22 0 109807 4 57.579456 idfs7
22 0 112880 5 56.238396 idfs7
22 0 145788 6 55.943806 idfs7
22 0 118416 7 54.39984 idfs7
22 0 873660 8 54.174526 idfs7
22 0 117949 9 53.74935 idfs7
23 0 112257 0 18.078241 idfs7
23 0 4162535 1 16.728577 idfs7
23 0 118449 2 16.024225 idfs7
23 0 137736 3 15.000987 idfs7
23 0 2810525 4 14.733036 idfs7
23 0 2811847 5 14.733036 idfs7
23 0 107645 6 14.266685 idfs7
23 0 145738 7 14.198162 idfs7
23 0 3153112 8 14.079461 idfs7
23 0 111610 9 13.968961 idfs7
24 0 2804671 0 26.29773 idfs7
24 0 182558 1 23.53875 idfs7
24 0 2801435 2 21.811491 idfs7
24 0 802408 3 21.419538 idfs7
24 0 616433 4 21.097988 idfs7
24 0 2654754 5 20.23093 idfs7
24 0 625711 6 20.037102 idfs7
24 0 145635 7 19.699955 idfs7
24 0 798626 8 19.531082 idfs7
24 0 3217476 9 19.025257 idfs7
25 0 112345 0 31.677061 idfs7
25 0 3211503 1 29.847412 idfs7
25 0 112616 2 27.378752 idfs7
25 0 118021 3 24.289017 idfs7
25 0 108632 4 23.685215 idfs7
25 0 107971 5 22.285488 idfs7
25 0 101911 6 22.08253 idfs7
25 0 109416 7 21.22003 idfs7
25 0 134732 8 20.839344 idfs7
25 0 108129 9 20.614006 idfs7
26 0 145758 0 46.39525 idfs7
26 0 117872 1 46.24918 idfs7
26 0 118026 2 45.04092 idfs7
26 0 112324 3 44.923893 idfs7
26 0 112616 4 43.048996 idfs7
26 0 112045 5 42.869076 idfs7
26 0 112724 6 41.94139 idfs7
26 0 111056 7 41.693893 idfs7
26 0 118070 8 41.128418 idfs7
26 0 111103 9 40.869076 idfs7
27 0 4157382 0 39.19847 idfs7
27 0 4157405 1 39.19847 idfs7
27 0 111141 2 30.679482 idfs7
27 0 112346 3 30.63675 idfs7
27 0 110384 4 29.946539 idfs7
27 0 112071 5 27.429157 idfs7
27 0 110706 6 26.044157 idfs7
27 0 110320 7 25.547314 idfs7
27 0 118475 8 24.178307 idfs7
27 0 620673 9 23.536133 idfs7
28 0 4157382 0 60.231865 idfs7
28 0 4157405 1 60.231865 idfs7
28 0 112346 2 44.29569 idfs7
28 0 112523 3 39.62533 idfs7
28 0 217703 4 37.717354 idfs7
28 0 111141 5 37.58073 idfs7
28 0 112308 6 35.21672 idfs7
28 0 107063 7 35.08942 idfs7
28 0 2679557 8 33.947033 idfs7
28 0 110374 9 31.974585 idfs7
29 0 112620 0 28.63345 idfs7
29 0 4151826 1 26.839365 idfs7
29 0 111471 2 26.44889 idfs7
29 0 205788 3 26.343456 idfs7
29 0 145632 4 25.938787 idfs7
29 0 145726 5 25.90433 idfs7
29 0 145843 6 25.878996 idfs7
29 0 626206 7 25.508575 idfs7
29 0 118351 8 25.41654 idfs7
29 0 109622 9 24.950459 idfs7
30 0 145841 0 53.3113 idfs7
30 0 205788 1 50.63974 idfs7
30 0 218921 2 50.47528 idfs7
30 0 145708 3 49.187527 idfs7
30 0 118117 4 47.903793 idfs7
30 0 137739 5 46.427605 idfs7
30 0 145843 6 45.812088 idfs7
30 0 145916 7 44.832882 idfs7
30 0 118343 8 44.801643 idfs7
30 0 145761 9 44.71999 idfs7
31 0 145925 0 42.58033 idfs7
31 0 148797 1 41.778736 idfs7
31 0 118412 2 37.886414 idfs7
31 0 3207859 3 37.69117 idfs7
31 0 145857 4 36.60449 idfs7
31 0 137003 5 36.512276 idfs7
31 0 130146 6 35.578606 idfs7
31 0 616433 7 35.09511 idfs7
31 0 902267 8 35.021923 idfs7
31 0 2811844 9 33.819027 idfs7
32 0 118458 0 20.993408 idfs7
32 0 110561 1 20.965708 idfs7
32 0 118023 2 19.9558 idfs7
32 0 118139 3 19.872904 idfs7
32 0 112329 4 19.775845 idfs7
32 0 118499 5 19.735544 idfs7
32 0 109505 6 19.52827 idfs7
32 0 118303 7 19.481493 idfs7
32 0 112836 8 19.44405 idfs7
32 0 109450 9 19.390219 idfs7
33 0 2809767 0 29.51356 idfs7
33 0 2811850 1 29.51356 idfs7
33 0 2676594 2 24.010935 idfs7
33 0 2675753 3 23.595652 idfs7
33 0 2679204 4 23.595652 idfs7
33 0 112728 5 23.036236 idfs7
33 0 118302 6 21.94181 idfs7
33 0 110667 7 21.475784 idfs7
33 0 110382 8 21.444729 idfs7
33 0 108583 9 21.060282 idfs7
34 0 2676594 0 84.84613 idfs7
34 0 2675753 1 84.20492 idfs7
34 0 2679204 2 84.20492 idfs7
34 0 2809767 3 83.49792 idfs7
34 0 2811850 4 83.49792 idfs7
34 0 136994 5 45.37574 idfs7
34 0 137727 6 43.97534 idfs7
34 0 112325 7 41.504723 idfs7
34 0 121158 8 39.42365 idfs7
34 0 145870 9 37.06639 idfs7
35 0 3205767 0 28.986101 idfs7
35 0 932061 1 28.859936 idfs7
35 0 821306 2 28.772589 idfs7
35 0 118329 3 27.533804 idfs7
35 0 112747 4 26.4268 idfs7
35 0 149005 5 26.388674 idfs7
35 0 213843 6 26.354223 idfs7
35 0 214063 7 26.354223 idfs7
35 0 214467 8 26.354223 idfs7
35 0 3203656 9 26.083567 idfs7
36 0 112069 0 33.787556 idfs7
36 0 112259 1 33.507935 idfs7
36 0 131163 2 31.666197 idfs7
36 0 109923 3 31.528395 idfs7
36 0 118234 4 30.67355 idfs7
36 0 110101 5 30.531654 idfs7
36 0 213843 6 30.487453 idfs7
36 0 214063 7 30.487453 idfs7
36 0 214467 8 30.487453 idfs7
36 0 110599 9 30.237753 idfs7
37 0 4151829 0 37.741005 idfs7
37 0 145731 1 34.349518 idfs7
37 0 112910 2 33.53992 idfs7
37 0 111982 3 32.44861 idfs7
37 0 118269 4 31.491745 idfs7
37 0 145855 5 30.914558 idfs7
37 0 110774 6 30.707714 idfs7
37 0 110742 7 30.50147 idfs7
37 0 103870 8 30.415213 idfs7
37 0 111264 9 29.450083 idfs7
38 0 118269 0 64.25609 idfs7
38 0 1993216 1 56.991615 idfs7
38 0 112910 2 56.2164 idfs7
38 0 4151829 3 55.365166 idfs7
38 0 145855 4 55.17191 idfs7
38 0 145731 5 53.039055 idfs7
38 0 112887 6 52.360928 idfs7
38 0 145629 7 49.388695 idfs7
38 0 112292 8 48.51385 idfs7
38 0 111264 9 46.748783 idfs7
39 0 112568 0 21.88292 idfs7
39 0 102086 1 21.382551 idfs7
39 0 112420 2 21.260532 idfs7
39 0 111502 3 21.201988 idfs7
39 0 105058 4 21.10045 idfs7
39 0 2674861 5 20.93778 idfs7
39 0 2675754 6 20.93778 idfs7
39 0 111432 7 20.163296 idfs7
39 0 96872 8 19.605566 idfs7
39 0 98478 9 19.537994 idfs7
40 0 931120 0 24.65221 idfs7
40 0 145943 1 24.074026 idfs7
40 0 2810526 2 21.747541 idfs7
40 0 112348 3 20.381962 idfs7
40 0 3171723 4 20.208057 idfs7
40 0 149007 5 19.886707 idfs7
40 0 2769807 6 19.60664 idfs7
40 0 3170727 7 19.48253 idfs7
40 0 4161363 8 19.38317 idfs7
40 0 945737 9 18.880873 idfs7
41 0 112585 0 36.18138 idfs7
41 0 109186 1 35.40913 idfs7
41 0 110132 2 33.03343 idfs7
41 0 111198 3 32.63132 idfs7
41 0 110075 4 32.32327 idfs7
41 0 111891 5 31.351374 idfs7
41 0 112440 6 31.13765 idfs7
41 0 112924 7 30.845293 idfs7
41 0 111254 8 30.719904 idfs7
41 0 2810525 9 29.564032 idfs7
42 0 112924 0 39.90445 idfs7
42 0 118131 1 39.33792 idfs7
42 0 3177199 2 38.911507 idfs7
42 0 137003 3 38.63236 idfs7
42 0 145632 4 38.527607 idfs7
42 0 3189783 5 38.4809 idfs7
42 0 3171724 6 38.399193 idfs7
42 0 3177200 7 38.399193 idfs7
42 0 112810 8 37.656624 idfs7
42 0 117864 9 37.562416 idfs7
43 0 110519 0 16.876478 idfs7
43 0 106707 1 16.141186 idfs7
43 0 112920 2 15.998203 idfs7
43 0 2680590 3 15.810309 idfs7
43 0 2959745 4 15.810309 idfs7
43 0 111467 5 15.757558 idfs7
43 0 109306 6 14.888694 idfs7
43 0 112803 7 14.828813 idfs7
43 0 106276 8 14.745615 idfs7
43 0 103366 9 14.71343 idfs7
44 0 183480 0 20.449793 idfs7
44 0 802408 1 19.840843 idfs7
44 0 2781925 2 19.155708 idfs7
44 0 145674 3 18.415539 idfs7
44 0 109329 4 18.281998 idfs7
44 0 206090 5 17.883205 idfs7
44 0 206187 6 17.883205 idfs7
44 0 3203624 7 17.622587 idfs7
44 0 145834 8 17.508966 idfs7
44 0 1738 9 17.507092 idfs7
45 0 3181481 0 24.91802 idfs7
45 0 112309 1 23.443151 idfs7
45 0 118496 2 23.357615 idfs7
45 0 111754 3 22.809978 idfs7
45 0 110757 4 21.901682 idfs7
45 0 145755 5 21.815744 idfs7
45 0 127691 6 21.789085 idfs7
45 0 130159 7 21.789085 idfs7
45 0 107663 8 21.573074 idfs7
45 0 106592 9 21.254116 idfs7
46 0 2804673 0 36.443047 idfs7
46 0 145772 1 33.77998 idfs7
46 0 866024 2 31.829922 idfs7
46 0 858802 3 31.829922 idfs7
46 0 623145 4 29.063719 idfs7
46 0 618680 5 28.840958 idfs7
46 0 3204917 6 28.32095 idfs7
46 0 1269289 7 28.164246 idfs7
46 0 118453 8 27.451647 idfs7
46 0 137725 9 27.292175 idfs7
47 0 2674861 0 34.453773 idfs7
47 0 2675754 1 34.453773 idfs7
47 0 108545 2 28.098524 idfs7
47 0 2518018 3 27.563917 idfs7
47 0 96147 4 27.465576 idfs7
47 0 105417 5 27.36375 idfs7
47 0 121149 6 26.932354 idfs7
47 0 111362 7 26.881563 idfs7
47 0 118218 8 26.476704 idfs7
47 0 96287 9 26.47016 idfs7
48 0 2674861 0 29.632452 idfs7
48 0 2675754 1 29.632452 idfs7
48 0 103019 2 24.795626 idfs7
48 0 112422 3 23.767815 idfs7
48 0 108041 4 23.410019 idfs7
48 0 107451 5 22.95269 idfs7
48 0 96287 6 21.12567 idfs7
48 0 103201 7 21.039095 idfs7
48 0 109625 8 20.915005 idfs7
48 0 103902 9 20.903824 idfs7
49 0 4162535 0 30.321281 idfs7
49 0 2672535 1 23.621391 idfs7
49 0 101852 2 21.087132 idfs7
49 0 90620 3 20.888159 idfs7
49 0 95414 4 20.832678 idfs7
49 0 93031 5 18.686653 idfs7
49 0 1957917 6 18.538506 idfs7
49 0 95551 7 18.266886 idfs7
49 0 87007 8 18.092094 idfs7
49 0 145626 9 17.44671 idfs7
50 0 112733 0 27.152487 idfs7
50 0 118449 1 26.584665 idfs7
50 0 118203 2 26.5367 idfs7
50 0 109776 3 26.372404 idfs7
50 0 111953 4 24.911686 idfs7
50 0 117996 5 24.676819 idfs7
50 0 110763 6 24.649096 idfs7
50 0 183479 7 24.646095 idfs7
50 0 112606 8 24.484562 idfs7
50 0 117950 9 24.449644 idfs7
51 0 145849 0 11.670228 idfs7
51 0 109715 1 11.654159 idfs7
51 0 1741 2 11.2986965 idfs7
51 0 112867 3 11.160378 idfs7
51 0 107587 4 11.034416 idfs7
51 0 127913 5 11.026271 idfs7
51 0 107254 6 10.93933 idfs7
51 0 145791 7 10.796401 idfs7
51 0 109466 8 10.776106 idfs7
51 0 2808293 9 10.769122 idfs7
52 0 112770 0 22.262068 idfs7
52 0 91913 1 21.381975 idfs7
52 0 87549 2 21.213978 idfs7
52 0 91094 3 19.809631 idfs7
52 0 90370 4 19.66286 idfs7
52 0 90634 5 19.618547 idfs7
52 0 85452 6 19.511705 idfs7
52 0 86293 7 19.406746 idfs7
52 0 90150 8 19.156357 idfs7
52 0 111908 9 18.948343 idfs7
53 0 625711 0 34.654648 idfs7
53 0 872994 1 30.884863 idfs7
53 0 621045 2 30.028309 idfs7
53 0 112573 3 29.882967 idfs7
53 0 145635 4 28.750006 idfs7
53 0 145628 5 28.139675 idfs7
53 0 112206 6 27.517204 idfs7
53 0 112728 7 27.063873 idfs7
53 0 104615 8 27.014095 idfs7
53 0 118357 9 26.993616 idfs7
54 0 931614 0 33.221615 idfs7
54 0 616862 1 33.067905 idfs7
54 0 145884 2 33.0537 idfs7
54 0 2358 3 32.99797 idfs7
54 0 205788 4 32.96916 idfs7
54 0 1744 5 32.36779 idfs7
54 0 145632 6 32.251137 idfs7
54 0 145626 7 32.17095 idfs7
54 0 931123 8 31.857365 idfs7
54 0 216733 9 31.481924 idfs7
55 0 4154603 0 79.7784 idfs7
55 0 145731 1 56.380768 idfs7
55 0 110774 2 53.81061 idfs7
55 0 111261 3 51.960186 idfs7
55 0 145855 4 48.682465 idfs7
55 0 111420 5 47.44043 idfs7
55 0 118269 6 43.3598 idfs7
55 0 112910 7 41.5556 idfs7
55 0 110021 8 39.592777 idfs7
55 0 111982 9 36.38163 idfs7
56 0 4154603 0 39.23403 idfs7
56 0 145855 1 32.595394 idfs7
56 0 145629 2 30.616915 idfs7
56 0 2677564 3 29.018122 idfs7
56 0 2678135 4 29.018122 idfs7
56 0 2959741 5 27.249271 idfs7
56 0 931616 6 27.249271 idfs7
56 0 2679558 7 27.141916 idfs7
56 0 145731 8 23.97737 idfs7
56 0 145892 9 23.690887 idfs7
57 0 2804673 0 10.228991 idfs7
57 0 145745 1 9.969648 idfs7
57 0 145907 2 9.940983 idfs7
57 0 145772 3 9.691851 idfs7
57 0 147953 4 9.560212 idfs7
57 0 148480 5 9.560212 idfs7
57 0 218132 6 9.4876795 idfs7
57 0 112802 7 9.358694 idfs7
57 0 117908 8 9.193706 idfs7
57 0 3209687 9 9.14082 idfs7
58 0 118467 0 22.24722 idfs7
58 0 821305 1 21.218758 idfs7
58 0 2811845 2 20.870386 idfs7
58 0 118282 3 20.759003 idfs7
58 0 106152 4 20.683025 idfs7
58 0 2671725 5 20.350306 idfs7
58 0 2672207 6 20.32405 idfs7
58 0 112077 7 20.153408 idfs7
58 0 112376 8 19.964933 idfs7
58 0 145881 9 19.908339 idfs7
59 0 4170685 0 68.83799 idfs7
59 0 2788983 1 68.64361 idfs7
59 0 112824 2 63.62069 idfs7
59 0 145627 3 62.755882 idfs7
59 0 931614 4 62.03786 idfs7
59 0 112905 5 60.965733 idfs7
59 0 130158 6 60.682266 idfs7
59 0 2672208 7 59.730408 idfs7
59 0 2670794 8 59.730408 idfs7
59 0 118037 9 59.090084 idfs7
60 0 931614 0 53.276066 idfs7
60 0 118257 1 49.86486 idfs7
60 0 127905 2 49.79236 idfs7
60 0 145856 3 47.807983 idfs7
60 0 109810 4 47.31715 idfs7
60 0 110510 5 47.248745 idfs7
60 0 118334 6 47.061047 idfs7
60 0 3195891 7 46.863678 idfs7
60 0 118129 8 44.667316 idfs7
60 0 118107 9 44.629436 idfs7
61 0 2812210 0 69.59012 idfs7
61 0 145923 1 63.559742 idfs7
61 0 219815 2 63.259224 idfs7
61 0 145743 3 62.50954 idfs7
61 0 218457 4 62.063854 idfs7
61 0 3195092 5 58.419384 idfs7
61 0 1732 6 57.20004 idfs7
61 0 1087955 7 52.53127 idfs7
61 0 2620704 8 50.372837 idfs7
61 0 218132 9 48.762417 idfs7
62 0 219512 0 27.333033 idfs7
62 0 110091 1 27.11345 idfs7
62 0 218921 2 27.0659 idfs7
62 0 117832 3 26.847374 idfs7
62 0 2620703 4 26.487642 idfs7
62 0 802770 5 26.282295 idfs7
62 0 205788 6 26.143227 idfs7
62 0 899483 7 26.050013 idfs7
62 0 118381 8 25.931492 idfs7
62 0 145708 9 25.854912 idfs7
63 0 99465 0 10.469048 idfs7
63 0 97274 1 10.343403 idfs7
63 0 96381 2 10.225231 idfs7
63 0 104545 3 10.190526 idfs7
63 0 97779 4 10.170066 idfs7
63 0 106208 5 10.159166 idfs7
63 0 105496 6 10.071393 idfs7
63 0 108369 7 9.952938 idfs7
63 0 106996 8 9.923335 idfs7
63 0 96350 9 9.900689 idfs7
64 0 2758568 0 46.740173 idfs7
64 0 145895 1 40.0007 idfs7
64 0 110645 2 36.13813 idfs7
64 0 102061 3 32.6715 idfs7
64 0 110542 4 31.603836 idfs7
64 0 109773 5 31.323172 idfs7
64 0 111051 6 31.149548 idfs7
64 0 111082 7 31.0329 idfs7
64 0 111936 8 29.430153 idfs7
64 0 93425 9 28.89986 idfs7
65 0 118123 0 21.581913 idfs7
65 0 111285 1 13.182061 idfs7
65 0 112935 2 12.539192 idfs7
65 0 112677 3 12.531555 idfs7
65 0 4151825 4 12.4342575 idfs7
65 0 111051 5 12.058018 idfs7
65 0 145867 6 12.054789 idfs7
65 0 112016 7 11.822202 idfs7
65 0 106786 8 11.189704 idfs7
65 0 122242 9 11.172175 idfs7
66 0 3211501 0 44.043747 idfs7
66 0 145867 1 42.87278 idfs7
66 0 111632 2 40.631493 idfs7
66 0 112935 3 32.81877 idfs7
66 0 112547 4 31.1611 idfs7
66 0 112106 5 30.809315 idfs7
66 0 118495 6 27.293316 idfs7
66 0 111803 7 27.230917 idfs7
66 0 121170 8 27.227978 idfs7
66 0 110251 9 26.681358 idfs7
67 0 867645 0 24.006939 idfs7
67 0 2959738 1 20.052711 idfs7
67 0 145800 2 20.025864 idfs7
67 0 145664 3 19.980375 idfs7
67 0 103093 4 19.673082 idfs7
67 0 112891 5 19.196331 idfs7
67 0 145635 6 18.896105 idfs7
67 0 88797 7 18.787899 idfs7
67 0 104194 8 18.634985 idfs7
67 0 106757 9 18.336266 idfs7
68 0 103675 0 45.605026 idfs7
68 0 100945 1 38.09869 idfs7
68 0 106483 2 38.08054 idfs7
68 0 106930 3 37.75573 idfs7
68 0 104522 4 36.389698 idfs7
68 0 103678 5 36.343468 idfs7
68 0 145673 6 35.135277 idfs7
68 0 99090 7 35.108643 idfs7
68 0 105646 8 34.946953 idfs7
68 0 103093 9 34.8581 idfs7
69 0 799975 0 29.942694 idfs7
69 0 112719 1 29.260859 idfs7
69 0 117927 2 29.174778 idfs7
69 0 111438 3 28.952047 idfs7
69 0 118363 4 28.81731 idfs7
69 0 112881 5 28.60448 idfs7
69 0 145642 6 28.510153 idfs7
69 0 109510 7 28.302608 idfs7
69 0 799995 8 28.201431 idfs7
69 0 118458 9 28.051983 idfs7
70 0 111709 0 41.00929 idfs7
70 0 118111 1 40.95401 idfs7
70 0 112534 2 39.048527 idfs7
70 0 118080 3 36.63906 idfs7
70 0 117961 4 35.524937 idfs7
70 0 1087961 5 34.93955 idfs7
70 0 117927 6 34.89917 idfs7
70 0 117859 7 34.62522 idfs7
70 0 118317 8 34.264454 idfs7
70 0 118379 9 33.704952 idfs7
71 0 118052 0 36.84792 idfs7
71 0 112904 1 36.57549 idfs7
71 0 118234 2 34.83106 idfs7
71 0 110331 3 33.696507 idfs7
71 0 111103 4 31.642082 idfs7
71 0 112914 5 30.980024 idfs7
71 0 118005 6 30.905544 idfs7
71 0 117979 7 30.596159 idfs7
71 0 112324 8 29.550179 idfs7
71 0 108303 9 29.386768 idfs7
72 0 112904 0 28.90864 idfs7
72 0 118052 1 28.327135 idfs7
72 0 117979 2 27.772285 idfs7
72 0 112914 3 27.371775 idfs7
72 0 118234 4 26.515095 idfs7
72 0 3189783 5 26.235106 idfs7
72 0 109721 6 26.21877 idfs7
72 0 112311 7 25.843636 idfs7
72 0 110936 8 25.545753 idfs7
72 0 2654533 9 25.419031 idfs7
73 0 2804674 0 34.781517 idfs7
73 0 1087954 1 33.68376 idfs7
73 0 145624 2 32.933792 idfs7
73 0 118043 3 32.890617 idfs7
73 0 111425 4 30.861126 idfs7
73 0 145638 5 29.945246 idfs7
73 0 110692 6 29.662117 idfs7
73 0 868383 7 28.610634 idfs7
73 0 118162 8 27.700115 idfs7
73 0 109931 9 27.52811 idfs7
74 0 2804674 0 28.177406 idfs7
74 0 112774 1 27.621275 idfs7
74 0 108616 2 26.742737 idfs7
74 0 110398 3 26.369312 idfs7
74 0 218667 4 26.194477 idfs7
74 0 110798 5 25.761625 idfs7
74 0 103459 6 25.74438 idfs7
74 0 3183079 7 25.628529 idfs7
74 0 219734 8 25.497063 idfs7
74 0 127908 9 25.07583 idfs7
75 0 118226 0 49.941845 idfs7
75 0 111291 1 48.216953 idfs7
75 0 106428 2 47.308346 idfs7
75 0 2678134 3 45.688793 idfs7
75 0 112347 4 45.646515 idfs7
75 0 106659 5 45.64064 idfs7
75 0 111557 6 45.308807 idfs7
75 0 110779 7 45.16679 idfs7
75 0 105304 8 44.3542 idfs7
75 0 110362 9 44.138313 idfs7
76 0 1740 0 36.89533 idfs7
76 0 108900 1 35.683598 idfs7
76 0 2679833 2 34.745296 idfs7
76 0 2680440 3 34.745296 idfs7
76 0 111508 4 34.71787 idfs7
76 0 145799 5 34.242413 idfs7
76 0 118390 6 33.539062 idfs7
76 0 111945 7 33.197433 idfs7
76 0 145652 8 32.471752 idfs7
76 0 150540 9 31.477827 idfs7
77 0 104355 0 31.490015 idfs7
77 0 111455 1 29.896147 idfs7
77 0 112626 2 29.835192 idfs7
77 0 111610 3 29.4969 idfs7
77 0 112646 4 28.712502 idfs7
77 0 97242 5 28.231392 idfs7
77 0 110223 6 27.894413 idfs7
77 0 112693 7 27.821884 idfs7
77 0 108605 8 27.047709 idfs7
77 0 112726 9 26.932577 idfs7
78 0 2812588 0 49.880703 idfs7
78 0 117899 1 48.204285 idfs7
78 0 145632 2 47.91407 idfs7
78 0 111717 3 46.826054 idfs7
78 0 616862 4 46.370605 idfs7
78 0 111250 5 46.264828 idfs7
78 0 112485 6 45.761528 idfs7
78 0 799976 7 45.745495 idfs7
78 0 118022 8 44.863415 idfs7
78 0 112358 9 44.71235 idfs7
79 0 111009 0 59.26085 idfs7
79 0 118143 1 55.214985 idfs7
79 0 111470 2 51.12997 idfs7
79 0 2680438 3 42.60713 idfs7
79 0 110221 4 37.540627 idfs7
79 0 3171728 5 31.057259 idfs7
79 0 903979 6 26.44371 idfs7
79 0 902768 7 26.44371 idfs7
79 0 106328 8 25.759304 idfs7
79 0 118375 9 25.35903 idfs7
80 0 108900 0 28.942783 idfs7
80 0 149285 1 28.086248 idfs7
80 0 4106441 2 27.506672 idfs7
80 0 111502 3 27.11548 idfs7
80 0 98551 4 26.791443 idfs7
80 0 2679833 5 26.733196 idfs7
80 0 2680440 6 26.733196 idfs7
80 0 112738 7 25.863682 idfs7
80 0 142889 8 25.335562 idfs7
80 0 145804 9 25.195816 idfs7
81 0 118373 0 17.410067 idfs7
81 0 4157383 1 16.695831 idfs7
81 0 112260 2 16.41653 idfs7
81 0 799991 3 16.32233 idfs7
81 0 111914 4 16.159527 idfs7
81 0 145811 5 16.115913 idfs7
81 0 110073 6 15.762865 idfs7
81 0 148484 7 15.636596 idfs7
81 0 3209687 8 15.520645 idfs7
81 0 802791 9 15.470964 idfs7
82 0 112869 0 22.33173 idfs7
82 0 821305 1 22.152685 idfs7
82 0 105931 2 22.116869 idfs7
82 0 88165 3 21.644186 idfs7
82 0 111106 4 21.524616 idfs7
82 0 117837 5 21.423883 idfs7
82 0 95854 6 21.3738 idfs7
82 0 112305 7 21.272476 idfs7
82 0 112292 8 21.252947 idfs7
82 0 104132 9 21.229803 idfs7
83 0 145859 0 67.533516 idfs7
83 0 111151 1 49.475952 idfs7
83 0 111246 2 48.97676 idfs7
83 0 111663 3 48.060894 idfs7
83 0 111664 4 48.034225 idfs7
83 0 111194 5 47.803326 idfs7
83 0 820896 6 46.80145 idfs7
83 0 111103 7 46.777256 idfs7
83 0 137746 8 45.908573 idfs7
83 0 112922 9 45.112267 idfs7
84 0 145859 0 64.45278 idfs7
84 0 111151 1 60.064846 idfs7
84 0 111664 2 58.735523 idfs7
84 0 110361 3 57.5825 idfs7
84 0 800858 4 57.022568 idfs7
84 0 109200 5 56.09357 idfs7
84 0 122251 6 56.038948 idfs7
84 0 112922 7 56.029377 idfs7
84 0 109893 8 55.87833 idfs7
84 0 110473 9 55.429325 idfs7
85 0 802973 0 47.910763 idfs7
85 0 803271 1 47.910763 idfs7
85 0 2959737 2 47.910763 idfs7
85 0 137749 3 40.30845 idfs7
85 0 218925 4 37.883926 idfs7
85 0 150543 5 37.421165 idfs7
85 0 2959732 6 37.421165 idfs7
85 0 146553 7 37.099003 idfs7
85 0 146790 8 37.099003 idfs7
85 0 112326 9 36.78452 idfs7
86 0 3171724 0 41.13578 idfs7
86 0 3177199 1 41.13578 idfs7
86 0 3177200 2 41.13578 idfs7
86 0 3195092 3 34.95684 idfs7
86 0 3205766 4 32.927567 idfs7
86 0 802973 5 29.809038 idfs7
86 0 803271 6 29.809038 idfs7
86 0 2959737 7 29.809038 idfs7
86 0 3170730 8 27.897724 idfs7
86 0 3177197 9 27.897724 idfs7
87 0 143378 0 31.941881 idfs7
87 0 112807 1 28.054901 idfs7
87 0 112746 2 27.45813 idfs7
87 0 136998 3 26.960802 idfs7
87 0 111170 4 26.702147 idfs7
87 0 104998 5 26.32406 idfs7
87 0 112080 6 26.280369 idfs7
87 0 104480 7 25.36401 idfs7
87 0 111186 8 25.189522 idfs7
87 0 118109 9 25.03513 idfs7
88 0 625833 0 27.15509 idfs7
88 0 145122 1 26.262617 idfs7
88 0 111170 2 26.19703 idfs7
88 0 625711 3 24.950588 idfs7
88 0 131143 4 24.581287 idfs7
88 0 181012 5 24.397572 idfs7
88 0 130159 6 24.305622 idfs7
88 0 145839 7 24.137419 idfs7
88 0 182991 8 23.999977 idfs7
88 0 127691 9 23.905916 idfs7
89 0 4151822 0 114.12603 idfs7
89 0 2812588 1 99.75402 idfs7
89 0 4162110 2 87.1444 idfs7
89 0 2770446 3 81.545975 idfs7
89 0 145817 4 57.551277 idfs7
89 0 4106440 5 56.52386 idfs7
89 0 145954 6 54.717106 idfs7
89 0 145647 7 52.90078 idfs7
89 0 134747 8 49.160324 idfs7
89 0 111029 9 48.41429 idfs7
90 0 145626 0 16.285892 idfs7
90 0 109643 1 15.945585 idfs7
90 0 109921 2 15.717604 idfs7
90 0 118054 3 15.477296 idfs7
90 0 118420 4 15.103817 idfs7
90 0 109079 5 15.091624 idfs7
90 0 2620698 6 14.775936 idfs7
90 0 92716 7 14.620355 idfs7
90 0 109080 8 14.610188 idfs7
90 0 109776 9 14.487585 idfs7
91 0 3212514 0 57.351597 idfs7
91 0 219097 1 43.939003 idfs7
91 0 145892 2 40.85449 idfs7
91 0 856791 3 40.757683 idfs7
91 0 145785 4 38.962555 idfs7
91 0 110032 5 38.150715 idfs7
91 0 1087959 6 37.966938 idfs7
91 0 624280 7 37.3052 idfs7
91 0 145873 8 35.3965 idfs7
91 0 109043 9 34.816185 idfs7
92 0 3212514 0 22.917185 idfs7
92 0 2675751 1 16.54906 idfs7
92 0 98116 2 16.184105 idfs7
92 0 111820 3 16.06576 idfs7
92 0 111828 4 16.039083 idfs7
92 0 109857 5 15.6193 idfs7
92 0 109818 6 15.52752 idfs7
92 0 4162936 7 15.400795 idfs7
92 0 111694 8 15.374731 idfs7
92 0 98779 9 15.374642 idfs7
93 0 110877 0 83.86264 idfs7
93 0 130158 1 80.824814 idfs7
93 0 118334 2 79.853 idfs7
93 0 118107 3 78.51726 idfs7
93 0 109610 4 74.230255 idfs7
93 0 110200 5 72.55215 idfs7
93 0 4151827 6 72.50286 idfs7
93 0 112905 7 70.07445 idfs7
93 0 110248 8 69.95208 idfs7
93 0 2788983 9 69.591965 idfs7
94 0 931614 0 99.218704 idfs7
94 0 3195891 1 86.422264 idfs7
94 0 4151827 2 84.688576 idfs7
94 0 2788983 3 78.680244 idfs7
94 0 2743641 4 67.76042 idfs7
94 0 2959756 5 67.76042 idfs7
94 0 145901 6 66.2688 idfs7
94 0 130158 7 64.96826 idfs7
94 0 111736 8 62.871887 idfs7
94 0 117874 9 61.939545 idfs7
95 0 107232 0 30.56842 idfs7
95 0 108555 1 29.346903 idfs7
95 0 105495 2 28.258741 idfs7
95 0 107794 3 25.105076 idfs7
95 0 107475 4 24.545584 idfs7
95 0 111385 5 23.19253 idfs7
95 0 108161 6 22.600359 idfs7
95 0 101863 7 22.553577 idfs7
95 0 112765 8 22.314875 idfs7
95 0 112343 9 22.222752 idfs7
96 0 91505 0 14.513922 idfs7
96 0 104330 1 14.500528 idfs7
96 0 108330 2 14.441683 idfs7
96 0 2650505 3 14.308059 idfs7
96 0 91961 4 14.272933 idfs7
96 0 89763 5 14.052608 idfs7
96 0 104523 6 13.9822235 idfs7
96 0 86280 7 13.948533 idfs7
96 0 91215 8 13.856528 idfs7
96 0 108711 9 13.794442 idfs7
97 0 112101 0 36.511673 idfs7
97 0 111922 1 29.539673 idfs7
97 0 136993 2 24.225668 idfs7
97 0 118379 3 20.490803 idfs7
97 0 2806208 4 20.304184 idfs7
97 0 2808294 5 20.304184 idfs7
97 0 145822 6 19.500334 idfs7
97 0 104379 7 18.104479 idfs7
97 0 118444 8 17.991362 idfs7
97 0 109772 9 17.962387 idfs7
98 0 2655591 0 24.150423 idfs7
98 0 103809 1 23.84805 idfs7
98 0 2676593 2 23.796482 idfs7
98 0 110156 3 23.781277 idfs7
98 0 145903 4 23.743702 idfs7
98 0 145822 5 23.732813 idfs7
98 0 110146 6 23.551975 idfs7
98 0 3181481 7 23.004332 idfs7
98 0 2811845 8 22.998566 idfs7
98 0 108783 9 22.724798 idfs7
99 0 112267 0 54.943863 idfs7
99 0 111884 1 39.946754 idfs7
99 0 110552 2 39.287735 idfs7
99 0 118121 3 34.54232 idfs7
99 0 109976 4 33.945896 idfs7
99 0 104759 5 31.010714 idfs7
99 0 110578 6 30.417173 idfs7
99 0 145914 7 28.55447 idfs7
99 0 109673 8 27.294292 idfs7
99 0 112723 9 26.967491 idfs7
100 0 112267 0 71.18188 idfs7
100 0 110552 1 58.86037 idfs7
100 0 111886 2 47.669823 idfs7
100 0 111884 3 45.03148 idfs7
100 0 854177 4 44.953327 idfs7
100 0 110098 5 44.602444 idfs7
100 0 104883 6 44.088833 idfs7
100 0 102981 7 41.662178 idfs7
100 0 105252 8 41.48882 idfs7
100 0 109678 9 41.19074 idfs7
