1 0 97605 0 14.555172 idfs2
1 0 110464 1 14.3329 idfs2
1 0 110235 2 13.442918 idfs2
1 0 103572 3 12.601197 idfs2
1 0 102712 4 11.266981 idfs2
1 0 112540 5 10.888006 idfs2
1 0 112795 6 10.8544 idfs2
1 0 2649076 7 10.483167 idfs2
1 0 96482 8 10.210773 idfs2
1 0 102905 9 10.117458 idfs2
2 0 108555 0 10.192553 idfs2
2 0 4170684 1 10.133535 idfs2
2 0 107232 2 10.078937 idfs2
2 0 118348 3 10.016153 idfs2
2 0 107475 4 10.014966 idfs2
2 0 104044 5 9.970714 idfs2
2 0 105495 6 9.937759 idfs2
2 0 2644673 7 9.921711 idfs2
2 0 104209 8 9.913892 idfs2
2 0 106171 9 9.875465 idfs2
3 0 118029 0 30.714123 idfs2
3 0 3162143 1 28.895355 idfs2
3 0 215496 2 28.748898 idfs2
3 0 215694 3 28.748898 idfs2
3 0 2959735 4 28.747856 idfs2
3 0 112212 5 27.985481 idfs2
3 0 145683 6 27.443977 idfs2
3 0 112584 7 27.324394 idfs2
3 0 149007 8 27.027576 idfs2
3 0 145821 9 27.021303 idfs2
4 0 149007 0 34.918175 idfs2
4 0 215496 1 34.19433 idfs2
4 0 215694 2 34.1474 idfs2
4 0 2959735 3 34.145317 idfs2
4 0 623142 4 33.752792 idfs2
4 0 111920 5 27.193068 idfs2
4 0 118029 6 26.303148 idfs2
4 0 78783 7 25.557499 idfs2
4 0 620568 8 24.836689 idfs2
4 0 3162143 9 24.731363 idfs2
5 0 183480 0 19.214546 idfs2
5 0 111789 1 18.54675 idfs2
5 0 118174 2 18.06391 idfs2
5 0 108671 3 17.500729 idfs2
5 0 108089 4 16.162498 idfs2
5 0 108088 5 15.884628 idfs2
5 0 112538 6 15.868858 idfs2
5 0 110056 7 15.134006 idfs2
5 0 117932 8 15.041788 idfs2
5 0 118231 9 13.64279 idfs2
6 0 117932 0 22.499422 idfs2
6 0 2811844 1 19.035389 idfs2
6 0 2959750 2 19.035389 idfs2
6 0 108449 3 16.19541 idfs2
6 0 106257 4 15.054063 idfs2
6 0 105695 5 14.545866 idfs2
6 0 105790 6 14.515762 idfs2
6 0 110048 7 13.698967 idfs2
6 0 110241 8 12.367091 idfs2
6 0 2680591 9 11.36455 idfs2
7 0 147531 0 14.740833 idfs2
7 0 820745 1 12.721332 idfs2
7 0 3195445 2 12.622181 idfs2
7 0 147530 3 12.117007 idfs2
7 0 2672535 4 11.941156 idfs2
7 0 219733 5 11.70321 idfs2
7 0 220342 6 11.70321 idfs2
7 0 2675751 7 11.701691 idfs2
7 0 2752078 8 11.61406 idfs2
7 0 854177 9 11.439108 idfs2
8 0 2670643 0 15.036736 idfs2
8 0 145911 1 14.995525 idfs2
8 0 215806 2 12.424291 idfs2
8 0 182991 3 11.980612 idfs2
8 0 4104823 4 11.423844 idfs2
8 0 2654532 5 11.124536 idfs2
8 0 2812587 6 11.088314 idfs2
8 0 2959748 7 11.088314 idfs2
8 0 145859 8 10.967211 idfs2
8 0 146981 9 10.628805 idfs2
9 0 145866 0 12.652461 idfs2
9 0 117912 1 11.229752 idfs2
9 0 85013 2 10.870876 idfs2
9 0 109029 3 10.729875 idfs2
9 0 85222 4 10.23206 idfs2
9 0 145971 5 10.221867 idfs2
9 0 3183079 6 10.221867 idfs2
9 0 3207860 7 10.221867 idfs2
9 0 145868 8 10.219098 idfs2
9 0 142881 9 10.19033 idfs2
10 0 4164892 0 22.370823 idfs2
10 0 1992989 1 21.642193 idfs2
10 0 214949 2 21.440508 idfs2
10 0 215071 3 21.440508 idfs2
10 0 147531 4 20.862665 idfs2
10 0 145713 5 20.15691 idfs2
10 0 127914 6 20.126417 idfs2
10 0 145715 7 19.850407 idfs2
10 0 127913 8 19.511356 idfs2
10 0 112291 9 19.490334 idfs2
11 0 85814 0 11.108164 idfs2
11 0 89241 1 11.031883 idfs2
11 0 102335 2 10.995507 idfs2
11 0 104940 3 10.598442 idfs2
11 0 88497 4 9.832696 idfs2
11 0 112420 5 9.747205 idfs2
11 0 92530 6 9.630194 idfs2
11 0 104765 7 9.51313 idfs2
11 0 2672534 8 9.375013 idfs2
11 0 92822 9 9.277121 idfs2
12 0 2672535 0 14.369524 idfs2
12 0 96880 1 12.169 idfs2
12 0 809121 2 10.937838 idfs2
12 0 95036 3 10.934208 idfs2
12 0 94279 4 9.980058 idfs2
12 0 2743640 5 8.969411 idfs2
12 0 624280 6 8.664945 idfs2
12 0 4162110 7 8.632956 idfs2
12 0 2812586 8 8.292362 idfs2
12 0 95142 9 8.282451 idfs2
13 0 2642828 0 22.470745 idfs2
13 0 811777 1 20.099663 idfs2
13 0 802973 2 18.313305 idfs2
13 0 803271 3 18.313305 idfs2
13 0 2959737 4 18.313305 idfs2
13 0 3168776 5 17.481049 idfs2
13 0 145971 6 17.199211 idfs2
13 0 2959730 7 16.383677 idfs2
13 0 802770 8 16.24657 idfs2
13 0 145967 9 16.239527 idfs2
14 0 614392 0 23.80729 idfs2
14 0 614485 1 23.80729 idfs2
14 0 124715 2 22.11667 idfs2
14 0 3199501 3 19.297047 idfs2
14 0 145967 4 18.289549 idfs2
14 0 4151817 5 17.927967 idfs2
14 0 145958 6 16.981014 idfs2
14 0 2153 7 16.537971 idfs2
14 0 112316 8 15.090082 idfs2
14 0 2812588 9 14.924379 idfs2
15 0 4162111 0 24.341267 idfs2
15 0 2812588 1 24.043339 idfs2
15 0 3207858 2 23.990568 idfs2
15 0 4151821 3 22.435669 idfs2
15 0 4106440 4 22.306736 idfs2
15 0 4015951 5 20.970179 idfs2
15 0 4162534 6 20.258577 idfs2
15 0 3199501 7 20.258577 idfs2
15 0 3177196 8 19.673008 idfs2
15 0 4171965 9 18.520803 idfs2
16 0 2155 0 22.882473 idfs2
16 0 177420 1 18.237747 idfs2
16 0 2770446 2 17.890574 idfs2
16 0 4151822 3 16.763079 idfs2
16 0 620561 4 16.649689 idfs2
16 0 2771249 5 16.269533 idfs2
16 0 2756231 6 15.234311 idfs2
16 0 2812588 7 14.729958 idfs2
16 0 215412 8 13.69216 idfs2
16 0 3203658 9 13.513393 idfs2
17 0 110593 0 12.003807 idfs2
17 0 3187209 1 11.412626 idfs2
17 0 3183080 2 10.264425 idfs2
17 0 2675752 3 9.499791 idfs2
17 0 802970 4 9.381357 idfs2
17 0 112152 5 9.195099 idfs2
17 0 111302 6 8.967786 idfs2
17 0 2771250 7 8.756397 idfs2
17 0 110345 8 8.701972 idfs2
17 0 121172 9 8.701972 idfs2
18 0 148484 0 26.879925 idfs2
18 0 2672526 1 19.193562 idfs2
18 0 2674863 2 19.193562 idfs2
18 0 2670966 3 18.168045 idfs2
18 0 112434 4 16.902212 idfs2
18 0 112260 5 16.316721 idfs2
18 0 118375 6 16.18042 idfs2
18 0 104306 7 15.91817 idfs2
18 0 102448 8 15.653453 idfs2
18 0 118471 9 15.551072 idfs2
19 0 98107 0 6.9777107 idfs2
19 0 107474 1 6.957276 idfs2
19 0 99241 2 6.9540334 idfs2
19 0 110530 3 6.9388337 idfs2
19 0 105052 4 6.8885736 idfs2
19 0 98294 5 6.8741236 idfs2
19 0 95645 6 6.872637 idfs2
19 0 107473 7 6.855478 idfs2
19 0 99347 8 6.855006 idfs2
19 0 96275 9 6.8504286 idfs2
20 0 3158927 0 13.947176 idfs2
20 0 147528 1 12.8221035 idfs2
20 0 3203656 2 11.875186 idfs2
20 0 3206414 3 11.875186 idfs2
20 0 95121 4 11.798634 idfs2
20 0 98691 5 11.396887 idfs2
20 0 118440 6 11.3317 idfs2
20 0 112554 7 11.049235 idfs2
20 0 112581 8 10.88953 idfs2
20 0 101788 9 10.88953 idfs2
21 0 118371 0 15.858316 idfs2
21 0 130139 1 14.647032 idfs2
21 0 86383 2 14.469669 idfs2
21 0 118055 3 14.462466 idfs2
21 0 2659300 4 14.302446 idfs2
21 0 867657 5 14.27202 idfs2
21 0 112766 6 14.092934 idfs2
21 0 109609 7 13.44058 idfs2
21 0 117890 8 13.421295 idfs2
21 0 112846 9 13.338984 idfs2
22 0 1303477 0 17.474062 idfs2
22 0 110908 1 17.383688 idfs2
22 0 98112 2 16.120665 idfs2
22 0 111476 3 15.018994 idfs2
22 0 100026 4 14.526358 idfs2
22 0 100195 5 14.418243 idfs2
22 0 100457 6 13.864378 idfs2
22 0 117994 7 13.579672 idfs2
22 0 112605 8 13.538484 idfs2
22 0 111020 9 13.493707 idfs2
23 0 111993 0 6.5769267 idfs2
23 0 111907 1 6.251806 idfs2
23 0 111897 2 6.039617 idfs2
23 0 109052 3 5.8800097 idfs2
23 0 105583 4 5.8576207 idfs2
23 0 110835 5 5.8167424 idfs2
23 0 109809 6 5.7635326 idfs2
23 0 110953 7 5.737127 idfs2
23 0 112346 8 5.6567445 idfs2
23 0 109191 9 5.6567445 idfs2
24 0 109265 0 12.420426 idfs2
24 0 2620844 1 9.897321 idfs2
24 0 112872 2 9.847843 idfs2
24 0 109698 3 9.701855 idfs2
24 0 111318 4 9.465267 idfs2
24 0 108492 5 9.270619 idfs2
24 0 89102 6 9.148783 idfs2
24 0 110916 7 9.147123 idfs2
24 0 88597 8 8.962252 idfs2
24 0 109674 9 8.632004 idfs2
25 0 106384 0 12.037879 idfs2
25 0 109512 1 11.298084 idfs2
25 0 112345 2 11.181559 idfs2
25 0 107516 3 10.76285 idfs2
25 0 100613 4 10.76285 idfs2
25 0 103002 5 10.680633 idfs2
25 0 112046 6 10.247355 idfs2
25 0 3211503 7 10.085775 idfs2
25 0 110043 8 9.968374 idfs2
25 0 102039 9 9.940209 idfs2
26 0 626208 0 19.305998 idfs2
26 0 105430 1 18.96368 idfs2
26 0 118070 2 18.477993 idfs2
26 0 112676 3 18.387705 idfs2
26 0 145779 4 18.34136 idfs2
26 0 127910 5 17.944519 idfs2
26 0 111721 6 17.526237 idfs2
26 0 118026 7 17.429045 idfs2
26 0 111056 8 17.096498 idfs2
26 0 145851 9 17.046824 idfs2
27 0 4157382 0 22.753609 idfs2
27 0 4157405 1 22.753609 idfs2
27 0 111141 2 19.847883 idfs2
27 0 112346 3 18.577568 idfs2
27 0 110384 4 16.735481 idfs2
27 0 112071 5 15.735123 idfs2
27 0 110320 6 14.516682 idfs2
27 0 112565 7 14.258572 idfs2
27 0 112582 8 13.1563 idfs2
27 0 118075 9 12.930343 idfs2
28 0 217703 0 19.137173 idfs2
28 0 4157382 1 16.894934 idfs2
28 0 4157405 2 16.894934 idfs2
28 0 145975 3 14.817055 idfs2
28 0 4168298 4 14.817055 idfs2
28 0 2675752 5 13.87763 idfs2
28 0 616869 6 13.677807 idfs2
28 0 2742710 7 13.489571 idfs2
28 0 2750102 8 13.489571 idfs2
28 0 180494 9 13.489571 idfs2
29 0 112620 0 10.193397 idfs2
29 0 97427 1 10.098547 idfs2
29 0 130150 2 9.967495 idfs2
29 0 145910 3 9.944397 idfs2
29 0 99464 4 9.538837 idfs2
29 0 112868 5 9.143249 idfs2
29 0 1759 6 9.115778 idfs2
29 0 109526 7 9.03562 idfs2
29 0 110490 8 8.777571 idfs2
29 0 111092 9 8.689446 idfs2
30 0 145916 0 22.406548 idfs2
30 0 145841 1 20.742672 idfs2
30 0 205788 2 19.766045 idfs2
30 0 145708 3 17.672905 idfs2
30 0 137739 4 15.609054 idfs2
30 0 4151826 5 14.818698 idfs2
30 0 118343 6 14.559493 idfs2
30 0 218921 7 14.375894 idfs2
30 0 118045 8 14.321316 idfs2
30 0 112704 9 14.094217 idfs2
31 0 145925 0 18.85986 idfs2
31 0 145919 1 15.2977295 idfs2
31 0 148797 2 13.182802 idfs2
31 0 3189783 3 13.08565 idfs2
31 0 903977 4 13.0446415 idfs2
31 0 902767 5 13.0446415 idfs2
31 0 2959752 6 12.940198 idfs2
31 0 2781925 7 12.894386 idfs2
31 0 145626 8 12.878571 idfs2
31 0 931120 9 12.825956 idfs2
32 0 112836 0 7.971441 idfs2
32 0 111754 1 7.967354 idfs2
32 0 112329 2 7.954161 idfs2
32 0 117924 3 7.8976903 idfs2
32 0 107168 4 7.872462 idfs2
32 0 2679557 5 7.861413 idfs2
32 0 1087950 6 7.852092 idfs2
32 0 145905 7 7.8432016 idfs2
32 0 110312 8 7.806548 idfs2
32 0 112774 9 7.793132 idfs2
33 0 2676594 0 17.911388 idfs2
33 0 2675753 1 17.838001 idfs2
33 0 2679204 2 17.838001 idfs2
33 0 2809767 3 16.57519 idfs2
33 0 2811850 4 16.57519 idfs2
33 0 118302 5 15.918364 idfs2
33 0 118130 6 12.806931 idfs2
33 0 3205766 7 12.242641 idfs2
33 0 109625 8 11.555049 idfs2
33 0 109816 9 10.403995 idfs2
34 0 2809767 0 37.43101 idfs2
34 0 2811850 1 37.43101 idfs2
34 0 2675753 2 36.015945 idfs2
34 0 2679204 3 36.015945 idfs2
34 0 2676594 4 35.787777 idfs2
34 0 136994 5 25.715218 idfs2
34 0 137727 6 21.31595 idfs2
34 0 121158 7 20.981373 idfs2
34 0 3207858 8 16.470219 idfs2
34 0 112325 9 16.07266 idfs2
35 0 145915 0 12.774437 idfs2
35 0 932061 1 12.598474 idfs2
35 0 799992 2 12.436855 idfs2
35 0 2768888 3 12.153639 idfs2
35 0 868381 4 11.911733 idfs2
35 0 150541 5 11.127688 idfs2
35 0 4151822 6 11.016896 idfs2
35 0 2670966 7 10.994932 idfs2
35 0 2645422 8 10.842697 idfs2
35 0 872994 9 10.618172 idfs2
36 0 90015 0 11.701712 idfs2
36 0 86395 1 11.375038 idfs2
36 0 112259 2 10.570967 idfs2
36 0 134725 3 10.445726 idfs2
36 0 118234 4 10.385874 idfs2
36 0 106638 5 10.382951 idfs2
36 0 100025 6 10.2608 idfs2
36 0 103758 7 9.8939 idfs2
36 0 107079 8 9.8266 idfs2
36 0 100367 9 9.809836 idfs2
37 0 4151829 0 18.3143 idfs2
37 0 3171724 1 15.319029 idfs2
37 0 3177199 2 15.319029 idfs2
37 0 3177200 3 15.319029 idfs2
37 0 626207 4 14.439671 idfs2
37 0 145855 5 13.757506 idfs2
37 0 112359 6 13.682154 idfs2
37 0 109072 7 13.582769 idfs2
37 0 107652 8 13.372974 idfs2
37 0 102536 9 13.211741 idfs2
38 0 145731 0 27.329206 idfs2
38 0 118269 1 26.111496 idfs2
38 0 1993216 2 25.887085 idfs2
38 0 145855 3 24.200438 idfs2
38 0 111982 4 23.832638 idfs2
38 0 112910 5 23.715708 idfs2
38 0 4151829 6 22.286343 idfs2
38 0 111420 7 22.252344 idfs2
38 0 145629 8 22.06155 idfs2
38 0 112292 9 21.976973 idfs2
39 0 103135 0 11.031403 idfs2
39 0 112420 1 11.003219 idfs2
39 0 122254 2 10.979773 idfs2
39 0 103810 3 10.979231 idfs2
39 0 105200 4 10.9598255 idfs2
39 0 621044 5 10.91454 idfs2
39 0 621090 6 10.91454 idfs2
39 0 2959739 7 10.91454 idfs2
39 0 112568 8 10.901069 idfs2
39 0 2959744 9 10.884845 idfs2
40 0 931120 0 16.293604 idfs2
40 0 92047 1 12.771536 idfs2
40 0 2810526 2 12.322535 idfs2
40 0 145943 3 12.146358 idfs2
40 0 145964 4 11.18577 idfs2
40 0 96968 5 11.039202 idfs2
40 0 87749 6 10.836294 idfs2
40 0 93051 7 10.205988 idfs2
40 0 97534 8 10.034113 idfs2
40 0 99701 9 10.034113 idfs2
41 0 109186 0 19.405313 idfs2
41 0 112585 1 18.314339 idfs2
41 0 2810525 2 17.84219 idfs2
41 0 2811847 3 17.84219 idfs2
41 0 111198 4 17.592419 idfs2
41 0 112440 5 16.752897 idfs2
41 0 111891 6 16.62313 idfs2
41 0 110075 7 16.529236 idfs2
41 0 111254 8 16.13784 idfs2
41 0 110230 9 16.017998 idfs2
42 0 145943 0 19.230137 idfs2
42 0 2150 1 16.791748 idfs2
42 0 2751166 2 15.2153015 idfs2
42 0 145959 3 15.2153015 idfs2
42 0 177069 4 15.2153015 idfs2
42 0 145630 5 14.209405 idfs2
42 0 3171724 6 13.965871 idfs2
42 0 3177199 7 13.965871 idfs2
42 0 3177200 8 13.965871 idfs2
42 0 118386 9 12.687794 idfs2
43 0 109241 0 7.407729 idfs2
43 0 111467 1 7.402882 idfs2
43 0 1723 2 7.255859 idfs2
43 0 109130 3 7.1882463 idfs2
43 0 218665 4 7.109888 idfs2
43 0 111539 5 6.982097 idfs2
43 0 118420 6 6.982097 idfs2
43 0 108762 7 6.945877 idfs2
43 0 820897 8 6.918963 idfs2
43 0 110374 9 6.8939443 idfs2
44 0 1738 0 11.061074 idfs2
44 0 183480 1 11.061074 idfs2
44 0 91444 2 10.953227 idfs2
44 0 2521732 3 8.734802 idfs2
44 0 4172499 4 7.280644 idfs2
44 0 623142 5 6.4314756 idfs2
44 0 149287 6 6.200946 idfs2
44 0 944097 7 6.169957 idfs2
44 0 932060 8 6.169957 idfs2
44 0 2153 9 5.753875 idfs2
45 0 144101 0 17.164312 idfs2
45 0 131835 1 15.256687 idfs2
45 0 142063 2 15.256687 idfs2
45 0 135844 3 15.087404 idfs2
45 0 141558 4 15.087404 idfs2
45 0 132780 5 15.03465 idfs2
45 0 131715 6 14.454138 idfs2
45 0 133890 7 14.454138 idfs2
45 0 133698 8 14.013009 idfs2
45 0 139182 9 13.4707155 idfs2
46 0 2804673 0 23.007488 idfs2
46 0 618680 1 18.62973 idfs2
46 0 623145 2 17.867575 idfs2
46 0 145772 3 17.704227 idfs2
46 0 866024 4 17.409986 idfs2
46 0 858802 5 17.409986 idfs2
46 0 118453 6 16.743988 idfs2
46 0 3204917 7 15.590705 idfs2
46 0 1269289 8 15.438259 idfs2
46 0 137741 9 14.958935 idfs2
47 0 2674861 0 14.554853 idfs2
47 0 2675754 1 14.554853 idfs2
47 0 96287 2 13.959669 idfs2
47 0 2518018 3 13.503871 idfs2
47 0 96147 4 13.446487 idfs2
47 0 108545 5 12.944752 idfs2
47 0 103307 6 12.844031 idfs2
47 0 94407 7 12.804455 idfs2
47 0 97532 8 12.738742 idfs2
47 0 95291 9 12.576721 idfs2
48 0 103019 0 15.84565 idfs2
48 0 2674861 1 12.749219 idfs2
48 0 2675754 2 12.749219 idfs2
48 0 99428 3 10.678991 idfs2
48 0 88765 4 9.356268 idfs2
48 0 112422 5 9.295439 idfs2
48 0 108545 6 9.146906 idfs2
48 0 97532 7 9.062748 idfs2
48 0 96287 8 8.97412 idfs2
48 0 106350 9 8.941557 idfs2
49 0 101852 0 14.436086 idfs2
49 0 90620 1 14.43404 idfs2
49 0 4162535 2 13.282979 idfs2
49 0 95847 3 13.110421 idfs2
49 0 95414 4 13.053939 idfs2
49 0 96570 5 12.180768 idfs2
49 0 1957917 6 11.88746 idfs2
49 0 95551 7 11.697759 idfs2
49 0 91913 8 10.56772 idfs2
49 0 96476 9 10.296395 idfs2
50 0 118449 0 10.96637 idfs2
50 0 2760668 1 10.816518 idfs2
50 0 112733 2 10.779585 idfs2
50 0 117996 3 10.72201 idfs2
50 0 111481 4 10.6913395 idfs2
50 0 112933 5 10.676937 idfs2
50 0 111953 6 10.649292 idfs2
50 0 118124 7 10.620569 idfs2
50 0 145918 8 10.615758 idfs2
50 0 118203 9 10.566746 idfs2
51 0 109978 0 7.408356 idfs2
51 0 101858 1 7.3504777 idfs2
51 0 109745 2 7.15958 idfs2
51 0 109435 3 7.1496687 idfs2
51 0 91208 4 7.1195107 idfs2
51 0 109466 5 7.023132 idfs2
51 0 106522 6 6.886081 idfs2
51 0 106561 7 6.8859434 idfs2
51 0 94663 8 6.8856916 idfs2
51 0 109702 9 6.7968087 idfs2
52 0 92777 0 13.193965 idfs2
52 0 85111 1 12.88742 idfs2
52 0 107187 2 12.863572 idfs2
52 0 2518368 3 12.705825 idfs2
52 0 85447 4 12.553668 idfs2
52 0 85110 5 12.450111 idfs2
52 0 132763 6 12.118112 idfs2
52 0 97465 7 12.07768 idfs2
52 0 91822 8 11.806754 idfs2
52 0 109426 9 11.539377 idfs2
53 0 625711 0 16.831522 idfs2
53 0 872994 1 16.805105 idfs2
53 0 621045 2 16.14001 idfs2
53 0 118357 3 15.463396 idfs2
53 0 145628 4 14.4433 idfs2
53 0 134737 5 12.7601185 idfs2
53 0 148483 6 12.3006735 idfs2
53 0 217288 7 12.254852 idfs2
53 0 85197 8 12.242899 idfs2
53 0 811778 9 12.133888 idfs2
54 0 616862 0 14.47573 idfs2
54 0 616863 1 14.460545 idfs2
54 0 1744 2 13.976318 idfs2
54 0 205713 3 13.884003 idfs2
54 0 100834 4 13.739355 idfs2
54 0 145924 5 13.391129 idfs2
54 0 108879 6 12.131039 idfs2
54 0 2808291 7 11.739569 idfs2
54 0 2650505 8 11.665992 idfs2
54 0 2670965 9 10.983191 idfs2
55 0 4154603 0 32.249916 idfs2
55 0 145731 1 25.02792 idfs2
55 0 145855 2 18.190805 idfs2
55 0 86871 3 12.989542 idfs2
55 0 112910 4 12.072515 idfs2
55 0 109375 5 11.339469 idfs2
55 0 118269 6 11.1251545 idfs2
55 0 111261 7 11.077794 idfs2
55 0 110774 8 10.985645 idfs2
55 0 91291 9 10.3224325 idfs2
56 0 4154603 0 18.318108 idfs2
56 0 145965 1 14.444763 idfs2
56 0 145855 2 13.905193 idfs2
56 0 3191119 3 13.713167 idfs2
56 0 145629 4 13.68688 idfs2
56 0 2679558 5 13.606788 idfs2
56 0 620672 6 12.725441 idfs2
56 0 618680 7 12.684601 idfs2
56 0 625710 8 12.633861 idfs2
56 0 2677564 9 12.533066 idfs2
57 0 131159 0 5.54235 idfs2
57 0 148797 1 5.483963 idfs2
57 0 3187496 2 5.3963256 idfs2
57 0 117844 3 5.257495 idfs2
57 0 137737 4 5.2422814 idfs2
57 0 111366 5 5.191168 idfs2
57 0 145745 6 5.1580772 idfs2
57 0 101011 7 5.138307 idfs2
57 0 856345 8 5.138307 idfs2
57 0 112292 9 5.134445 idfs2
58 0 104633 0 9.454895 idfs2
58 0 867644 1 8.947406 idfs2
58 0 110445 2 8.918255 idfs2
58 0 106311 3 8.813165 idfs2
58 0 112715 4 8.776642 idfs2
58 0 868384 5 8.756885 idfs2
58 0 118450 6 8.755131 idfs2
58 0 2357 7 8.70226 idfs2
58 0 112776 8 8.577201 idfs2
58 0 122257 9 8.574135 idfs2
59 0 4170685 0 24.77227 idfs2
59 0 2672208 1 19.993622 idfs2
59 0 2670794 2 19.993622 idfs2
59 0 931614 3 19.828661 idfs2
59 0 2788983 4 19.765856 idfs2
59 0 2797290 5 17.965647 idfs2
59 0 112905 6 17.506344 idfs2
59 0 118422 7 17.343895 idfs2
59 0 117968 8 17.262197 idfs2
59 0 111736 9 17.23764 idfs2
60 0 931614 0 30.134495 idfs2
60 0 118257 1 28.331299 idfs2
60 0 110510 2 26.239086 idfs2
60 0 3195891 3 25.517607 idfs2
60 0 118334 4 24.889956 idfs2
60 0 127905 5 24.771698 idfs2
60 0 109810 6 24.425411 idfs2
60 0 145856 7 24.384363 idfs2
60 0 621195 8 23.075825 idfs2
60 0 621270 9 23.075825 idfs2
61 0 145923 0 38.295174 idfs2
61 0 145743 1 36.121502 idfs2
61 0 219815 2 35.365143 idfs2
61 0 218457 3 34.16308 idfs2
61 0 2812210 4 33.65477 idfs2
61 0 1732 5 33.6498 idfs2
61 0 218132 6 30.831205 idfs2
61 0 903971 7 28.873823 idfs2
61 0 2959742 8 28.873823 idfs2
61 0 2620704 9 26.997683 idfs2
62 0 118045 0 9.715847 idfs2
62 0 101881 1 9.544608 idfs2
62 0 145796 2 8.809384 idfs2
62 0 106498 3 8.360443 idfs2
62 0 104059 4 8.177851 idfs2
62 0 118397 5 7.9358225 idfs2
62 0 99130 6 7.8276596 idfs2
62 0 218925 7 7.530136 idfs2
62 0 145843 8 7.375733 idfs2
62 0 108752 9 7.3162575 idfs2
63 0 107014 0 5.197232 idfs2
63 0 97779 1 5.184491 idfs2
63 0 104545 2 5.1602306 idfs2
63 0 106218 3 5.1215863 idfs2
63 0 104455 4 5.096146 idfs2
63 0 118276 5 5.084071 idfs2
63 0 96381 6 5.0457635 idfs2
63 0 108307 7 5.0413127 idfs2
63 0 109520 8 5.0254145 idfs2
63 0 106545 9 5.0177345 idfs2
64 0 145895 0 20.784557 idfs2
64 0 219731 1 18.474274 idfs2
64 0 821189 2 16.596863 idfs2
64 0 1748 3 14.644304 idfs2
64 0 2145 4 14.343227 idfs2
64 0 2758568 5 13.992912 idfs2
64 0 149007 6 13.650772 idfs2
64 0 147951 7 13.246925 idfs2
64 0 3171728 8 13.246925 idfs2
64 0 146985 9 13.180614 idfs2
66 0 3211501 0 22.56309 idfs2
66 0 112935 1 22.428974 idfs2
66 0 145867 2 21.811857 idfs2
66 0 118495 3 20.397638 idfs2
66 0 111632 4 19.372536 idfs2
66 0 112760 5 16.837471 idfs2
66 0 112409 6 16.530209 idfs2
66 0 112106 7 15.969219 idfs2
66 0 218667 8 15.106538 idfs2
66 0 143378 9 13.991159 idfs2
67 0 145800 0 12.83708 idfs2
67 0 867645 1 12.424306 idfs2
67 0 94232 2 12.097971 idfs2
67 0 101798 3 12.084267 idfs2
67 0 91952 4 12.066885 idfs2
67 0 101321 5 11.350796 idfs2
67 0 87602 6 10.971931 idfs2
67 0 109085 7 10.654976 idfs2
67 0 99339 8 10.286626 idfs2
67 0 106543 9 10.2591305 idfs2
68 0 902769 0 12.613789 idfs2
68 0 145890 1 11.406754 idfs2
68 0 867657 2 11.36825 idfs2
68 0 3205736 3 11.263322 idfs2
68 0 91173 4 11.066664 idfs2
68 0 87080 5 11.054239 idfs2
68 0 103678 6 10.991825 idfs2
68 0 107938 7 10.784191 idfs2
68 0 108462 8 10.177402 idfs2
68 0 98206 9 10.118441 idfs2
69 0 799975 0 10.043621 idfs2
69 0 112693 1 10.03034 idfs2
69 0 88424 2 10.028258 idfs2
69 0 97779 3 9.884224 idfs2
69 0 94385 4 9.533147 idfs2
69 0 812524 5 9.523777 idfs2
69 0 110464 6 9.321809 idfs2
69 0 110593 7 9.26137 idfs2
69 0 3209687 8 9.224571 idfs2
69 0 110525 9 9.188187 idfs2
70 0 111709 0 14.3713665 idfs2
70 0 118111 1 13.598829 idfs2
70 0 117961 2 12.206695 idfs2
70 0 86157 3 11.617196 idfs2
70 0 112534 4 11.314236 idfs2
70 0 107306 5 11.260561 idfs2
70 0 96838 6 10.204526 idfs2
70 0 117859 7 10.129646 idfs2
70 0 145739 8 10.079201 idfs2
70 0 85631 9 10.011024 idfs2
71 0 118234 0 14.419676 idfs2
71 0 118052 1 14.085582 idfs2
71 0 112904 2 12.851576 idfs2
71 0 108303 3 12.661984 idfs2
71 0 118005 4 12.551211 idfs2
71 0 88325 5 12.400609 idfs2
71 0 112902 6 12.282212 idfs2
71 0 92342 7 12.087105 idfs2
71 0 94602 8 11.870584 idfs2
71 0 87959 9 11.833838 idfs2
72 0 812524 0 12.343453 idfs2
72 0 89785 1 11.92927 idfs2
72 0 2620873 2 10.821941 idfs2
72 0 91714 3 10.821941 idfs2
72 0 107165 4 10.7634325 idfs2
72 0 97314 5 10.530471 idfs2
72 0 112606 6 9.882671 idfs2
72 0 108029 7 9.394818 idfs2
72 0 85273 8 9.003562 idfs2
72 0 93385 9 8.955726 idfs2
73 0 145624 0 13.934924 idfs2
73 0 118043 1 13.213339 idfs2
73 0 1087954 2 12.277382 idfs2
73 0 812524 3 12.174236 idfs2
73 0 110517 4 11.099445 idfs2
73 0 2959752 5 10.717897 idfs2
73 0 107472 6 10.60507 idfs2
73 0 2804674 7 10.274731 idfs2
73 0 145638 8 10.216902 idfs2
73 0 108729 9 10.199188 idfs2
74 0 145909 0 17.403097 idfs2
74 0 4168298 1 16.158102 idfs2
74 0 219105 2 14.42885 idfs2
74 0 218667 3 14.3520355 idfs2
74 0 2675749 4 14.186221 idfs2
74 0 219511 5 13.956747 idfs2
74 0 219616 6 13.956747 idfs2
74 0 177069 7 13.4646 idfs2
74 0 3183079 8 13.271084 idfs2
74 0 3197746 9 12.580387 idfs2
75 0 2657927 0 16.223888 idfs2
75 0 108372 1 15.684077 idfs2
75 0 2672526 2 14.743301 idfs2
75 0 2674863 3 14.743301 idfs2
75 0 90129 4 14.239763 idfs2
75 0 2672208 5 14.114168 idfs2
75 0 2670794 6 14.114168 idfs2
75 0 2659300 7 13.690509 idfs2
75 0 104806 8 13.670766 idfs2
75 0 2675751 9 13.424264 idfs2
76 0 145938 0 16.621176 idfs2
76 0 2750101 1 15.003527 idfs2
76 0 112430 2 13.9627075 idfs2
76 0 3171728 3 13.856757 idfs2
76 0 149653 4 12.28538 idfs2
76 0 145968 5 10.552934 idfs2
76 0 2770446 6 10.552934 idfs2
76 0 820896 7 9.590738 idfs2
76 0 105783 8 8.887496 idfs2
76 0 2804676 9 8.28449 idfs2
77 0 97242 0 20.937609 idfs2
77 0 112626 1 20.36464 idfs2
77 0 112693 2 20.314432 idfs2
77 0 112646 3 20.247547 idfs2
77 0 92834 4 20.207918 idfs2
77 0 108605 5 20.13358 idfs2
77 0 104355 6 19.810942 idfs2
77 0 112181 7 19.39416 idfs2
77 0 109635 8 19.145407 idfs2
77 0 110594 9 19.014013 idfs2
78 0 112819 0 16.759447 idfs2
78 0 3207858 1 15.601976 idfs2
78 0 1750 2 13.833672 idfs2
78 0 112233 3 13.678601 idfs2
78 0 112058 4 13.068537 idfs2
78 0 111785 5 12.88334 idfs2
78 0 2812588 6 11.948085 idfs2
78 0 134740 7 11.679319 idfs2
78 0 616862 8 11.360807 idfs2
78 0 799976 9 10.74643 idfs2
79 0 145932 0 17.804504 idfs2
79 0 111470 1 17.589605 idfs2
79 0 111009 2 16.98181 idfs2
79 0 145941 3 16.727947 idfs2
79 0 903979 4 16.712475 idfs2
79 0 902768 5 16.712475 idfs2
79 0 2771753 6 16.26509 idfs2
79 0 118143 7 13.743529 idfs2
79 0 2680438 8 13.146161 idfs2
79 0 2789928 9 12.476487 idfs2
80 0 94164 0 12.818774 idfs2
80 0 145871 1 10.562111 idfs2
80 0 1100709 2 9.808819 idfs2
80 0 94532 3 9.808819 idfs2
80 0 115312 4 9.70993 idfs2
80 0 144837 5 9.70993 idfs2
80 0 112664 6 9.632569 idfs2
80 0 108482 7 9.403244 idfs2
80 0 106129 8 9.271164 idfs2
80 0 108574 9 9.18781 idfs2
81 0 109535 0 7.33555 idfs2
81 0 4157383 1 7.313896 idfs2
81 0 109676 2 7.1746526 idfs2
81 0 111934 3 7.12399 idfs2
81 0 110864 4 7.0965014 idfs2
81 0 111472 5 7.091528 idfs2
81 0 111819 6 7.0819106 idfs2
81 0 802973 7 7.0565166 idfs2
81 0 803271 8 7.0565166 idfs2
81 0 2959737 9 7.0565166 idfs2
82 0 4168363 0 9.436555 idfs2
82 0 118392 1 8.025314 idfs2
82 0 97179 2 7.9997606 idfs2
82 0 2620866 3 7.8315744 idfs2
82 0 86824 4 7.8315744 idfs2
82 0 111994 5 7.807915 idfs2
82 0 93425 6 7.807915 idfs2
82 0 118212 7 7.6799974 idfs2
82 0 86916 8 7.652273 idfs2
82 0 105029 9 7.589258 idfs2
83 0 2150 0 19.466003 idfs2
83 0 2678133 1 15.269825 idfs2
83 0 145960 2 13.155611 idfs2
83 0 129173 3 12.36095 idfs2
83 0 145850 4 11.710878 idfs2
83 0 111365 5 11.163824 idfs2
83 0 111093 6 11.102447 idfs2
83 0 2788685 7 11.012947 idfs2
83 0 2959751 8 11.012947 idfs2
83 0 145793 9 10.890417 idfs2
84 0 145859 0 27.154865 idfs2
84 0 145870 1 24.514477 idfs2
84 0 111103 2 23.357992 idfs2
84 0 110289 3 19.44186 idfs2
84 0 111246 4 19.24329 idfs2
84 0 112922 5 19.14441 idfs2
84 0 111151 6 18.754782 idfs2
84 0 109631 7 18.308456 idfs2
84 0 111333 8 18.204128 idfs2
84 0 137746 9 17.934666 idfs2
85 0 218925 0 18.770317 idfs2
85 0 124465 1 18.612297 idfs2
85 0 802973 2 18.352262 idfs2
85 0 803271 3 18.352262 idfs2
85 0 2959737 4 18.352262 idfs2
85 0 137749 5 15.906531 idfs2
85 0 112326 6 15.030027 idfs2
85 0 106421 7 14.807919 idfs2
85 0 146553 8 14.436044 idfs2
85 0 146790 9 14.436044 idfs2
86 0 3171728 0 20.527433 idfs2
86 0 3205766 1 20.223799 idfs2
86 0 3170730 2 19.008167 idfs2
86 0 3177197 3 19.008167 idfs2
86 0 3214774 4 18.764942 idfs2
86 0 3181025 5 18.530613 idfs2
86 0 3171724 6 17.921408 idfs2
86 0 3177199 7 17.921408 idfs2
86 0 3177200 8 17.921408 idfs2
86 0 3177196 9 17.635773 idfs2
87 0 104480 0 15.79888 idfs2
87 0 104998 1 15.346903 idfs2
87 0 106464 2 14.585177 idfs2
87 0 1088038 3 13.067673 idfs2
87 0 104995 4 12.616873 idfs2
87 0 111446 5 12.404573 idfs2
87 0 110372 6 12.404573 idfs2
87 0 112689 7 11.362797 idfs2
87 0 112063 8 11.151891 idfs2
87 0 110760 9 11.14353 idfs2
88 0 111976 0 12.99178 idfs2
88 0 103505 1 12.817443 idfs2
88 0 96961 2 12.435778 idfs2
88 0 96585 3 12.375323 idfs2
88 0 91293 4 11.658938 idfs2
88 0 135138 5 11.525198 idfs2
88 0 115025 6 11.525198 idfs2
88 0 93986 7 11.041448 idfs2
88 0 94544 8 9.63459 idfs2
88 0 625711 9 8.778529 idfs2
89 0 4151822 0 49.868507 idfs2
89 0 2812588 1 47.8234 idfs2
89 0 2770446 2 43.2327 idfs2
89 0 4162110 3 33.879177 idfs2
89 0 145817 4 23.592136 idfs2
89 0 145954 5 22.374447 idfs2
89 0 134747 6 21.66756 idfs2
89 0 145647 7 21.038097 idfs2
89 0 145969 8 19.184477 idfs2
89 0 1087693 9 13.661719 idfs2
90 0 110874 0 6.55748 idfs2
90 0 118061 1 6.5306664 idfs2
90 0 121160 2 6.520422 idfs2
90 0 111958 3 6.492559 idfs2
90 0 145118 4 6.4832683 idfs2
90 0 110047 5 6.4831853 idfs2
90 0 111780 6 6.455716 idfs2
90 0 105906 7 6.454892 idfs2
90 0 110905 8 6.44405 idfs2
90 0 110557 9 6.393846 idfs2
91 0 3212514 0 21.101448 idfs2
91 0 145892 1 19.720757 idfs2
91 0 3007018 2 19.431183 idfs2
91 0 145897 3 17.069302 idfs2
91 0 943668 4 16.73888 idfs2
91 0 856791 5 16.473503 idfs2
91 0 624280 6 16.104637 idfs2
91 0 219097 7 15.300048 idfs2
91 0 3168777 8 14.576799 idfs2
91 0 86714 9 13.954885 idfs2
92 0 111820 0 10.829281 idfs2
92 0 118454 1 10.74454 idfs2
92 0 118105 2 10.693512 idfs2
92 0 145782 3 10.685656 idfs2
92 0 1087692 4 10.598236 idfs2
92 0 3212514 5 10.5830145 idfs2
92 0 109818 6 10.568823 idfs2
92 0 112439 7 10.552558 idfs2
92 0 118212 8 10.526228 idfs2
92 0 111278 9 10.515114 idfs2
93 0 130158 0 36.122414 idfs2
93 0 110200 1 34.866096 idfs2
93 0 118334 2 32.95669 idfs2
93 0 110877 3 32.585854 idfs2
93 0 118107 4 31.030312 idfs2
93 0 2788983 5 28.516298 idfs2
93 0 4151827 6 26.639036 idfs2
93 0 109610 7 25.468584 idfs2
93 0 110688 8 24.294209 idfs2
93 0 118129 9 24.063923 idfs2
94 0 3195891 0 25.985641 idfs2
94 0 4151827 1 22.06303 idfs2
94 0 931614 2 21.210306 idfs2
94 0 2788983 3 19.316296 idfs2
94 0 2743641 4 15.747557 idfs2
94 0 2959756 5 15.747557 idfs2
94 0 2750101 6 15.389051 idfs2
94 0 2643015 7 15.211417 idfs2
94 0 130158 8 14.392806 idfs2
94 0 118334 9 13.960123 idfs2
95 0 105495 0 14.969367 idfs2
95 0 107232 1 14.365302 idfs2
95 0 108555 2 13.468607 idfs2
95 0 101725 3 12.390021 idfs2
95 0 110838 4 11.742606 idfs2
95 0 106171 5 11.397465 idfs2
95 0 112351 6 11.226387 idfs2
95 0 95904 7 10.9657135 idfs2
95 0 112765 8 10.927576 idfs2
95 0 2657927 9 10.6604805 idfs2
96 0 145800 0 6.017167 idfs2
96 0 104367 1 6.0026417 idfs2
96 0 92395 2 5.994567 idfs2
96 0 97017 3 5.990542 idfs2
96 0 104194 4 5.9890847 idfs2
96 0 87464 5 5.9852533 idfs2
96 0 92738 6 5.9839873 idfs2
96 0 92042 7 5.9828744 idfs2
96 0 103020 8 5.976793 idfs2
96 0 902769 9 5.976006 idfs2
97 0 3213873 0 13.310873 idfs2
97 0 118379 1 11.662163 idfs2
97 0 101098 2 9.542541 idfs2
97 0 105918 3 9.236003 idfs2
97 0 86709 4 8.251958 idfs2
97 0 84892 5 8.236296 idfs2
97 0 89561 6 8.216852 idfs2
97 0 84639 7 8.16455 idfs2
97 0 102187 8 8.131341 idfs2
97 0 93416 9 8.0279255 idfs2
98 0 106593 0 13.246197 idfs2
98 0 2676593 1 12.761919 idfs2
98 0 106046 2 11.367031 idfs2
98 0 111516 3 11.306109 idfs2
98 0 2655591 4 11.265836 idfs2
98 0 102190 5 11.199684 idfs2
98 0 2655597 6 11.068575 idfs2
98 0 106767 7 11.026135 idfs2
98 0 110996 8 10.497569 idfs2
98 0 110687 9 10.390466 idfs2
99 0 112267 0 25.310358 idfs2
99 0 111884 1 22.749142 idfs2
99 0 110578 2 18.405077 idfs2
99 0 109673 3 16.773567 idfs2
99 0 110552 4 16.557392 idfs2
99 0 109569 5 16.423653 idfs2
99 0 102592 6 15.921065 idfs2
99 0 109976 7 15.374145 idfs2
99 0 102906 8 15.29467 idfs2
99 0 118121 9 14.545718 idfs2
100 0 111463 0 15.612408 idfs2
100 0 135750 1 14.591418 idfs2
100 0 113376 2 14.526306 idfs2
100 0 120372 3 14.526306 idfs2
100 0 128726 4 14.526306 idfs2
100 0 122113 5 14.526306 idfs2
100 0 143583 6 14.526306 idfs2
100 0 123623 7 14.374602 idfs2
100 0 114009 8 14.374602 idfs2
100 0 121872 9 14.374602 idfs2
