1 0 112795 0 29.305439 idfs5
1 0 111116 1 27.425669 idfs5
1 0 219732 2 26.356766 idfs5
1 0 2649076 3 26.235811 idfs5
1 0 97605 4 26.068443 idfs5
1 0 219733 5 26.01876 idfs5
1 0 220342 6 26.01876 idfs5
1 0 110370 7 25.100372 idfs5
1 0 149702 8 24.337397 idfs5
1 0 101572 9 24.062757 idfs5
2 0 4170684 0 17.615295 idfs5
2 0 2644673 1 15.926538 idfs5
2 0 149006 2 15.6138525 idfs5
2 0 104571 3 13.65474 idfs5
2 0 2678465 4 13.603001 idfs5
2 0 150540 5 13.580288 idfs5
2 0 110134 6 12.74516 idfs5
2 0 110184 7 12.577652 idfs5
2 0 111317 8 12.529514 idfs5
2 0 145692 9 12.458848 idfs5
3 0 3162143 0 44.328625 idfs5
3 0 215496 1 43.169132 idfs5
3 0 215694 2 43.169132 idfs5
3 0 2959735 3 43.16809 idfs5
3 0 118029 4 41.4559 idfs5
3 0 145683 5 41.44299 idfs5
3 0 112212 6 40.916794 idfs5
3 0 118475 7 40.16519 idfs5
3 0 812450 8 40.02916 idfs5
3 0 145878 9 39.70782 idfs5
4 0 215496 0 56.30409 idfs5
4 0 215694 1 56.25716 idfs5
4 0 2959735 2 56.255077 idfs5
4 0 149007 3 54.558407 idfs5
4 0 623142 4 46.627445 idfs5
4 0 118029 5 44.55167 idfs5
4 0 111920 6 42.5796 idfs5
4 0 145890 7 41.0272 idfs5
4 0 145821 8 40.503628 idfs5
4 0 3162143 9 40.4203 idfs5
5 0 183480 0 31.112759 idfs5
5 0 111789 1 29.566866 idfs5
5 0 110056 2 29.56255 idfs5
5 0 118174 3 27.46086 idfs5
5 0 2672209 4 26.307545 idfs5
5 0 2657779 5 26.307545 idfs5
5 0 108089 6 25.123108 idfs5
5 0 118217 7 24.211279 idfs5
5 0 117932 8 23.399149 idfs5
5 0 117911 9 22.737402 idfs5
6 0 117932 0 24.970078 idfs5
6 0 2811844 1 23.433243 idfs5
6 0 2959750 2 23.433243 idfs5
6 0 110883 3 19.29857 idfs5
6 0 105790 4 17.355091 idfs5
6 0 106257 5 16.379845 idfs5
6 0 108449 6 16.19541 idfs5
6 0 118174 7 15.71608 idfs5
6 0 118096 8 15.684017 idfs5
6 0 2672209 9 15.31397 idfs5
7 0 147531 0 29.949677 idfs5
7 0 145715 1 28.802748 idfs5
7 0 2672535 2 28.699032 idfs5
7 0 110932 3 28.094414 idfs5
7 0 214949 4 27.161972 idfs5
7 0 215071 5 27.161972 idfs5
7 0 3195892 6 27.110527 idfs5
7 0 2655591 7 26.367737 idfs5
7 0 145713 8 26.056784 idfs5
7 0 147530 9 25.818476 idfs5
8 0 145911 0 17.67008 idfs5
8 0 182991 1 16.199852 idfs5
8 0 146981 2 15.751086 idfs5
8 0 2670643 3 15.036736 idfs5
8 0 2654532 4 14.469028 idfs5
8 0 2812587 5 14.238665 idfs5
8 0 2959748 6 14.238665 idfs5
8 0 2679558 7 13.921619 idfs5
8 0 2760668 8 13.785059 idfs5
8 0 820904 9 13.326838 idfs5
9 0 109720 0 45.297882 idfs5
9 0 2675751 1 45.24381 idfs5
9 0 110543 2 44.400826 idfs5
9 0 112641 3 44.115547 idfs5
9 0 118212 4 44.0763 idfs5
9 0 127923 5 41.482525 idfs5
9 0 111828 6 41.285484 idfs5
9 0 118011 7 41.236755 idfs5
9 0 109193 8 41.233967 idfs5
9 0 110436 9 40.230984 idfs5
10 0 112931 0 37.984715 idfs5
10 0 145715 1 36.48758 idfs5
10 0 112423 2 35.827538 idfs5
10 0 111500 3 35.600124 idfs5
10 0 121163 4 34.23294 idfs5
10 0 112094 5 33.85305 idfs5
10 0 145713 6 33.508938 idfs5
10 0 112291 7 32.265396 idfs5
10 0 147531 8 32.22945 idfs5
10 0 214949 9 32.094646 idfs5
11 0 931123 0 22.156454 idfs5
11 0 110800 1 20.175827 idfs5
11 0 2743678 2 19.952366 idfs5
11 0 107553 3 19.220486 idfs5
11 0 1747 4 19.107964 idfs5
11 0 2959755 5 18.894943 idfs5
11 0 3187209 6 18.844566 idfs5
11 0 620560 7 18.81058 idfs5
11 0 873668 8 18.747541 idfs5
11 0 2809767 9 18.668262 idfs5
12 0 2672535 0 30.170277 idfs5
12 0 809121 1 20.034683 idfs5
12 0 3207860 2 19.9358 idfs5
12 0 621195 3 18.430187 idfs5
12 0 621270 4 18.430187 idfs5
12 0 3153112 5 18.010712 idfs5
12 0 111537 6 17.923416 idfs5
12 0 105909 7 17.741205 idfs5
12 0 109096 8 17.489325 idfs5
12 0 109248 9 16.805033 idfs5
13 0 145967 0 46.89671 idfs5
13 0 2642828 1 45.126717 idfs5
13 0 802973 2 42.617863 idfs5
13 0 803271 3 42.617863 idfs5
13 0 2959737 4 42.617863 idfs5
13 0 4106440 5 39.25959 idfs5
13 0 4162111 6 37.82511 idfs5
13 0 2959730 7 36.951927 idfs5
13 0 2812588 8 36.86022 idfs5
13 0 614392 9 34.436275 idfs5
14 0 614392 0 29.354233 idfs5
14 0 614485 1 29.354233 idfs5
14 0 124715 2 29.19526 idfs5
14 0 2812588 3 27.723484 idfs5
14 0 145958 4 27.303415 idfs5
14 0 3199501 5 26.89013 idfs5
14 0 145967 6 26.81578 idfs5
14 0 4151817 7 23.808655 idfs5
14 0 112316 8 23.093327 idfs5
14 0 145966 9 22.714115 idfs5
15 0 2812588 0 45.391647 idfs5
15 0 4015951 1 40.207253 idfs5
15 0 3207858 2 38.72564 idfs5
15 0 4162111 3 38.657272 idfs5
15 0 4106440 4 34.004055 idfs5
15 0 4151822 5 33.938786 idfs5
15 0 3177196 6 33.880936 idfs5
15 0 3199501 7 33.634377 idfs5
15 0 4151821 8 33.015606 idfs5
15 0 4162534 9 30.775087 idfs5
16 0 4151822 0 32.978832 idfs5
16 0 2812588 1 32.383244 idfs5
16 0 2770446 2 31.550797 idfs5
16 0 2155 3 31.498089 idfs5
16 0 2771249 4 28.624964 idfs5
16 0 177420 5 25.906643 idfs5
16 0 3203658 6 24.450842 idfs5
16 0 180494 7 23.659891 idfs5
16 0 111913 8 23.40666 idfs5
16 0 134747 9 23.15262 idfs5
17 0 118125 0 19.475523 idfs5
17 0 110593 1 18.277056 idfs5
17 0 131146 2 18.250643 idfs5
17 0 109329 3 18.009035 idfs5
17 0 117968 4 17.306732 idfs5
17 0 2672535 5 17.238155 idfs5
17 0 112819 6 17.066732 idfs5
17 0 108603 7 16.719604 idfs5
17 0 118483 8 16.71843 idfs5
17 0 110432 9 16.598299 idfs5
18 0 148484 0 44.962154 idfs5
18 0 110810 1 34.619118 idfs5
18 0 110600 2 34.494995 idfs5
18 0 3209687 3 33.46116 idfs5
18 0 112128 4 33.44916 idfs5
18 0 105382 5 33.2081 idfs5
18 0 137739 6 33.203495 idfs5
18 0 136985 7 32.9252 idfs5
18 0 145703 8 32.79883 idfs5
18 0 108913 9 32.71935 idfs5
19 0 109180 0 13.315598 idfs5
19 0 106639 1 12.660245 idfs5
19 0 104895 2 12.306963 idfs5
19 0 99101 3 11.977055 idfs5
19 0 104063 4 11.97267 idfs5
19 0 105517 5 11.753756 idfs5
19 0 111715 6 11.719481 idfs5
19 0 97628 7 11.701538 idfs5
19 0 111367 8 11.358304 idfs5
19 0 117867 9 11.312859 idfs5
20 0 99191 0 15.48534 idfs5
20 0 95716 1 15.062658 idfs5
20 0 106156 2 14.959828 idfs5
20 0 112155 3 14.946456 idfs5
20 0 147528 4 14.922929 idfs5
20 0 118358 5 14.828316 idfs5
20 0 118243 6 14.81878 idfs5
20 0 96517 7 14.7695 idfs5
20 0 106282 8 14.641277 idfs5
20 0 111343 9 14.601566 idfs5
21 0 2659300 0 28.60787 idfs5
21 0 112777 1 26.0686 idfs5
21 0 118371 2 25.7722 idfs5
21 0 112799 3 25.01257 idfs5
21 0 112846 4 24.218597 idfs5
21 0 867657 5 24.097271 idfs5
21 0 118055 6 23.464216 idfs5
21 0 145925 7 23.403969 idfs5
21 0 118010 8 23.361694 idfs5
21 0 130139 9 23.112156 idfs5
22 0 145644 0 41.300797 idfs5
22 0 111021 1 41.238567 idfs5
22 0 111517 2 40.722084 idfs5
22 0 112737 3 37.856247 idfs5
22 0 109807 4 37.19903 idfs5
22 0 145903 5 35.11271 idfs5
22 0 105319 6 34.801846 idfs5
22 0 799981 7 34.720016 idfs5
22 0 145788 8 34.7181 idfs5
22 0 117968 9 34.647144 idfs5
23 0 107645 0 13.366778 idfs5
23 0 112257 1 12.483949 idfs5
23 0 110391 2 12.444517 idfs5
23 0 4162535 3 11.933174 idfs5
23 0 118172 4 11.541624 idfs5
23 0 108393 5 11.080979 idfs5
23 0 134751 6 10.708844 idfs5
23 0 118449 7 10.655857 idfs5
23 0 110481 8 10.564463 idfs5
23 0 117948 9 10.452698 idfs5
24 0 2804671 0 24.054039 idfs5
24 0 182558 1 21.414377 idfs5
24 0 2801435 2 17.49409 idfs5
24 0 616433 3 16.777512 idfs5
24 0 145635 4 16.676989 idfs5
24 0 149007 5 16.419586 idfs5
24 0 820895 6 16.233038 idfs5
24 0 212830 7 16.05595 idfs5
24 0 3181023 8 15.754215 idfs5
24 0 145960 9 15.618204 idfs5
25 0 112345 0 26.32949 idfs5
25 0 3211503 1 24.86665 idfs5
25 0 112616 2 21.390547 idfs5
25 0 108632 3 19.291998 idfs5
25 0 118021 4 18.75385 idfs5
25 0 109416 5 18.676865 idfs5
25 0 108129 6 17.614683 idfs5
25 0 107574 7 17.48574 idfs5
25 0 104924 8 17.47255 idfs5
25 0 101911 9 16.981905 idfs5
26 0 145758 0 34.596252 idfs5
26 0 117872 1 32.927917 idfs5
26 0 118026 2 32.92087 idfs5
26 0 112324 3 31.839975 idfs5
26 0 112724 4 31.152832 idfs5
26 0 110086 5 30.30208 idfs5
26 0 112616 6 29.668264 idfs5
26 0 118070 7 29.506704 idfs5
26 0 127910 8 28.973364 idfs5
26 0 111103 9 28.838486 idfs5
27 0 4157382 0 32.962566 idfs5
27 0 4157405 1 32.962566 idfs5
27 0 112346 2 25.566803 idfs5
27 0 111141 3 25.152426 idfs5
27 0 110384 4 24.365658 idfs5
27 0 112071 5 21.180332 idfs5
27 0 110706 6 19.84654 idfs5
27 0 620673 7 19.580229 idfs5
27 0 110320 8 19.102947 idfs5
27 0 118475 9 18.726557 idfs5
28 0 4157382 0 44.961998 idfs5
28 0 4157405 1 44.961998 idfs5
28 0 112346 2 29.459873 idfs5
28 0 2679557 3 25.989443 idfs5
28 0 112523 4 25.443344 idfs5
28 0 111141 5 25.028683 idfs5
28 0 217703 6 24.484655 idfs5
28 0 108913 7 21.794308 idfs5
28 0 112252 8 21.341274 idfs5
28 0 2742710 9 21.143084 idfs5
29 0 112620 0 24.414524 idfs5
29 0 111471 1 21.774193 idfs5
29 0 112065 2 21.15676 idfs5
29 0 145843 3 20.949076 idfs5
29 0 118351 4 20.935095 idfs5
29 0 4151826 5 20.910358 idfs5
29 0 145632 6 20.867004 idfs5
29 0 205788 7 20.861912 idfs5
29 0 3195890 8 20.849987 idfs5
29 0 145726 9 20.657951 idfs5
30 0 145841 0 45.69229 idfs5
30 0 205788 1 41.33411 idfs5
30 0 145916 2 39.95556 idfs5
30 0 145708 3 39.07652 idfs5
30 0 218921 4 38.11701 idfs5
30 0 118117 5 37.38971 idfs5
30 0 137739 6 36.695545 idfs5
30 0 145843 7 35.888905 idfs5
30 0 118343 8 35.085888 idfs5
30 0 148795 9 34.825535 idfs5
31 0 3207859 0 30.998993 idfs5
31 0 145925 1 30.584866 idfs5
31 0 148797 2 29.367867 idfs5
31 0 137003 3 27.570164 idfs5
31 0 118412 4 26.41815 idfs5
31 0 145857 5 25.813545 idfs5
31 0 130146 6 24.920006 idfs5
31 0 902267 7 24.816246 idfs5
31 0 2811844 8 23.628975 idfs5
31 0 2959750 9 23.628975 idfs5
32 0 118458 0 16.17894 idfs5
32 0 110561 1 15.7899685 idfs5
32 0 109450 2 15.190672 idfs5
32 0 118139 3 14.981541 idfs5
32 0 118023 4 14.839164 idfs5
32 0 118321 5 14.806665 idfs5
32 0 118369 6 14.7736435 idfs5
32 0 109505 7 14.65632 idfs5
32 0 130162 8 14.557734 idfs5
32 0 118303 9 14.539772 idfs5
33 0 2809767 0 23.692467 idfs5
33 0 2811850 1 23.692467 idfs5
33 0 2676594 2 19.797617 idfs5
33 0 2675753 3 19.527246 idfs5
33 0 2679204 4 19.527246 idfs5
33 0 112728 5 18.929398 idfs5
33 0 118302 6 17.025223 idfs5
33 0 108583 7 16.722265 idfs5
33 0 111702 8 16.608234 idfs5
33 0 112771 9 16.03236 idfs5
34 0 2809767 0 72.48128 idfs5
34 0 2811850 1 72.48128 idfs5
34 0 2676594 2 70.27783 idfs5
34 0 2675753 3 70.19494 idfs5
34 0 2679204 4 70.19494 idfs5
34 0 136994 5 36.625023 idfs5
34 0 137727 6 32.877945 idfs5
34 0 112325 7 32.432762 idfs5
34 0 121158 8 30.41869 idfs5
34 0 3216389 9 28.410967 idfs5
35 0 3205767 0 26.179108 idfs5
35 0 932061 1 24.77589 idfs5
35 0 3203656 2 23.117308 idfs5
35 0 3206414 3 23.117308 idfs5
35 0 118329 4 22.338936 idfs5
35 0 821306 5 22.321812 idfs5
35 0 213843 6 21.105703 idfs5
35 0 214063 7 21.105703 idfs5
35 0 214467 8 21.105703 idfs5
35 0 218927 9 20.042051 idfs5
36 0 112259 0 29.465145 idfs5
36 0 118187 1 25.820183 idfs5
36 0 118234 2 25.367083 idfs5
36 0 112069 3 25.183445 idfs5
36 0 131163 4 25.167093 idfs5
36 0 213843 5 23.22148 idfs5
36 0 214063 6 23.22148 idfs5
36 0 214467 7 23.22148 idfs5
36 0 105224 8 22.861141 idfs5
36 0 110101 9 22.756842 idfs5
37 0 4151829 0 28.031485 idfs5
37 0 145731 1 24.692366 idfs5
37 0 111982 2 23.921019 idfs5
37 0 145855 3 22.895924 idfs5
37 0 118269 4 22.488857 idfs5
37 0 112910 5 22.274862 idfs5
37 0 108527 6 22.064425 idfs5
37 0 110742 7 21.720596 idfs5
37 0 103870 8 21.161077 idfs5
37 0 104077 9 20.84697 idfs5
38 0 118269 0 51.874542 idfs5
38 0 145855 1 47.753803 idfs5
38 0 112910 2 46.92166 idfs5
38 0 145731 3 46.26137 idfs5
38 0 1993216 4 45.778927 idfs5
38 0 4151829 5 45.10796 idfs5
38 0 145629 6 42.579845 idfs5
38 0 112887 7 42.378468 idfs5
38 0 112292 8 39.915867 idfs5
38 0 111982 9 37.961346 idfs5
39 0 2674861 0 20.236153 idfs5
39 0 2675754 1 20.236153 idfs5
39 0 112568 2 20.167526 idfs5
39 0 105058 3 20.012493 idfs5
39 0 111502 4 19.68103 idfs5
39 0 98478 5 19.537994 idfs5
39 0 111432 6 19.239523 idfs5
39 0 112936 7 19.047516 idfs5
39 0 102086 8 18.82224 idfs5
39 0 112420 9 18.723919 idfs5
40 0 931120 0 20.764326 idfs5
40 0 145943 1 19.582558 idfs5
40 0 2810526 2 18.34021 idfs5
40 0 2756232 3 16.082664 idfs5
40 0 112348 4 15.916977 idfs5
40 0 2769807 5 15.702077 idfs5
40 0 3171723 6 15.515349 idfs5
40 0 4161363 7 15.4842825 idfs5
40 0 149007 8 15.281387 idfs5
40 0 2801430 9 15.216961 idfs5
41 0 109186 0 30.169735 idfs5
41 0 112585 1 30.088095 idfs5
41 0 110132 2 27.685295 idfs5
41 0 111198 3 27.631405 idfs5
41 0 110075 4 25.484411 idfs5
41 0 111254 5 25.36039 idfs5
41 0 112440 6 24.238268 idfs5
41 0 2810525 7 23.8107 idfs5
41 0 2811847 8 23.8107 idfs5
41 0 111891 9 23.415209 idfs5
42 0 112924 0 31.009583 idfs5
42 0 3189783 1 28.660843 idfs5
42 0 3177199 2 28.606258 idfs5
42 0 137003 3 28.424623 idfs5
42 0 3171724 4 28.093945 idfs5
42 0 3177200 5 28.093945 idfs5
42 0 127927 6 26.671066 idfs5
42 0 127891 7 26.58935 idfs5
42 0 118131 8 26.194061 idfs5
42 0 134735 9 26.126905 idfs5
43 0 112920 0 14.137925 idfs5
43 0 2680590 1 14.114221 idfs5
43 0 2959745 2 14.114221 idfs5
43 0 111467 3 13.440902 idfs5
43 0 112305 4 13.328743 idfs5
43 0 110519 5 12.67225 idfs5
43 0 90079 6 12.450742 idfs5
43 0 112427 7 12.34099 idfs5
43 0 108581 8 12.29076 idfs5
43 0 92185 9 12.243936 idfs5
44 0 183480 0 15.353172 idfs5
44 0 91444 1 13.293259 idfs5
44 0 802408 2 13.157086 idfs5
44 0 108314 3 12.785952 idfs5
44 0 2781925 4 12.643018 idfs5
44 0 145674 5 12.3680935 idfs5
44 0 206090 6 12.254304 idfs5
44 0 206187 7 12.254304 idfs5
44 0 1738 8 12.123196 idfs5
44 0 101494 9 11.795889 idfs5
45 0 3181481 0 21.825691 idfs5
45 0 118496 1 21.381441 idfs5
45 0 111754 2 20.319414 idfs5
45 0 112309 3 19.888582 idfs5
45 0 112319 4 19.059782 idfs5
45 0 110434 5 18.71907 idfs5
45 0 107663 6 18.372448 idfs5
45 0 127691 7 18.336838 idfs5
45 0 130159 8 18.336838 idfs5
45 0 104281 9 18.096542 idfs5
46 0 2804673 0 33.386925 idfs5
46 0 145772 1 29.201805 idfs5
46 0 866024 2 28.574316 idfs5
46 0 858802 3 28.574316 idfs5
46 0 618680 4 26.655394 idfs5
46 0 623145 5 26.313345 idfs5
46 0 3204917 6 26.203064 idfs5
46 0 1269289 7 25.632069 idfs5
46 0 118453 8 25.384283 idfs5
46 0 626207 9 23.792513 idfs5
47 0 2674861 0 26.827011 idfs5
47 0 2675754 1 26.827011 idfs5
47 0 108545 2 22.90627 idfs5
47 0 96287 3 21.209112 idfs5
47 0 142882 4 20.759636 idfs5
47 0 105417 5 20.021246 idfs5
47 0 118218 6 19.750006 idfs5
47 0 121149 7 19.741745 idfs5
47 0 111362 8 19.332117 idfs5
47 0 2518018 9 18.984758 idfs5
48 0 2674861 0 23.486792 idfs5
48 0 2675754 1 23.486792 idfs5
48 0 103019 2 19.486925 idfs5
48 0 112422 3 19.05196 idfs5
48 0 96287 4 18.12165 idfs5
48 0 107451 5 17.537184 idfs5
48 0 94225 6 17.454212 idfs5
48 0 108041 7 17.406939 idfs5
48 0 99428 8 17.376015 idfs5
48 0 96147 9 17.106274 idfs5
49 0 4162535 0 23.50933 idfs5
49 0 2672535 1 17.314934 idfs5
49 0 90620 2 16.134945 idfs5
49 0 101852 3 15.883997 idfs5
49 0 95414 4 15.860932 idfs5
49 0 87007 5 15.326864 idfs5
49 0 95551 6 14.961239 idfs5
49 0 94493 7 14.64928 idfs5
49 0 95847 8 14.268742 idfs5
49 0 92945 9 14.25938 idfs5
50 0 118449 0 21.977133 idfs5
50 0 112733 1 21.757301 idfs5
50 0 118203 2 21.142675 idfs5
50 0 110763 3 20.974167 idfs5
50 0 109776 4 20.368086 idfs5
50 0 111953 5 20.223877 idfs5
50 0 183479 6 19.782576 idfs5
50 0 112671 7 19.59913 idfs5
50 0 112606 8 19.547663 idfs5
50 0 109932 9 19.438381 idfs5
51 0 145849 0 10.19077 idfs5
51 0 145692 1 9.288127 idfs5
51 0 112867 2 8.990362 idfs5
51 0 127913 3 8.726864 idfs5
51 0 1741 4 8.548265 idfs5
51 0 103384 5 8.498336 idfs5
51 0 109715 6 8.415298 idfs5
51 0 107253 7 8.216523 idfs5
51 0 107968 8 8.180098 idfs5
51 0 109098 9 8.153181 idfs5
52 0 90150 0 19.156357 idfs5
52 0 91913 1 17.545977 idfs5
52 0 85447 2 17.291092 idfs5
52 0 112770 3 16.717983 idfs5
52 0 85111 4 15.944949 idfs5
52 0 107187 5 15.737464 idfs5
52 0 90370 6 15.494654 idfs5
52 0 111908 7 15.328378 idfs5
52 0 90634 8 14.80633 idfs5
52 0 97465 9 14.783053 idfs5
53 0 625711 0 28.867275 idfs5
53 0 872994 1 25.88936 idfs5
53 0 621045 2 24.870363 idfs5
53 0 112573 3 23.232218 idfs5
53 0 145635 4 22.627111 idfs5
53 0 118357 5 22.432217 idfs5
53 0 112126 6 22.031172 idfs5
53 0 104615 7 21.8909 idfs5
53 0 2655591 8 21.884089 idfs5
53 0 799985 9 21.712444 idfs5
54 0 616862 0 26.94644 idfs5
54 0 931614 1 26.694456 idfs5
54 0 145884 2 26.310825 idfs5
54 0 145632 3 25.445845 idfs5
54 0 2358 4 25.02629 idfs5
54 0 2809764 5 24.924479 idfs5
54 0 216733 6 24.888304 idfs5
54 0 205788 7 24.411936 idfs5
54 0 145856 8 24.261477 idfs5
54 0 1744 9 23.859428 idfs5
55 0 4154603 0 66.02092 idfs5
55 0 145731 1 50.25509 idfs5
55 0 110774 2 39.320576 idfs5
55 0 145855 3 38.09943 idfs5
55 0 111261 4 37.89133 idfs5
55 0 111420 5 37.25984 idfs5
55 0 112910 6 33.532448 idfs5
55 0 118269 7 31.761198 idfs5
55 0 111982 8 28.203281 idfs5
55 0 110021 9 27.356857 idfs5
56 0 4154603 0 36.568317 idfs5
56 0 145855 1 30.9815 idfs5
56 0 145629 2 26.215807 idfs5
56 0 2677564 3 25.382854 idfs5
56 0 2678135 4 25.382854 idfs5
56 0 2679558 5 25.167818 idfs5
56 0 2959741 6 23.416878 idfs5
56 0 931616 7 23.416878 idfs5
56 0 145965 8 22.598 idfs5
56 0 145731 9 21.052675 idfs5
57 0 147953 0 7.8636417 idfs5
57 0 148480 1 7.8636417 idfs5
57 0 2804673 2 7.7793803 idfs5
57 0 145772 3 7.618987 idfs5
57 0 145907 4 7.552216 idfs5
57 0 145745 5 7.5042276 idfs5
57 0 3209687 6 7.495495 idfs5
57 0 3187496 7 7.484871 idfs5
57 0 799990 8 7.43035 idfs5
57 0 117908 9 7.348562 idfs5
58 0 118467 0 15.88017 idfs5
58 0 106152 1 15.273694 idfs5
58 0 111194 2 15.134919 idfs5
58 0 111340 3 14.873531 idfs5
58 0 2671725 4 14.867964 idfs5
58 0 2672207 5 14.843864 idfs5
58 0 112458 6 14.669629 idfs5
58 0 821305 7 14.597401 idfs5
58 0 112085 8 14.458021 idfs5
58 0 106311 9 14.331348 idfs5
59 0 2788983 0 55.097687 idfs5
59 0 4170685 1 53.35745 idfs5
59 0 931614 2 51.79512 idfs5
59 0 130158 3 51.794506 idfs5
59 0 112824 4 51.628403 idfs5
59 0 111736 5 51.18949 idfs5
59 0 145901 6 48.510433 idfs5
59 0 2672208 7 47.995827 idfs5
59 0 2670794 8 47.995827 idfs5
59 0 112905 9 47.917274 idfs5
60 0 931614 0 45.98167 idfs5
60 0 127905 1 41.04922 idfs5
60 0 118257 2 40.79462 idfs5
60 0 145856 3 39.84395 idfs5
60 0 110510 4 39.822845 idfs5
60 0 109810 5 39.394875 idfs5
60 0 118334 6 38.72306 idfs5
60 0 3195891 7 38.374115 idfs5
60 0 118107 8 37.2139 idfs5
60 0 130158 9 36.597256 idfs5
61 0 2812210 0 55.447765 idfs5
61 0 219815 1 51.297474 idfs5
61 0 145923 2 49.725136 idfs5
61 0 218457 3 47.58964 idfs5
61 0 145743 4 47.144573 idfs5
61 0 3195092 5 45.57569 idfs5
61 0 1732 6 43.571476 idfs5
61 0 2620704 7 41.86952 idfs5
61 0 1087955 8 41.087715 idfs5
61 0 218132 9 39.397484 idfs5
62 0 117832 0 21.831186 idfs5
62 0 219512 1 21.402721 idfs5
62 0 110091 2 21.11424 idfs5
62 0 2620703 3 20.125332 idfs5
62 0 112620 4 19.60106 idfs5
62 0 118045 5 19.584675 idfs5
62 0 118117 6 19.549673 idfs5
62 0 205788 7 19.226217 idfs5
62 0 148795 8 19.13273 idfs5
62 0 117954 9 18.9164 idfs5
63 0 99465 0 7.6486487 idfs5
63 0 97274 1 7.5610867 idfs5
63 0 105496 2 7.4151983 idfs5
63 0 106208 3 7.3587737 idfs5
63 0 97873 4 7.2492094 idfs5
63 0 106996 5 7.242348 idfs5
63 0 96381 6 7.21507 idfs5
63 0 101096 7 7.2007008 idfs5
63 0 101445 8 7.18903 idfs5
63 0 104545 9 7.1825285 idfs5
64 0 2758568 0 37.383587 idfs5
64 0 145895 1 32.8277 idfs5
64 0 102061 2 28.617498 idfs5
64 0 110645 3 27.731562 idfs5
64 0 111082 4 24.586533 idfs5
64 0 109773 5 24.364893 idfs5
64 0 93425 6 23.869467 idfs5
64 0 1745 7 22.774744 idfs5
64 0 821189 8 22.765924 idfs5
64 0 111936 9 22.426153 idfs5
65 0 118123 0 16.573116 idfs5
65 0 105303 1 10.712917 idfs5
65 0 145867 2 10.245073 idfs5
65 0 118284 3 9.693924 idfs5
65 0 618680 4 9.639532 idfs5
65 0 112016 5 9.634718 idfs5
65 0 111285 6 9.525872 idfs5
65 0 122242 7 9.504363 idfs5
65 0 111426 8 9.468882 idfs5
65 0 112935 9 9.424518 idfs5
66 0 3211501 0 36.510185 idfs5
66 0 145867 1 34.821247 idfs5
66 0 111632 2 32.50346 idfs5
66 0 112935 3 26.932196 idfs5
66 0 112106 4 24.906982 idfs5
66 0 112547 5 23.989195 idfs5
66 0 118495 6 22.265776 idfs5
66 0 2677564 7 21.042715 idfs5
66 0 2678135 8 21.042715 idfs5
66 0 218667 9 20.19198 idfs5
67 0 867645 0 19.070019 idfs5
67 0 145800 1 16.476318 idfs5
67 0 2959738 2 15.688043 idfs5
67 0 103093 3 15.242281 idfs5
67 0 112081 4 15.132838 idfs5
67 0 145635 5 15.014469 idfs5
67 0 102083 6 14.875179 idfs5
67 0 1087847 7 14.403277 idfs5
67 0 112891 8 14.012614 idfs5
67 0 88797 9 13.943752 idfs5
68 0 103675 0 32.700184 idfs5
68 0 902769 1 28.167746 idfs5
68 0 103678 2 28.088219 idfs5
68 0 104522 3 27.441168 idfs5
68 0 100945 4 26.94468 idfs5
68 0 99090 5 24.328838 idfs5
68 0 106483 6 24.06739 idfs5
68 0 106930 7 23.851822 idfs5
68 0 101715 8 23.798965 idfs5
68 0 102635 9 23.470531 idfs5
69 0 112719 0 21.667736 idfs5
69 0 799975 1 21.36774 idfs5
69 0 117927 2 21.336903 idfs5
69 0 145642 3 21.263931 idfs5
69 0 109510 4 21.123106 idfs5
69 0 111438 5 21.027107 idfs5
69 0 109420 6 20.832863 idfs5
69 0 112881 7 20.81717 idfs5
69 0 127899 8 20.790956 idfs5
69 0 118363 9 20.7909 idfs5
70 0 118111 0 33.803886 idfs5
70 0 111709 1 33.270668 idfs5
70 0 112534 2 30.995253 idfs5
70 0 118080 3 29.652578 idfs5
70 0 117961 4 29.32208 idfs5
70 0 117859 5 28.869291 idfs5
70 0 1087961 6 27.911118 idfs5
70 0 117927 7 27.286764 idfs5
70 0 112927 8 26.996733 idfs5
70 0 110068 9 26.928154 idfs5
71 0 118052 0 29.113617 idfs5
71 0 112904 1 28.056541 idfs5
71 0 118234 2 27.108604 idfs5
71 0 111103 3 26.863853 idfs5
71 0 110331 4 26.47327 idfs5
71 0 118005 5 24.292332 idfs5
71 0 108303 6 23.360865 idfs5
71 0 112914 7 23.071362 idfs5
71 0 112324 8 22.84878 idfs5
71 0 112902 9 22.25922 idfs5
72 0 108624 0 21.305027 idfs5
72 0 112904 1 21.140955 idfs5
72 0 118052 2 20.261255 idfs5
72 0 110936 3 20.214266 idfs5
72 0 112914 4 19.721766 idfs5
72 0 118234 5 18.802097 idfs5
72 0 111103 6 18.665237 idfs5
72 0 103775 7 18.487175 idfs5
72 0 117979 8 18.14149 idfs5
72 0 112797 9 18.025784 idfs5
73 0 145624 0 29.906164 idfs5
73 0 2804674 1 28.545816 idfs5
73 0 1087954 2 28.138096 idfs5
73 0 118043 3 27.78571 idfs5
73 0 145638 4 25.531715 idfs5
73 0 111425 5 24.902542 idfs5
73 0 109931 6 23.7467 idfs5
73 0 112637 7 23.561699 idfs5
73 0 2655590 8 23.495802 idfs5
73 0 118162 9 23.096865 idfs5
74 0 2804674 0 23.129757 idfs5
74 0 112774 1 21.540268 idfs5
74 0 108616 2 21.155397 idfs5
74 0 219734 3 20.859766 idfs5
74 0 103459 4 20.824343 idfs5
74 0 110398 5 20.67319 idfs5
74 0 218667 6 20.652239 idfs5
74 0 3183079 7 20.435974 idfs5
74 0 110798 8 20.279287 idfs5
74 0 127908 9 19.968834 idfs5
75 0 111291 0 30.153107 idfs5
75 0 112347 1 29.150873 idfs5
75 0 99541 2 29.140234 idfs5
75 0 98014 3 28.68536 idfs5
75 0 105212 4 28.08151 idfs5
75 0 100012 5 27.86458 idfs5
75 0 103814 6 27.477436 idfs5
75 0 104002 7 27.301805 idfs5
75 0 103513 8 27.200857 idfs5
75 0 2674861 9 27.12092 idfs5
76 0 1740 0 25.441853 idfs5
76 0 145799 1 24.525208 idfs5
76 0 108900 2 24.388748 idfs5
76 0 118390 3 23.36507 idfs5
76 0 145652 4 23.278944 idfs5
76 0 150540 5 23.05003 idfs5
76 0 111945 6 23.038834 idfs5
76 0 145968 7 22.924517 idfs5
76 0 149653 8 22.345278 idfs5
76 0 2670966 9 21.874758 idfs5
77 0 104355 0 26.97966 idfs5
77 0 112626 1 25.820543 idfs5
77 0 111455 2 24.737906 idfs5
77 0 111610 3 24.395596 idfs5
77 0 97242 4 24.34595 idfs5
77 0 112693 5 23.993198 idfs5
77 0 112646 6 23.273993 idfs5
77 0 95933 7 23.086258 idfs5
77 0 112726 8 22.804379 idfs5
77 0 614392 9 22.751541 idfs5
78 0 616862 0 36.676052 idfs5
78 0 117899 1 36.08487 idfs5
78 0 2812588 2 35.031174 idfs5
78 0 118022 3 33.077923 idfs5
78 0 117968 4 32.379467 idfs5
78 0 111717 5 31.727356 idfs5
78 0 799976 6 31.152897 idfs5
78 0 112358 7 30.95534 idfs5
78 0 118037 8 30.950344 idfs5
78 0 118131 9 30.805624 idfs5
79 0 111009 0 50.442024 idfs5
79 0 118143 1 44.955017 idfs5
79 0 111470 2 44.922363 idfs5
79 0 2680438 3 37.800602 idfs5
79 0 110221 4 29.851168 idfs5
79 0 3171728 5 22.538322 idfs5
79 0 106568 6 21.154139 idfs5
79 0 118375 7 19.499077 idfs5
79 0 106328 8 18.473846 idfs5
79 0 103770 9 18.091618 idfs5
80 0 118513 0 18.95596 idfs5
80 0 108900 1 18.697206 idfs5
80 0 112664 2 18.558943 idfs5
80 0 1100709 3 18.386017 idfs5
80 0 94532 4 18.386017 idfs5
80 0 86283 5 18.143753 idfs5
80 0 101679 6 17.792685 idfs5
80 0 111502 7 17.645567 idfs5
80 0 149285 8 17.603771 idfs5
80 0 98551 9 17.2138 idfs5
81 0 111914 0 13.111515 idfs5
81 0 112260 1 13.002314 idfs5
81 0 799991 2 12.901298 idfs5
81 0 4157383 3 12.620237 idfs5
81 0 802791 4 12.499126 idfs5
81 0 110404 5 12.268672 idfs5
81 0 118373 6 12.247326 idfs5
81 0 111418 7 11.8956785 idfs5
81 0 118045 8 11.8364935 idfs5
81 0 110864 9 11.829509 idfs5
82 0 105931 0 16.642986 idfs5
82 0 112292 1 16.596199 idfs5
82 0 111106 2 16.482706 idfs5
82 0 104132 3 16.427885 idfs5
82 0 117837 4 16.331663 idfs5
82 0 821305 5 16.154816 idfs5
82 0 2773182 6 16.06131 idfs5
82 0 112305 7 15.987082 idfs5
82 0 112869 8 15.9569235 idfs5
82 0 105739 9 15.859906 idfs5
83 0 145859 0 48.493263 idfs5
83 0 111333 1 35.87963 idfs5
83 0 111194 2 34.33827 idfs5
83 0 111103 3 34.184235 idfs5
83 0 111664 4 33.695473 idfs5
83 0 111151 5 32.51925 idfs5
83 0 110449 6 31.807236 idfs5
83 0 111246 7 31.720491 idfs5
83 0 820896 8 31.438816 idfs5
83 0 112372 9 31.209684 idfs5
84 0 145859 0 48.439545 idfs5
84 0 111664 1 44.396774 idfs5
84 0 111151 2 44.346245 idfs5
84 0 108164 3 42.538647 idfs5
84 0 112922 4 42.029243 idfs5
84 0 110361 5 41.915638 idfs5
84 0 122251 6 41.661114 idfs5
84 0 800858 7 41.46855 idfs5
84 0 107293 8 41.437386 idfs5
84 0 110473 9 41.42471 idfs5
85 0 802973 0 37.872597 idfs5
85 0 803271 1 37.872597 idfs5
85 0 2959737 2 37.872597 idfs5
85 0 111586 3 31.447184 idfs5
85 0 218925 4 31.25111 idfs5
85 0 137749 5 30.371914 idfs5
85 0 112240 6 29.83196 idfs5
85 0 150543 7 28.334497 idfs5
85 0 2959732 8 28.334497 idfs5
85 0 146553 9 28.012333 idfs5
86 0 3171724 0 36.899055 idfs5
86 0 3177199 1 36.899055 idfs5
86 0 3177200 2 36.899055 idfs5
86 0 3195092 3 32.713932 idfs5
86 0 3205766 4 31.2112 idfs5
86 0 802973 5 26.150839 idfs5
86 0 803271 6 26.150839 idfs5
86 0 2959737 7 26.150839 idfs5
86 0 3171728 8 24.60986 idfs5
86 0 3170730 9 24.447622 idfs5
87 0 104998 0 22.886772 idfs5
87 0 143378 1 22.6424 idfs5
87 0 104480 2 21.182133 idfs5
87 0 136998 3 19.898397 idfs5
87 0 1088038 4 19.394049 idfs5
87 0 106464 5 18.993696 idfs5
87 0 112746 6 18.866589 idfs5
87 0 105721 7 18.456688 idfs5
87 0 111905 8 17.914618 idfs5
87 0 145818 9 17.697721 idfs5
88 0 143378 0 22.648403 idfs5
88 0 625833 1 21.76755 idfs5
88 0 181012 2 21.502577 idfs5
88 0 3007018 3 21.40409 idfs5
88 0 182991 4 21.08288 idfs5
88 0 943668 5 20.997564 idfs5
88 0 111539 6 20.91455 idfs5
88 0 145897 7 20.410145 idfs5
88 0 625711 8 20.200693 idfs5
88 0 182992 9 20.137577 idfs5
89 0 4151822 0 103.62653 idfs5
89 0 2812588 1 87.05202 idfs5
89 0 2770446 2 76.8694 idfs5
89 0 4162110 3 71.508446 idfs5
89 0 145954 4 49.092686 idfs5
89 0 145817 5 48.415257 idfs5
89 0 145647 6 43.99609 idfs5
89 0 134747 7 43.70634 idfs5
89 0 4106440 8 43.445095 idfs5
89 0 180494 9 39.419144 idfs5
90 0 145626 0 14.020183 idfs5
90 0 109643 1 13.465661 idfs5
90 0 109921 2 13.281375 idfs5
90 0 118054 3 13.018109 idfs5
90 0 109079 4 12.79733 idfs5
90 0 118420 5 12.591079 idfs5
90 0 92716 6 12.517231 idfs5
90 0 2620698 7 12.339112 idfs5
90 0 109080 8 12.275431 idfs5
90 0 109016 9 11.988862 idfs5
91 0 3212514 0 45.81627 idfs5
91 0 219097 1 32.761875 idfs5
91 0 856791 2 29.971577 idfs5
91 0 145892 3 29.513382 idfs5
91 0 145785 4 28.077374 idfs5
91 0 110032 5 27.485273 idfs5
91 0 624280 6 27.01778 idfs5
91 0 1087959 7 26.742443 idfs5
91 0 109043 8 25.842714 idfs5
91 0 145873 9 25.43459 idfs5
92 0 3212514 0 21.221338 idfs5
92 0 98116 1 16.184105 idfs5
92 0 111820 2 14.952184 idfs5
92 0 2675751 3 14.782768 idfs5
92 0 111278 4 14.458196 idfs5
92 0 109857 5 14.278983 idfs5
92 0 111694 6 14.178444 idfs5
92 0 99392 7 14.066793 idfs5
92 0 95758 8 13.988467 idfs5
92 0 111828 9 13.892233 idfs5
93 0 110877 0 69.61656 idfs5
93 0 130158 1 66.1721 idfs5
93 0 118334 2 62.6286 idfs5
93 0 118107 3 61.989365 idfs5
93 0 110200 4 59.47505 idfs5
93 0 4151827 5 57.320854 idfs5
93 0 109610 6 56.336662 idfs5
93 0 2788983 7 53.75294 idfs5
93 0 110248 8 52.93925 idfs5
93 0 112905 9 50.22302 idfs5
94 0 931614 0 77.862656 idfs5
94 0 4151827 1 69.24997 idfs5
94 0 3195891 2 68.9465 idfs5
94 0 2788983 3 61.8404 idfs5
94 0 130158 4 52.70181 idfs5
94 0 145901 5 48.716583 idfs5
94 0 2743641 6 47.054157 idfs5
94 0 2959756 7 47.054157 idfs5
94 0 111736 8 44.877644 idfs5
94 0 2743678 9 44.322056 idfs5
95 0 107232 0 24.688524 idfs5
95 0 108555 1 22.956148 idfs5
95 0 105495 2 22.56222 idfs5
95 0 107794 3 21.31313 idfs5
95 0 109444 4 19.459976 idfs5
95 0 111385 5 18.060293 idfs5
95 0 96212 6 17.89794 idfs5
95 0 107475 7 17.73362 idfs5
95 0 108161 8 17.599405 idfs5
95 0 96226 9 17.562775 idfs5
96 0 103631 0 13.39726 idfs5
96 0 108330 1 13.375604 idfs5
96 0 91505 2 13.227816 idfs5
96 0 103665 3 12.916173 idfs5
96 0 104523 4 12.916144 idfs5
96 0 104330 5 12.908753 idfs5
96 0 2650505 6 12.680689 idfs5
96 0 108711 7 12.557349 idfs5
96 0 2959738 8 12.547755 idfs5
96 0 101838 9 12.447314 idfs5
97 0 112101 0 26.697887 idfs5
97 0 111922 1 24.964314 idfs5
97 0 136993 2 17.15652 idfs5
97 0 95594 3 15.8890915 idfs5
97 0 118379 4 15.7384 idfs5
97 0 2806208 5 15.515223 idfs5
97 0 2808294 6 15.515223 idfs5
97 0 104379 7 14.62167 idfs5
97 0 145822 8 14.532703 idfs5
97 0 91273 9 14.319783 idfs5
98 0 2655591 0 20.632256 idfs5
98 0 2676593 1 19.876287 idfs5
98 0 145903 2 19.671196 idfs5
98 0 106593 3 19.237514 idfs5
98 0 110996 4 18.751205 idfs5
98 0 108783 5 18.368778 idfs5
98 0 112574 6 18.265259 idfs5
98 0 110156 7 18.144548 idfs5
98 0 2655597 8 18.125128 idfs5
98 0 134732 9 18.083961 idfs5
99 0 112267 0 45.358093 idfs5
99 0 111884 1 31.160538 idfs5
99 0 110552 2 28.638615 idfs5
99 0 109976 3 26.424873 idfs5
99 0 118121 4 25.823526 idfs5
99 0 110578 5 22.313799 idfs5
99 0 104759 6 22.141518 idfs5
99 0 109673 7 21.143948 idfs5
99 0 145914 8 20.850994 idfs5
99 0 111671 9 20.058706 idfs5
100 0 112267 0 58.967632 idfs5
100 0 110552 1 43.422848 idfs5
100 0 102981 2 38.61632 idfs5
100 0 91843 3 36.81115 idfs5
100 0 100701 4 36.073914 idfs5
100 0 107933 5 35.15818 idfs5
100 0 854177 6 34.23584 idfs5
100 0 105401 7 33.229744 idfs5
100 0 91230 8 32.878548 idfs5
100 0 111884 9 32.876 idfs5
