1 0 3204919 0 31.914217 klip3
1 0 1088006 1 31.552107 klip3
1 0 802972 2 31.43372 klip3
1 0 118029 3 28.000801 klip3
1 0 112750 4 27.861694 klip3
1 0 118105 5 27.830038 klip3
1 0 219731 6 27.536184 klip3
1 0 2649076 7 26.258064 klip3
1 0 821306 8 26.23452 klip3
1 0 3216388 9 25.904936 klip3
2 0 94507 0 28.298544 klip3
2 0 103631 1 26.563608 klip3
2 0 88261 2 26.5223 klip3
2 0 105408 3 25.926247 klip3
2 0 109305 4 25.043385 klip3
2 0 100401 5 24.35975 klip3
2 0 104313 6 23.948479 klip3
2 0 103617 7 23.935644 klip3
2 0 111467 8 23.871347 klip3
2 0 100612 9 23.833368 klip3
3 0 118407 0 31.973053 klip3
3 0 118315 1 31.875656 klip3
3 0 134743 2 30.554703 klip3
3 0 118385 3 30.525467 klip3
3 0 145692 4 29.77377 klip3
3 0 111431 5 29.342316 klip3
3 0 109303 6 28.672441 klip3
3 0 108556 7 28.234669 klip3
3 0 118111 8 28.090918 klip3
3 0 110113 9 27.982513 klip3
4 0 117869 0 40.078465 klip3
4 0 118061 1 38.785946 klip3
4 0 815320 2 35.34441 klip3
4 0 799969 3 35.23086 klip3
4 0 621195 4 35.041855 klip3
4 0 621270 5 35.041855 klip3
4 0 218666 6 34.351974 klip3
4 0 121159 7 34.07193 klip3
4 0 112572 8 33.895477 klip3
4 0 2959735 9 33.424404 klip3
5 0 118501 0 25.852055 klip3
5 0 801501 1 23.754744 klip3
5 0 110507 2 22.596266 klip3
5 0 100795 3 22.505594 klip3
5 0 2680591 4 22.17756 klip3
5 0 100934 5 22.051308 klip3
5 0 93021 6 20.61441 klip3
5 0 117861 7 20.34268 klip3
5 0 112881 8 20.04772 klip3
5 0 110561 9 20.02556 klip3
6 0 117932 0 33.726913 klip3
6 0 110654 1 33.615963 klip3
6 0 109004 2 32.590046 klip3
6 0 110056 3 32.43762 klip3
6 0 100934 4 32.428867 klip3
6 0 110507 5 32.148293 klip3
6 0 109670 6 31.707817 klip3
6 0 109573 7 31.11687 klip3
6 0 117861 8 30.753859 klip3
6 0 108671 9 29.905893 klip3
7 0 117913 0 20.016253 klip3
7 0 108598 1 20.012362 klip3
7 0 118117 2 19.11636 klip3
7 0 118366 3 18.759317 klip3
7 0 103459 4 18.619476 klip3
7 0 107037 5 18.5918 klip3
7 0 104842 6 18.16203 klip3
7 0 109827 7 17.94791 klip3
7 0 108600 8 17.708092 klip3
7 0 110549 9 17.689222 klip3
8 0 134749 0 39.32928 klip3
8 0 112174 1 39.020596 klip3
8 0 145868 2 33.847 klip3
8 0 145715 3 30.963139 klip3
8 0 110932 4 30.650333 klip3
8 0 134733 5 30.14602 klip3
8 0 112834 6 29.88679 klip3
8 0 2678467 7 29.467476 klip3
8 0 2679202 8 29.467476 klip3
8 0 2959746 9 29.467476 klip3
9 0 107371 0 37.205784 klip3
9 0 109029 1 36.85365 klip3
9 0 111828 2 35.933674 klip3
9 0 2655498 3 34.342472 klip3
9 0 2675751 4 33.57784 klip3
9 0 107467 5 33.4764 klip3
9 0 118303 6 33.45759 klip3
9 0 110095 7 33.392376 klip3
9 0 147530 8 33.37663 klip3
9 0 802771 9 33.290737 klip3
10 0 214949 0 39.300083 klip3
10 0 215071 1 39.300083 klip3
10 0 147531 2 38.828144 klip3
10 0 118226 3 37.894558 klip3
10 0 216735 4 37.507725 klip3
10 0 216806 5 37.507725 klip3
10 0 121162 6 34.86751 klip3
10 0 121163 7 34.316273 klip3
10 0 145783 8 33.75675 klip3
10 0 110753 9 33.624554 klip3
11 0 4156357 0 25.508978 klip3
11 0 219511 1 23.962362 klip3
11 0 219616 2 23.962362 klip3
11 0 2812588 3 23.720686 klip3
11 0 2359 4 23.143015 klip3
11 0 134723 5 23.13456 klip3
11 0 145635 6 23.070444 klip3
11 0 111046 7 22.986704 klip3
11 0 2769807 8 22.952868 klip3
11 0 148483 9 22.851128 klip3
12 0 2679835 0 27.559584 klip3
12 0 108766 1 27.500305 klip3
12 0 118302 2 26.841776 klip3
12 0 109986 3 26.382786 klip3
12 0 109974 4 25.989866 klip3
12 0 112343 5 25.264423 klip3
12 0 137730 6 25.05627 klip3
12 0 112022 7 24.948292 klip3
12 0 122254 8 24.84636 klip3
12 0 145810 9 24.794634 klip3
13 0 145632 0 26.0588 klip3
13 0 111432 1 25.418724 klip3
13 0 625710 2 24.941439 klip3
13 0 106050 3 24.790514 klip3
13 0 2812588 4 24.66081 klip3
13 0 109218 5 24.410603 klip3
13 0 110187 6 24.244473 klip3
13 0 118428 7 24.003994 klip3
13 0 118496 8 23.773191 klip3
13 0 108605 9 23.745182 klip3
14 0 614392 0 26.1086 klip3
14 0 614485 1 26.1086 klip3
14 0 124715 2 25.994259 klip3
14 0 2812588 3 24.145384 klip3
14 0 145967 4 23.613276 klip3
14 0 102844 5 23.568518 klip3
14 0 3199501 6 23.425177 klip3
14 0 4162111 7 23.396975 klip3
14 0 107679 8 22.975597 klip3
14 0 118269 9 22.844015 klip3
15 0 2812588 0 36.257767 klip3
15 0 4151822 1 35.614807 klip3
15 0 145817 2 34.208694 klip3
15 0 2770446 3 31.035929 klip3
15 0 118369 4 28.367777 klip3
15 0 111610 5 27.863302 klip3
15 0 145902 6 27.828012 klip3
15 0 112746 7 27.719248 klip3
15 0 4170685 8 27.629063 klip3
15 0 112438 9 27.58446 klip3
16 0 2680590 0 34.564445 klip3
16 0 2959745 1 34.564445 klip3
16 0 2812588 2 34.29992 klip3
16 0 104572 3 30.560226 klip3
16 0 2646093 4 30.441957 klip3
16 0 111455 5 30.236109 klip3
16 0 618680 6 29.914492 klip3
16 0 2359 7 29.383116 klip3
16 0 107454 8 28.623726 klip3
16 0 801501 9 28.339481 klip3
17 0 111168 0 21.451714 klip3
17 0 109218 1 20.636242 klip3
17 0 121160 2 20.305552 klip3
17 0 2797291 3 20.27582 klip3
17 0 109524 4 20.062958 klip3
17 0 103236 5 19.66886 klip3
17 0 813289 6 18.90014 klip3
17 0 2771752 7 18.462278 klip3
17 0 109308 8 18.45578 klip3
17 0 105911 9 18.438633 klip3
18 0 182568 0 45.137405 klip3
18 0 218456 1 42.85579 klip3
18 0 219510 2 41.46276 klip3
18 0 625710 3 40.939766 klip3
18 0 820749 4 40.55179 klip3
18 0 216733 5 40.423176 klip3
18 0 218133 6 40.04117 klip3
18 0 205203 7 39.897907 klip3
18 0 219106 8 39.819557 klip3
18 0 219194 9 39.819557 klip3
19 0 4172500 0 38.030067 klip3
19 0 4151825 1 32.60823 klip3
19 0 2654533 2 32.202564 klip3
19 0 2654756 3 32.202564 klip3
19 0 802973 4 30.17863 klip3
19 0 803271 5 30.17863 klip3
19 0 2959737 6 30.17863 klip3
19 0 219509 7 30.147741 klip3
19 0 150540 8 30.014143 klip3
19 0 106609 9 29.544422 klip3
20 0 4172500 0 38.030067 klip3
20 0 4151825 1 32.60823 klip3
20 0 2654533 2 32.202564 klip3
20 0 2654756 3 32.202564 klip3
20 0 802973 4 30.17863 klip3
20 0 803271 5 30.17863 klip3
20 0 2959737 6 30.17863 klip3
20 0 219509 7 30.147741 klip3
20 0 150540 8 30.014143 klip3
20 0 106609 9 29.544422 klip3
21 0 2811845 0 50.14132 klip3
21 0 858085 1 48.19209 klip3
21 0 2646093 2 47.97896 klip3
21 0 112907 3 47.78763 klip3
21 0 2681317 4 47.7297 klip3
21 0 2681962 5 46.86999 klip3
21 0 873660 6 46.545303 klip3
21 0 814375 7 46.250134 klip3
21 0 121159 8 45.376953 klip3
21 0 867644 9 45.212826 klip3
22 0 112799 0 51.347313 klip3
22 0 117890 1 48.60423 klip3
22 0 112907 2 48.48751 klip3
22 0 2659300 3 46.47906 klip3
22 0 219733 4 45.75668 klip3
22 0 220342 5 45.75668 klip3
22 0 2811845 6 45.51438 klip3
22 0 121159 7 44.96539 klip3
22 0 2681317 8 44.582886 klip3
22 0 106570 9 43.97034 klip3
23 0 112324 0 31.362263 klip3
23 0 2809767 1 31.181078 klip3
23 0 2811850 2 31.181078 klip3
23 0 146983 3 29.039616 klip3
23 0 145779 4 28.424551 klip3
23 0 145802 5 27.839792 klip3
23 0 127910 6 27.786863 klip3
23 0 3213872 7 27.757048 klip3
23 0 107716 8 27.496777 klip3
23 0 112900 9 27.430681 klip3
24 0 1738 0 20.37203 klip3
24 0 145778 1 13.875432 klip3
24 0 109265 2 13.85999 klip3
24 0 2678133 3 12.078321 klip3
24 0 98350 4 11.68342 klip3
24 0 112872 5 11.679275 klip3
24 0 2671723 6 11.092642 klip3
24 0 91444 7 10.953227 klip3
24 0 205203 8 10.838962 klip3
24 0 108136 9 10.795138 klip3
25 0 112616 0 29.282017 klip3
25 0 109974 1 24.511332 klip3
25 0 104571 2 24.037216 klip3
25 0 105999 3 23.937117 klip3
25 0 110318 4 23.781267 klip3
25 0 111495 5 23.733057 klip3
25 0 109299 6 23.391542 klip3
25 0 105482 7 22.85068 klip3
25 0 111221 8 22.692875 klip3
25 0 110915 9 22.20332 klip3
26 0 148484 0 35.584354 klip3
26 0 118130 1 34.571774 klip3
26 0 145885 2 34.317184 klip3
26 0 112069 3 33.050713 klip3
26 0 131163 4 32.524734 klip3
26 0 626208 5 32.51488 klip3
26 0 110915 6 32.082077 klip3
26 0 108792 7 32.038494 klip3
26 0 110477 8 31.68039 klip3
26 0 109382 9 31.48007 klip3
27 0 4157382 0 69.29372 klip3
27 0 4157405 1 69.29372 klip3
27 0 112346 2 36.378258 klip3
27 0 111141 3 33.71684 klip3
27 0 2783506 4 31.067965 klip3
27 0 107808 5 29.984228 klip3
27 0 118280 6 29.909807 klip3
27 0 150541 7 29.57557 klip3
27 0 109489 8 29.41348 klip3
27 0 107820 9 29.408215 klip3
28 0 4157382 0 52.26201 klip3
28 0 4157405 1 52.26201 klip3
28 0 112346 2 30.244999 klip3
28 0 111170 3 27.905518 klip3
28 0 106440 4 27.860905 klip3
28 0 111330 5 26.755966 klip3
28 0 112098 6 25.611721 klip3
28 0 118019 7 25.420097 klip3
28 0 109489 8 24.972305 klip3
28 0 106658 9 24.808483 klip3
29 0 112436 0 16.164686 klip3
29 0 118037 1 15.311267 klip3
29 0 145778 2 15.072794 klip3
29 0 109809 3 15.064584 klip3
29 0 108606 4 14.622485 klip3
29 0 117921 5 14.617067 klip3
29 0 108579 6 14.519679 klip3
29 0 112577 7 13.970377 klip3
29 0 2646093 8 13.747052 klip3
29 0 118208 9 13.577196 klip3
30 0 145841 0 27.801962 klip3
30 0 110779 1 27.79079 klip3
30 0 2781925 2 27.565187 klip3
30 0 109897 3 27.27343 klip3
30 0 109220 4 27.17933 klip3
30 0 103864 5 26.969358 klip3
30 0 205788 6 26.941708 klip3
30 0 145761 7 26.754505 klip3
30 0 3177198 8 26.712715 klip3
30 0 3171727 9 26.7038 klip3
31 0 107895 0 38.727642 klip3
31 0 112744 1 36.19146 klip3
31 0 106082 2 35.682205 klip3
31 0 107418 3 35.50286 klip3
31 0 111139 4 35.419 klip3
31 0 110887 5 34.46466 klip3
31 0 109593 6 34.33342 klip3
31 0 106445 7 33.583923 klip3
31 0 112463 8 33.29906 klip3
31 0 104841 9 32.11178 klip3
32 0 111434 0 41.207355 klip3
32 0 1728 1 38.351612 klip3
32 0 112850 2 36.350513 klip3
32 0 112329 3 36.177814 klip3
32 0 117853 4 35.186005 klip3
32 0 112447 5 33.982967 klip3
32 0 125839 6 33.95101 klip3
32 0 112090 7 31.920462 klip3
32 0 145710 8 31.08726 klip3
32 0 118455 9 28.13923 klip3
33 0 2676594 0 30.10794 klip3
33 0 2675753 1 28.971634 klip3
33 0 2679204 2 28.971634 klip3
33 0 2809767 3 24.40918 klip3
33 0 2811850 4 24.40918 klip3
33 0 118432 5 19.990213 klip3
33 0 145870 6 19.643667 klip3
33 0 109535 7 19.523235 klip3
33 0 110683 8 19.338497 klip3
33 0 121158 9 19.146431 klip3
34 0 2676594 0 55.97518 klip3
34 0 2675753 1 54.16985 klip3
34 0 2679204 2 54.16985 klip3
34 0 858288 3 46.934597 klip3
34 0 815320 4 43.941963 klip3
34 0 112861 5 41.975105 klip3
34 0 111242 6 41.82472 klip3
34 0 802401 7 41.805218 klip3
34 0 802772 8 41.805218 klip3
34 0 625710 9 41.246357 klip3
35 0 2678134 0 19.77023 klip3
35 0 205203 1 19.567245 klip3
35 0 106032 2 19.22329 klip3
35 0 106350 3 19.080448 klip3
35 0 112777 4 18.041739 klip3
35 0 109137 5 17.642342 klip3
35 0 117846 6 17.448826 klip3
35 0 111751 7 17.303812 klip3
35 0 112846 8 17.136066 klip3
35 0 145902 9 17.059181 klip3
36 0 93502 0 34.36015 klip3
36 0 122254 1 32.41853 klip3
36 0 802770 2 31.925451 klip3
36 0 102456 3 31.132683 klip3
36 0 112324 4 30.857676 klip3
36 0 902769 5 30.511381 klip3
36 0 109829 6 30.32532 klip3
36 0 118234 7 30.160372 klip3
36 0 100936 8 29.98991 klip3
36 0 104567 9 29.830753 klip3
37 0 145629 0 35.977936 klip3
37 0 110742 1 35.184284 klip3
37 0 111982 2 35.02454 klip3
37 0 118269 3 34.15803 klip3
37 0 121168 4 33.51242 klip3
37 0 106658 5 33.337692 klip3
37 0 145731 6 32.515 klip3
37 0 110774 7 31.953512 klip3
37 0 103870 8 31.835735 klip3
37 0 108530 9 31.63463 klip3
38 0 110774 0 32.333935 klip3
38 0 111982 1 30.328655 klip3
38 0 145855 2 29.916069 klip3
38 0 111376 3 29.718937 klip3
38 0 109062 4 29.172377 klip3
38 0 110347 5 28.946972 klip3
38 0 111506 6 28.869337 klip3
38 0 118133 7 28.714834 klip3
38 0 108863 8 28.60142 klip3
38 0 4151829 9 28.466211 klip3
39 0 2959744 0 38.815903 klip3
39 0 855518 1 38.815903 klip3
39 0 1731 2 38.354576 klip3
39 0 621044 3 37.918377 klip3
39 0 621090 4 37.918377 klip3
39 0 2959739 5 37.918377 klip3
39 0 180029 6 36.77076 klip3
39 0 2674861 7 36.30861 klip3
39 0 2675754 8 36.30861 klip3
39 0 103135 9 35.498756 klip3
40 0 105200 0 65.83839 klip3
40 0 91083 1 52.640217 klip3
40 0 103135 2 50.70144 klip3
40 0 621044 3 49.323353 klip3
40 0 621090 4 49.323353 klip3
40 0 2959739 5 49.323353 klip3
40 0 112273 6 48.62396 klip3
40 0 122254 7 48.52624 klip3
40 0 111432 8 47.605347 klip3
40 0 108818 9 47.450253 klip3
41 0 112924 0 37.31236 klip3
41 0 183477 1 30.461807 klip3
41 0 104567 2 29.596054 klip3
41 0 1752 3 28.506107 klip3
41 0 1087697 4 28.353539 klip3
41 0 145756 5 28.223885 klip3
41 0 106333 6 28.05389 klip3
41 0 131157 7 28.036812 klip3
41 0 3214775 8 27.949879 klip3
41 0 2810525 9 27.59784 klip3
42 0 2654533 0 30.066477 klip3
42 0 2654756 1 30.066477 klip3
42 0 105200 2 29.390347 klip3
42 0 104567 3 29.04433 klip3
42 0 105149 4 29.017227 klip3
42 0 4160985 5 28.317118 klip3
42 0 131157 6 27.855528 klip3
42 0 118430 7 27.721203 klip3
42 0 145796 8 27.18291 klip3
42 0 2809767 9 27.108297 klip3
43 0 2680590 0 29.85473 klip3
43 0 2959745 1 29.85473 klip3
43 0 118459 2 29.772942 klip3
43 0 110729 3 28.507435 klip3
43 0 88761 4 27.132597 klip3
43 0 2678468 5 26.843239 klip3
43 0 2959747 6 26.843239 klip3
43 0 150541 7 24.872007 klip3
43 0 112920 8 24.842365 klip3
43 0 121170 9 24.69581 klip3
44 0 108965 0 15.660187 klip3
44 0 1087909 1 15.415438 klip3
44 0 104318 2 15.415438 klip3
44 0 91217 3 14.797838 klip3
44 0 98300 4 14.496247 klip3
44 0 111635 5 14.448878 klip3
44 0 1991818 6 14.204186 klip3
44 0 94033 7 14.075173 klip3
44 0 95387 8 14.014006 klip3
44 0 86126 9 13.967712 klip3
45 0 800568 0 45.30431 klip3
45 0 802973 1 44.265636 klip3
45 0 803271 2 44.265636 klip3
45 0 2959737 3 44.265636 klip3
45 0 150542 4 44.16383 klip3
45 0 110021 5 43.963894 klip3
45 0 618680 6 43.864346 klip3
45 0 866024 7 43.72699 klip3
45 0 858802 8 43.72699 klip3
45 0 1269289 9 42.288258 klip3
46 0 866024 0 57.350117 klip3
46 0 858802 1 57.350117 klip3
46 0 618680 2 56.06749 klip3
46 0 903971 3 49.88453 klip3
46 0 2959742 4 49.88453 klip3
46 0 2804673 5 48.981857 klip3
46 0 150542 6 47.158287 klip3
46 0 621294 7 45.816048 klip3
46 0 931120 8 45.461365 klip3
46 0 802973 9 45.39946 klip3
47 0 2674861 0 31.170624 klip3
47 0 2675754 1 31.170624 klip3
47 0 103135 2 30.447733 klip3
47 0 108818 3 28.617165 klip3
47 0 621044 4 28.53515 klip3
47 0 621090 5 28.53515 klip3
47 0 2959739 6 28.53515 klip3
47 0 122254 7 28.264631 klip3
47 0 104688 8 27.942482 klip3
47 0 4172497 9 27.91281 klip3
48 0 105112 0 25.06688 klip3
48 0 111843 1 24.870403 klip3
48 0 2674861 2 24.624044 klip3
48 0 2675754 3 24.624044 klip3
48 0 109292 4 24.487078 klip3
48 0 110187 5 24.262184 klip3
48 0 110583 6 23.895845 klip3
48 0 104397 7 23.881754 klip3
48 0 109416 8 23.43178 klip3
48 0 110914 9 23.401205 klip3
49 0 4162535 0 24.474636 klip3
49 0 2810525 1 21.971998 klip3
49 0 2811847 2 21.971998 klip3
49 0 109531 3 19.123922 klip3
49 0 3181025 4 17.187738 klip3
49 0 2760668 5 17.078938 klip3
49 0 85125 6 16.524467 klip3
49 0 3195444 7 16.183708 klip3
49 0 99017 8 16.014847 klip3
49 0 866024 9 15.9161 klip3
50 0 4162535 0 32.686638 klip3
50 0 3153112 1 24.251114 klip3
50 0 3204917 2 23.652142 klip3
50 0 2764188 3 19.70065 klip3
50 0 108972 4 19.4153 klip3
50 0 3181025 5 18.135683 klip3
50 0 2760668 6 17.715855 klip3
50 0 3195444 7 16.977581 klip3
50 0 866024 8 16.83132 klip3
50 0 858802 9 16.83132 klip3
51 0 112770 0 32.29983 klip3
51 0 616433 1 27.602066 klip3
51 0 104293 2 27.357075 klip3
51 0 145821 3 26.43783 klip3
51 0 1753 4 24.942728 klip3
51 0 2812587 5 24.439638 klip3
51 0 2959748 6 24.439638 klip3
51 0 94415 7 24.1341 klip3
51 0 902265 8 23.904488 klip3
51 0 145891 9 23.594915 klip3
52 0 111908 0 21.602613 klip3
52 0 802399 1 21.331879 klip3
52 0 107187 2 21.214613 klip3
52 0 137750 3 21.16163 klip3
52 0 854177 4 17.911116 klip3
52 0 95361 5 17.217598 klip3
52 0 92777 6 17.176348 klip3
52 0 110222 7 16.691883 klip3
52 0 100134 8 16.671522 klip3
52 0 112665 9 16.282166 klip3
53 0 145647 0 32.46397 klip3
53 0 145664 1 31.778305 klip3
53 0 799985 2 31.10142 klip3
53 0 145755 3 28.039225 klip3
53 0 145792 4 27.779606 klip3
53 0 145766 5 27.154604 klip3
53 0 873660 6 27.088041 klip3
53 0 145850 7 26.98547 klip3
53 0 148483 8 26.558199 klip3
53 0 620566 9 26.542185 klip3
54 0 931123 0 40.8444 klip3
54 0 855656 1 36.58635 klip3
54 0 821305 2 35.94349 klip3
54 0 2646093 3 35.927143 klip3
54 0 866024 4 35.34597 klip3
54 0 858802 5 35.34597 klip3
54 0 931614 6 34.840233 klip3
54 0 872994 7 33.694813 klip3
54 0 858288 8 33.50558 klip3
54 0 811778 9 32.93166 klip3
55 0 4154603 0 48.012985 klip3
55 0 118269 1 46.25659 klip3
55 0 145855 2 41.518852 klip3
55 0 145629 3 39.80855 klip3
55 0 110774 4 39.284073 klip3
55 0 112910 5 38.416065 klip3
55 0 109062 6 37.930897 klip3
55 0 145731 7 37.755417 klip3
55 0 1993216 8 37.13909 klip3
55 0 111261 9 34.50555 klip3
56 0 118269 0 56.979607 klip3
56 0 4154603 1 54.33698 klip3
56 0 145855 2 50.226982 klip3
56 0 112910 3 49.384247 klip3
56 0 109062 4 47.740173 klip3
56 0 145629 5 46.552376 klip3
56 0 110774 6 46.409393 klip3
56 0 111420 7 45.652653 klip3
56 0 1993216 8 45.32543 klip3
56 0 111258 9 44.240948 klip3
57 0 122254 0 35.82536 klip3
57 0 145907 1 33.888058 klip3
57 0 111366 2 33.59053 klip3
57 0 621044 3 33.498306 klip3
57 0 621090 4 33.498306 klip3
57 0 2959739 5 33.498306 klip3
57 0 137749 6 33.372955 klip3
57 0 2680590 7 32.895588 klip3
57 0 2959745 8 32.895588 klip3
57 0 3214780 9 32.848232 klip3
58 0 145735 0 29.287176 klip3
58 0 145748 1 27.623096 klip3
58 0 145800 2 27.586557 klip3
58 0 107256 3 26.97562 klip3
58 0 106179 4 26.7801 klip3
58 0 105972 5 26.678165 klip3
58 0 800567 6 26.569284 klip3
58 0 110301 7 26.534544 klip3
58 0 118489 8 25.49595 klip3
58 0 855656 9 25.437021 klip3
59 0 2788983 0 67.17255 klip3
59 0 4170685 1 64.549126 klip3
59 0 118129 2 59.785343 klip3
59 0 145627 3 55.740643 klip3
59 0 3195891 4 52.10607 klip3
59 0 118037 5 52.061764 klip3
59 0 2672208 6 52.041363 klip3
59 0 2670794 7 52.041363 klip3
59 0 117968 8 51.3798 klip3
59 0 112824 9 49.678493 klip3
60 0 3195891 0 71.78983 klip3
60 0 2788983 1 67.290924 klip3
60 0 4170685 2 62.316822 klip3
60 0 145627 3 57.0504 klip3
60 0 3191119 4 55.282684 klip3
60 0 621195 5 54.62426 klip3
60 0 621270 6 54.62426 klip3
60 0 118129 7 53.53126 klip3
60 0 205203 8 52.036583 klip3
60 0 110980 9 51.075203 klip3
61 0 145923 0 39.260246 klip3
61 0 802791 1 36.462845 klip3
61 0 145743 2 35.884956 klip3
61 0 899483 3 35.19001 klip3
61 0 145815 4 33.858738 klip3
61 0 205788 5 33.02774 klip3
61 0 145881 6 32.74801 klip3
61 0 145804 7 32.576767 klip3
61 0 148795 8 31.874117 klip3
61 0 145761 9 31.369358 klip3
62 0 2676594 0 18.372042 klip3
62 0 149585 1 18.000408 klip3
62 0 149649 2 18.000408 klip3
62 0 131152 3 17.805073 klip3
62 0 2675753 4 17.801405 klip3
62 0 2679204 5 17.801405 klip3
62 0 108827 6 17.501451 klip3
62 0 109446 7 17.499428 klip3
62 0 2758569 8 16.97738 klip3
62 0 2812210 9 16.897823 klip3
63 0 118148 0 22.984781 klip3
63 0 106390 1 22.983156 klip3
63 0 2680590 2 22.10921 klip3
63 0 2959745 3 22.10921 klip3
63 0 118011 4 20.871216 klip3
63 0 104521 5 20.633331 klip3
63 0 130156 6 20.502874 klip3
63 0 111237 7 20.425253 klip3
63 0 149702 8 20.422932 klip3
63 0 117927 9 20.212334 klip3
64 0 1748 0 30.287695 klip3
64 0 821189 1 27.962585 klip3
64 0 150541 2 27.480497 klip3
64 0 801976 3 27.465233 klip3
64 0 145895 4 26.893162 klip3
64 0 219731 5 26.455538 klip3
64 0 621195 6 26.282415 klip3
64 0 621270 7 26.282415 klip3
64 0 149007 8 25.767548 klip3
64 0 111632 9 24.343887 klip3
65 0 112732 0 38.557953 klip3
65 0 121159 1 37.662704 klip3
65 0 118372 2 34.48902 klip3
65 0 112381 3 33.68883 klip3
65 0 111051 4 33.126602 klip3
65 0 118123 5 32.557922 klip3
65 0 112647 6 31.94012 klip3
65 0 143378 7 31.92528 klip3
65 0 2654532 8 31.874083 klip3
65 0 136991 9 31.1126 klip3
66 0 2812588 0 51.121452 klip3
66 0 136990 1 48.286083 klip3
66 0 121158 2 48.17927 klip3
66 0 3211501 3 46.79504 klip3
66 0 218925 4 45.899284 klip3
66 0 111684 5 45.415363 klip3
66 0 127918 6 45.200756 klip3
66 0 150540 7 45.166218 klip3
66 0 2676594 8 44.87904 klip3
66 0 145702 9 44.56435 klip3
67 0 145800 0 43.66319 klip3
67 0 122262 1 40.39117 klip3
67 0 106100 2 39.287975 klip3
67 0 100699 3 38.339863 klip3
67 0 105405 4 37.274193 klip3
67 0 109974 5 37.033737 klip3
67 0 867645 6 36.967842 klip3
67 0 2959744 7 34.892067 klip3
67 0 855518 8 34.892067 klip3
67 0 118122 9 34.6385 klip3
68 0 145800 0 40.226807 klip3
68 0 122262 1 39.103428 klip3
68 0 100699 2 34.981377 klip3
68 0 106100 3 34.873352 klip3
68 0 109974 4 34.4741 klip3
68 0 2959744 5 32.80246 klip3
68 0 855518 6 32.80246 klip3
68 0 867645 7 32.623295 klip3
68 0 105405 8 32.57692 klip3
68 0 112744 9 32.43534 klip3
69 0 149006 0 44.074066 klip3
69 0 112820 1 42.846535 klip3
69 0 902267 2 42.22653 klip3
69 0 110297 3 41.58937 klip3
69 0 3197367 4 41.5866 klip3
69 0 4170683 5 41.495052 klip3
69 0 2676594 6 41.477036 klip3
69 0 117859 7 41.143715 klip3
69 0 110996 8 41.02015 klip3
69 0 111366 9 40.884964 klip3
70 0 149006 0 50.093903 klip3
70 0 2655597 1 49.05914 klip3
70 0 4170683 2 48.90226 klip3
70 0 902267 3 48.706215 klip3
70 0 2959744 4 48.643974 klip3
70 0 855518 5 48.643974 klip3
70 0 821306 6 48.11393 klip3
70 0 101041 7 47.62317 klip3
70 0 2655591 8 47.236134 klip3
70 0 2959743 9 46.788155 klip3
71 0 145121 0 30.863768 klip3
71 0 118287 1 29.707893 klip3
71 0 148484 2 27.466053 klip3
71 0 112914 3 26.757088 klip3
71 0 86783 4 26.065033 klip3
71 0 87964 5 25.87386 klip3
71 0 1751 6 25.367617 klip3
71 0 84787 7 25.28485 klip3
71 0 111556 8 24.984692 klip3
71 0 3189783 9 24.96659 klip3
72 0 3189783 0 30.97681 klip3
72 0 4161363 1 30.108368 klip3
72 0 145121 2 29.431274 klip3
72 0 112615 3 28.173826 klip3
72 0 112914 4 26.715343 klip3
72 0 2620710 5 26.449974 klip3
72 0 219733 6 26.056269 klip3
72 0 220342 7 26.056269 klip3
72 0 108600 8 26.023851 klip3
72 0 112921 9 26.005384 klip3
73 0 145624 0 23.1978 klip3
73 0 2804674 1 21.28091 klip3
73 0 1087954 2 20.693235 klip3
73 0 118043 3 19.879753 klip3
73 0 110540 4 19.229189 klip3
73 0 868383 5 19.027039 klip3
73 0 812524 6 18.433563 klip3
73 0 110175 7 18.322432 klip3
73 0 145952 8 18.229551 klip3
73 0 1445991 9 18.229551 klip3
74 0 2804674 0 28.809645 klip3
74 0 107904 1 28.27914 klip3
74 0 109284 2 25.232721 klip3
74 0 2675749 3 24.772968 klip3
74 0 104842 4 22.938042 klip3
74 0 105690 5 22.559235 klip3
74 0 111245 6 22.214931 klip3
74 0 104710 7 22.028482 klip3
74 0 112781 8 21.997063 klip3
74 0 112774 9 21.762114 klip3
75 0 182567 0 41.167503 klip3
75 0 117913 1 37.54891 klip3
75 0 111778 2 37.275715 klip3
75 0 145903 3 35.7285 klip3
75 0 107223 4 35.70961 klip3
75 0 100199 5 34.225243 klip3
75 0 107425 6 33.49457 klip3
75 0 103129 7 33.23813 klip3
75 0 219733 8 33.218792 klip3
75 0 220342 9 33.218792 klip3
76 0 2679833 0 43.40802 klip3
76 0 2680440 1 43.40802 klip3
76 0 110779 2 39.51113 klip3
76 0 108900 3 39.229877 klip3
76 0 108372 4 38.21137 klip3
76 0 110079 5 33.691647 klip3
76 0 110112 6 33.61635 klip3
76 0 111945 7 33.614975 klip3
76 0 108474 8 33.287434 klip3
76 0 110027 9 32.762657 klip3
77 0 105003 0 36.704308 klip3
77 0 104229 1 35.47358 klip3
77 0 1758 2 34.566566 klip3
77 0 130152 3 33.96099 klip3
77 0 130140 4 33.959297 klip3
77 0 218921 5 33.38912 klip3
77 0 2812588 6 32.761993 klip3
77 0 105219 7 32.45005 klip3
77 0 1756 8 32.023926 klip3
77 0 107534 9 31.89689 klip3
78 0 108620 0 24.047552 klip3
78 0 105155 1 23.053194 klip3
78 0 145901 2 22.601238 klip3
78 0 118037 3 21.891453 klip3
78 0 109012 4 21.855925 klip3
78 0 118334 5 21.837963 klip3
78 0 109297 6 21.7133 klip3
78 0 112743 7 21.686426 klip3
78 0 106547 8 21.612629 klip3
78 0 107716 9 21.449265 klip3
79 0 111009 0 36.753914 klip3
79 0 118143 1 31.434437 klip3
79 0 111470 2 28.563156 klip3
79 0 106328 3 28.510654 klip3
79 0 110221 4 27.938251 klip3
79 0 92440 5 27.023506 klip3
79 0 108776 6 26.87307 klip3
79 0 112619 7 26.661806 klip3
79 0 106568 8 26.500683 klip3
79 0 108426 9 26.328096 klip3
80 0 106328 0 47.93682 klip3
80 0 118143 1 47.4382 klip3
80 0 111009 2 46.170708 klip3
80 0 145859 3 45.029564 klip3
80 0 108426 4 44.762897 klip3
80 0 110221 5 43.84971 klip3
80 0 2680438 6 43.67916 klip3
80 0 145648 7 43.578773 klip3
80 0 109342 8 43.326923 klip3
80 0 108776 9 43.277397 klip3
81 0 148484 0 21.592436 klip3
81 0 2678468 1 20.818739 klip3
81 0 2959747 2 20.818739 klip3
81 0 88939 3 20.61988 klip3
81 0 102336 4 19.831581 klip3
81 0 134736 5 19.466038 klip3
81 0 118188 6 19.337368 klip3
81 0 93922 7 19.321453 klip3
81 0 85516 8 19.192371 klip3
81 0 91417 9 19.18489 klip3
82 0 2803250 0 48.321423 klip3
82 0 1726 1 46.047897 klip3
82 0 216735 2 41.300144 klip3
82 0 216806 3 41.300144 klip3
82 0 127900 4 40.942806 klip3
82 0 118368 5 40.257263 klip3
82 0 145865 6 39.78239 klip3
82 0 799981 7 39.028267 klip3
82 0 118126 8 34.33757 klip3
82 0 3213871 9 26.286839 klip3
83 0 145859 0 33.925488 klip3
83 0 112922 1 28.483576 klip3
83 0 110681 2 27.23518 klip3
83 0 109038 3 26.60551 klip3
83 0 104316 4 26.208405 klip3
83 0 107980 5 26.138535 klip3
83 0 112906 6 25.727926 klip3
83 0 109894 7 25.718939 klip3
83 0 137746 8 25.437784 klip3
83 0 111440 9 25.136276 klip3
84 0 112922 0 32.137432 klip3
84 0 145859 1 31.021233 klip3
84 0 110681 2 30.23779 klip3
84 0 107166 3 29.382137 klip3
84 0 107293 4 27.81399 klip3
84 0 112906 5 27.59495 klip3
84 0 107980 6 27.534618 klip3
84 0 109895 7 27.24111 klip3
84 0 109894 8 26.662262 klip3
84 0 111207 9 26.552103 klip3
85 0 802973 0 50.985863 klip3
85 0 803271 1 50.985863 klip3
85 0 2959737 2 50.985863 klip3
85 0 107663 3 34.463184 klip3
85 0 150543 4 34.316 klip3
85 0 2959732 5 34.316 klip3
85 0 146553 6 34.18177 klip3
85 0 146790 7 34.18177 klip3
85 0 137749 8 33.420887 klip3
85 0 108530 9 33.32533 klip3
86 0 802973 0 25.514393 klip3
86 0 803271 1 25.514393 klip3
86 0 2959737 2 25.514393 klip3
86 0 3171724 3 21.538486 klip3
86 0 3177199 4 21.538486 klip3
86 0 3177200 5 21.538486 klip3
86 0 109670 6 20.440668 klip3
86 0 107681 7 20.418732 klip3
86 0 118269 8 20.260971 klip3
86 0 111000 9 19.97885 klip3
87 0 104480 0 19.560768 klip3
87 0 118313 1 17.356953 klip3
87 0 111182 2 16.700903 klip3
87 0 110760 3 16.172459 klip3
87 0 112807 4 15.646668 klip3
87 0 112426 5 15.62835 klip3
87 0 85161 6 15.434695 klip3
87 0 182992 7 15.411501 klip3
87 0 104998 8 15.346903 klip3
87 0 111170 9 15.239159 klip3
88 0 182992 0 26.12484 klip3
88 0 625832 1 21.641994 klip3
88 0 626055 2 21.641994 klip3
88 0 111170 3 21.104322 klip3
88 0 2654277 4 20.192844 klip3
88 0 145897 5 19.654312 klip3
88 0 145122 6 19.402725 klip3
88 0 112807 7 18.310663 klip3
88 0 145870 8 17.67568 klip3
88 0 3209686 9 17.288797 klip3
89 0 2812588 0 41.312653 klip3
89 0 127885 1 38.812656 klip3
89 0 127921 2 38.32429 klip3
89 0 145647 3 37.721622 klip3
89 0 134742 4 36.820488 klip3
89 0 4151822 5 36.02396 klip3
89 0 2770446 6 35.13079 klip3
89 0 110027 7 34.519238 klip3
89 0 109679 8 33.537 klip3
89 0 212969 9 32.563747 klip3
90 0 2812588 0 54.274864 klip3
90 0 2654534 1 53.9026 klip3
90 0 109921 2 52.045452 klip3
90 0 106421 3 51.252583 klip3
90 0 799975 4 50.577496 klip3
90 0 109080 5 49.80573 klip3
90 0 110518 6 49.700993 klip3
90 0 110760 7 49.614376 klip3
90 0 802408 8 48.579853 klip3
90 0 105155 9 48.471165 klip3
91 0 3212514 0 64.75799 klip3
91 0 145782 1 38.629463 klip3
91 0 205606 2 33.33997 klip3
91 0 2959736 3 33.33997 klip3
91 0 145778 4 32.805332 klip3
91 0 3216389 5 31.708591 klip3
91 0 145967 6 31.496683 klip3
91 0 1748 7 31.435139 klip3
91 0 802973 8 31.09622 klip3
91 0 803271 9 31.09622 klip3
92 0 3212514 0 78.23276 klip3
92 0 109857 1 34.67419 klip3
92 0 205606 2 29.40298 klip3
92 0 2959736 3 29.40298 klip3
92 0 1088003 4 27.955315 klip3
92 0 145739 5 27.856972 klip3
92 0 111278 6 27.774456 klip3
92 0 145738 7 27.209206 klip3
92 0 112439 8 26.885128 klip3
92 0 118507 9 26.68594 klip3
93 0 111736 0 58.05886 klip3
93 0 145901 1 57.51594 klip3
93 0 117874 2 54.85833 klip3
93 0 4151827 3 52.07223 klip3
93 0 112629 4 51.935257 klip3
93 0 931614 5 51.296204 klip3
93 0 2788983 6 49.958996 klip3
93 0 145627 7 49.46576 klip3
93 0 2672208 8 49.405594 klip3
93 0 2670794 9 49.405594 klip3
94 0 145901 0 60.839794 klip3
94 0 111736 1 57.489773 klip3
94 0 117874 2 53.356873 klip3
94 0 2788983 3 53.079544 klip3
94 0 4151827 4 52.54808 klip3
94 0 145627 5 50.07538 klip3
94 0 2672208 6 50.015213 klip3
94 0 2670794 7 50.015213 klip3
94 0 931614 8 49.32122 klip3
94 0 118129 9 49.27344 klip3
95 0 108555 0 28.122244 klip3
95 0 145692 1 25.949299 klip3
95 0 109444 2 25.920635 klip3
95 0 112750 3 25.19536 klip3
95 0 105495 4 24.588726 klip3
95 0 103631 5 24.287523 klip3
95 0 107475 6 23.910383 klip3
95 0 101111 7 23.374668 klip3
95 0 106171 8 22.866657 klip3
95 0 105136 9 22.831913 klip3
96 0 110266 0 27.186008 klip3
96 0 111287 1 26.397308 klip3
96 0 2680590 2 24.848839 klip3
96 0 2959745 3 24.848839 klip3
96 0 111431 4 24.212177 klip3
96 0 104671 5 24.003159 klip3
96 0 110322 6 23.872276 klip3
96 0 100401 7 23.548779 klip3
96 0 112272 8 23.024118 klip3
96 0 112736 9 22.46841 klip3
97 0 112101 0 35.546185 klip3
97 0 117963 1 31.784147 klip3
97 0 110644 2 28.765278 klip3
97 0 2781925 3 28.193926 klip3
97 0 112090 4 27.409859 klip3
97 0 110992 5 27.37041 klip3
97 0 118463 6 27.148989 klip3
97 0 145663 7 27.113134 klip3
97 0 101436 8 26.942686 klip3
97 0 112538 9 26.864162 klip3
98 0 96837 0 17.606026 klip3
98 0 98615 1 15.532249 klip3
98 0 94052 2 14.82676 klip3
98 0 85604 3 14.639397 klip3
98 0 93917 4 14.505156 klip3
98 0 85609 5 14.423475 klip3
98 0 95701 6 14.408057 klip3
98 0 100283 7 14.280992 klip3
98 0 86077 8 14.223063 klip3
98 0 93271 9 14.217739 klip3
99 0 112267 0 51.014122 klip3
99 0 111884 1 42.340652 klip3
99 0 110552 2 37.040222 klip3
99 0 110578 3 35.163177 klip3
99 0 104883 4 32.373707 klip3
99 0 109673 5 31.09149 klip3
99 0 109569 6 29.43787 klip3
99 0 105252 7 29.294245 klip3
99 0 111695 8 29.19947 klip3
99 0 102981 9 28.924585 klip3
100 0 112267 0 40.858177 klip3
100 0 109633 1 37.5559 klip3
100 0 145787 2 34.3686 klip3
100 0 110552 3 34.349014 klip3
100 0 111290 4 33.949326 klip3
100 0 110368 5 33.68329 klip3
100 0 118470 6 33.13254 klip3
100 0 109065 7 32.988525 klip3
100 0 2676594 8 32.25207 klip3
100 0 625709 9 32.031204 klip3
