1 0 3204919 0 76.205315 klip6
1 0 2649076 1 68.55509 klip6
1 0 4164893 2 66.52364 klip6
1 0 2809767 3 65.33014 klip6
1 0 2811850 4 65.33014 klip6
1 0 3177197 5 61.787106 klip6
1 0 3170730 6 61.651093 klip6
1 0 2781925 7 60.124317 klip6
1 0 149702 8 59.792076 klip6
1 0 3153112 9 59.270092 klip6
2 0 103631 0 67.65753 klip6
2 0 103549 1 59.713154 klip6
2 0 145692 2 58.50011 klip6
2 0 104671 3 57.046455 klip6
2 0 108555 4 54.850933 klip6
2 0 104571 5 52.94217 klip6
2 0 105116 6 51.13289 klip6
2 0 93789 7 49.605503 klip6
2 0 107475 8 48.76169 klip6
2 0 103644 9 48.691097 klip6
3 0 3162143 0 77.63275 klip6
3 0 215496 1 67.161804 klip6
3 0 215694 2 67.161804 klip6
3 0 2959735 3 67.16076 klip6
3 0 118475 4 63.13129 klip6
3 0 145890 5 62.94163 klip6
3 0 130157 6 60.602947 klip6
3 0 118394 7 60.167046 klip6
3 0 2809767 8 59.746384 klip6
3 0 2811850 9 59.746384 klip6
4 0 215694 0 161.72707 klip6
4 0 2959735 1 161.72498 klip6
4 0 215496 2 161.70848 klip6
4 0 3162143 3 136.21576 klip6
4 0 623142 4 133.84955 klip6
4 0 118029 5 132.15407 klip6
4 0 149007 6 117.96027 klip6
4 0 903973 7 104.69979 klip6
4 0 111920 8 91.79339 klip6
4 0 145900 9 90.55784 klip6
5 0 2672209 0 56.648438 klip6
5 0 2657779 1 56.648438 klip6
5 0 110056 2 55.1354 klip6
5 0 145652 3 54.89209 klip6
5 0 1740 4 52.791016 klip6
5 0 110831 5 51.994015 klip6
5 0 183480 6 51.28766 klip6
5 0 118217 7 49.724068 klip6
5 0 109462 8 48.684887 klip6
5 0 109301 9 47.845963 klip6
6 0 110654 0 95.03569 klip6
6 0 110056 1 81.22374 klip6
6 0 183480 2 71.73344 klip6
6 0 117932 3 66.69562 klip6
6 0 111114 4 51.43562 klip6
6 0 3203656 5 51.357155 klip6
6 0 3206414 6 51.357155 klip6
6 0 111258 7 51.156685 klip6
6 0 2811844 8 43.751026 klip6
6 0 2959750 9 43.751026 klip6
7 0 147531 0 39.994335 klip6
7 0 134749 1 38.48663 klip6
7 0 2672535 2 38.478096 klip6
7 0 110932 3 37.989605 klip6
7 0 2678467 4 37.87057 klip6
7 0 2679202 5 37.87057 klip6
7 0 2959746 6 37.87057 klip6
7 0 147530 7 37.829018 klip6
7 0 2655591 8 37.59782 klip6
7 0 219733 9 37.126274 klip6
8 0 134749 0 95.77111 klip6
8 0 112174 1 91.76992 klip6
8 0 145715 2 84.24338 klip6
8 0 145868 3 83.71023 klip6
8 0 112834 4 79.67182 klip6
8 0 147531 5 79.507065 klip6
8 0 2678467 6 77.47259 klip6
8 0 2679202 7 77.47259 klip6
8 0 2959746 8 77.47259 klip6
8 0 112748 9 75.878944 klip6
9 0 2675751 0 84.665474 klip6
9 0 147530 1 72.27412 klip6
9 0 2959741 2 67.69652 klip6
9 0 931616 3 67.69652 klip6
9 0 3212516 4 66.741165 klip6
9 0 118212 5 66.44783 klip6
9 0 111828 6 66.333145 klip6
9 0 802399 7 64.848 klip6
9 0 2655498 8 63.699654 klip6
9 0 145908 9 63.369884 klip6
10 0 111500 0 100.24506 klip6
10 0 118087 1 90.65232 klip6
10 0 112800 2 84.08379 klip6
10 0 147531 3 82.51199 klip6
10 0 112657 4 81.92314 klip6
10 0 112423 5 80.38502 klip6
10 0 118236 6 80.22491 klip6
10 0 134743 7 78.92593 klip6
10 0 145909 8 78.239006 klip6
10 0 118118 9 77.43345 klip6
11 0 2810524 0 62.94732 klip6
11 0 2811846 1 62.94732 klip6
11 0 3197746 2 56.43727 klip6
11 0 213505 3 54.5184 klip6
11 0 2809767 4 51.905277 klip6
11 0 2811850 5 51.905277 klip6
11 0 2812588 6 51.83592 klip6
11 0 219511 7 51.6461 klip6
11 0 219616 8 51.6461 klip6
11 0 2812210 9 51.501595 klip6
12 0 2672535 0 71.11792 klip6
12 0 4155979 1 52.57687 klip6
12 0 3207860 2 52.203762 klip6
12 0 3211503 3 51.37441 klip6
12 0 3216389 4 50.964607 klip6
12 0 108766 5 50.638603 klip6
12 0 4170685 6 50.625614 klip6
12 0 3181025 7 49.915173 klip6
12 0 3197367 8 49.65474 klip6
12 0 4168362 9 48.49643 klip6
13 0 2812588 0 63.897038 klip6
13 0 2642828 1 60.663364 klip6
13 0 802973 2 59.425762 klip6
13 0 803271 3 59.425762 klip6
13 0 2959737 4 59.425762 klip6
13 0 4162111 5 57.36755 klip6
13 0 2959730 6 57.139225 klip6
13 0 145632 7 53.48302 klip6
13 0 150543 8 53.266357 klip6
13 0 2959732 9 53.266357 klip6
14 0 2812588 0 46.374077 klip6
14 0 614392 1 42.64354 klip6
14 0 614485 2 42.64354 klip6
14 0 108730 3 42.472733 klip6
14 0 2153 4 42.316177 klip6
14 0 118296 5 39.13307 klip6
14 0 122258 6 39.088997 klip6
14 0 124715 7 38.884254 klip6
14 0 1921234 8 38.760372 klip6
14 0 107679 9 38.751637 klip6
15 0 2812588 0 114.07807 klip6
15 0 4151822 1 103.87974 klip6
15 0 4171965 2 76.57638 klip6
15 0 2770446 3 73.37633 klip6
15 0 2809767 4 66.853226 klip6
15 0 2811850 5 66.853226 klip6
15 0 2812210 6 66.72843 klip6
15 0 3153112 7 65.72154 klip6
15 0 2812587 8 64.42141 klip6
15 0 2959748 9 64.42141 klip6
16 0 4151822 0 95.87031 klip6
16 0 2812588 1 65.464874 klip6
16 0 2770446 2 61.447685 klip6
16 0 3209687 3 57.03954 klip6
16 0 4162936 4 55.96136 klip6
16 0 4168362 5 54.604496 klip6
16 0 4151826 6 54.415092 klip6
16 0 4172500 7 54.178738 klip6
16 0 145817 8 53.066654 klip6
16 0 4170683 9 53.03721 klip6
17 0 4161362 0 42.288162 klip6
17 0 148484 1 41.973644 klip6
17 0 620566 2 40.444885 klip6
17 0 111122 3 40.122143 klip6
17 0 813289 4 39.637566 klip6
17 0 145865 5 39.439007 klip6
17 0 858288 6 39.329212 klip6
17 0 2670966 7 38.348766 klip6
17 0 145635 8 37.93064 klip6
17 0 2672535 9 37.62554 klip6
18 0 205712 0 106.34354 klip6
18 0 148484 1 89.14215 klip6
18 0 620566 2 77.91723 klip6
18 0 1753 3 75.99518 klip6
18 0 182990 4 75.91856 klip6
18 0 820903 5 70.803085 klip6
18 0 145896 6 70.52019 klip6
18 0 131156 7 70.38804 klip6
18 0 815689 8 69.394806 klip6
18 0 3171723 9 69.33757 klip6
19 0 2654533 0 107.92265 klip6
19 0 2654756 1 107.92265 klip6
19 0 4172500 2 77.92395 klip6
19 0 4151825 3 70.61728 klip6
19 0 2760668 4 68.48492 klip6
19 0 2679558 5 68.03089 klip6
19 0 112808 6 67.509155 klip6
19 0 3203656 7 66.95475 klip6
19 0 3206414 8 66.95475 klip6
19 0 219509 9 66.749855 klip6
20 0 2654533 0 110.800606 klip6
20 0 2654756 1 110.800606 klip6
20 0 4172500 2 80.8665 klip6
20 0 4151825 3 71.12724 klip6
20 0 2760668 4 69.33273 klip6
20 0 219509 5 68.57692 klip6
20 0 2679558 6 65.22222 klip6
20 0 4172499 7 65.034096 klip6
20 0 3203656 8 64.45568 klip6
20 0 3206414 9 64.45568 klip6
21 0 873660 0 104.58895 klip6
21 0 867657 1 89.10672 klip6
21 0 117890 2 88.479866 klip6
21 0 112799 3 86.43498 klip6
21 0 2811845 4 82.841385 klip6
21 0 902267 5 82.317406 klip6
21 0 121159 6 81.63938 klip6
21 0 2659300 7 80.87856 klip6
21 0 4164893 8 80.718994 klip6
21 0 821306 9 80.09608 klip6
22 0 2659300 0 133.74997 klip6
22 0 117890 1 125.715034 klip6
22 0 112799 2 109.92832 klip6
22 0 145829 3 101.84927 klip6
22 0 867657 4 96.27127 klip6
22 0 145925 5 94.37352 klip6
22 0 112774 6 93.49888 klip6
22 0 118081 7 92.244576 klip6
22 0 4164893 8 88.48259 klip6
22 0 121159 9 85.80843 klip6
23 0 2810525 0 63.8971 klip6
23 0 2811847 1 63.8971 klip6
23 0 118449 2 61.42481 klip6
23 0 145738 3 60.11442 klip6
23 0 2801435 4 55.670734 klip6
23 0 218457 5 53.961624 klip6
23 0 145815 6 52.957317 klip6
23 0 4162535 7 52.90374 klip6
23 0 2675750 8 52.018753 klip6
23 0 2657927 9 51.860462 klip6
24 0 1738 0 36.75762 klip6
24 0 145778 1 33.235138 klip6
24 0 2804671 2 30.06711 klip6
24 0 2678133 3 28.432758 klip6
24 0 2810525 4 27.33458 klip6
24 0 2811847 5 27.33458 klip6
24 0 145866 6 26.74676 klip6
24 0 2801435 7 26.370607 klip6
24 0 802408 8 26.063795 klip6
24 0 2790213 9 25.975737 klip6
25 0 112616 0 96.24287 klip6
25 0 2655499 1 66.53098 klip6
25 0 108792 2 57.521748 klip6
25 0 3211503 3 56.444206 klip6
25 0 110318 4 54.92011 klip6
25 0 821305 5 54.294518 klip6
25 0 118021 6 52.087658 klip6
25 0 109043 7 47.514427 klip6
25 0 111495 8 46.865036 klip6
25 0 118215 9 45.588654 klip6
26 0 117872 0 72.729866 klip6
26 0 110915 1 71.057915 klip6
26 0 105698 2 69.76491 klip6
26 0 118070 3 68.60826 klip6
26 0 131163 4 66.94764 klip6
26 0 108792 5 65.9191 klip6
26 0 118026 6 64.679955 klip6
26 0 111056 7 64.58211 klip6
26 0 112616 8 64.279625 klip6
26 0 109919 9 63.653194 klip6
27 0 4157382 0 164.81468 klip6
27 0 4157405 1 164.81468 klip6
27 0 111141 2 83.52311 klip6
27 0 112346 3 81.02676 klip6
27 0 112523 4 69.26202 klip6
27 0 145636 5 57.848705 klip6
27 0 213842 6 57.678787 klip6
27 0 112792 7 57.23033 klip6
27 0 182992 8 56.44373 klip6
27 0 217703 9 55.55773 klip6
28 0 4157382 0 137.21866 klip6
28 0 4157405 1 137.21866 klip6
28 0 112346 2 79.006645 klip6
28 0 111141 3 68.33917 klip6
28 0 213842 4 47.009357 klip6
28 0 182992 5 45.43977 klip6
28 0 118489 6 45.28707 klip6
28 0 620673 7 45.101246 klip6
28 0 145636 8 44.687088 klip6
28 0 112523 9 44.619648 klip6
29 0 4151826 0 32.926453 klip6
29 0 118044 1 31.00638 klip6
29 0 118351 2 30.844675 klip6
29 0 137739 3 30.4848 klip6
29 0 117875 4 30.276323 klip6
29 0 118381 5 30.23104 klip6
29 0 205788 6 30.174467 klip6
29 0 145708 7 29.825993 klip6
29 0 118400 8 29.737768 klip6
29 0 145626 9 28.988146 klip6
30 0 205788 0 100.8835 klip6
30 0 218921 1 83.1738 klip6
30 0 148795 2 80.06912 klip6
30 0 4151826 3 77.594284 klip6
30 0 626206 4 75.059166 klip6
30 0 145841 5 73.73916 klip6
30 0 899483 6 71.86408 klip6
30 0 802770 7 67.65627 klip6
30 0 179213 8 67.299866 klip6
30 0 145761 9 66.971664 klip6
31 0 112744 0 54.31133 klip6
31 0 145925 1 54.02946 klip6
31 0 110561 2 52.363247 klip6
31 0 112486 3 52.3066 klip6
31 0 107895 4 48.098305 klip6
31 0 2681318 5 47.901382 klip6
31 0 145909 6 47.79097 klip6
31 0 2809763 7 47.58449 klip6
31 0 616433 8 46.927055 klip6
31 0 145630 9 46.517242 klip6
32 0 112329 0 69.68997 klip6
32 0 111434 1 68.65801 klip6
32 0 1728 2 68.43155 klip6
32 0 112850 3 65.41261 klip6
32 0 112447 4 62.50966 klip6
32 0 112090 5 60.571762 klip6
32 0 125839 6 59.498398 klip6
32 0 145710 7 57.06116 klip6
32 0 117853 8 56.07674 klip6
32 0 118455 9 54.369904 klip6
33 0 109535 0 59.68384 klip6
33 0 121158 1 59.51112 klip6
33 0 110795 2 59.30075 klip6
33 0 109532 3 58.79338 klip6
33 0 109935 4 57.41957 klip6
33 0 112485 5 57.03951 klip6
33 0 2676594 6 55.209126 klip6
33 0 111863 7 54.739807 klip6
33 0 802973 8 53.839256 klip6
33 0 803271 9 53.839256 klip6
34 0 2676594 0 194.27928 klip6
34 0 2675753 1 189.74236 klip6
34 0 2679204 2 189.74236 klip6
34 0 2809767 3 146.93634 klip6
34 0 2811850 4 146.93634 klip6
34 0 121158 5 94.8649 klip6
34 0 3216389 6 85.041435 klip6
34 0 625710 7 84.46419 klip6
34 0 136994 8 76.64692 klip6
34 0 137727 9 76.52397 klip6
35 0 2768888 0 31.382553 klip6
35 0 218927 1 29.762766 klip6
35 0 821306 2 29.48058 klip6
35 0 205203 3 28.80416 klip6
35 0 94443 4 28.787577 klip6
35 0 118025 5 27.670862 klip6
35 0 99892 6 27.65586 klip6
35 0 4104821 7 27.10114 klip6
35 0 102062 8 26.441917 klip6
35 0 2359 9 26.107122 klip6
36 0 118238 0 66.843895 klip6
36 0 118319 1 64.226395 klip6
36 0 902769 2 62.663628 klip6
36 0 218927 3 59.39199 klip6
36 0 118142 4 59.250385 klip6
36 0 118329 5 59.19476 klip6
36 0 3177197 6 58.07102 klip6
36 0 3170730 7 57.913353 klip6
36 0 821306 8 56.598473 klip6
36 0 109923 9 56.221443 klip6
37 0 4151829 0 51.345432 klip6
37 0 110742 1 48.696888 klip6
37 0 110774 2 48.326187 klip6
37 0 121168 3 47.44524 klip6
37 0 118269 4 46.75575 klip6
37 0 112133 5 46.717102 klip6
37 0 106658 6 46.393333 klip6
37 0 145731 7 46.272842 klip6
37 0 103870 8 45.906555 klip6
37 0 145629 9 45.310665 klip6
38 0 145855 0 94.20262 klip6
38 0 145731 1 86.58429 klip6
38 0 4151829 2 84.29493 klip6
38 0 118269 3 72.480736 klip6
38 0 1993216 4 66.12393 klip6
38 0 111982 5 61.470318 klip6
38 0 110774 6 60.620193 klip6
38 0 112910 7 58.03689 klip6
38 0 111420 8 57.32679 klip6
38 0 112292 9 56.826767 klip6
39 0 112568 0 68.16427 klip6
39 0 118457 1 60.2574 klip6
39 0 112420 2 59.484688 klip6
39 0 111432 3 55.526287 klip6
39 0 621044 4 53.63928 klip6
39 0 621090 5 53.63928 klip6
39 0 2959739 6 53.63928 klip6
39 0 2674861 7 51.528553 klip6
39 0 2675754 8 51.528553 klip6
39 0 2959744 9 51.056644 klip6
40 0 105200 0 87.902306 klip6
40 0 621044 1 83.42547 klip6
40 0 621090 2 83.42547 klip6
40 0 2959739 3 83.42547 klip6
40 0 122254 4 75.62653 klip6
40 0 1731 5 74.10562 klip6
40 0 118457 6 73.41889 klip6
40 0 108818 7 72.46159 klip6
40 0 2674861 8 72.29831 klip6
40 0 2675754 9 72.29831 klip6
41 0 112924 0 95.08477 klip6
41 0 2810525 1 86.344604 klip6
41 0 2811847 2 86.344604 klip6
41 0 111198 3 79.79662 klip6
41 0 2654533 4 78.4914 klip6
41 0 2654756 5 78.4914 klip6
41 0 111891 6 73.514824 klip6
41 0 112585 7 73.0248 klip6
41 0 112731 8 72.39944 klip6
41 0 110132 9 70.70878 klip6
42 0 2654533 0 96.20519 klip6
42 0 2654756 1 96.20519 klip6
42 0 112585 2 95.387535 klip6
42 0 111891 3 89.262794 klip6
42 0 111198 4 88.26235 klip6
42 0 112924 5 88.25521 klip6
42 0 110132 6 88.161766 klip6
42 0 109186 7 83.931335 klip6
42 0 109352 8 80.57571 klip6
42 0 145121 9 79.04671 klip6
43 0 2680590 0 65.13913 klip6
43 0 2959745 1 65.13913 klip6
43 0 112305 2 61.10963 klip6
43 0 112920 3 58.251873 klip6
43 0 121170 4 48.68099 klip6
43 0 110904 5 48.544746 klip6
43 0 105018 6 47.421593 klip6
43 0 107783 7 46.562984 klip6
43 0 118148 8 46.38818 klip6
43 0 110729 9 45.70334 klip6
44 0 92563 0 23.759182 klip6
44 0 108965 1 21.561066 klip6
44 0 131143 2 20.218786 klip6
44 0 99616 3 20.102308 klip6
44 0 93723 4 20.0854 klip6
44 0 87930 5 19.875189 klip6
44 0 1087909 6 19.85697 klip6
44 0 104318 7 19.85697 klip6
44 0 86932 8 19.72957 klip6
44 0 110232 9 19.70576 klip6
45 0 3204917 0 112.13507 klip6
45 0 800568 1 91.010254 klip6
45 0 866024 2 89.498985 klip6
45 0 858802 3 89.498985 klip6
45 0 145861 4 88.89315 klip6
45 0 145903 5 83.91566 klip6
45 0 145772 6 83.55434 klip6
45 0 150542 7 82.98088 klip6
45 0 2808291 8 82.37889 klip6
45 0 626207 9 81.73253 klip6
46 0 866024 0 197.29947 klip6
46 0 858802 1 197.29947 klip6
46 0 903971 2 124.65404 klip6
46 0 2959742 3 124.65404 klip6
46 0 623145 4 115.77697 klip6
46 0 2804673 5 114.8368 klip6
46 0 145764 6 111.257034 klip6
46 0 2657927 7 107.09935 klip6
46 0 3204917 8 106.99727 klip6
46 0 3216388 9 102.3834 klip6
47 0 2674861 0 101.719894 klip6
47 0 2675754 1 101.719894 klip6
47 0 2771250 2 52.373253 klip6
47 0 626207 3 50.96217 klip6
47 0 2790213 4 50.95959 klip6
47 0 625711 5 50.002518 klip6
47 0 2678133 6 49.921925 klip6
47 0 148483 7 49.8615 klip6
47 0 2795703 8 49.746906 klip6
47 0 2797292 9 49.746906 klip6
48 0 2674861 0 89.93773 klip6
48 0 2675754 1 89.93773 klip6
48 0 2803251 2 51.860043 klip6
48 0 2646093 3 49.739643 klip6
48 0 103019 4 47.5863 klip6
48 0 625711 5 45.61355 klip6
48 0 3195890 6 45.27818 klip6
48 0 205316 7 44.79097 klip6
48 0 96612 8 44.530087 klip6
48 0 182992 9 44.12838 klip6
49 0 2810525 0 60.559456 klip6
49 0 2811847 1 60.559456 klip6
49 0 4162535 2 54.54306 klip6
49 0 3153112 3 45.49488 klip6
49 0 4151826 4 41.9224 klip6
49 0 2809767 5 41.223236 klip6
49 0 2811850 6 41.223236 klip6
49 0 2812210 7 40.95591 klip6
49 0 2811845 8 40.6401 klip6
49 0 2801435 9 40.579224 klip6
50 0 3153112 0 88.72907 klip6
50 0 4162535 1 79.07976 klip6
50 0 2810525 2 61.533497 klip6
50 0 2811847 3 61.533497 klip6
50 0 3181025 4 45.317932 klip6
50 0 4151826 5 45.19743 klip6
50 0 2809767 6 43.178352 klip6
50 0 2811850 7 43.178352 klip6
50 0 2801435 8 42.95407 klip6
50 0 2804672 9 42.60853 klip6
51 0 112770 0 59.772434 klip6
51 0 616433 1 50.158604 klip6
51 0 2812589 2 40.82832 klip6
51 0 2959749 3 40.82832 klip6
51 0 78783 4 40.65743 klip6
51 0 109715 5 40.61652 klip6
51 0 213842 6 40.182537 klip6
51 0 1753 7 39.696426 klip6
51 0 873668 8 38.800945 klip6
51 0 142898 9 38.37762 klip6
52 0 112770 0 43.233963 klip6
52 0 112931 1 39.294823 klip6
52 0 90478 2 35.27146 klip6
52 0 103302 3 35.17803 klip6
52 0 103145 4 34.912308 klip6
52 0 112243 5 34.630093 klip6
52 0 95391 6 33.52137 klip6
52 0 103411 7 33.063076 klip6
52 0 98744 8 33.038425 klip6
52 0 103439 9 33.03238 klip6
53 0 799985 0 76.80001 klip6
53 0 2771250 1 64.93204 klip6
53 0 2808291 2 61.83167 klip6
53 0 145792 3 59.82415 klip6
53 0 145647 4 57.685055 klip6
53 0 145664 5 56.59899 klip6
53 0 148483 6 56.12204 klip6
53 0 145807 7 53.2814 klip6
53 0 145635 8 52.97368 klip6
53 0 2655591 9 52.750298 klip6
54 0 872994 0 104.31706 klip6
54 0 811778 1 90.951965 klip6
54 0 943668 2 79.8917 klip6
54 0 931123 3 76.79235 klip6
54 0 625711 4 73.43767 klip6
54 0 811777 5 70.39442 klip6
54 0 2808291 6 62.02526 klip6
54 0 620566 7 59.441257 klip6
54 0 2655591 8 59.302223 klip6
54 0 2676594 9 58.619896 klip6
55 0 4154603 0 118.68232 klip6
55 0 118269 1 92.58433 klip6
55 0 145855 2 90.90185 klip6
55 0 145731 3 85.89453 klip6
55 0 145629 4 79.855644 klip6
55 0 111261 5 77.74823 klip6
55 0 110774 6 74.769394 klip6
55 0 112910 7 74.08433 klip6
55 0 111420 8 68.73021 klip6
55 0 111982 9 66.293465 klip6
56 0 4154603 0 168.3595 klip6
56 0 118269 1 125.80178 klip6
56 0 145731 2 113.32844 klip6
56 0 112910 3 111.41448 klip6
56 0 110774 4 103.65414 klip6
56 0 111261 5 101.37708 klip6
56 0 145855 6 99.451996 klip6
56 0 145629 7 97.84725 klip6
56 0 111420 8 93.18104 klip6
56 0 1993216 9 90.52668 klip6
57 0 867644 0 64.90497 klip6
57 0 145815 1 61.20468 klip6
57 0 122254 2 60.31253 klip6
57 0 800569 3 60.18131 klip6
57 0 815320 4 59.84797 klip6
57 0 118224 5 59.74442 klip6
57 0 2959744 6 59.52523 klip6
57 0 855518 7 59.52523 klip6
57 0 802408 8 59.10592 klip6
57 0 118364 9 58.565098 klip6
58 0 145735 0 73.73361 klip6
58 0 217702 1 56.148563 klip6
58 0 145800 2 55.928253 klip6
58 0 2671725 3 55.11259 klip6
58 0 2672207 4 55.11259 klip6
58 0 106179 5 54.67025 klip6
58 0 108547 6 53.56569 klip6
58 0 4104822 7 49.908554 klip6
58 0 3181481 8 49.76137 klip6
58 0 902772 9 49.7372 klip6
59 0 2788983 0 209.8851 klip6
59 0 4170685 1 187.27385 klip6
59 0 145627 2 157.172 klip6
59 0 118037 3 156.50084 klip6
59 0 118129 4 153.21425 klip6
59 0 117968 5 150.75146 klip6
59 0 1087691 6 146.1541 klip6
59 0 118040 7 145.38232 klip6
59 0 118422 8 137.12056 klip6
59 0 3195891 9 129.90378 klip6
60 0 3195891 0 181.429 klip6
60 0 2788983 1 168.62755 klip6
60 0 4170685 2 158.53351 klip6
60 0 145627 3 145.87831 klip6
60 0 118129 4 136.11005 klip6
60 0 110980 5 130.95338 klip6
60 0 111737 6 127.61228 klip6
60 0 117968 7 122.624115 klip6
60 0 130158 8 121.58247 klip6
60 0 118334 9 120.84676 klip6
61 0 145743 0 106.308136 klip6
61 0 2812210 1 103.96443 klip6
61 0 145923 2 100.92051 klip6
61 0 218457 3 91.18585 klip6
61 0 1732 4 82.279976 klip6
61 0 112854 5 79.97255 klip6
61 0 3195092 6 79.092384 klip6
61 0 219815 7 78.31945 klip6
61 0 2657927 8 77.77503 klip6
61 0 145815 9 75.864 klip6
62 0 2812210 0 57.599403 klip6
62 0 110661 1 50.10032 klip6
62 0 109846 2 46.050728 klip6
62 0 118299 3 44.977722 klip6
62 0 110926 4 43.123146 klip6
62 0 117875 5 41.870014 klip6
62 0 109077 6 40.10374 klip6
62 0 108348 7 39.862183 klip6
62 0 118240 8 39.03822 klip6
62 0 111877 9 38.510185 klip6
63 0 2812589 0 49.10837 klip6
63 0 2959749 1 49.10837 klip6
63 0 118148 2 48.49181 klip6
63 0 117935 3 44.993637 klip6
63 0 3191119 4 44.534027 klip6
63 0 118318 5 43.85991 klip6
63 0 118011 6 43.43313 klip6
63 0 112803 7 42.169495 klip6
63 0 146552 8 41.955406 klip6
63 0 2784695 9 41.25857 klip6
64 0 3205768 0 62.188034 klip6
64 0 3205767 1 59.101498 klip6
64 0 2809766 2 57.808186 klip6
64 0 2811849 3 57.808186 klip6
64 0 4151827 4 57.079727 klip6
64 0 2758568 5 55.689465 klip6
64 0 4170685 6 54.108204 klip6
64 0 2788983 7 52.59383 klip6
64 0 110645 8 51.424114 klip6
64 0 3214775 9 51.058502 klip6
65 0 118123 0 127.2399 klip6
65 0 150540 1 75.91873 klip6
65 0 3211501 2 73.610374 klip6
65 0 110645 3 72.64149 klip6
65 0 4151825 4 67.38399 klip6
65 0 3199502 5 67.34362 klip6
65 0 111051 6 66.33437 klip6
65 0 106622 7 66.067566 klip6
65 0 112732 8 65.50032 klip6
65 0 109292 9 64.51106 klip6
66 0 3211501 0 143.1372 klip6
66 0 145867 1 118.278336 klip6
66 0 4151827 2 101.45304 klip6
66 0 118123 3 98.985794 klip6
66 0 3214775 4 95.94039 klip6
66 0 150540 5 93.47179 klip6
66 0 3213872 6 91.76375 klip6
66 0 3216389 7 91.021194 klip6
66 0 3212516 8 90.85461 klip6
66 0 3214780 9 88.479416 klip6
67 0 145800 0 140.56041 klip6
67 0 867645 1 121.616776 klip6
67 0 103675 2 77.51597 klip6
67 0 103721 3 60.981304 klip6
67 0 103966 4 59.161095 klip6
67 0 104522 5 58.54575 klip6
67 0 103678 6 58.119568 klip6
67 0 104098 7 57.86795 klip6
67 0 106757 8 56.737617 klip6
67 0 105131 9 54.11465 klip6
68 0 145800 0 122.2715 klip6
68 0 867645 1 91.56503 klip6
68 0 97893 2 66.12508 klip6
68 0 88704 3 62.646835 klip6
68 0 103093 4 59.00394 klip6
68 0 103675 5 57.00475 klip6
68 0 94177 6 54.96401 klip6
68 0 103678 7 54.779797 klip6
68 0 92402 8 54.774242 klip6
68 0 111139 9 53.85437 klip6
69 0 3214778 0 77.31764 klip6
69 0 149289 1 74.5902 klip6
69 0 117859 2 71.77552 klip6
69 0 111709 3 71.414986 klip6
69 0 110996 4 70.72398 klip6
69 0 149006 5 67.3654 klip6
69 0 112820 6 67.05608 klip6
69 0 2959743 7 66.801186 klip6
69 0 858289 8 66.801186 klip6
69 0 4172500 9 66.15108 klip6
70 0 149289 0 80.57879 klip6
70 0 3214778 1 80.33341 klip6
70 0 931120 2 80.04148 klip6
70 0 2959743 3 75.145 klip6
70 0 858289 4 75.145 klip6
70 0 821306 5 73.84311 klip6
70 0 2676594 6 72.63404 klip6
70 0 931121 7 72.62707 klip6
70 0 2676593 8 72.14066 klip6
70 0 149006 9 71.00622 klip6
71 0 145121 0 89.66496 klip6
71 0 112914 1 84.13675 klip6
71 0 3189783 2 77.80291 klip6
71 0 118052 3 74.16761 klip6
71 0 118287 4 72.24487 klip6
71 0 112904 5 71.64241 klip6
71 0 118005 6 70.69489 klip6
71 0 2654533 7 67.58248 klip6
71 0 2654756 8 67.58248 klip6
71 0 112615 9 65.52895 klip6
72 0 145121 0 88.054184 klip6
72 0 118052 1 85.85293 klip6
72 0 112914 2 83.95596 klip6
72 0 3189783 3 81.68505 klip6
72 0 112904 4 79.89696 klip6
72 0 118005 5 77.69941 klip6
72 0 118234 6 74.857445 klip6
72 0 112615 7 68.76296 klip6
72 0 2654533 8 67.68914 klip6
72 0 2654756 9 67.68914 klip6
73 0 2804674 0 48.55152 klip6
73 0 110692 1 46.93876 klip6
73 0 145624 2 45.713646 klip6
73 0 868383 3 45.521763 klip6
73 0 1087954 4 44.346992 klip6
73 0 109931 5 43.75802 klip6
73 0 112573 6 43.604847 klip6
73 0 118043 7 43.407116 klip6
73 0 111318 8 42.74231 klip6
73 0 111425 9 42.3821 klip6
74 0 2804674 0 65.82794 klip6
74 0 107904 1 63.991608 klip6
74 0 109284 2 59.97574 klip6
74 0 112774 3 56.55106 klip6
74 0 2675749 4 53.54277 klip6
74 0 127908 5 50.047516 klip6
74 0 111245 6 46.107616 klip6
74 0 108616 7 45.57103 klip6
74 0 111755 8 44.191048 klip6
74 0 111596 9 43.759426 klip6
75 0 103554 0 59.224052 klip6
75 0 867657 1 58.432484 klip6
75 0 86460 2 56.91727 klip6
75 0 92916 3 55.771515 klip6
75 0 101254 4 55.05864 klip6
75 0 802770 5 54.94471 klip6
75 0 145718 6 54.61122 klip6
75 0 2674861 7 53.7953 klip6
75 0 2675754 8 53.7953 klip6
75 0 2681317 9 53.588795 klip6
76 0 2679833 0 69.02275 klip6
76 0 2680440 1 69.02275 klip6
76 0 108900 2 67.737144 klip6
76 0 150540 3 63.367065 klip6
76 0 110964 4 62.780685 klip6
76 0 821306 5 62.676872 klip6
76 0 3203656 6 62.00163 klip6
76 0 3206414 7 62.00163 klip6
76 0 118298 8 61.6323 klip6
76 0 2670966 9 61.29499 klip6
77 0 2812588 0 91.91125 klip6
77 0 145817 1 85.70243 klip6
77 0 134747 2 78.5217 klip6
77 0 2770446 3 78.2919 klip6
77 0 4151822 4 77.512375 klip6
77 0 145902 5 74.07672 klip6
77 0 111029 6 73.06964 klip6
77 0 112726 7 66.68426 klip6
77 0 106451 8 62.880833 klip6
77 0 145647 9 62.731525 klip6
78 0 2812588 0 42.917618 klip6
78 0 799976 1 38.819107 klip6
78 0 105155 2 37.53575 klip6
78 0 117899 3 37.01228 klip6
78 0 145632 4 36.699284 klip6
78 0 111717 5 36.615017 klip6
78 0 4162111 6 35.935966 klip6
78 0 104784 7 34.821926 klip6
78 0 111271 8 34.62953 klip6
78 0 118022 9 34.37611 klip6
79 0 111009 0 117.64277 klip6
79 0 118143 1 108.027954 klip6
79 0 111470 2 100.127846 klip6
79 0 110221 3 72.289116 klip6
79 0 2680438 4 57.2788 klip6
79 0 118513 5 55.12298 klip6
79 0 111964 6 52.311607 klip6
79 0 118375 7 52.1813 klip6
79 0 99248 8 48.141098 klip6
79 0 96295 9 48.002617 klip6
80 0 118143 0 97.72474 klip6
80 0 111470 1 97.28174 klip6
80 0 111009 2 96.794205 klip6
80 0 106328 3 66.54923 klip6
80 0 145859 4 66.15547 klip6
80 0 110221 5 66.04716 klip6
80 0 2680438 6 61.615345 klip6
80 0 108426 7 61.535995 klip6
80 0 2672210 8 60.680496 klip6
80 0 2654755 9 60.680496 klip6
81 0 148484 0 73.49801 klip6
81 0 122253 1 51.17969 klip6
81 0 112440 2 50.560673 klip6
81 0 118445 3 45.510513 klip6
81 0 799981 4 37.442776 klip6
81 0 112616 5 36.84331 klip6
81 0 117841 6 36.040005 klip6
81 0 127900 7 35.921852 klip6
81 0 121157 8 35.839188 klip6
81 0 112867 9 35.249023 klip6
82 0 1726 0 74.85707 klip6
82 0 127900 1 71.22809 klip6
82 0 2803250 2 69.8258 klip6
82 0 118368 3 68.81898 klip6
82 0 216735 4 65.02023 klip6
82 0 216806 5 65.02023 klip6
82 0 799981 6 61.52578 klip6
82 0 145865 7 60.933445 klip6
82 0 112305 8 56.764477 klip6
82 0 118126 9 55.88394 klip6
83 0 145859 0 100.85384 klip6
83 0 112922 1 71.277794 klip6
83 0 137746 2 63.781857 klip6
83 0 110289 3 62.410183 klip6
83 0 145870 4 61.332653 klip6
83 0 109894 5 60.301323 klip6
83 0 111194 6 59.767498 klip6
83 0 111286 7 59.54323 klip6
83 0 111103 8 59.32072 klip6
83 0 111246 9 59.251225 klip6
84 0 145859 0 100.0264 klip6
84 0 112922 1 84.29245 klip6
84 0 107293 2 74.38977 klip6
84 0 800858 3 73.75752 klip6
84 0 111151 4 71.81836 klip6
84 0 109895 5 69.96158 klip6
84 0 110681 6 68.08712 klip6
84 0 109893 7 67.77142 klip6
84 0 107980 8 67.354935 klip6
84 0 109200 9 66.704605 klip6
85 0 2959737 0 132.31157 klip6
85 0 802973 1 131.58723 klip6
85 0 803271 2 131.58723 klip6
85 0 3171724 3 90.56056 klip6
85 0 3177199 4 90.56056 klip6
85 0 3177200 5 90.56056 klip6
85 0 150543 6 81.21259 klip6
85 0 2959732 7 81.21259 klip6
85 0 146553 8 80.6086 klip6
85 0 146790 9 80.6086 klip6
86 0 3171724 0 74.11811 klip6
86 0 3177199 1 74.11811 klip6
86 0 3177200 2 74.11811 klip6
86 0 802973 3 72.29483 klip6
86 0 803271 4 72.29483 klip6
86 0 2959737 5 72.29483 klip6
86 0 3205766 6 68.71087 klip6
86 0 150543 7 67.891815 klip6
86 0 2959732 8 67.891815 klip6
86 0 146553 9 67.28085 klip6
87 0 143378 0 35.68789 klip6
87 0 111170 1 34.45913 klip6
87 0 112807 2 32.912537 klip6
87 0 148483 3 29.195343 klip6
87 0 111182 4 29.093225 klip6
87 0 1088038 5 28.383345 klip6
87 0 110760 6 28.154749 klip6
87 0 111885 7 28.152544 klip6
87 0 4151830 8 28.095732 klip6
87 0 2771250 9 28.056246 klip6
88 0 182992 0 83.94088 klip6
88 0 182991 1 77.42364 klip6
88 0 2654277 2 76.57629 klip6
88 0 145897 3 76.22706 klip6
88 0 111170 4 72.56435 klip6
88 0 149653 5 70.61259 klip6
88 0 625832 6 68.64987 klip6
88 0 626055 7 68.64987 klip6
88 0 112807 8 66.42161 klip6
88 0 118339 9 65.45838 klip6
89 0 4151822 0 157.81747 klip6
89 0 2770446 1 141.06334 klip6
89 0 2812588 2 137.20459 klip6
89 0 4162110 3 99.791145 klip6
89 0 145817 4 79.48844 klip6
89 0 145647 5 78.95822 klip6
89 0 134747 6 70.93813 klip6
89 0 145722 7 60.13703 klip6
89 0 145954 8 57.531013 klip6
89 0 931124 9 54.246704 klip6
90 0 4151822 0 159.64359 klip6
90 0 2812588 1 156.78758 klip6
90 0 2770446 2 133.59999 klip6
90 0 4162110 3 91.341194 klip6
90 0 145817 4 84.70036 klip6
90 0 2654534 5 83.1032 klip6
90 0 134747 6 82.1307 klip6
90 0 111029 7 79.682144 klip6
90 0 626454 8 79.10032 klip6
90 0 118054 9 78.593704 klip6
91 0 3212514 0 201.08107 klip6
91 0 145782 1 92.03046 klip6
91 0 109857 2 87.78705 klip6
91 0 112439 3 79.14613 klip6
91 0 134732 4 78.41785 klip6
91 0 111278 5 77.57244 klip6
91 0 219097 6 72.36954 klip6
91 0 110249 7 69.96234 klip6
91 0 1087959 8 69.8332 klip6
91 0 118507 9 69.820145 klip6
92 0 3212514 0 196.40729 klip6
92 0 110249 1 101.430466 klip6
92 0 1087959 2 93.366646 klip6
92 0 118507 3 89.31139 klip6
92 0 109857 4 85.76245 klip6
92 0 111278 5 78.22751 klip6
92 0 134732 6 77.16557 klip6
92 0 112439 7 76.59558 klip6
92 0 110213 8 74.46515 klip6
92 0 134725 9 71.73357 klip6
93 0 145901 0 147.16942 klip6
93 0 117874 1 133.33534 klip6
93 0 130158 2 130.1089 klip6
93 0 118334 3 128.62767 klip6
93 0 112905 4 127.818436 klip6
93 0 118129 5 127.52712 klip6
93 0 145627 6 123.92163 klip6
93 0 112824 7 123.19706 klip6
93 0 118107 8 123.093636 klip6
93 0 2788983 9 120.95395 klip6
94 0 931614 0 145.80722 klip6
94 0 145901 1 144.6585 klip6
94 0 2788983 2 126.1855 klip6
94 0 117874 3 123.936104 klip6
94 0 118129 4 119.55178 klip6
94 0 4151827 5 118.579926 klip6
94 0 145627 6 114.92897 klip6
94 0 3195891 7 114.80516 klip6
94 0 111736 8 114.20907 klip6
94 0 130158 9 110.51026 klip6
95 0 108555 0 69.412094 klip6
95 0 105495 1 66.52967 klip6
95 0 107232 2 61.492634 klip6
95 0 107475 3 57.996426 klip6
95 0 109444 4 52.76081 klip6
95 0 106171 5 51.80658 klip6
95 0 103631 6 49.43968 klip6
95 0 112750 7 47.7863 klip6
95 0 145692 8 45.767086 klip6
95 0 106073 9 44.86745 klip6
96 0 108555 0 78.59795 klip6
96 0 103631 1 72.09571 klip6
96 0 92746 2 60.067448 klip6
96 0 92705 3 51.599804 klip6
96 0 96850 4 50.09087 klip6
96 0 96542 5 49.85344 klip6
96 0 2680590 6 49.816456 klip6
96 0 2959745 7 49.816456 klip6
96 0 93739 8 49.290565 klip6
96 0 93395 9 49.192585 klip6
97 0 112101 0 94.82425 klip6
97 0 111922 1 65.15491 klip6
97 0 117959 2 44.6505 klip6
97 0 820748 3 38.21361 klip6
97 0 2655597 4 38.080097 klip6
97 0 145854 5 37.74497 klip6
97 0 102187 6 37.117523 klip6
97 0 117963 7 35.722584 klip6
97 0 121162 8 35.4934 klip6
97 0 112247 9 35.217438 klip6
98 0 118467 0 27.700304 klip6
98 0 2655591 1 26.384827 klip6
98 0 134732 2 25.390236 klip6
98 0 145804 3 24.952118 klip6
98 0 117902 4 24.52867 klip6
98 0 145903 5 24.51288 klip6
98 0 2676593 6 24.135761 klip6
98 0 2811845 7 23.990181 klip6
98 0 145822 8 23.751438 klip6
98 0 110996 9 23.705462 klip6
99 0 112267 0 99.06109 klip6
99 0 111884 1 69.26964 klip6
99 0 110552 2 58.770638 klip6
99 0 112723 3 51.406147 klip6
99 0 109976 4 45.8286 klip6
99 0 110578 5 45.43572 klip6
99 0 145914 6 44.99319 klip6
99 0 109673 7 44.78508 klip6
99 0 118121 8 42.157814 klip6
99 0 102981 9 41.99199 klip6
100 0 112267 0 108.73023 klip6
100 0 110552 1 90.34311 klip6
100 0 102981 2 77.40044 klip6
100 0 109633 3 75.5639 klip6
100 0 110098 4 75.00552 klip6
100 0 111884 5 72.7492 klip6
100 0 111886 6 72.32753 klip6
100 0 104524 7 71.38773 klip6
100 0 108980 8 69.88225 klip6
100 0 109673 9 69.47441 klip6
