1 0 3204919 0 67.00922 klip5
1 0 2809767 1 55.3642 klip5
1 0 2811850 2 55.3642 klip5
1 0 4164893 3 53.763588 klip5
1 0 2649076 4 52.523785 klip5
1 0 3153112 5 51.8962 klip5
1 0 2781925 6 51.69543 klip5
1 0 3177197 7 51.45575 klip5
1 0 3170730 8 51.319733 klip5
1 0 4170685 9 50.146687 klip5
2 0 103631 0 59.11931 klip5
2 0 103549 1 49.66062 klip5
2 0 145692 2 49.368362 klip5
2 0 104671 3 47.961002 klip5
2 0 108555 4 46.177025 klip5
2 0 104571 5 43.628292 klip5
2 0 105116 6 42.86918 klip5
2 0 107475 7 42.13329 klip5
2 0 104673 8 40.752167 klip5
2 0 103644 9 40.411083 klip5
3 0 3162143 0 58.18971 klip5
3 0 2809767 1 50.25703 klip5
3 0 2811850 2 50.25703 klip5
3 0 2959735 3 46.69105 klip5
3 0 215496 4 46.69105 klip5
3 0 215694 5 46.69105 klip5
3 0 2801435 6 46.477173 klip5
3 0 868383 7 46.465305 klip5
3 0 2810524 8 45.149124 klip5
3 0 2811846 9 45.149124 klip5
4 0 2959735 0 118.05562 klip5
4 0 215694 1 118.05562 klip5
4 0 215496 2 118.03704 klip5
4 0 3162143 3 102.81261 klip5
4 0 623142 4 98.77607 klip5
4 0 118029 5 97.26909 klip5
4 0 149007 6 78.84912 klip5
4 0 903973 7 71.47162 klip5
4 0 117892 8 59.755432 klip5
4 0 812450 9 59.6152 klip5
5 0 2672209 0 47.782223 klip5
5 0 2657779 1 47.782223 klip5
5 0 1740 2 47.158722 klip5
5 0 145652 3 44.202614 klip5
5 0 2670966 4 40.997925 klip5
5 0 112708 5 40.772163 klip5
5 0 110831 6 40.382175 klip5
5 0 118501 7 39.602943 klip5
5 0 117900 8 38.8649 klip5
5 0 118037 9 38.245594 klip5
6 0 110654 0 54.095245 klip5
6 0 117932 1 47.66948 klip5
6 0 110056 2 46.498882 klip5
6 0 183480 3 42.32008 klip5
6 0 3203656 4 36.705444 klip5
6 0 3206414 5 36.705444 klip5
6 0 108449 6 36.690426 klip5
6 0 111258 7 35.780403 klip5
6 0 108702 8 34.80041 klip5
6 0 109924 9 33.81841 klip5
7 0 130162 0 29.888292 klip5
7 0 2676593 1 29.14389 klip5
7 0 219733 2 28.761272 klip5
7 0 220342 3 28.761272 klip5
7 0 801976 4 28.163048 klip5
7 0 815320 5 28.048122 klip5
7 0 2809767 6 27.862186 klip5
7 0 2811850 7 27.862186 klip5
7 0 110315 8 27.846819 klip5
7 0 145634 9 27.74686 klip5
8 0 134749 0 76.28687 klip5
8 0 112174 1 73.24174 klip5
8 0 145868 2 66.01975 klip5
8 0 145715 3 64.83364 klip5
8 0 112834 4 62.016956 klip5
8 0 147531 5 61.35307 klip5
8 0 2678467 6 59.26134 klip5
8 0 2679202 7 59.26134 klip5
8 0 2959746 8 59.26134 klip5
8 0 112748 9 57.8016 klip5
9 0 3212516 0 57.131847 klip5
9 0 145790 1 51.94319 klip5
9 0 2758569 2 51.633965 klip5
9 0 2655498 3 51.58483 klip5
9 0 147530 4 51.01498 klip5
9 0 106935 5 50.346947 klip5
9 0 108092 6 49.607548 klip5
9 0 2675751 7 48.783157 klip5
9 0 108380 8 48.341984 klip5
9 0 107484 9 48.16721 klip5
10 0 118087 0 77.148285 klip5
10 0 111500 1 71.83039 klip5
10 0 147531 2 64.1312 klip5
10 0 112657 3 63.69497 klip5
10 0 112423 4 61.0242 klip5
10 0 110753 5 60.502205 klip5
10 0 118236 6 60.217308 klip5
10 0 112800 7 59.23464 klip5
10 0 118226 8 58.41341 klip5
10 0 134743 9 58.37053 klip5
11 0 2810524 0 48.68532 klip5
11 0 2811846 1 48.68532 klip5
11 0 2812588 2 41.616535 klip5
11 0 217512 3 41.09528 klip5
11 0 2670966 4 39.925514 klip5
11 0 3197746 5 38.86196 klip5
11 0 802770 6 38.372078 klip5
11 0 213505 7 37.99072 klip5
11 0 2959730 8 37.83745 klip5
11 0 219511 9 37.508045 klip5
12 0 2672535 0 54.93162 klip5
12 0 4155979 1 43.254433 klip5
12 0 3216389 2 42.269283 klip5
12 0 108766 3 41.108864 klip5
12 0 3216388 4 39.3082 klip5
12 0 3205768 5 39.125282 klip5
12 0 3207860 6 38.808037 klip5
12 0 3204917 7 38.225525 klip5
12 0 3217422 8 37.912704 klip5
12 0 3181025 9 37.908672 klip5
13 0 2642828 0 45.655857 klip5
13 0 2812588 1 45.070606 klip5
13 0 4162111 2 43.095364 klip5
13 0 802973 3 41.780804 klip5
13 0 803271 4 41.780804 klip5
13 0 2959737 5 41.780804 klip5
13 0 145632 6 41.749813 klip5
13 0 2959730 7 40.92093 klip5
13 0 150543 8 35.820213 klip5
13 0 2959732 9 35.820213 klip5
14 0 108730 0 33.101707 klip5
14 0 2812588 1 32.5644 klip5
14 0 117942 2 31.40467 klip5
14 0 2620704 3 30.976746 klip5
14 0 2659301 4 30.183067 klip5
14 0 2153 5 30.092237 klip5
14 0 2670965 6 30.03445 klip5
14 0 118447 7 29.76894 klip5
14 0 2742710 8 29.724005 klip5
14 0 148483 9 29.688747 klip5
15 0 2812588 0 95.895195 klip5
15 0 4151822 1 92.5087 klip5
15 0 4171965 2 67.232216 klip5
15 0 2770446 3 64.772 klip5
15 0 4155979 4 57.07925 klip5
15 0 3153112 5 56.999355 klip5
15 0 2812210 6 56.12655 klip5
15 0 2812587 7 55.982628 klip5
15 0 2959748 8 55.982628 klip5
15 0 4162535 9 55.32556 klip5
16 0 4151822 0 65.04542 klip5
16 0 2812588 1 46.298386 klip5
16 0 145817 2 41.864674 klip5
16 0 2770446 3 41.561924 klip5
16 0 4170683 4 40.894318 klip5
16 0 4155979 5 40.54471 klip5
16 0 815320 6 40.14468 klip5
16 0 4151830 7 39.553093 klip5
16 0 4157405 8 39.527916 klip5
16 0 4172500 9 39.178913 klip5
17 0 4161362 0 36.280277 klip5
17 0 620566 1 35.936 klip5
17 0 813289 2 35.406418 klip5
17 0 148484 3 35.3934 klip5
17 0 111122 4 34.02985 klip5
17 0 145865 5 33.315907 klip5
17 0 145635 6 32.976227 klip5
17 0 820895 7 32.901928 klip5
17 0 149287 8 32.656055 klip5
17 0 821431 9 32.510292 klip5
18 0 205712 0 90.84344 klip5
18 0 148484 1 73.24212 klip5
18 0 182990 2 67.53446 klip5
18 0 620566 3 61.9014 klip5
18 0 205788 4 59.344463 klip5
18 0 2795703 5 59.000088 klip5
18 0 2797292 6 59.000088 klip5
18 0 218133 7 58.670853 klip5
18 0 2646093 8 58.366646 klip5
18 0 182568 9 57.862564 klip5
19 0 2654533 0 93.895905 klip5
19 0 2654756 1 93.895905 klip5
19 0 4172500 2 70.465256 klip5
19 0 2679558 3 57.99708 klip5
19 0 3203656 4 56.957794 klip5
19 0 3206414 5 56.957794 klip5
19 0 112808 6 56.289745 klip5
19 0 2760668 7 56.11228 klip5
19 0 4151825 8 55.626774 klip5
19 0 2670966 9 54.349968 klip5
20 0 2654533 0 97.73348 klip5
20 0 2654756 1 97.73348 klip5
20 0 4172500 2 69.18426 klip5
20 0 4151825 3 55.184296 klip5
20 0 111069 4 54.210358 klip5
20 0 3203656 5 53.980667 klip5
20 0 3206414 6 53.980667 klip5
20 0 2760668 7 53.853104 klip5
20 0 2679558 8 53.49302 klip5
20 0 2670966 9 52.398224 klip5
21 0 873660 0 97.55159 klip5
21 0 867657 1 69.13278 klip5
21 0 902267 2 66.43502 klip5
21 0 2811845 3 65.50069 klip5
21 0 2804673 4 64.83842 klip5
21 0 2646093 5 64.204636 klip5
21 0 112799 6 64.10533 klip5
21 0 117890 7 64.03991 klip5
21 0 121159 8 63.796227 klip5
21 0 4164893 9 63.18733 klip5
22 0 2659300 0 106.78891 klip5
22 0 117890 1 99.60441 klip5
22 0 112799 2 85.76108 klip5
22 0 145829 3 79.03101 klip5
22 0 118081 4 75.80448 klip5
22 0 867657 5 74.81313 klip5
22 0 145925 6 73.54485 klip5
22 0 2804673 7 71.62088 klip5
22 0 4164893 8 70.194695 klip5
22 0 2811845 9 69.516 klip5
23 0 2810525 0 46.966644 klip5
23 0 2811847 1 46.966644 klip5
23 0 145738 2 45.510555 klip5
23 0 218457 3 44.51523 klip5
23 0 118449 4 44.34318 klip5
23 0 112810 5 41.686108 klip5
23 0 2801435 6 40.819416 klip5
23 0 94568 7 39.021805 klip5
23 0 145815 8 38.190487 klip5
23 0 111455 9 38.189503 klip5
24 0 1738 0 29.907887 klip5
24 0 145778 1 25.016607 klip5
24 0 2678133 2 19.988184 klip5
24 0 2804671 3 19.931814 klip5
24 0 118449 4 19.423422 klip5
24 0 182558 5 18.482365 klip5
24 0 109265 6 17.640707 klip5
24 0 145866 7 17.133638 klip5
24 0 111318 8 17.117191 klip5
24 0 2810525 9 17.112963 klip5
25 0 112616 0 76.856316 klip5
25 0 3211503 1 47.564075 klip5
25 0 2655499 2 47.521793 klip5
25 0 118021 3 42.588497 klip5
25 0 821305 4 40.16178 klip5
25 0 112345 5 39.066257 klip5
25 0 110318 6 38.701183 klip5
25 0 108792 7 38.483597 klip5
25 0 2681962 8 36.42554 klip5
25 0 2621067 9 36.404236 klip5
26 0 108792 0 57.025692 klip5
26 0 131163 1 56.05189 klip5
26 0 107551 2 54.397373 klip5
26 0 111192 3 53.186993 klip5
26 0 2808293 4 52.69774 klip5
26 0 4161362 5 52.42214 klip5
26 0 131159 6 50.895443 klip5
26 0 2670966 7 50.55841 klip5
26 0 112559 8 50.263485 klip5
26 0 2671723 9 50.203777 klip5
27 0 4157382 0 126.75635 klip5
27 0 4157405 1 126.75635 klip5
27 0 112346 2 55.46547 klip5
27 0 112523 3 50.976982 klip5
27 0 111141 4 50.930836 klip5
27 0 182992 5 50.913727 klip5
27 0 213842 6 48.451283 klip5
27 0 104816 7 45.51233 klip5
27 0 112792 8 45.312504 klip5
27 0 150541 9 45.190823 klip5
28 0 4157382 0 105.46219 klip5
28 0 4157405 1 105.46219 klip5
28 0 112346 2 53.445354 klip5
28 0 182992 3 40.74718 klip5
28 0 213842 4 39.170624 klip5
28 0 111141 5 38.477283 klip5
28 0 106806 6 37.068516 klip5
28 0 2808290 7 36.41921 klip5
28 0 2676594 8 36.08046 klip5
28 0 145860 9 35.66388 klip5
29 0 112436 0 24.315552 klip5
29 0 118208 1 23.264423 klip5
29 0 118037 2 22.93619 klip5
29 0 111980 3 22.662752 klip5
29 0 145788 4 22.502508 klip5
29 0 108606 5 22.376766 klip5
29 0 4151826 6 21.983389 klip5
29 0 105583 7 21.316525 klip5
29 0 146983 8 21.275312 klip5
29 0 118424 9 21.201357 klip5
30 0 205788 0 75.542336 klip5
30 0 145841 1 64.854256 klip5
30 0 148795 2 58.35959 klip5
30 0 218921 3 56.80549 klip5
30 0 145708 4 54.023197 klip5
30 0 145761 5 53.271057 klip5
30 0 137739 6 52.9355 klip5
30 0 118117 7 52.42476 klip5
30 0 4151826 8 51.47384 klip5
30 0 145916 9 50.82467 klip5
31 0 112744 0 48.428505 klip5
31 0 107895 1 45.388016 klip5
31 0 111139 2 44.747562 klip5
31 0 107418 3 41.95426 klip5
31 0 106516 4 40.713123 klip5
31 0 106082 5 39.50476 klip5
31 0 109593 6 38.955807 klip5
31 0 3177198 7 38.33507 klip5
31 0 3171727 8 38.235756 klip5
31 0 3177201 9 38.235756 klip5
32 0 112329 0 62.62749 klip5
32 0 111434 1 62.071896 klip5
32 0 1728 2 60.79158 klip5
32 0 112850 3 60.77556 klip5
32 0 112090 4 55.751026 klip5
32 0 112447 5 54.768127 klip5
32 0 125839 6 53.83279 klip5
32 0 117853 7 52.76132 klip5
32 0 145710 8 51.440895 klip5
32 0 118455 9 51.09643 klip5
33 0 109535 0 53.0863 klip5
33 0 110795 1 51.75098 klip5
33 0 109532 2 51.49599 klip5
33 0 112485 3 50.420597 klip5
33 0 109935 4 49.49678 klip5
33 0 121158 5 48.29122 klip5
33 0 111863 6 48.28856 klip5
33 0 3168776 7 47.817318 klip5
33 0 2676594 8 46.924816 klip5
33 0 2675753 9 44.745777 klip5
34 0 2676594 0 147.52893 klip5
34 0 2675753 1 143.9746 klip5
34 0 2679204 2 143.9746 klip5
34 0 2809767 3 104.9993 klip5
34 0 2811850 4 104.9993 klip5
34 0 121158 5 76.58673 klip5
34 0 3216389 6 74.21197 klip5
34 0 130155 7 69.84633 klip5
34 0 625710 8 67.70277 klip5
34 0 111736 9 67.06569 klip5
35 0 4104821 0 23.038027 klip5
35 0 205203 1 22.599703 klip5
35 0 2768888 2 22.013779 klip5
35 0 903979 3 21.816954 klip5
35 0 902768 4 21.816954 klip5
35 0 821306 5 21.815466 klip5
35 0 85175 6 21.781548 klip5
35 0 218927 7 21.76281 klip5
35 0 109137 8 21.620201 klip5
35 0 800567 9 21.482203 klip5
36 0 902769 0 52.225536 klip5
36 0 3168777 1 51.33053 klip5
36 0 118238 2 51.28116 klip5
36 0 147530 3 50.34298 klip5
36 0 1751 4 48.790688 klip5
36 0 779833 5 48.52567 klip5
36 0 798511 6 48.52567 klip5
36 0 122254 7 48.28226 klip5
36 0 118319 8 48.270966 klip5
36 0 899494 9 47.735218 klip5
37 0 4151829 0 42.716526 klip5
37 0 110742 1 40.5928 klip5
37 0 118269 2 40.262535 klip5
37 0 145629 3 38.719696 klip5
37 0 108527 4 38.390007 klip5
37 0 121168 5 38.322086 klip5
37 0 106658 6 38.30208 klip5
37 0 110141 7 37.812 klip5
37 0 110774 8 37.631893 klip5
37 0 103870 9 37.451622 klip5
38 0 145855 0 85.3089 klip5
38 0 145731 1 81.44098 klip5
38 0 4151829 2 77.68251 klip5
38 0 118269 3 67.52028 klip5
38 0 1993216 4 60.963005 klip5
38 0 111982 5 55.660397 klip5
38 0 110774 6 53.689907 klip5
38 0 112910 7 51.977993 klip5
38 0 111420 8 51.92387 klip5
38 0 112292 9 51.463398 klip5
39 0 112568 0 61.838924 klip5
39 0 118457 1 55.602478 klip5
39 0 112420 2 53.962173 klip5
39 0 111432 3 52.301743 klip5
39 0 621044 4 50.53472 klip5
39 0 621090 5 50.53472 klip5
39 0 2959739 6 50.53472 klip5
39 0 2674861 7 48.816772 klip5
39 0 2675754 8 48.816772 klip5
39 0 2959744 9 48.724667 klip5
40 0 105200 0 79.51805 klip5
40 0 122254 1 68.09904 klip5
40 0 621044 2 66.63085 klip5
40 0 621090 3 66.63085 klip5
40 0 2959739 4 66.63085 klip5
40 0 108818 5 65.32918 klip5
40 0 118457 6 64.150604 klip5
40 0 103135 7 62.75538 klip5
40 0 112273 8 60.129627 klip5
40 0 111432 9 60.03427 klip5
41 0 112924 0 71.83848 klip5
41 0 2810525 1 71.0572 klip5
41 0 2811847 2 71.0572 klip5
41 0 2654533 3 57.193226 klip5
41 0 2654756 4 57.193226 klip5
41 0 145756 5 56.094975 klip5
41 0 111198 6 56.020138 klip5
41 0 111254 7 54.912193 klip5
41 0 112585 8 54.43647 klip5
41 0 111891 9 53.631527 klip5
42 0 112585 0 76.7992 klip5
42 0 2654533 1 74.90701 klip5
42 0 2654756 2 74.90701 klip5
42 0 111891 3 69.3795 klip5
42 0 110132 4 65.69651 klip5
42 0 112924 5 65.00893 klip5
42 0 111198 6 64.48586 klip5
42 0 109186 7 61.998394 klip5
42 0 145121 8 58.823795 klip5
42 0 2810525 9 58.767197 klip5
43 0 2680590 0 59.360912 klip5
43 0 2959745 1 59.360912 klip5
43 0 112305 2 57.36289 klip5
43 0 112920 3 57.32503 klip5
43 0 110904 4 48.544746 klip5
43 0 121170 5 46.399075 klip5
43 0 107783 6 43.824768 klip5
43 0 105018 7 42.387196 klip5
43 0 112803 8 41.768917 klip5
43 0 145835 9 39.857174 klip5
44 0 92563 0 23.759182 klip5
44 0 108965 1 21.561066 klip5
44 0 131143 2 20.218786 klip5
44 0 99616 3 20.102308 klip5
44 0 93723 4 20.0854 klip5
44 0 87930 5 19.875189 klip5
44 0 1087909 6 19.85697 klip5
44 0 104318 7 19.85697 klip5
44 0 86932 8 19.72957 klip5
44 0 110232 9 19.70576 klip5
45 0 3204917 0 94.75983 klip5
45 0 145861 1 78.06952 klip5
45 0 2808291 2 75.43571 klip5
45 0 866024 3 75.27578 klip5
45 0 858802 4 75.27578 klip5
45 0 145903 5 74.67269 klip5
45 0 800568 6 74.66364 klip5
45 0 150542 7 70.96511 klip5
45 0 145772 8 70.70556 klip5
45 0 618680 9 70.57317 klip5
46 0 866024 0 173.67049 klip5
46 0 858802 1 173.67049 klip5
46 0 903971 2 107.12254 klip5
46 0 2959742 3 107.12254 klip5
46 0 2804673 4 104.2327 klip5
46 0 623145 5 100.568794 klip5
46 0 3204917 6 98.61824 klip5
46 0 145764 7 97.96218 klip5
46 0 2657927 8 97.45282 klip5
46 0 3216388 9 90.42166 klip5
47 0 2674861 0 82.69818 klip5
47 0 2675754 1 82.69818 klip5
47 0 2803251 2 43.761913 klip5
47 0 2771250 3 43.010235 klip5
47 0 3213872 4 42.903957 klip5
47 0 2671723 5 41.88365 klip5
47 0 626207 6 41.739834 klip5
47 0 149702 7 41.55491 klip5
47 0 4168362 8 41.014736 klip5
47 0 148483 9 40.51911 klip5
48 0 2674861 0 71.08198 klip5
48 0 2675754 1 71.08198 klip5
48 0 2646093 2 40.82086 klip5
48 0 2803251 3 39.66738 klip5
48 0 4151822 4 39.356342 klip5
48 0 2809767 5 38.831623 klip5
48 0 2811850 6 38.831623 klip5
48 0 802973 7 37.52382 klip5
48 0 803271 8 37.52382 klip5
48 0 2959737 9 37.52382 klip5
49 0 2810525 0 58.923344 klip5
49 0 2811847 1 58.923344 klip5
49 0 4162535 2 46.129787 klip5
49 0 2812210 3 40.298737 klip5
49 0 2809767 4 40.039055 klip5
49 0 2811850 5 40.039055 klip5
49 0 2811845 6 39.094944 klip5
49 0 4151826 7 38.635345 klip5
49 0 3153112 8 38.333374 klip5
49 0 2784695 9 38.300266 klip5
50 0 3153112 0 73.821365 klip5
50 0 4162535 1 64.91994 klip5
50 0 2810525 2 56.54564 klip5
50 0 2811847 3 56.54564 klip5
50 0 3181025 4 42.44738 klip5
50 0 2812210 5 39.666534 klip5
50 0 4151826 6 39.486416 klip5
50 0 2811845 7 39.251064 klip5
50 0 2809767 8 39.201138 klip5
50 0 2811850 9 39.201138 klip5
51 0 616433 0 45.96205 klip5
51 0 112770 1 38.489635 klip5
51 0 873668 2 36.740604 klip5
51 0 213842 3 36.39526 klip5
51 0 2812587 4 35.809856 klip5
51 0 2959748 5 35.809856 klip5
51 0 1753 6 35.088135 klip5
51 0 107187 7 33.55727 klip5
51 0 2642829 8 33.205772 klip5
51 0 2643016 9 33.205772 klip5
52 0 112770 0 34.563015 klip5
52 0 112931 1 29.88785 klip5
52 0 802399 2 29.568995 klip5
52 0 103302 3 27.068363 klip5
52 0 98744 4 26.514553 klip5
52 0 89354 5 25.708597 klip5
52 0 112243 6 25.073853 klip5
52 0 112802 7 24.756472 klip5
52 0 2477913 8 24.717049 klip5
52 0 91418 9 24.717049 klip5
53 0 799985 0 58.664833 klip5
53 0 2771250 1 52.64038 klip5
53 0 2808291 2 50.809803 klip5
53 0 145792 3 48.995296 klip5
53 0 148483 4 46.924946 klip5
53 0 815689 5 42.64915 klip5
53 0 1744 6 42.32832 klip5
53 0 145807 7 39.889755 klip5
53 0 2676594 8 39.477474 klip5
53 0 145714 9 39.462982 klip5
54 0 872994 0 90.33201 klip5
54 0 811778 1 80.36091 klip5
54 0 943668 2 74.1253 klip5
54 0 931123 3 64.46428 klip5
54 0 811777 4 64.26928 klip5
54 0 625711 5 56.06454 klip5
54 0 2808291 6 52.90102 klip5
54 0 815689 7 46.721867 klip5
54 0 2676594 8 45.298878 klip5
54 0 3195890 9 45.171684 klip5
55 0 4154603 0 76.8413 klip5
55 0 118269 1 75.73586 klip5
55 0 110774 2 64.83487 klip5
55 0 145855 3 63.87267 klip5
55 0 112910 4 62.01181 klip5
55 0 145731 5 59.22527 klip5
55 0 145629 6 58.91746 klip5
55 0 111420 7 58.88863 klip5
55 0 1993216 8 58.470352 klip5
55 0 111261 9 57.239876 klip5
56 0 4154603 0 102.211136 klip5
56 0 118269 1 89.10507 klip5
56 0 145629 2 77.97314 klip5
56 0 145855 3 77.89411 klip5
56 0 112910 4 76.477005 klip5
56 0 110774 5 73.33007 klip5
56 0 145731 6 71.772484 klip5
56 0 1993216 7 71.20051 klip5
56 0 111261 8 65.79438 klip5
56 0 111420 9 65.308395 klip5
57 0 867644 0 58.529713 klip5
57 0 815320 1 55.382923 klip5
57 0 122254 2 55.30049 klip5
57 0 118094 3 54.95829 klip5
57 0 802408 4 54.537292 klip5
57 0 2959744 5 54.02178 klip5
57 0 855518 6 54.02178 klip5
57 0 145815 7 53.39516 klip5
57 0 118224 8 53.32147 klip5
57 0 800569 9 52.731136 klip5
58 0 145735 0 55.61376 klip5
58 0 2671725 1 45.02083 klip5
58 0 2672207 2 45.02083 klip5
58 0 3181481 3 43.699604 klip5
58 0 112811 4 42.14777 klip5
58 0 145815 5 41.816383 klip5
58 0 145800 6 41.431644 klip5
58 0 2804673 7 40.506577 klip5
58 0 145907 8 40.19783 klip5
58 0 799979 9 39.477898 klip5
59 0 2788983 0 177.65501 klip5
59 0 4170685 1 158.87463 klip5
59 0 145627 2 128.99849 klip5
59 0 118037 3 126.08534 klip5
59 0 118129 4 123.142204 klip5
59 0 117968 5 120.52544 klip5
59 0 1087691 6 120.27507 klip5
59 0 118040 7 115.99341 klip5
59 0 118422 8 113.75326 klip5
59 0 3205767 9 110.32693 klip5
60 0 3195891 0 143.8735 klip5
60 0 2788983 1 133.00572 klip5
60 0 4170685 2 125.888336 klip5
60 0 145627 3 119.17572 klip5
60 0 110980 4 114.806854 klip5
60 0 118129 5 112.35064 klip5
60 0 111737 6 104.277336 klip5
60 0 117968 7 102.56865 klip5
60 0 109667 8 102.02951 klip5
60 0 3191119 9 101.40007 klip5
61 0 145923 0 90.843025 klip5
61 0 145743 1 89.53747 klip5
61 0 2812210 2 80.524284 klip5
61 0 218457 3 79.12531 klip5
61 0 1732 4 74.63486 klip5
61 0 112854 5 72.9967 klip5
61 0 2657927 6 68.25482 klip5
61 0 145815 7 67.41114 klip5
61 0 219815 8 65.01363 klip5
61 0 3195092 9 60.646954 klip5
62 0 2812210 0 46.41794 klip5
62 0 110661 1 38.657963 klip5
62 0 118299 2 37.651806 klip5
62 0 110926 3 37.295753 klip5
62 0 109846 4 35.856686 klip5
62 0 117875 5 35.847176 klip5
62 0 111877 6 31.239029 klip5
62 0 109966 7 30.91419 klip5
62 0 118098 8 30.43614 klip5
62 0 118240 9 30.24648 klip5
63 0 2812589 0 41.899567 klip5
63 0 2959749 1 41.899567 klip5
63 0 118148 2 40.519814 klip5
63 0 117935 3 38.816982 klip5
63 0 3191119 4 36.399105 klip5
63 0 2680590 5 35.934414 klip5
63 0 2959745 6 35.934414 klip5
63 0 112803 7 35.248707 klip5
63 0 146552 8 34.21197 klip5
63 0 2784695 9 33.910297 klip5
64 0 3205767 0 55.392433 klip5
64 0 4151827 1 48.673756 klip5
64 0 4170685 2 45.245625 klip5
64 0 3207860 3 44.77301 klip5
64 0 3205768 4 44.716267 klip5
64 0 2788983 5 44.67631 klip5
64 0 3205736 6 43.40465 klip5
64 0 3197367 7 42.135384 klip5
64 0 3209687 8 40.680748 klip5
64 0 3213872 9 40.285404 klip5
65 0 118123 0 110.90983 klip5
65 0 150540 1 58.975544 klip5
65 0 3199502 2 55.10975 klip5
65 0 110645 3 54.346832 klip5
65 0 4151825 4 53.684387 klip5
65 0 106622 5 53.39714 klip5
65 0 107691 6 51.164387 klip5
65 0 112732 7 49.676823 klip5
65 0 111051 8 49.314785 klip5
65 0 3211501 9 48.802002 klip5
66 0 3211501 0 115.73053 klip5
66 0 145867 1 105.20526 klip5
66 0 118123 2 90.12178 klip5
66 0 4151827 3 88.393425 klip5
66 0 150540 4 79.32958 klip5
66 0 3207861 5 77.77066 klip5
66 0 3213872 6 77.659805 klip5
66 0 3214775 7 77.00607 klip5
66 0 3216389 8 76.7194 klip5
66 0 4151825 9 75.24627 klip5
67 0 145800 0 123.06233 klip5
67 0 867645 1 101.4813 klip5
67 0 103675 2 59.115326 klip5
67 0 104098 3 47.299294 klip5
67 0 103966 4 46.8496 klip5
67 0 104522 5 46.582348 klip5
67 0 112744 6 45.278675 klip5
67 0 107938 7 44.94256 klip5
67 0 111139 8 44.92528 klip5
67 0 106757 9 43.765484 klip5
68 0 145800 0 104.4259 klip5
68 0 867645 1 73.66321 klip5
68 0 97893 2 51.571564 klip5
68 0 111139 3 46.208794 klip5
68 0 97584 4 45.493977 klip5
68 0 107938 5 44.83727 klip5
68 0 109974 6 44.751503 klip5
68 0 88704 7 44.738285 klip5
68 0 112744 8 44.69966 klip5
68 0 103093 9 44.232452 klip5
69 0 3214778 0 67.616165 klip5
69 0 149289 1 61.12575 klip5
69 0 2959743 2 58.398365 klip5
69 0 858289 3 58.398365 klip5
69 0 149006 4 58.315067 klip5
69 0 4172500 5 57.087612 klip5
69 0 2801433 6 56.48428 klip5
69 0 117859 7 55.593258 klip5
69 0 814955 8 55.03849 klip5
69 0 866022 9 54.8647 klip5
70 0 931120 0 69.271576 klip5
70 0 821306 1 65.872246 klip5
70 0 931121 2 64.40835 klip5
70 0 149006 3 63.128616 klip5
70 0 2676593 4 61.187325 klip5
70 0 2959744 5 60.572834 klip5
70 0 855518 6 60.572834 klip5
70 0 2801433 7 60.203026 klip5
70 0 2676594 8 60.050907 klip5
70 0 2655597 9 59.41588 klip5
71 0 145121 0 71.08415 klip5
71 0 112914 1 65.5763 klip5
71 0 3189783 2 60.84113 klip5
71 0 118287 3 60.245415 klip5
71 0 112904 4 56.095398 klip5
71 0 109721 5 54.106823 klip5
71 0 118005 6 52.68707 klip5
71 0 118052 7 51.4652 klip5
71 0 2654533 8 49.248802 klip5
71 0 2654756 9 49.248802 klip5
72 0 145121 0 68.45276 klip5
72 0 112914 1 64.37489 klip5
72 0 112904 2 64.349945 klip5
72 0 118052 3 62.84791 klip5
72 0 3189783 4 62.145714 klip5
72 0 118005 5 59.309704 klip5
72 0 118234 6 57.515934 klip5
72 0 112615 7 53.641197 klip5
72 0 109721 8 52.77032 klip5
72 0 106096 9 49.333775 klip5
73 0 2804674 0 36.783768 klip5
73 0 145624 1 36.29972 klip5
73 0 110692 2 34.988575 klip5
73 0 109931 3 34.40984 klip5
73 0 868383 4 34.1499 klip5
73 0 1087954 5 33.96723 klip5
73 0 118043 6 32.791557 klip5
73 0 112573 7 32.686497 klip5
73 0 111831 8 32.054413 klip5
73 0 111425 9 31.417818 klip5
74 0 2804674 0 60.189087 klip5
74 0 107904 1 58.482826 klip5
74 0 109284 2 55.67725 klip5
74 0 112774 3 46.890995 klip5
74 0 2675749 4 45.629074 klip5
74 0 127908 5 42.74529 klip5
74 0 111245 6 38.792732 klip5
74 0 110798 7 38.207386 klip5
74 0 104844 8 37.326416 klip5
74 0 117869 9 36.626965 klip5
75 0 104252 0 49.78578 klip5
75 0 145718 1 49.003128 klip5
75 0 182567 2 48.644283 klip5
75 0 117913 3 47.327934 klip5
75 0 145701 4 46.487198 klip5
75 0 218666 5 46.40957 klip5
75 0 112398 6 46.05551 klip5
75 0 103775 7 45.953022 klip5
75 0 107223 8 45.943714 klip5
75 0 101436 9 45.494976 klip5
76 0 110964 0 59.125977 klip5
76 0 2679833 1 57.545204 klip5
76 0 2680440 2 57.545204 klip5
76 0 108900 3 54.103966 klip5
76 0 109075 4 48.077854 klip5
76 0 111945 5 47.135525 klip5
76 0 2670966 6 46.982094 klip5
76 0 110779 7 46.661705 klip5
76 0 145861 8 45.96755 klip5
76 0 821306 9 45.96499 klip5
77 0 2812588 0 84.10243 klip5
77 0 2770446 1 78.2919 klip5
77 0 145817 2 76.59931 klip5
77 0 4151822 3 72.392845 klip5
77 0 134747 4 69.102196 klip5
77 0 111029 5 67.87701 klip5
77 0 145902 6 64.288246 klip5
77 0 108604 7 58.185253 klip5
77 0 145647 8 55.90491 klip5
77 0 104229 9 54.88275 klip5
78 0 799976 0 32.73039 klip5
78 0 2812588 1 32.017212 klip5
78 0 111717 2 30.360435 klip5
78 0 117899 3 29.734528 klip5
78 0 118196 4 29.479704 klip5
78 0 145901 5 29.312323 klip5
78 0 118037 6 28.732422 klip5
78 0 122258 7 28.312471 klip5
78 0 616862 8 28.18622 klip5
78 0 105155 9 27.545311 klip5
79 0 111009 0 94.69384 klip5
79 0 118143 1 88.27203 klip5
79 0 111470 2 84.31598 klip5
79 0 110221 3 55.667538 klip5
79 0 2680438 4 46.478996 klip5
79 0 106328 5 44.033253 klip5
79 0 111964 6 39.804825 klip5
79 0 103770 7 37.839832 klip5
79 0 106568 8 37.57161 klip5
79 0 150540 9 36.87564 klip5
80 0 111009 0 93.58644 klip5
80 0 111470 1 90.307686 klip5
80 0 118143 2 89.46202 klip5
80 0 106328 3 61.28094 klip5
80 0 110221 4 60.45053 klip5
80 0 145859 5 56.79731 klip5
80 0 109342 6 56.124054 klip5
80 0 108426 7 55.45512 klip5
80 0 2680438 8 54.139595 klip5
80 0 108776 9 52.9081 klip5
81 0 148484 0 65.852715 klip5
81 0 112440 1 43.932076 klip5
81 0 122253 2 41.918728 klip5
81 0 118445 3 38.400322 klip5
81 0 799981 4 34.470486 klip5
81 0 117833 5 30.354362 klip5
81 0 118188 6 30.133173 klip5
81 0 127900 7 29.996052 klip5
81 0 112867 8 29.606722 klip5
81 0 145743 9 29.41169 klip5
82 0 1726 0 59.96903 klip5
82 0 127900 1 59.078312 klip5
82 0 118368 2 58.426785 klip5
82 0 2803250 3 56.11613 klip5
82 0 216735 4 53.629883 klip5
82 0 216806 5 53.629883 klip5
82 0 799981 6 52.428074 klip5
82 0 145865 7 49.198753 klip5
82 0 112305 8 44.722458 klip5
82 0 118126 9 44.115105 klip5
83 0 145859 0 79.37431 klip5
83 0 112922 1 53.886806 klip5
83 0 110289 2 53.783993 klip5
83 0 145870 3 49.986294 klip5
83 0 111286 4 46.077827 klip5
83 0 109894 5 45.879562 klip5
83 0 137746 6 45.347507 klip5
83 0 110681 7 44.41594 klip5
83 0 111103 8 42.492012 klip5
83 0 112368 9 42.250687 klip5
84 0 145859 0 80.036224 klip5
84 0 112922 1 65.92813 klip5
84 0 107293 2 56.49232 klip5
84 0 110681 3 55.843296 klip5
84 0 800858 4 55.25722 klip5
84 0 110289 5 54.192554 klip5
84 0 111286 6 53.464306 klip5
84 0 109895 7 52.807346 klip5
84 0 111151 8 52.726913 klip5
84 0 107980 9 52.427242 klip5
85 0 2959737 0 101.36635 klip5
85 0 802973 1 100.64201 klip5
85 0 803271 2 100.64201 klip5
85 0 3171724 3 64.64041 klip5
85 0 3177199 4 64.64041 klip5
85 0 3177200 5 64.64041 klip5
85 0 150543 6 61.674194 klip5
85 0 2959732 7 61.674194 klip5
85 0 146553 8 61.22053 klip5
85 0 146790 9 61.22053 klip5
86 0 802973 0 56.013668 klip5
86 0 803271 1 56.013668 klip5
86 0 2959737 2 56.013668 klip5
86 0 3171724 3 55.31491 klip5
86 0 3177199 4 55.31491 klip5
86 0 3177200 5 55.31491 klip5
86 0 3205766 6 51.83925 klip5
86 0 150543 7 47.797104 klip5
86 0 2959732 8 47.797104 klip5
86 0 146553 9 47.19892 klip5
87 0 143378 0 28.455809 klip5
87 0 111170 1 28.15606 klip5
87 0 112807 2 26.094498 klip5
87 0 111182 3 24.836391 klip5
87 0 1088038 4 24.779036 klip5
87 0 110760 5 24.242086 klip5
87 0 111801 6 23.996456 klip5
87 0 148483 7 23.337017 klip5
87 0 149653 8 23.01403 klip5
87 0 118313 9 22.876171 klip5
88 0 2654277 0 66.55841 klip5
88 0 182992 1 65.48245 klip5
88 0 182991 2 59.72311 klip5
88 0 145897 3 59.636593 klip5
88 0 149653 4 58.695404 klip5
88 0 625832 5 55.8299 klip5
88 0 626055 6 55.8299 klip5
88 0 111170 7 55.315712 klip5
88 0 112807 8 51.229774 klip5
88 0 625833 9 50.15302 klip5
89 0 4151822 0 108.79612 klip5
89 0 2770446 1 98.76899 klip5
89 0 2812588 2 92.921555 klip5
89 0 145817 3 78.24424 klip5
89 0 145647 4 76.68491 klip5
89 0 134747 5 70.93813 klip5
89 0 4162110 6 69.74531 klip5
89 0 145954 7 57.531013 klip5
89 0 145722 8 54.04002 klip5
89 0 111203 9 49.018 klip5
90 0 2812588 0 108.56867 klip5
90 0 4151822 1 104.04436 klip5
90 0 2770446 2 94.646935 klip5
90 0 134747 3 79.17427 klip5
90 0 145817 4 78.46041 klip5
90 0 111029 5 76.18532 klip5
90 0 2654534 6 73.01295 klip5
90 0 4162110 7 70.93847 klip5
90 0 2680590 8 70.93176 klip5
90 0 2959745 9 70.93176 klip5
91 0 3212514 0 167.26527 klip5
91 0 145782 1 74.904785 klip5
91 0 109857 2 68.83057 klip5
91 0 134732 3 58.82932 klip5
91 0 112439 4 57.07478 klip5
91 0 111278 5 55.65938 klip5
91 0 145785 6 53.940903 klip5
91 0 110213 7 52.742897 klip5
91 0 1748 8 52.420776 klip5
91 0 145778 9 51.55666 klip5
92 0 3212514 0 161.9503 klip5
92 0 110249 1 77.66845 klip5
92 0 109857 2 68.0936 klip5
92 0 1087959 3 68.03555 klip5
92 0 118507 4 67.49504 klip5
92 0 110213 5 59.277153 klip5
92 0 134732 6 58.584015 klip5
92 0 112439 7 55.525635 klip5
92 0 111278 8 53.914597 klip5
92 0 134725 9 53.572826 klip5
93 0 145901 0 99.964554 klip5
93 0 2788983 1 96.183 klip5
93 0 931614 2 96.1514 klip5
93 0 118334 3 94.713776 klip5
93 0 118107 4 92.48139 klip5
93 0 118129 5 91.854675 klip5
93 0 117874 6 91.16802 klip5
93 0 4151827 7 91.15809 klip5
93 0 110877 8 90.26518 klip5
93 0 130158 9 90.17046 klip5
94 0 931614 0 118.60224 klip5
94 0 4151827 1 99.48185 klip5
94 0 2788983 2 97.871056 klip5
94 0 145901 3 93.04788 klip5
94 0 3195891 4 92.48627 klip5
94 0 118129 5 79.17847 klip5
94 0 130158 6 77.37778 klip5
94 0 111736 7 77.161194 klip5
94 0 117874 8 75.67027 klip5
94 0 145856 9 73.60988 klip5
95 0 105495 0 62.416225 klip5
95 0 108555 1 62.24486 klip5
95 0 107232 2 55.327843 klip5
95 0 107475 3 52.25123 klip5
95 0 106171 4 50.44318 klip5
95 0 109444 5 46.939434 klip5
95 0 103631 6 45.14654 klip5
95 0 112750 7 45.06035 klip5
95 0 105136 8 41.102516 klip5
95 0 106073 9 40.243137 klip5
96 0 108555 0 66.65563 klip5
96 0 103631 1 59.97026 klip5
96 0 92746 2 47.47835 klip5
96 0 2680590 3 42.102055 klip5
96 0 2959745 4 42.102055 klip5
96 0 96542 5 40.445225 klip5
96 0 92705 6 40.331966 klip5
96 0 96850 7 39.847404 klip5
96 0 93395 8 39.021824 klip5
96 0 96341 9 38.23934 klip5
97 0 112101 0 85.02047 klip5
97 0 111922 1 57.913567 klip5
97 0 117959 2 39.536842 klip5
97 0 2655597 3 38.080097 klip5
97 0 820748 4 36.114197 klip5
97 0 136993 5 33.421715 klip5
97 0 117963 6 32.83551 klip5
97 0 621044 7 31.82762 klip5
97 0 621090 8 31.82762 klip5
97 0 2959739 9 31.82762 klip5
98 0 85609 0 20.999414 klip5
98 0 110996 1 20.794683 klip5
98 0 134732 2 20.513878 klip5
98 0 2655591 3 20.449715 klip5
98 0 118467 4 20.422262 klip5
98 0 109088 5 20.402645 klip5
98 0 145804 6 20.23693 klip5
98 0 2811845 7 19.975233 klip5
98 0 2676593 8 19.971272 klip5
98 0 117902 9 19.911543 klip5
99 0 112267 0 87.38685 klip5
99 0 111884 1 62.781715 klip5
99 0 110552 2 53.688675 klip5
99 0 112723 3 49.60982 klip5
99 0 110578 4 42.75064 klip5
99 0 109673 5 40.755512 klip5
99 0 109976 6 39.72875 klip5
99 0 109569 7 39.39646 klip5
99 0 111695 8 39.065083 klip5
99 0 110296 9 37.579266 klip5
100 0 112267 0 97.463165 klip5
100 0 110552 1 83.05116 klip5
100 0 110098 2 69.88579 klip5
100 0 109633 3 68.07959 klip5
100 0 102981 4 67.98256 klip5
100 0 111884 5 65.92505 klip5
100 0 111886 6 65.40997 klip5
100 0 104883 7 64.139145 klip5
100 0 100701 8 63.490475 klip5
100 0 104524 9 62.86913 klip5
