1 0 105502 0 0.27821743 klip1
1 0 109968 1 0.276003 klip1
1 0 100157 2 0.27534887 klip1
1 0 111742 3 0.27463812 klip1
1 0 93119 4 0.27297834 klip1
1 0 4154238 5 0.2713401 klip1
1 0 84581 6 0.27120632 klip1
1 0 100918 7 0.2696898 klip1
1 0 131142 8 0.26948336 klip1
1 0 84745 9 0.2693027 klip1
2 0 105502 0 0.27821743 klip1
2 0 109968 1 0.276003 klip1
2 0 100157 2 0.27534887 klip1
2 0 111742 3 0.27463812 klip1
2 0 93119 4 0.27297834 klip1
2 0 4154238 5 0.2713401 klip1
2 0 84581 6 0.27120632 klip1
2 0 100918 7 0.2696898 klip1
2 0 131142 8 0.26948336 klip1
2 0 84745 9 0.2693027 klip1
3 0 107922 0 1.0332248 klip1
3 0 110739 1 1.0184364 klip1
3 0 84643 2 1.0134081 klip1
3 0 84745 3 1.0125781 klip1
3 0 93138 4 1.0107942 klip1
3 0 117902 5 1.0100052 klip1
3 0 109968 6 1.0097444 klip1
3 0 100157 7 1.0067792 klip1
3 0 106062 8 1.0060594 klip1
3 0 107634 9 1.0060433 klip1
4 0 107922 0 1.0332248 klip1
4 0 110739 1 1.0184364 klip1
4 0 84643 2 1.0134081 klip1
4 0 84745 3 1.0125781 klip1
4 0 93138 4 1.0107942 klip1
4 0 117902 5 1.0100052 klip1
4 0 109968 6 1.0097444 klip1
4 0 100157 7 1.0067792 klip1
4 0 106062 8 1.0060594 klip1
4 0 107634 9 1.0060433 klip1
5 0 111834 0 2.6056712 klip1
5 0 110901 1 2.5638041 klip1
5 0 102189 2 2.5387716 klip1
5 0 111100 3 2.5287051 klip1
5 0 110636 4 2.501155 klip1
5 0 112448 5 2.5010808 klip1
5 0 108932 6 2.4993613 klip1
5 0 110611 7 2.4909027 klip1
5 0 109156 8 2.4762287 klip1
5 0 106431 9 2.4663055 klip1
6 0 107922 0 2.2515569 klip1
6 0 117992 1 2.2367115 klip1
6 0 105616 2 2.217814 klip1
6 0 105615 3 2.207479 klip1
6 0 103263 4 2.2017348 klip1
6 0 145878 5 2.200663 klip1
6 0 103277 6 2.196047 klip1
6 0 112140 7 2.185309 klip1
6 0 2680590 8 2.1798458 klip1
6 0 2959745 9 2.1798458 klip1
7 0 99578 0 2.7196486 klip1
7 0 3197367 1 2.6967127 klip1
7 0 2810527 2 2.6918168 klip1
7 0 2811848 3 2.6918168 klip1
7 0 105709 4 2.6916833 klip1
7 0 813020 5 2.6818097 klip1
7 0 142894 6 2.6801822 klip1
7 0 111912 7 2.6767607 klip1
7 0 148798 8 2.6668205 klip1
7 0 118498 9 2.6638873 klip1
8 0 107922 0 2.2515569 klip1
8 0 117992 1 2.2367115 klip1
8 0 105616 2 2.217814 klip1
8 0 105615 3 2.207479 klip1
8 0 103263 4 2.2017348 klip1
8 0 145878 5 2.200663 klip1
8 0 103277 6 2.196047 klip1
8 0 112140 7 2.185309 klip1
8 0 2680590 8 2.1798458 klip1
8 0 2959745 9 2.1798458 klip1
9 0 105502 0 0.27821743 klip1
9 0 109968 1 0.276003 klip1
9 0 100157 2 0.27534887 klip1
9 0 111742 3 0.27463812 klip1
9 0 93119 4 0.27297834 klip1
9 0 4154238 5 0.2713401 klip1
9 0 84581 6 0.27120632 klip1
9 0 100918 7 0.2696898 klip1
9 0 131142 8 0.26948336 klip1
9 0 84745 9 0.2693027 klip1
10 0 118213 0 2.463482 klip1
10 0 90873 1 2.4586303 klip1
10 0 96848 2 2.4560268 klip1
10 0 101738 3 2.4521897 klip1
10 0 145820 4 2.447291 klip1
10 0 112624 5 2.4414594 klip1
10 0 109493 6 2.4408631 klip1
10 0 110652 7 2.4404721 klip1
10 0 111158 8 2.4389584 klip1
10 0 111683 9 2.4365509 klip1
11 0 4170683 0 2.8197424 klip1
11 0 109129 1 2.7619798 klip1
11 0 107211 2 2.7546387 klip1
11 0 109786 3 2.752825 klip1
11 0 117837 4 2.7404208 klip1
11 0 117902 5 2.7286282 klip1
11 0 219815 6 2.7254791 klip1
11 0 142887 7 2.7187626 klip1
11 0 100612 8 2.717171 klip1
11 0 110825 9 2.709956 klip1
12 0 107922 0 2.2515569 klip1
12 0 117992 1 2.2367115 klip1
12 0 105616 2 2.217814 klip1
12 0 105615 3 2.207479 klip1
12 0 103263 4 2.2017348 klip1
12 0 145878 5 2.200663 klip1
12 0 103277 6 2.196047 klip1
12 0 112140 7 2.185309 klip1
12 0 2680590 8 2.1798458 klip1
12 0 2959745 9 2.1798458 klip1
13 0 111834 0 2.6056712 klip1
13 0 110901 1 2.5638041 klip1
13 0 102189 2 2.5387716 klip1
13 0 111100 3 2.5287051 klip1
13 0 110636 4 2.501155 klip1
13 0 112448 5 2.5010808 klip1
13 0 108932 6 2.4993613 klip1
13 0 110611 7 2.4909027 klip1
13 0 109156 8 2.4762287 klip1
13 0 106431 9 2.4663055 klip1
14 0 4170683 0 2.8197424 klip1
14 0 109129 1 2.7619798 klip1
14 0 107211 2 2.7546387 klip1
14 0 109786 3 2.752825 klip1
14 0 117837 4 2.7404208 klip1
14 0 117902 5 2.7286282 klip1
14 0 219815 6 2.7254791 klip1
14 0 142887 7 2.7187626 klip1
14 0 100612 8 2.717171 klip1
14 0 110825 9 2.709956 klip1
15 0 111834 0 2.6056712 klip1
15 0 110901 1 2.5638041 klip1
15 0 102189 2 2.5387716 klip1
15 0 111100 3 2.5287051 klip1
15 0 110636 4 2.501155 klip1
15 0 112448 5 2.5010808 klip1
15 0 108932 6 2.4993613 klip1
15 0 110611 7 2.4909027 klip1
15 0 109156 8 2.4762287 klip1
15 0 106431 9 2.4663055 klip1
16 0 105502 0 0.27821743 klip1
16 0 109968 1 0.276003 klip1
16 0 100157 2 0.27534887 klip1
16 0 111742 3 0.27463812 klip1
16 0 93119 4 0.27297834 klip1
16 0 4154238 5 0.2713401 klip1
16 0 84581 6 0.27120632 klip1
16 0 100918 7 0.2696898 klip1
16 0 131142 8 0.26948336 klip1
16 0 84745 9 0.2693027 klip1
17 0 92658 0 2.2379036 klip1
17 0 94692 1 2.2325873 klip1
17 0 96910 2 2.192289 klip1
17 0 107211 3 2.1793742 klip1
17 0 112466 4 2.1753075 klip1
17 0 103374 5 2.1706407 klip1
17 0 90066 6 2.1706407 klip1
17 0 92081 7 2.1685936 klip1
17 0 111422 8 2.1482828 klip1
17 0 105139 9 2.1482828 klip1
18 0 107922 0 1.0332248 klip1
18 0 110739 1 1.0184364 klip1
18 0 84643 2 1.0134081 klip1
18 0 84745 3 1.0125781 klip1
18 0 93138 4 1.0107942 klip1
18 0 117902 5 1.0100052 klip1
18 0 109968 6 1.0097444 klip1
18 0 100157 7 1.0067792 klip1
18 0 106062 8 1.0060594 klip1
18 0 107634 9 1.0060433 klip1
19 0 100157 0 2.2377887 klip1
19 0 109968 1 2.233095 klip1
19 0 109706 2 2.1659284 klip1
19 0 111740 3 2.1576152 klip1
19 0 145900 4 2.1548839 klip1
19 0 100041 5 2.1506495 klip1
19 0 112521 6 2.1463685 klip1
19 0 205202 7 2.144468 klip1
19 0 112926 8 2.1405957 klip1
19 0 99775 9 2.1389086 klip1
20 0 100157 0 2.2377887 klip1
20 0 109968 1 2.233095 klip1
20 0 109706 2 2.1659284 klip1
20 0 111740 3 2.1576152 klip1
20 0 145900 4 2.1548839 klip1
20 0 100041 5 2.1506495 klip1
20 0 112521 6 2.1463685 klip1
20 0 205202 7 2.144468 klip1
20 0 112926 8 2.1405957 klip1
20 0 99775 9 2.1389086 klip1
21 0 107922 0 2.2515569 klip1
21 0 117992 1 2.2367115 klip1
21 0 105616 2 2.217814 klip1
21 0 105615 3 2.207479 klip1
21 0 103263 4 2.2017348 klip1
21 0 145878 5 2.200663 klip1
21 0 103277 6 2.196047 klip1
21 0 112140 7 2.185309 klip1
21 0 2680590 8 2.1798458 klip1
21 0 2959745 9 2.1798458 klip1
22 0 107922 0 2.2515569 klip1
22 0 117992 1 2.2367115 klip1
22 0 105616 2 2.217814 klip1
22 0 105615 3 2.207479 klip1
22 0 103263 4 2.2017348 klip1
22 0 145878 5 2.200663 klip1
22 0 103277 6 2.196047 klip1
22 0 112140 7 2.185309 klip1
22 0 2680590 8 2.1798458 klip1
22 0 2959745 9 2.1798458 klip1
23 0 105502 0 0.27821743 klip1
23 0 109968 1 0.276003 klip1
23 0 100157 2 0.27534887 klip1
23 0 111742 3 0.27463812 klip1
23 0 93119 4 0.27297834 klip1
23 0 4154238 5 0.2713401 klip1
23 0 84581 6 0.27120632 klip1
23 0 100918 7 0.2696898 klip1
23 0 131142 8 0.26948336 klip1
23 0 84745 9 0.2693027 klip1
24 0 93875 0 5.8068366 klip1
24 0 94909 1 5.7504215 klip1
24 0 111213 2 5.724414 klip1
24 0 1087660 3 5.72019 klip1
24 0 97754 4 5.7176023 klip1
24 0 99089 5 5.6909375 klip1
24 0 4104822 6 5.687779 klip1
24 0 96003 7 5.686038 klip1
24 0 95524 8 5.678029 klip1
24 0 95496 9 5.675627 klip1
25 0 94143 0 2.9595652 klip1
25 0 90957 1 2.9581788 klip1
25 0 99639 2 2.949304 klip1
25 0 91542 3 2.9160135 klip1
25 0 105637 4 2.8821461 klip1
25 0 91596 5 2.8774471 klip1
25 0 107196 6 2.8481607 klip1
25 0 102185 7 2.8458836 klip1
25 0 1206937 8 2.8353007 klip1
25 0 97859 9 2.81878 klip1
26 0 100157 0 2.2377887 klip1
26 0 109968 1 2.233095 klip1
26 0 109706 2 2.1659284 klip1
26 0 111740 3 2.1576152 klip1
26 0 145900 4 2.1548839 klip1
26 0 100041 5 2.1506495 klip1
26 0 112521 6 2.1463685 klip1
26 0 205202 7 2.144468 klip1
26 0 112926 8 2.1405957 klip1
26 0 99775 9 2.1389086 klip1
27 0 118343 0 2.5985858 klip1
27 0 84995 1 2.592161 klip1
27 0 93067 2 2.591894 klip1
27 0 93555 3 2.5909293 klip1
27 0 91902 4 2.5900066 klip1
27 0 94959 5 2.5821805 klip1
27 0 96596 6 2.5821805 klip1
27 0 110305 7 2.5714915 klip1
27 0 92106 8 2.5709388 klip1
27 0 94286 9 2.5681946 klip1
28 0 118343 0 2.5985858 klip1
28 0 84995 1 2.592161 klip1
28 0 93067 2 2.591894 klip1
28 0 93555 3 2.5909293 klip1
28 0 91902 4 2.5900066 klip1
28 0 94959 5 2.5821805 klip1
28 0 96596 6 2.5821805 klip1
28 0 110305 7 2.5714915 klip1
28 0 92106 8 2.5709388 klip1
28 0 94286 9 2.5681946 klip1
29 0 90973 0 2.7313914 klip1
29 0 96273 1 2.7199125 klip1
29 0 86089 2 2.7192252 klip1
29 0 100365 3 2.7122912 klip1
29 0 88842 4 2.700965 klip1
29 0 98456 5 2.6918235 klip1
29 0 93452 6 2.6675155 klip1
29 0 90457 7 2.6602066 klip1
29 0 95375 8 2.6466625 klip1
29 0 89577 9 2.6413705 klip1
30 0 105502 0 0.27821743 klip1
30 0 109968 1 0.276003 klip1
30 0 100157 2 0.27534887 klip1
30 0 111742 3 0.27463812 klip1
30 0 93119 4 0.27297834 klip1
30 0 4154238 5 0.2713401 klip1
30 0 84581 6 0.27120632 klip1
30 0 100918 7 0.2696898 klip1
30 0 131142 8 0.26948336 klip1
30 0 84745 9 0.2693027 klip1
31 0 105502 0 0.27821743 klip1
31 0 109968 1 0.276003 klip1
31 0 100157 2 0.27534887 klip1
31 0 111742 3 0.27463812 klip1
31 0 93119 4 0.27297834 klip1
31 0 4154238 5 0.2713401 klip1
31 0 84581 6 0.27120632 klip1
31 0 100918 7 0.2696898 klip1
31 0 131142 8 0.26948336 klip1
31 0 84745 9 0.2693027 klip1
32 0 107106 0 2.4404695 klip1
32 0 91728 1 2.4341846 klip1
32 0 90609 2 2.3814423 klip1
32 0 101357 3 2.369537 klip1
32 0 105229 4 2.3484037 klip1
32 0 103081 5 2.344089 klip1
32 0 104408 6 2.3336637 klip1
32 0 106882 7 2.332908 klip1
32 0 93186 8 2.3254116 klip1
32 0 84820 9 2.3210325 klip1
33 0 100193 0 4.8509307 klip1
33 0 98610 1 4.797474 klip1
33 0 802408 2 4.686318 klip1
33 0 104772 3 4.6783967 klip1
33 0 219511 4 4.587499 klip1
33 0 219616 5 4.587499 klip1
33 0 111913 6 4.495122 klip1
33 0 105691 7 4.410533 klip1
33 0 95011 8 4.3850436 klip1
33 0 94325 9 4.3850436 klip1
34 0 103971 0 2.5889113 klip1
34 0 112878 1 2.5818405 klip1
34 0 100157 2 2.579913 klip1
34 0 110601 3 2.57584 klip1
34 0 109595 4 2.5694594 klip1
34 0 110877 5 2.5583413 klip1
34 0 112869 6 2.5560548 klip1
34 0 109810 7 2.552934 klip1
34 0 108773 8 2.552467 klip1
34 0 106493 9 2.5501773 klip1
35 0 85193 0 3.7014556 klip1
35 0 102071 1 3.6796942 klip1
35 0 107116 2 3.5698776 klip1
35 0 97124 3 3.568807 klip1
35 0 106988 4 3.4758015 klip1
35 0 133069 5 3.4052758 klip1
35 0 98388 6 3.404887 klip1
35 0 97552 7 3.389888 klip1
35 0 88967 8 3.3456287 klip1
35 0 95091 9 3.3456287 klip1
36 0 118213 0 2.463482 klip1
36 0 90873 1 2.4586303 klip1
36 0 96848 2 2.4560268 klip1
36 0 101738 3 2.4521897 klip1
36 0 145820 4 2.447291 klip1
36 0 112624 5 2.4414594 klip1
36 0 109493 6 2.4408631 klip1
36 0 110652 7 2.4404721 klip1
36 0 111158 8 2.4389584 klip1
36 0 111683 9 2.4365509 klip1
37 0 102316 0 2.8619087 klip1
37 0 101829 1 2.847497 klip1
37 0 102995 2 2.8277416 klip1
37 0 101883 3 2.8177843 klip1
37 0 102195 4 2.816667 klip1
37 0 103715 5 2.8122964 klip1
37 0 112166 6 2.8119326 klip1
37 0 94102 7 2.8101513 klip1
37 0 100867 8 2.8073597 klip1
37 0 101930 9 2.8067446 klip1
38 0 105502 0 0.27821743 klip1
38 0 109968 1 0.276003 klip1
38 0 100157 2 0.27534887 klip1
38 0 111742 3 0.27463812 klip1
38 0 93119 4 0.27297834 klip1
38 0 4154238 5 0.2713401 klip1
38 0 84581 6 0.27120632 klip1
38 0 100918 7 0.2696898 klip1
38 0 131142 8 0.26948336 klip1
38 0 84745 9 0.2693027 klip1
39 0 100157 0 2.2377887 klip1
39 0 109968 1 2.233095 klip1
39 0 109706 2 2.1659284 klip1
39 0 111740 3 2.1576152 klip1
39 0 145900 4 2.1548839 klip1
39 0 100041 5 2.1506495 klip1
39 0 112521 6 2.1463685 klip1
39 0 205202 7 2.144468 klip1
39 0 112926 8 2.1405957 klip1
39 0 99775 9 2.1389086 klip1
40 0 112420 0 4.017296 klip1
40 0 112273 1 3.9836357 klip1
40 0 91755 2 3.9732728 klip1
40 0 1087909 3 3.969332 klip1
40 0 104318 4 3.969332 klip1
40 0 104154 5 3.9645872 klip1
40 0 96682 6 3.9645872 klip1
40 0 103958 7 3.9613166 klip1
40 0 104566 8 3.961106 klip1
40 0 621044 9 3.960423 klip1
41 0 89444 0 2.3140378 klip1
41 0 100191 1 2.308051 klip1
41 0 90304 2 2.3037047 klip1
41 0 90697 3 2.2747335 klip1
41 0 103320 4 2.2486045 klip1
41 0 86224 5 2.2475774 klip1
41 0 86473 6 2.245458 klip1
41 0 86502 7 2.245458 klip1
41 0 103572 8 2.2349315 klip1
41 0 87857 9 2.2285109 klip1
42 0 89444 0 2.3140378 klip1
42 0 100191 1 2.308051 klip1
42 0 90304 2 2.3037047 klip1
42 0 90697 3 2.2747335 klip1
42 0 103320 4 2.2486045 klip1
42 0 86224 5 2.2475774 klip1
42 0 86473 6 2.245458 klip1
42 0 86502 7 2.245458 klip1
42 0 103572 8 2.2349315 klip1
42 0 87857 9 2.2285109 klip1
43 0 107106 0 2.4404695 klip1
43 0 91728 1 2.4341846 klip1
43 0 90609 2 2.3814423 klip1
43 0 101357 3 2.369537 klip1
43 0 105229 4 2.3484037 klip1
43 0 103081 5 2.344089 klip1
43 0 104408 6 2.3336637 klip1
43 0 106882 7 2.332908 klip1
43 0 93186 8 2.3254116 klip1
43 0 84820 9 2.3210325 klip1
44 0 107106 0 2.4404695 klip1
44 0 91728 1 2.4341846 klip1
44 0 90609 2 2.3814423 klip1
44 0 101357 3 2.369537 klip1
44 0 105229 4 2.3484037 klip1
44 0 103081 5 2.344089 klip1
44 0 104408 6 2.3336637 klip1
44 0 106882 7 2.332908 klip1
44 0 93186 8 2.3254116 klip1
44 0 84820 9 2.3210325 klip1
45 0 107922 0 2.2515569 klip1
45 0 117992 1 2.2367115 klip1
45 0 105616 2 2.217814 klip1
45 0 105615 3 2.207479 klip1
45 0 103263 4 2.2017348 klip1
45 0 145878 5 2.200663 klip1
45 0 103277 6 2.196047 klip1
45 0 112140 7 2.185309 klip1
45 0 2680590 8 2.1798458 klip1
45 0 2959745 9 2.1798458 klip1
46 0 105502 0 0.27821743 klip1
46 0 109968 1 0.276003 klip1
46 0 100157 2 0.27534887 klip1
46 0 111742 3 0.27463812 klip1
46 0 93119 4 0.27297834 klip1
46 0 4154238 5 0.2713401 klip1
46 0 84581 6 0.27120632 klip1
46 0 100918 7 0.2696898 klip1
46 0 131142 8 0.26948336 klip1
46 0 84745 9 0.2693027 klip1
47 0 105502 0 0.27821743 klip1
47 0 109968 1 0.276003 klip1
47 0 100157 2 0.27534887 klip1
47 0 111742 3 0.27463812 klip1
47 0 93119 4 0.27297834 klip1
47 0 4154238 5 0.2713401 klip1
47 0 84581 6 0.27120632 klip1
47 0 100918 7 0.2696898 klip1
47 0 131142 8 0.26948336 klip1
47 0 84745 9 0.2693027 klip1
48 0 105502 0 0.27821743 klip1
48 0 109968 1 0.276003 klip1
48 0 100157 2 0.27534887 klip1
48 0 111742 3 0.27463812 klip1
48 0 93119 4 0.27297834 klip1
48 0 4154238 5 0.2713401 klip1
48 0 84581 6 0.27120632 klip1
48 0 100918 7 0.2696898 klip1
48 0 131142 8 0.26948336 klip1
48 0 84745 9 0.2693027 klip1
49 0 111834 0 2.6056712 klip1
49 0 110901 1 2.5638041 klip1
49 0 102189 2 2.5387716 klip1
49 0 111100 3 2.5287051 klip1
49 0 110636 4 2.501155 klip1
49 0 112448 5 2.5010808 klip1
49 0 108932 6 2.4993613 klip1
49 0 110611 7 2.4909027 klip1
49 0 109156 8 2.4762287 klip1
49 0 106431 9 2.4663055 klip1
50 0 107922 0 1.0332248 klip1
50 0 110739 1 1.0184364 klip1
50 0 84643 2 1.0134081 klip1
50 0 84745 3 1.0125781 klip1
50 0 93138 4 1.0107942 klip1
50 0 117902 5 1.0100052 klip1
50 0 109968 6 1.0097444 klip1
50 0 100157 7 1.0067792 klip1
50 0 106062 8 1.0060594 klip1
50 0 107634 9 1.0060433 klip1
51 0 107922 0 2.2515569 klip1
51 0 117992 1 2.2367115 klip1
51 0 105616 2 2.217814 klip1
51 0 105615 3 2.207479 klip1
51 0 103263 4 2.2017348 klip1
51 0 145878 5 2.200663 klip1
51 0 103277 6 2.196047 klip1
51 0 112140 7 2.185309 klip1
51 0 2680590 8 2.1798458 klip1
51 0 2959745 9 2.1798458 klip1
52 0 112463 0 4.8144703 klip1
52 0 118411 1 4.783536 klip1
52 0 112093 2 4.721438 klip1
52 0 102999 3 4.6885357 klip1
52 0 104419 4 4.6717615 klip1
52 0 105008 5 4.6543975 klip1
52 0 111195 6 4.638773 klip1
52 0 110297 7 4.6336203 klip1
52 0 118156 8 4.610751 klip1
52 0 98985 9 4.5727057 klip1
53 0 110293 0 2.4752455 klip1
53 0 110016 1 2.4698672 klip1
53 0 109651 2 2.469531 klip1
53 0 105096 3 2.4581976 klip1
53 0 111598 4 2.4506829 klip1
53 0 112716 5 2.4494774 klip1
53 0 112627 6 2.4464889 klip1
53 0 799979 7 2.4406817 klip1
53 0 106954 8 2.4403613 klip1
53 0 103863 9 2.437448 klip1
54 0 105502 0 0.27821743 klip1
54 0 109968 1 0.276003 klip1
54 0 100157 2 0.27534887 klip1
54 0 111742 3 0.27463812 klip1
54 0 93119 4 0.27297834 klip1
54 0 4154238 5 0.2713401 klip1
54 0 84581 6 0.27120632 klip1
54 0 100918 7 0.2696898 klip1
54 0 131142 8 0.26948336 klip1
54 0 84745 9 0.2693027 klip1
55 0 107922 0 2.2515569 klip1
55 0 117992 1 2.2367115 klip1
55 0 105616 2 2.217814 klip1
55 0 105615 3 2.207479 klip1
55 0 103263 4 2.2017348 klip1
55 0 145878 5 2.200663 klip1
55 0 103277 6 2.196047 klip1
55 0 112140 7 2.185309 klip1
55 0 2680590 8 2.1798458 klip1
55 0 2959745 9 2.1798458 klip1
56 0 107922 0 2.2515569 klip1
56 0 117992 1 2.2367115 klip1
56 0 105616 2 2.217814 klip1
56 0 105615 3 2.207479 klip1
56 0 103263 4 2.2017348 klip1
56 0 145878 5 2.200663 klip1
56 0 103277 6 2.196047 klip1
56 0 112140 7 2.185309 klip1
56 0 2680590 8 2.1798458 klip1
56 0 2959745 9 2.1798458 klip1
57 0 105502 0 0.27821743 klip1
57 0 109968 1 0.276003 klip1
57 0 100157 2 0.27534887 klip1
57 0 111742 3 0.27463812 klip1
57 0 93119 4 0.27297834 klip1
57 0 4154238 5 0.2713401 klip1
57 0 84581 6 0.27120632 klip1
57 0 100918 7 0.2696898 klip1
57 0 131142 8 0.26948336 klip1
57 0 84745 9 0.2693027 klip1
58 0 105502 0 0.27821743 klip1
58 0 109968 1 0.276003 klip1
58 0 100157 2 0.27534887 klip1
58 0 111742 3 0.27463812 klip1
58 0 93119 4 0.27297834 klip1
58 0 4154238 5 0.2713401 klip1
58 0 84581 6 0.27120632 klip1
58 0 100918 7 0.2696898 klip1
58 0 131142 8 0.26948336 klip1
58 0 84745 9 0.2693027 klip1
59 0 118213 0 2.463482 klip1
59 0 90873 1 2.4586303 klip1
59 0 96848 2 2.4560268 klip1
59 0 101738 3 2.4521897 klip1
59 0 145820 4 2.447291 klip1
59 0 112624 5 2.4414594 klip1
59 0 109493 6 2.4408631 klip1
59 0 110652 7 2.4404721 klip1
59 0 111158 8 2.4389584 klip1
59 0 111683 9 2.4365509 klip1
60 0 118213 0 2.463482 klip1
60 0 90873 1 2.4586303 klip1
60 0 96848 2 2.4560268 klip1
60 0 101738 3 2.4521897 klip1
60 0 145820 4 2.447291 klip1
60 0 112624 5 2.4414594 klip1
60 0 109493 6 2.4408631 klip1
60 0 110652 7 2.4404721 klip1
60 0 111158 8 2.4389584 klip1
60 0 111683 9 2.4365509 klip1
61 0 105502 0 0.27821743 klip1
61 0 109968 1 0.276003 klip1
61 0 100157 2 0.27534887 klip1
61 0 111742 3 0.27463812 klip1
61 0 93119 4 0.27297834 klip1
61 0 4154238 5 0.2713401 klip1
61 0 84581 6 0.27120632 klip1
61 0 100918 7 0.2696898 klip1
61 0 131142 8 0.26948336 klip1
61 0 84745 9 0.2693027 klip1
62 0 107106 0 2.4404695 klip1
62 0 91728 1 2.4341846 klip1
62 0 90609 2 2.3814423 klip1
62 0 101357 3 2.369537 klip1
62 0 105229 4 2.3484037 klip1
62 0 103081 5 2.344089 klip1
62 0 104408 6 2.3336637 klip1
62 0 106882 7 2.332908 klip1
62 0 93186 8 2.3254116 klip1
62 0 84820 9 2.3210325 klip1
63 0 107922 0 1.0332248 klip1
63 0 110739 1 1.0184364 klip1
63 0 84643 2 1.0134081 klip1
63 0 84745 3 1.0125781 klip1
63 0 93138 4 1.0107942 klip1
63 0 117902 5 1.0100052 klip1
63 0 109968 6 1.0097444 klip1
63 0 100157 7 1.0067792 klip1
63 0 106062 8 1.0060594 klip1
63 0 107634 9 1.0060433 klip1
64 0 107922 0 2.2515569 klip1
64 0 117992 1 2.2367115 klip1
64 0 105616 2 2.217814 klip1
64 0 105615 3 2.207479 klip1
64 0 103263 4 2.2017348 klip1
64 0 145878 5 2.200663 klip1
64 0 103277 6 2.196047 klip1
64 0 112140 7 2.185309 klip1
64 0 2680590 8 2.1798458 klip1
64 0 2959745 9 2.1798458 klip1
65 0 107922 0 2.2515569 klip1
65 0 117992 1 2.2367115 klip1
65 0 105616 2 2.217814 klip1
65 0 105615 3 2.207479 klip1
65 0 103263 4 2.2017348 klip1
65 0 145878 5 2.200663 klip1
65 0 103277 6 2.196047 klip1
65 0 112140 7 2.185309 klip1
65 0 2680590 8 2.1798458 klip1
65 0 2959745 9 2.1798458 klip1
66 0 107922 0 2.2515569 klip1
66 0 117992 1 2.2367115 klip1
66 0 105616 2 2.217814 klip1
66 0 105615 3 2.207479 klip1
66 0 103263 4 2.2017348 klip1
66 0 145878 5 2.200663 klip1
66 0 103277 6 2.196047 klip1
66 0 112140 7 2.185309 klip1
66 0 2680590 8 2.1798458 klip1
66 0 2959745 9 2.1798458 klip1
67 0 102316 0 2.8619087 klip1
67 0 101829 1 2.847497 klip1
67 0 102995 2 2.8277416 klip1
67 0 101883 3 2.8177843 klip1
67 0 102195 4 2.816667 klip1
67 0 103715 5 2.8122964 klip1
67 0 112166 6 2.8119326 klip1
67 0 94102 7 2.8101513 klip1
67 0 100867 8 2.8073597 klip1
67 0 101930 9 2.8067446 klip1
68 0 102316 0 2.8619087 klip1
68 0 101829 1 2.847497 klip1
68 0 102995 2 2.8277416 klip1
68 0 101883 3 2.8177843 klip1
68 0 102195 4 2.816667 klip1
68 0 103715 5 2.8122964 klip1
68 0 112166 6 2.8119326 klip1
68 0 94102 7 2.8101513 klip1
68 0 100867 8 2.8073597 klip1
68 0 101930 9 2.8067446 klip1
69 0 107922 0 2.2515569 klip1
69 0 117992 1 2.2367115 klip1
69 0 105616 2 2.217814 klip1
69 0 105615 3 2.207479 klip1
69 0 103263 4 2.2017348 klip1
69 0 145878 5 2.200663 klip1
69 0 103277 6 2.196047 klip1
69 0 112140 7 2.185309 klip1
69 0 2680590 8 2.1798458 klip1
69 0 2959745 9 2.1798458 klip1
70 0 107922 0 2.2515569 klip1
70 0 117992 1 2.2367115 klip1
70 0 105616 2 2.217814 klip1
70 0 105615 3 2.207479 klip1
70 0 103263 4 2.2017348 klip1
70 0 145878 5 2.200663 klip1
70 0 103277 6 2.196047 klip1
70 0 112140 7 2.185309 klip1
70 0 2680590 8 2.1798458 klip1
70 0 2959745 9 2.1798458 klip1
71 0 89444 0 2.3140378 klip1
71 0 100191 1 2.308051 klip1
71 0 90304 2 2.3037047 klip1
71 0 90697 3 2.2747335 klip1
71 0 103320 4 2.2486045 klip1
71 0 86224 5 2.2475774 klip1
71 0 86473 6 2.245458 klip1
71 0 86502 7 2.245458 klip1
71 0 103572 8 2.2349315 klip1
71 0 87857 9 2.2285109 klip1
72 0 89444 0 2.3140378 klip1
72 0 100191 1 2.308051 klip1
72 0 90304 2 2.3037047 klip1
72 0 90697 3 2.2747335 klip1
72 0 103320 4 2.2486045 klip1
72 0 86224 5 2.2475774 klip1
72 0 86473 6 2.245458 klip1
72 0 86502 7 2.245458 klip1
72 0 103572 8 2.2349315 klip1
72 0 87857 9 2.2285109 klip1
73 0 111834 0 2.6056712 klip1
73 0 110901 1 2.5638041 klip1
73 0 102189 2 2.5387716 klip1
73 0 111100 3 2.5287051 klip1
73 0 110636 4 2.501155 klip1
73 0 112448 5 2.5010808 klip1
73 0 108932 6 2.4993613 klip1
73 0 110611 7 2.4909027 klip1
73 0 109156 8 2.4762287 klip1
73 0 106431 9 2.4663055 klip1
74 0 102482 0 3.212486 klip1
74 0 85507 1 3.1091797 klip1
74 0 145845 2 3.1086729 klip1
74 0 100924 3 3.085684 klip1
74 0 93670 4 3.0789728 klip1
74 0 100083 5 3.0409873 klip1
74 0 111875 6 3.0359836 klip1
74 0 85108 7 2.991774 klip1
74 0 89137 8 2.9898603 klip1
74 0 89410 9 2.9618053 klip1
75 0 105502 0 0.27821743 klip1
75 0 109968 1 0.276003 klip1
75 0 100157 2 0.27534887 klip1
75 0 111742 3 0.27463812 klip1
75 0 93119 4 0.27297834 klip1
75 0 4154238 5 0.2713401 klip1
75 0 84581 6 0.27120632 klip1
75 0 100918 7 0.2696898 klip1
75 0 131142 8 0.26948336 klip1
75 0 84745 9 0.2693027 klip1
76 0 107922 0 1.0332248 klip1
76 0 110739 1 1.0184364 klip1
76 0 84643 2 1.0134081 klip1
76 0 84745 3 1.0125781 klip1
76 0 93138 4 1.0107942 klip1
76 0 117902 5 1.0100052 klip1
76 0 109968 6 1.0097444 klip1
76 0 100157 7 1.0067792 klip1
76 0 106062 8 1.0060594 klip1
76 0 107634 9 1.0060433 klip1
77 0 107922 0 1.0332248 klip1
77 0 110739 1 1.0184364 klip1
77 0 84643 2 1.0134081 klip1
77 0 84745 3 1.0125781 klip1
77 0 93138 4 1.0107942 klip1
77 0 117902 5 1.0100052 klip1
77 0 109968 6 1.0097444 klip1
77 0 100157 7 1.0067792 klip1
77 0 106062 8 1.0060594 klip1
77 0 107634 9 1.0060433 klip1
78 0 111834 0 2.6056712 klip1
78 0 110901 1 2.5638041 klip1
78 0 102189 2 2.5387716 klip1
78 0 111100 3 2.5287051 klip1
78 0 110636 4 2.501155 klip1
78 0 112448 5 2.5010808 klip1
78 0 108932 6 2.4993613 klip1
78 0 110611 7 2.4909027 klip1
78 0 109156 8 2.4762287 klip1
78 0 106431 9 2.4663055 klip1
79 0 107106 0 2.4404695 klip1
79 0 91728 1 2.4341846 klip1
79 0 90609 2 2.3814423 klip1
79 0 101357 3 2.369537 klip1
79 0 105229 4 2.3484037 klip1
79 0 103081 5 2.344089 klip1
79 0 104408 6 2.3336637 klip1
79 0 106882 7 2.332908 klip1
79 0 93186 8 2.3254116 klip1
79 0 84820 9 2.3210325 klip1
80 0 94143 0 2.9595652 klip1
80 0 90957 1 2.9581788 klip1
80 0 99639 2 2.949304 klip1
80 0 91542 3 2.9160135 klip1
80 0 105637 4 2.8821461 klip1
80 0 91596 5 2.8774471 klip1
80 0 107196 6 2.8481607 klip1
80 0 102185 7 2.8458836 klip1
80 0 1206937 8 2.8353007 klip1
80 0 97859 9 2.81878 klip1
81 0 107922 0 1.0332248 klip1
81 0 110739 1 1.0184364 klip1
81 0 84643 2 1.0134081 klip1
81 0 84745 3 1.0125781 klip1
81 0 93138 4 1.0107942 klip1
81 0 117902 5 1.0100052 klip1
81 0 109968 6 1.0097444 klip1
81 0 100157 7 1.0067792 klip1
81 0 106062 8 1.0060594 klip1
81 0 107634 9 1.0060433 klip1
82 0 105502 0 0.27821743 klip1
82 0 109968 1 0.276003 klip1
82 0 100157 2 0.27534887 klip1
82 0 111742 3 0.27463812 klip1
82 0 93119 4 0.27297834 klip1
82 0 4154238 5 0.2713401 klip1
82 0 84581 6 0.27120632 klip1
82 0 100918 7 0.2696898 klip1
82 0 131142 8 0.26948336 klip1
82 0 84745 9 0.2693027 klip1
83 0 103309 0 3.998627 klip1
83 0 112811 1 3.9961138 klip1
83 0 101513 2 3.97636 klip1
83 0 103266 3 3.9669614 klip1
83 0 102323 4 3.9669614 klip1
83 0 1324195 5 3.9669614 klip1
83 0 103398 6 3.9660096 klip1
83 0 101553 7 3.9593096 klip1
83 0 111060 8 3.953057 klip1
83 0 101620 9 3.9456933 klip1
84 0 103309 0 3.998627 klip1
84 0 112811 1 3.9961138 klip1
84 0 101513 2 3.97636 klip1
84 0 103266 3 3.9669614 klip1
84 0 102323 4 3.9669614 klip1
84 0 1324195 5 3.9669614 klip1
84 0 103398 6 3.9660096 klip1
84 0 101553 7 3.9593096 klip1
84 0 111060 8 3.953057 klip1
84 0 101620 9 3.9456933 klip1
85 0 99578 0 2.7196486 klip1
85 0 3197367 1 2.6967127 klip1
85 0 2810527 2 2.6918168 klip1
85 0 2811848 3 2.6918168 klip1
85 0 105709 4 2.6916833 klip1
85 0 813020 5 2.6818097 klip1
85 0 142894 6 2.6801822 klip1
85 0 111912 7 2.6767607 klip1
85 0 148798 8 2.6668205 klip1
85 0 118498 9 2.6638873 klip1
86 0 145844 0 3.394095 klip1
86 0 109655 1 3.3804648 klip1
86 0 100092 2 3.3188863 klip1
86 0 105505 3 3.28783 klip1
86 0 100612 4 3.2836325 klip1
86 0 96672 5 3.2783244 klip1
86 0 104890 6 3.2692509 klip1
86 0 100113 7 3.2551243 klip1
86 0 103568 8 3.2417555 klip1
86 0 103428 9 3.2163439 klip1
87 0 91903 0 4.653271 klip1
87 0 102728 1 4.5863514 klip1
87 0 101600 2 4.559253 klip1
87 0 107344 3 4.4903555 klip1
87 0 104841 4 4.4759684 klip1
87 0 109577 5 4.4727907 klip1
87 0 111162 6 4.4727907 klip1
87 0 111100 7 4.462498 klip1
87 0 106663 8 4.4383936 klip1
87 0 92474 9 4.4383936 klip1
88 0 99361 0 2.7129426 klip1
88 0 96927 1 2.6794586 klip1
88 0 89238 2 2.6021285 klip1
88 0 102339 3 2.5779653 klip1
88 0 95927 4 2.5766923 klip1
88 0 98723 5 2.5766923 klip1
88 0 95393 6 2.5749042 klip1
88 0 104241 7 2.5667892 klip1
88 0 111285 8 2.5653343 klip1
88 0 96966 9 2.5653343 klip1
89 0 4170683 0 2.8197424 klip1
89 0 109129 1 2.7619798 klip1
89 0 107211 2 2.7546387 klip1
89 0 109786 3 2.752825 klip1
89 0 117837 4 2.7404208 klip1
89 0 117902 5 2.7286282 klip1
89 0 219815 6 2.7254791 klip1
89 0 142887 7 2.7187626 klip1
89 0 100612 8 2.717171 klip1
89 0 110825 9 2.709956 klip1
90 0 118213 0 2.463482 klip1
90 0 90873 1 2.4586303 klip1
90 0 96848 2 2.4560268 klip1
90 0 101738 3 2.4521897 klip1
90 0 145820 4 2.447291 klip1
90 0 112624 5 2.4414594 klip1
90 0 109493 6 2.4408631 klip1
90 0 110652 7 2.4404721 klip1
90 0 111158 8 2.4389584 klip1
90 0 111683 9 2.4365509 klip1
91 0 107922 0 1.0332248 klip1
91 0 110739 1 1.0184364 klip1
91 0 84643 2 1.0134081 klip1
91 0 84745 3 1.0125781 klip1
91 0 93138 4 1.0107942 klip1
91 0 117902 5 1.0100052 klip1
91 0 109968 6 1.0097444 klip1
91 0 100157 7 1.0067792 klip1
91 0 106062 8 1.0060594 klip1
91 0 107634 9 1.0060433 klip1
92 0 107922 0 1.0332248 klip1
92 0 110739 1 1.0184364 klip1
92 0 84643 2 1.0134081 klip1
92 0 84745 3 1.0125781 klip1
92 0 93138 4 1.0107942 klip1
92 0 117902 5 1.0100052 klip1
92 0 109968 6 1.0097444 klip1
92 0 100157 7 1.0067792 klip1
92 0 106062 8 1.0060594 klip1
92 0 107634 9 1.0060433 klip1
93 0 107922 0 1.0332248 klip1
93 0 110739 1 1.0184364 klip1
93 0 84643 2 1.0134081 klip1
93 0 84745 3 1.0125781 klip1
93 0 93138 4 1.0107942 klip1
93 0 117902 5 1.0100052 klip1
93 0 109968 6 1.0097444 klip1
93 0 100157 7 1.0067792 klip1
93 0 106062 8 1.0060594 klip1
93 0 107634 9 1.0060433 klip1
94 0 107922 0 1.0332248 klip1
94 0 110739 1 1.0184364 klip1
94 0 84643 2 1.0134081 klip1
94 0 84745 3 1.0125781 klip1
94 0 93138 4 1.0107942 klip1
94 0 117902 5 1.0100052 klip1
94 0 109968 6 1.0097444 klip1
94 0 100157 7 1.0067792 klip1
94 0 106062 8 1.0060594 klip1
94 0 107634 9 1.0060433 klip1
95 0 102612 0 3.8536813 klip1
95 0 103868 1 3.8488286 klip1
95 0 1500655 2 3.8352919 klip1
95 0 97849 3 3.830726 klip1
95 0 96232 4 3.8258967 klip1
95 0 112755 5 3.8195505 klip1
95 0 97150 6 3.8097818 klip1
95 0 99952 7 3.8051612 klip1
95 0 96394 8 3.8046572 klip1
95 0 106833 9 3.8025455 klip1
96 0 105502 0 0.27821743 klip1
96 0 109968 1 0.276003 klip1
96 0 100157 2 0.27534887 klip1
96 0 111742 3 0.27463812 klip1
96 0 93119 4 0.27297834 klip1
96 0 4154238 5 0.2713401 klip1
96 0 84581 6 0.27120632 klip1
96 0 100918 7 0.2696898 klip1
96 0 131142 8 0.26948336 klip1
96 0 84745 9 0.2693027 klip1
97 0 118269 0 3.804875 klip1
97 0 96194 1 3.79771 klip1
97 0 799969 2 3.796542 klip1
97 0 101334 3 3.7817085 klip1
97 0 112864 4 3.7705812 klip1
97 0 88201 5 3.766605 klip1
97 0 101394 6 3.7644894 klip1
97 0 112538 7 3.7611718 klip1
97 0 111261 8 3.7597024 klip1
97 0 92034 9 3.7595124 klip1
98 0 91457 0 3.0804403 klip1
98 0 112908 1 3.0491185 klip1
98 0 93522 2 3.0474706 klip1
98 0 99578 3 3.0391517 klip1
98 0 89988 4 3.0385847 klip1
98 0 87203 5 3.0329278 klip1
98 0 87314 6 3.0275908 klip1
98 0 90483 7 3.0256934 klip1
98 0 100041 8 3.019861 klip1
98 0 89614 9 3.0196042 klip1
99 0 105502 0 0.27821743 klip1
99 0 109968 1 0.276003 klip1
99 0 100157 2 0.27534887 klip1
99 0 111742 3 0.27463812 klip1
99 0 93119 4 0.27297834 klip1
99 0 4154238 5 0.2713401 klip1
99 0 84581 6 0.27120632 klip1
99 0 100918 7 0.2696898 klip1
99 0 131142 8 0.26948336 klip1
99 0 84745 9 0.2693027 klip1
100 0 105502 0 0.27821743 klip1
100 0 109968 1 0.276003 klip1
100 0 100157 2 0.27534887 klip1
100 0 111742 3 0.27463812 klip1
100 0 93119 4 0.27297834 klip1
100 0 4154238 5 0.2713401 klip1
100 0 84581 6 0.27120632 klip1
100 0 100918 7 0.2696898 klip1
100 0 131142 8 0.26948336 klip1
100 0 84745 9 0.2693027 klip1
