1 0 3204919 0 102.628716 klip9
1 0 2649076 1 97.106575 klip9
1 0 149702 2 90.31771 klip9
1 0 219733 3 87.765465 klip9
1 0 220342 4 87.765465 klip9
1 0 4164893 5 87.34837 klip9
1 0 3177197 6 86.927765 klip9
1 0 3170730 7 86.79175 klip9
1 0 2812210 8 86.4233 klip9
1 0 2809767 9 86.10569 klip9
2 0 103631 0 98.14384 klip9
2 0 145692 1 92.96916 klip9
2 0 103549 2 92.67472 klip9
2 0 108555 3 87.73958 klip9
2 0 104671 4 87.54824 klip9
2 0 104571 5 85.83977 klip9
2 0 96850 6 81.04798 klip9
2 0 105116 7 80.15034 klip9
2 0 93789 8 79.502525 klip9
2 0 4170684 9 79.45121 klip9
3 0 3162143 0 124.90741 klip9
3 0 215496 1 115.334984 klip9
3 0 215694 2 115.334984 klip9
3 0 2959735 3 115.33394 klip9
3 0 118475 4 114.429695 klip9
3 0 130157 5 112.2868 klip9
3 0 145890 6 110.464874 klip9
3 0 903973 7 108.41305 klip9
3 0 118248 8 106.8942 klip9
3 0 117907 9 106.86154 klip9
4 0 215694 0 233.94652 klip9
4 0 2959735 1 233.94444 klip9
4 0 215496 2 233.92795 klip9
4 0 3162143 3 206.31676 klip9
4 0 118029 4 195.98955 klip9
4 0 623142 5 195.3953 klip9
4 0 149007 6 185.41676 klip9
4 0 903973 7 171.59908 klip9
4 0 78783 8 152.14418 klip9
4 0 145890 9 151.79561 klip9
5 0 2672209 0 85.59957 klip9
5 0 2657779 1 85.59957 klip9
5 0 145652 2 83.70198 klip9
5 0 110831 3 80.157104 klip9
5 0 183480 4 80.02574 klip9
5 0 1740 5 79.99855 klip9
5 0 112708 6 77.76856 klip9
5 0 110056 7 77.01021 klip9
5 0 131163 8 75.189674 klip9
5 0 118217 9 71.60315 klip9
6 0 110654 0 141.91159 klip9
6 0 110056 1 116.59351 klip9
6 0 183480 2 102.742744 klip9
6 0 111258 3 94.28005 klip9
6 0 3203656 4 90.76618 klip9
6 0 3206414 5 90.76618 klip9
6 0 111114 6 88.130554 klip9
6 0 117932 7 84.30712 klip9
6 0 110789 8 81.590004 klip9
6 0 111661 9 73.73402 klip9
7 0 2672535 0 60.58989 klip9
7 0 134749 1 58.542065 klip9
7 0 219733 2 58.324184 klip9
7 0 220342 3 58.324184 klip9
7 0 147531 4 57.60613 klip9
7 0 118511 5 57.56094 klip9
7 0 183479 6 57.264084 klip9
7 0 3195892 7 57.06674 klip9
7 0 2678467 8 55.749683 klip9
7 0 2679202 9 55.749683 klip9
8 0 134749 0 133.35954 klip9
8 0 112174 1 129.50798 klip9
8 0 145715 2 117.63244 klip9
8 0 145868 3 115.60823 klip9
8 0 112834 4 112.22437 klip9
8 0 147531 5 111.20445 klip9
8 0 2678467 6 108.27065 klip9
8 0 2679202 7 108.27065 klip9
8 0 2959746 8 108.27065 klip9
8 0 110932 9 106.94653 klip9
9 0 2675751 0 135.83607 klip9
9 0 854177 1 123.26311 klip9
9 0 127923 2 120.05315 klip9
9 0 147530 3 119.72136 klip9
9 0 118317 4 117.89304 klip9
9 0 112641 5 117.089554 klip9
9 0 118212 6 116.41741 klip9
9 0 127887 7 115.54302 klip9
9 0 2679557 8 115.40177 klip9
9 0 112931 9 114.64747 klip9
10 0 111500 0 157.04028 klip9
10 0 112423 1 143.86978 klip9
10 0 118087 2 142.5521 klip9
10 0 112657 3 141.68706 klip9
10 0 214949 4 141.51628 klip9
10 0 215071 5 141.51628 klip9
10 0 147531 6 139.99734 klip9
10 0 112800 7 133.32945 klip9
10 0 112293 8 132.31647 klip9
10 0 112931 9 131.39052 klip9
11 0 2810524 0 91.13507 klip9
11 0 2811846 1 91.13507 klip9
11 0 217512 2 87.2618 klip9
11 0 2809767 3 86.36369 klip9
11 0 2811850 4 86.36369 klip9
11 0 873668 5 83.36505 klip9
11 0 4151830 6 82.92609 klip9
11 0 150541 7 82.74272 klip9
11 0 145960 8 82.11147 klip9
11 0 3211501 9 81.20149 klip9
12 0 2672535 0 109.659065 klip9
12 0 4151830 1 79.79442 klip9
12 0 3181025 2 78.64014 klip9
12 0 183479 3 78.2209 klip9
12 0 3211503 4 78.14796 klip9
12 0 3216389 5 77.41151 klip9
12 0 108766 6 77.40481 klip9
12 0 3153112 7 77.27689 klip9
12 0 3207860 8 77.06609 klip9
12 0 4170685 9 76.25137 klip9
13 0 2812588 0 110.96379 klip9
13 0 802973 1 99.44793 klip9
13 0 803271 2 99.44793 klip9
13 0 2959737 3 99.44793 klip9
13 0 4162111 4 98.583084 klip9
13 0 2959730 5 93.57417 klip9
13 0 2642828 6 92.85573 klip9
13 0 108605 7 91.92293 klip9
13 0 150543 8 91.40681 klip9
13 0 2959732 9 91.40681 klip9
14 0 2812588 0 72.670944 klip9
14 0 614392 1 69.14357 klip9
14 0 614485 2 69.14357 klip9
14 0 108730 3 66.806854 klip9
14 0 118296 4 66.06568 klip9
14 0 2153 5 65.521194 klip9
14 0 118015 6 64.85937 klip9
14 0 2670965 7 64.73966 klip9
14 0 122258 8 64.316925 klip9
14 0 148483 9 64.14848 klip9
15 0 2812588 0 153.36665 klip9
15 0 4151822 1 135.5859 klip9
15 0 2770446 2 113.36712 klip9
15 0 2809767 3 103.82594 klip9
15 0 2811850 4 103.82594 klip9
15 0 2771249 5 96.510445 klip9
15 0 2812210 6 92.20305 klip9
15 0 2809766 7 91.74754 klip9
15 0 2811849 8 91.74754 klip9
15 0 4155979 9 90.658615 klip9
16 0 4151822 0 135.52824 klip9
16 0 2812588 1 108.725746 klip9
16 0 2770446 2 96.08383 klip9
16 0 145817 3 91.15908 klip9
16 0 3209687 4 85.559074 klip9
16 0 2642828 5 83.27891 klip9
16 0 4151830 6 83.06862 klip9
16 0 134747 7 82.92658 klip9
16 0 4171965 8 82.922646 klip9
16 0 4155979 9 82.556595 klip9
17 0 4161362 0 65.7649 klip9
17 0 148484 1 65.2638 klip9
17 0 620566 2 64.56771 klip9
17 0 145865 3 64.49421 klip9
17 0 111122 4 63.62263 klip9
17 0 217512 5 61.77027 klip9
17 0 117987 6 61.1731 klip9
17 0 2771249 7 59.96149 klip9
17 0 813289 8 59.90046 klip9
17 0 109218 9 59.282272 klip9
18 0 205712 0 146.67865 klip9
18 0 148484 1 141.03513 klip9
18 0 620566 2 131.42543 klip9
18 0 131156 3 125.5668 klip9
18 0 217512 4 124.17291 klip9
18 0 1753 5 120.92873 klip9
18 0 145119 6 120.70009 klip9
18 0 206097 7 120.60931 klip9
18 0 145664 8 120.11329 klip9
18 0 145635 9 118.63964 klip9
19 0 2654533 0 171.23586 klip9
19 0 2654756 1 171.23586 klip9
19 0 112808 2 125.40102 klip9
19 0 4151826 3 121.77307 klip9
19 0 219509 4 118.951904 klip9
19 0 4172500 5 118.81071 klip9
19 0 2670966 6 118.005844 klip9
19 0 112775 7 117.08947 klip9
19 0 4151825 8 116.90276 klip9
19 0 2781925 9 116.514656 klip9
20 0 2654533 0 174.97122 klip9
20 0 2654756 1 174.97122 klip9
20 0 112775 2 118.207565 klip9
20 0 4151825 3 117.907135 klip9
20 0 4172500 4 117.52971 klip9
20 0 4151826 5 117.48786 klip9
20 0 2670966 6 116.62125 klip9
20 0 219509 7 116.53473 klip9
20 0 112808 8 115.46224 klip9
20 0 2781925 9 114.79704 klip9
21 0 873660 0 170.28725 klip9
21 0 117890 1 153.14392 klip9
21 0 112799 2 150.42593 klip9
21 0 121159 3 144.55748 klip9
21 0 118081 4 143.64642 klip9
21 0 3181482 5 140.3039 klip9
21 0 145925 6 137.7426 klip9
21 0 867657 7 137.05994 klip9
21 0 118416 8 136.6265 klip9
21 0 2811845 9 134.758 klip9
22 0 117890 0 191.26413 klip9
22 0 2659300 1 185.5889 klip9
22 0 112799 2 173.91927 klip9
22 0 118081 3 161.88506 klip9
22 0 145925 4 154.84102 klip9
22 0 118416 5 154.7789 klip9
22 0 145829 6 153.81999 klip9
22 0 121159 7 150.5641 klip9
22 0 867657 8 144.22447 klip9
22 0 2781925 9 143.66428 klip9
23 0 118449 0 110.22322 klip9
23 0 2810525 1 106.23321 klip9
23 0 2811847 2 106.23321 klip9
23 0 2801435 3 102.2781 klip9
23 0 145738 4 100.75815 klip9
23 0 623242 5 96.9093 klip9
23 0 118180 6 96.62136 klip9
23 0 112257 7 95.99712 klip9
23 0 142878 8 93.49584 klip9
23 0 2675750 9 88.999016 klip9
24 0 1738 0 49.076195 klip9
24 0 145778 1 45.367363 klip9
24 0 802408 2 41.76829 klip9
24 0 2790213 3 40.566444 klip9
24 0 2678133 4 40.268547 klip9
24 0 145866 5 39.877834 klip9
24 0 2801435 6 39.444633 klip9
24 0 145635 7 39.33027 klip9
24 0 616433 8 38.99268 klip9
24 0 2675751 9 38.473835 klip9
25 0 112616 0 142.43948 klip9
25 0 2655499 1 101.92275 klip9
25 0 110318 2 95.838295 klip9
25 0 3211503 3 86.914474 klip9
25 0 118021 4 84.75839 klip9
25 0 108792 5 84.66411 klip9
25 0 821305 6 84.33908 klip9
25 0 111495 7 79.34464 klip9
25 0 112700 8 77.794174 klip9
25 0 117845 9 77.45253 klip9
26 0 117872 0 137.18607 klip9
26 0 112616 1 122.3378 klip9
26 0 112045 2 121.43813 klip9
26 0 112324 3 119.19223 klip9
26 0 118026 4 117.73484 klip9
26 0 145758 5 111.66457 klip9
26 0 110915 6 110.843376 klip9
26 0 111056 7 110.69666 klip9
26 0 145779 8 109.82596 klip9
26 0 112457 9 108.822975 klip9
27 0 4157405 0 230.88326 klip9
27 0 4157382 1 230.7198 klip9
27 0 112346 2 132.72478 klip9
27 0 111141 3 132.41022 klip9
27 0 112523 4 121.249565 klip9
27 0 3204918 5 111.33332 klip9
27 0 145636 6 107.75849 klip9
27 0 931121 7 105.412834 klip9
27 0 217703 8 105.03856 klip9
27 0 182992 9 104.56088 klip9
28 0 4157405 0 188.83997 klip9
28 0 4157382 1 188.67651 klip9
28 0 112346 2 125.81647 klip9
28 0 111141 3 114.83203 klip9
28 0 931121 4 89.01369 klip9
28 0 145827 5 88.68504 klip9
28 0 110706 6 87.71895 klip9
28 0 118489 7 85.82848 klip9
28 0 931120 8 85.72598 klip9
28 0 212970 9 85.225784 klip9
29 0 4151826 0 51.1337 klip9
29 0 205788 1 50.293167 klip9
29 0 137739 2 49.02575 klip9
29 0 111471 3 49.00585 klip9
29 0 118351 4 47.74718 klip9
29 0 118044 5 47.29312 klip9
29 0 145708 6 46.71898 klip9
29 0 118381 7 46.624752 klip9
29 0 117875 8 46.568584 klip9
29 0 145632 9 46.47554 klip9
30 0 205788 0 151.69043 klip9
30 0 218921 1 131.77031 klip9
30 0 148795 2 127.65014 klip9
30 0 4151826 3 124.53507 klip9
30 0 145841 4 123.47533 klip9
30 0 626206 5 122.95484 klip9
30 0 899483 6 118.98277 klip9
30 0 137739 7 117.31533 klip9
30 0 145761 8 114.833725 klip9
30 0 145708 9 112.59057 klip9
31 0 145925 0 94.52871 klip9
31 0 112486 1 91.57389 klip9
31 0 110561 2 90.065475 klip9
31 0 118458 3 86.35466 klip9
31 0 131149 4 85.87215 klip9
31 0 118023 5 85.42942 klip9
31 0 118353 6 85.354355 klip9
31 0 118061 7 84.70373 klip9
31 0 2795279 8 83.14878 klip9
31 0 118501 9 82.403114 klip9
32 0 112329 0 91.09436 klip9
32 0 1728 1 87.47746 klip9
32 0 111434 2 86.89977 klip9
32 0 112850 3 83.23292 klip9
32 0 112447 4 80.3371 klip9
32 0 112090 5 77.14748 klip9
32 0 118455 6 75.84124 klip9
32 0 111596 7 74.724236 klip9
32 0 125839 8 74.06228 klip9
32 0 117853 9 73.46407 klip9
33 0 109535 0 95.695145 klip9
33 0 109532 1 94.706215 klip9
33 0 110795 2 93.79839 klip9
33 0 112485 3 93.29682 klip9
33 0 109935 4 92.43775 klip9
33 0 121158 5 91.69063 klip9
33 0 145870 6 89.76797 klip9
33 0 112808 7 89.26553 klip9
33 0 802973 8 89.20636 klip9
33 0 803271 9 89.20636 klip9
34 0 2676594 0 278.8003 klip9
34 0 2675753 1 271.51492 klip9
34 0 2679204 2 271.51492 klip9
34 0 2809767 3 202.87177 klip9
34 0 2811850 4 202.87177 klip9
34 0 3216389 5 126.995926 klip9
34 0 121158 6 124.4707 klip9
34 0 112325 7 113.92101 klip9
34 0 625710 8 109.658905 klip9
34 0 858288 9 108.52345 klip9
35 0 821306 0 57.038937 klip9
35 0 102737 1 52.896557 klip9
35 0 205203 2 51.96963 klip9
35 0 218927 3 50.296757 klip9
35 0 213843 4 50.261463 klip9
35 0 214063 5 50.261463 klip9
35 0 214467 6 50.261463 klip9
35 0 931124 7 49.88074 klip9
35 0 118079 8 49.704082 klip9
35 0 2768888 9 49.430058 klip9
36 0 109923 0 100.923195 klip9
36 0 118238 1 100.20938 klip9
36 0 118319 2 97.91742 klip9
36 0 902769 3 92.99823 klip9
36 0 118142 4 90.94595 klip9
36 0 118329 5 89.660904 klip9
36 0 3177197 6 89.52518 klip9
36 0 3170730 7 89.307915 klip9
36 0 213843 8 88.16211 klip9
36 0 214063 9 88.16211 klip9
37 0 4151829 0 72.139366 klip9
37 0 110774 1 71.46427 klip9
37 0 118269 2 68.64308 klip9
37 0 145731 3 67.24529 klip9
37 0 118290 4 67.24232 klip9
37 0 110742 5 67.23366 klip9
37 0 112910 6 66.9226 klip9
37 0 112133 7 66.07337 klip9
37 0 108863 8 64.98088 klip9
37 0 111982 9 64.80777 klip9
38 0 145855 0 115.15462 klip9
38 0 4151829 1 107.859566 klip9
38 0 145731 2 107.230675 klip9
38 0 118269 3 94.392784 klip9
38 0 1993216 4 87.246704 klip9
38 0 110774 5 83.16915 klip9
38 0 112910 6 82.13523 klip9
38 0 112292 7 81.191505 klip9
38 0 145629 8 79.26378 klip9
38 0 111982 9 79.18061 klip9
39 0 112568 0 93.461494 klip9
39 0 112420 1 83.80988 klip9
39 0 118457 2 79.964966 klip9
39 0 111432 3 76.04512 klip9
39 0 2959744 4 71.64902 klip9
39 0 855518 5 71.64902 klip9
39 0 621044 6 71.57404 klip9
39 0 621090 7 71.57404 klip9
39 0 2959739 8 71.57404 klip9
39 0 2674861 9 70.77576 klip9
40 0 105200 0 132.8018 klip9
40 0 621044 1 120.39946 klip9
40 0 621090 2 120.39946 klip9
40 0 2959739 3 120.39946 klip9
40 0 122254 4 116.749725 klip9
40 0 2959744 5 111.618706 klip9
40 0 855518 6 111.618706 klip9
40 0 1731 7 110.45851 klip9
40 0 108818 8 109.774345 klip9
40 0 112273 9 105.87317 klip9
41 0 112924 0 149.99974 klip9
41 0 2654533 1 129.76624 klip9
41 0 2654756 2 129.76624 klip9
41 0 111198 3 129.15996 klip9
41 0 2811847 4 129.13043 klip9
41 0 2810525 5 129.12573 klip9
41 0 112731 6 123.45765 klip9
41 0 127916 7 121.71294 klip9
41 0 112585 8 121.10574 klip9
41 0 111891 9 121.099236 klip9
42 0 2654533 0 147.48003 klip9
42 0 2654756 1 147.48003 klip9
42 0 112585 2 143.46848 klip9
42 0 112924 3 143.17018 klip9
42 0 110132 4 138.40834 klip9
42 0 111198 5 137.62569 klip9
42 0 111891 6 136.84721 klip9
42 0 109186 7 131.50359 klip9
42 0 109352 8 130.40237 klip9
42 0 112731 9 128.53326 klip9
43 0 2680590 0 107.56792 klip9
43 0 2959745 1 107.56792 klip9
43 0 112305 2 96.55365 klip9
43 0 112920 3 96.548584 klip9
43 0 112803 4 89.227295 klip9
43 0 118148 5 84.98866 klip9
43 0 2959749 6 81.45755 klip9
43 0 2812589 7 81.43238 klip9
43 0 2784695 8 79.60021 klip9
43 0 112644 9 76.850464 klip9
44 0 802408 0 31.402878 klip9
44 0 2781925 1 30.961863 klip9
44 0 145903 2 30.480717 klip9
44 0 183480 3 30.175276 klip9
44 0 3213871 4 29.593943 klip9
44 0 118182 5 29.415955 klip9
44 0 92563 6 29.32345 klip9
44 0 108965 7 29.284742 klip9
44 0 109864 8 28.8112 klip9
44 0 99873 9 28.737389 klip9
45 0 3204917 0 179.46904 klip9
45 0 866024 1 154.26578 klip9
45 0 858802 2 154.26578 klip9
45 0 145861 3 151.60794 klip9
45 0 150542 4 150.65614 klip9
45 0 145772 5 149.72702 klip9
45 0 800568 6 146.74077 klip9
45 0 137725 7 141.34972 klip9
45 0 145903 8 138.85709 klip9
45 0 626207 9 138.47365 klip9
46 0 866024 0 293.0597 klip9
46 0 858802 1 293.0597 klip9
46 0 903971 2 202.87886 klip9
46 0 2959742 3 202.87886 klip9
46 0 623145 4 201.18153 klip9
46 0 2804673 5 197.7014 klip9
46 0 3204917 6 194.93822 klip9
46 0 2657927 7 184.56969 klip9
46 0 145861 8 183.12158 klip9
46 0 1732 9 180.25713 klip9
47 0 2674861 0 134.88823 klip9
47 0 2675754 1 134.88823 klip9
47 0 2671723 2 84.358894 klip9
47 0 2795703 3 83.22224 klip9
47 0 2797292 4 83.22224 klip9
47 0 2678133 5 82.1916 klip9
47 0 626207 6 81.49334 klip9
47 0 2790213 7 80.72777 klip9
47 0 2810526 8 79.34359 klip9
47 0 148483 9 79.262474 klip9
48 0 2674861 0 139.46207 klip9
48 0 2675754 1 139.46207 klip9
48 0 3170727 2 85.80599 klip9
48 0 111362 3 84.387474 klip9
48 0 103019 4 79.64424 klip9
48 0 145896 5 79.5468 klip9
48 0 2646093 6 78.87042 klip9
48 0 108375 7 77.96654 klip9
48 0 96147 8 77.46963 klip9
48 0 121149 9 77.10832 klip9
49 0 2810525 0 77.19485 klip9
49 0 2811847 1 77.19485 klip9
49 0 4162535 2 70.30965 klip9
49 0 4151826 3 63.239895 klip9
49 0 3153112 4 59.75813 klip9
49 0 2812210 5 57.006134 klip9
49 0 2803251 6 56.906525 klip9
49 0 2809767 7 56.186066 klip9
49 0 2811850 8 56.186066 klip9
49 0 3177197 9 54.96192 klip9
50 0 3153112 0 103.81801 klip9
50 0 4162535 1 97.78979 klip9
50 0 2810525 2 78.586555 klip9
50 0 2811847 3 78.586555 klip9
50 0 4151826 4 66.217636 klip9
50 0 3181025 5 63.67693 klip9
50 0 3177197 6 60.94227 klip9
50 0 3170730 7 60.440514 klip9
50 0 2812210 8 58.94939 klip9
50 0 2809767 9 58.879333 klip9
51 0 112770 0 95.59516 klip9
51 0 2812589 1 82.914894 klip9
51 0 2959749 2 82.914894 klip9
51 0 78783 3 82.815994 klip9
51 0 145872 4 79.78534 klip9
51 0 616433 5 79.60121 klip9
51 0 3195892 6 75.9741 klip9
51 0 213842 7 75.1912 klip9
51 0 215412 8 73.52105 klip9
51 0 2655591 9 72.54182 klip9
52 0 112770 0 67.04983 klip9
52 0 112931 1 62.433296 klip9
52 0 112243 2 57.901825 klip9
52 0 105869 3 53.81067 klip9
52 0 127923 4 53.796112 klip9
52 0 127887 5 53.754753 klip9
52 0 1859075 6 53.284103 klip9
52 0 110753 7 52.882473 klip9
52 0 103302 8 52.702354 klip9
52 0 95391 9 52.572308 klip9
53 0 799985 0 110.81209 klip9
53 0 2808291 1 92.48532 klip9
53 0 148483 2 88.99541 klip9
53 0 145664 3 87.691574 klip9
53 0 2771250 4 87.47863 klip9
53 0 145792 5 85.6902 klip9
53 0 145635 6 85.292404 klip9
53 0 117916 7 83.06179 klip9
53 0 625711 8 82.809525 klip9
53 0 621045 9 82.20068 klip9
54 0 872994 0 138.40228 klip9
54 0 811778 1 119.842545 klip9
54 0 625711 2 110.664734 klip9
54 0 931123 3 110.32072 klip9
54 0 2808291 4 97.06614 klip9
54 0 811777 5 95.1232 klip9
54 0 799985 6 94.65139 klip9
54 0 943668 7 91.641685 klip9
54 0 620566 8 90.94696 klip9
54 0 621045 9 89.86234 klip9
55 0 4154603 0 163.63078 klip9
55 0 118269 1 124.57776 klip9
55 0 145731 2 124.241844 klip9
55 0 145629 3 118.25198 klip9
55 0 145855 4 117.74676 klip9
55 0 111261 5 115.50511 klip9
55 0 110774 6 114.73628 klip9
55 0 111420 7 98.943344 klip9
55 0 111982 8 97.857994 klip9
55 0 112910 9 97.20548 klip9
56 0 4154603 0 232.13847 klip9
56 0 118269 1 169.24268 klip9
56 0 145731 2 163.49178 klip9
56 0 110774 3 150.45093 klip9
56 0 112910 4 150.38356 klip9
56 0 111261 5 144.65205 klip9
56 0 145629 6 144.29643 klip9
56 0 145855 7 133.04655 klip9
56 0 1993216 8 129.10179 klip9
56 0 111420 9 127.78722 klip9
57 0 867644 0 112.89055 klip9
57 0 802408 1 112.735 klip9
57 0 800569 2 109.74162 klip9
57 0 815320 3 105.42322 klip9
57 0 118297 4 103.90073 klip9
57 0 122254 5 103.42536 klip9
57 0 800859 6 102.90123 klip9
57 0 149585 7 101.55161 klip9
57 0 149649 8 101.55161 klip9
57 0 2959744 9 101.113785 klip9
58 0 145735 0 111.0644 klip9
58 0 112467 1 90.90506 klip9
58 0 217702 2 90.05659 klip9
58 0 108547 3 88.077576 klip9
58 0 106179 4 86.87025 klip9
58 0 2671725 5 85.50723 klip9
58 0 2672207 6 85.47591 klip9
58 0 218133 7 83.27187 klip9
58 0 145815 8 83.103195 klip9
58 0 2676592 9 82.668564 klip9
59 0 2788983 0 285.84552 klip9
59 0 4170685 1 261.124 klip9
59 0 145627 2 232.85724 klip9
59 0 118037 3 232.41904 klip9
59 0 117968 4 228.86739 klip9
59 0 118129 5 223.94844 klip9
59 0 118040 6 215.29614 klip9
59 0 1087691 7 200.04541 klip9
59 0 134735 8 196.86383 klip9
59 0 118422 9 192.93358 klip9
60 0 3195891 0 271.98965 klip9
60 0 2788983 1 264.36395 klip9
60 0 4170685 2 254.26193 klip9
60 0 145627 3 235.07939 klip9
60 0 118129 4 233.97112 klip9
60 0 117968 5 223.52567 klip9
60 0 118334 6 221.76686 klip9
60 0 130158 7 220.14493 klip9
60 0 931614 8 215.99115 klip9
60 0 621195 9 209.33748 klip9
61 0 145743 0 158.3878 klip9
61 0 2812210 1 158.1037 klip9
61 0 145923 2 148.63135 klip9
61 0 218457 3 136.19798 klip9
61 0 145815 4 124.036224 klip9
61 0 3195092 5 123.58696 klip9
61 0 1732 6 122.86234 klip9
61 0 112854 7 120.647514 klip9
61 0 112435 8 114.535034 klip9
61 0 2657927 9 114.1657 klip9
62 0 2812210 0 84.151405 klip9
62 0 110661 1 71.9938 klip9
62 0 118299 2 69.1214 klip9
62 0 110091 3 68.20543 klip9
62 0 110926 4 65.965454 klip9
62 0 117875 5 64.57557 klip9
62 0 3195092 6 62.08257 klip9
62 0 218457 7 62.00354 klip9
62 0 109077 8 61.430157 klip9
62 0 1087958 9 61.351196 klip9
63 0 149702 0 72.74332 klip9
63 0 104521 1 72.12591 klip9
63 0 107685 2 71.43898 klip9
63 0 106985 3 71.4058 klip9
63 0 108539 4 71.18179 klip9
63 0 105525 5 69.07101 klip9
63 0 108111 6 68.919685 klip9
63 0 118148 7 68.22664 klip9
63 0 108538 8 68.17304 klip9
63 0 105001 9 67.34903 klip9
64 0 3205768 0 94.58772 klip9
64 0 2758568 1 91.19951 klip9
64 0 2809766 2 88.78896 klip9
64 0 2811849 3 88.78896 klip9
64 0 110645 4 82.36264 klip9
64 0 3207860 5 81.129715 klip9
64 0 3205767 6 80.61901 klip9
64 0 4151827 7 80.20571 klip9
64 0 4151826 8 78.58239 klip9
64 0 118196 9 78.5448 klip9
65 0 118123 0 190.811 klip9
65 0 150540 1 132.87468 klip9
65 0 3211501 2 129.87648 klip9
65 0 110645 3 126.320656 klip9
65 0 131165 4 126.28015 klip9
65 0 111051 5 124.75426 klip9
65 0 145883 6 124.26446 klip9
65 0 109292 7 119.49082 klip9
65 0 624280 8 119.114426 klip9
65 0 4151825 9 119.00873 klip9
66 0 3211501 0 209.22687 klip9
66 0 145867 1 181.82162 klip9
66 0 4151827 2 151.0687 klip9
66 0 118123 3 150.16231 klip9
66 0 3213872 4 147.9597 klip9
66 0 4151826 5 146.67055 klip9
66 0 150540 6 145.19096 klip9
66 0 3217422 7 144.26775 klip9
66 0 3217226 8 143.71338 klip9
66 0 3217423 9 143.69693 klip9
67 0 145800 0 184.20572 klip9
67 0 867645 1 168.42677 klip9
67 0 103675 2 125.44692 klip9
67 0 104522 3 113.80532 klip9
67 0 103678 4 103.86706 klip9
67 0 103916 5 102.77638 klip9
67 0 104055 6 101.277565 klip9
67 0 106757 7 98.06984 klip9
67 0 97584 8 93.016426 klip9
67 0 107938 9 92.499054 klip9
68 0 145800 0 167.29364 klip9
68 0 867645 1 137.4122 klip9
68 0 103093 2 109.080635 klip9
68 0 97584 3 108.489525 klip9
68 0 88704 4 106.373024 klip9
68 0 94177 5 106.118324 klip9
68 0 97893 6 105.7279 klip9
68 0 103675 7 105.67752 klip9
68 0 103678 8 100.26492 klip9
68 0 104522 9 99.46192 klip9
69 0 3214778 0 131.87514 klip9
69 0 149289 1 130.72224 klip9
69 0 2676593 2 124.58882 klip9
69 0 117859 3 122.99406 klip9
69 0 111709 4 121.983376 klip9
69 0 219733 5 121.59224 klip9
69 0 220342 6 121.59224 klip9
69 0 110996 7 116.779434 klip9
69 0 110068 8 116.421524 klip9
69 0 149006 9 115.9908 klip9
70 0 3214778 0 144.05762 klip9
70 0 2676593 1 143.88896 klip9
70 0 149289 2 143.41379 klip9
70 0 118111 3 135.21072 klip9
70 0 219733 4 134.76039 klip9
70 0 220342 5 134.76039 klip9
70 0 149006 6 133.83173 klip9
70 0 858289 7 130.70132 klip9
70 0 2959743 8 130.68437 klip9
70 0 2675751 9 129.96346 klip9
71 0 145121 0 133.08861 klip9
71 0 112914 1 130.63452 klip9
71 0 3189783 2 124.628136 klip9
71 0 118052 3 124.06135 klip9
71 0 118287 4 118.9144 klip9
71 0 2654533 5 117.57969 klip9
71 0 2654756 6 117.57969 klip9
71 0 112904 7 115.530266 klip9
71 0 118005 8 112.944176 klip9
71 0 118234 9 111.074425 klip9
72 0 118052 0 133.21815 klip9
72 0 145121 1 126.716896 klip9
72 0 112914 2 125.725266 klip9
72 0 3189783 3 123.70681 klip9
72 0 112904 4 121.35664 klip9
72 0 118234 5 117.72748 klip9
72 0 118005 6 117.417625 klip9
72 0 2654533 7 114.39882 klip9
72 0 2654756 8 114.39882 klip9
72 0 117979 9 108.70026 klip9
73 0 2804674 0 71.90429 klip9
73 0 110692 1 69.68709 klip9
73 0 108538 2 66.36876 klip9
73 0 109931 3 63.237404 klip9
73 0 217514 4 62.184956 klip9
73 0 112206 5 61.744324 klip9
73 0 1087954 6 61.63895 klip9
73 0 112573 7 61.555687 klip9
73 0 145624 8 61.187634 klip9
73 0 118043 9 61.11469 klip9
74 0 2804674 0 97.85877 klip9
74 0 107904 1 90.0323 klip9
74 0 109284 2 87.480896 klip9
74 0 112774 3 83.2705 klip9
74 0 127908 4 80.47879 klip9
74 0 2675749 5 74.51197 klip9
74 0 803268 6 69.78324 klip9
74 0 111755 7 68.93924 klip9
74 0 111245 8 68.686935 klip9
74 0 112902 9 67.38964 klip9
75 0 86460 0 102.51898 klip9
75 0 118226 1 100.60386 klip9
75 0 3189783 2 98.728645 klip9
75 0 92916 3 98.28907 klip9
75 0 86533 4 97.20829 klip9
75 0 89728 5 97.15252 klip9
75 0 110964 6 95.53931 klip9
75 0 802770 7 95.3343 klip9
75 0 2675751 8 92.996544 klip9
75 0 98237 9 92.87752 klip9
76 0 2679833 0 114.375656 klip9
76 0 2680440 1 114.375656 klip9
76 0 150540 2 106.88799 klip9
76 0 108900 3 106.12553 klip9
76 0 112919 4 103.820274 klip9
76 0 111945 5 103.77137 klip9
76 0 110964 6 103.04279 klip9
76 0 118298 7 102.35356 klip9
76 0 2781925 8 100.05444 klip9
76 0 112738 9 99.962975 klip9
77 0 2812588 0 148.11156 klip9
77 0 4151822 1 138.15674 klip9
77 0 145817 2 133.16576 klip9
77 0 111029 3 119.63484 klip9
77 0 112726 4 117.983986 klip9
77 0 2770446 5 116.53674 klip9
77 0 111455 6 115.13868 klip9
77 0 134747 7 114.11987 klip9
77 0 145902 8 107.915504 klip9
77 0 104355 9 105.36931 klip9
78 0 2812588 0 62.313976 klip9
78 0 145632 1 61.38309 klip9
78 0 117899 2 60.29584 klip9
78 0 799976 3 59.0392 klip9
78 0 111717 4 58.925705 klip9
78 0 111250 5 57.2547 klip9
78 0 112485 6 57.226044 klip9
78 0 111092 7 56.788273 klip9
78 0 118022 8 56.58685 klip9
78 0 105155 9 55.924595 klip9
79 0 111009 0 161.23828 klip9
79 0 118143 1 148.71455 klip9
79 0 111470 2 134.13545 klip9
79 0 110221 3 117.12166 klip9
79 0 118513 4 88.085556 klip9
79 0 2680438 5 85.332954 klip9
79 0 111964 6 83.594086 klip9
79 0 106328 7 79.17336 klip9
79 0 109626 8 77.65335 klip9
79 0 110183 9 77.34412 klip9
80 0 118143 0 137.74951 klip9
80 0 111009 1 132.16441 klip9
80 0 111470 2 127.14662 klip9
80 0 150540 3 110.13884 klip9
80 0 145859 4 107.700874 klip9
80 0 2672210 5 99.75646 klip9
80 0 2654755 6 99.75646 klip9
80 0 110221 7 98.5023 klip9
80 0 2654533 8 97.689896 klip9
80 0 2654756 9 97.689896 klip9
81 0 148484 0 100.24402 klip9
81 0 112440 1 77.358826 klip9
81 0 122253 2 74.89585 klip9
81 0 117841 3 64.41629 klip9
81 0 112867 4 64.289566 klip9
81 0 118445 5 62.141094 klip9
81 0 118368 6 61.236874 klip9
81 0 112422 7 60.76338 klip9
81 0 127900 8 60.491302 klip9
81 0 112616 9 60.44554 klip9
82 0 118368 0 107.61819 klip9
82 0 1726 1 106.64374 klip9
82 0 127900 2 103.566154 klip9
82 0 2803250 3 98.442474 klip9
82 0 216735 4 98.38569 klip9
82 0 216806 5 98.38569 klip9
82 0 799981 6 95.09605 klip9
82 0 145625 7 92.62364 klip9
82 0 118148 8 91.89549 klip9
82 0 118126 9 90.7966 klip9
83 0 145859 0 135.49274 klip9
83 0 112922 1 101.11615 klip9
83 0 137746 2 92.35807 klip9
83 0 111246 3 90.43636 klip9
83 0 109894 4 90.320244 klip9
83 0 111151 5 89.91391 klip9
83 0 110289 6 88.87697 klip9
83 0 145870 7 88.67176 klip9
83 0 111286 8 87.968414 klip9
83 0 111194 9 86.998634 klip9
84 0 145859 0 132.412 klip9
84 0 112922 1 112.03326 klip9
84 0 111151 2 100.5028 klip9
84 0 800858 3 100.49507 klip9
84 0 109895 4 99.32048 klip9
84 0 109893 5 97.43682 klip9
84 0 107293 6 97.37391 klip9
84 0 107980 7 96.33278 klip9
84 0 109200 8 96.044235 klip9
84 0 110361 9 95.87222 klip9
85 0 2959737 0 202.2922 klip9
85 0 802973 1 201.56787 klip9
85 0 803271 2 201.56787 klip9
85 0 3177199 3 150.66304 klip9
85 0 3171724 4 150.49013 klip9
85 0 3177200 5 150.49013 klip9
85 0 150543 6 141.59497 klip9
85 0 2959732 7 141.59497 klip9
85 0 146553 8 140.91139 klip9
85 0 146790 9 140.91139 klip9
86 0 3171724 0 122.378624 klip9
86 0 3177199 1 122.378624 klip9
86 0 3177200 2 122.378624 klip9
86 0 802973 3 110.61037 klip9
86 0 803271 4 110.61037 klip9
86 0 2959737 5 110.61037 klip9
86 0 3205766 6 108.78377 klip9
86 0 150543 7 103.01793 klip9
86 0 2959732 8 103.01793 klip9
86 0 146553 9 102.37275 klip9
87 0 143378 0 51.35814 klip9
87 0 111170 1 49.45462 klip9
87 0 112807 2 48.972782 klip9
87 0 136998 3 47.408504 klip9
87 0 112746 4 45.43055 klip9
87 0 117899 5 45.102512 klip9
87 0 111186 6 44.30161 klip9
87 0 110760 7 44.263985 klip9
87 0 117987 8 43.60248 klip9
87 0 148483 9 43.3881 klip9
88 0 182992 0 118.92252 klip9
88 0 182991 1 110.45258 klip9
88 0 145897 2 106.63575 klip9
88 0 111170 3 106.568794 klip9
88 0 149653 4 104.29841 klip9
88 0 2654277 5 100.42666 klip9
88 0 112807 6 99.238655 klip9
88 0 625832 7 98.61791 klip9
88 0 626055 8 98.61791 klip9
88 0 625833 9 98.12148 klip9
89 0 4151822 0 203.6468 klip9
89 0 2812588 1 183.93289 klip9
89 0 2770446 2 172.602 klip9
89 0 145647 3 121.45743 klip9
89 0 4162110 4 119.9135 klip9
89 0 134747 5 116.280846 klip9
89 0 145817 6 113.67074 klip9
89 0 2809767 7 87.04493 klip9
89 0 2811850 8 87.04493 klip9
89 0 145954 9 86.01131 klip9
90 0 2812588 0 225.62396 klip9
90 0 4151822 1 225.1391 klip9
90 0 2770446 2 171.38234 klip9
90 0 145626 3 164.34935 klip9
90 0 137748 4 154.84235 klip9
90 0 118054 5 154.41708 klip9
90 0 130150 6 153.97087 klip9
90 0 626454 7 146.96971 klip9
90 0 118420 8 145.74248 klip9
90 0 3181025 9 143.75574 klip9
91 0 3212514 0 283.41263 klip9
91 0 145782 1 139.89691 klip9
91 0 1087959 2 135.05383 klip9
91 0 134732 3 133.96825 klip9
91 0 109857 4 133.28287 klip9
91 0 118507 5 133.11546 klip9
91 0 112439 6 129.74997 klip9
91 0 110213 7 129.42368 klip9
91 0 110249 8 129.3912 klip9
91 0 219097 9 129.29915 klip9
92 0 3212514 0 272.7763 klip9
92 0 110249 1 161.64694 klip9
92 0 1087959 2 159.0696 klip9
92 0 118507 3 152.25977 klip9
92 0 110213 4 134.24338 klip9
92 0 110032 5 132.6301 klip9
92 0 109857 6 132.07254 klip9
92 0 134732 7 129.62543 klip9
92 0 134725 8 127.27977 klip9
92 0 112439 9 124.91167 klip9
93 0 145901 0 202.16165 klip9
93 0 117874 1 192.36618 klip9
93 0 118334 2 192.08888 klip9
93 0 118107 3 185.5285 klip9
93 0 112905 4 181.57227 klip9
93 0 130158 5 177.11224 klip9
93 0 112824 6 175.29285 klip9
93 0 118129 7 174.78464 klip9
93 0 110877 8 173.14253 klip9
93 0 931614 9 171.84924 klip9
94 0 145901 0 204.20601 klip9
94 0 931614 1 199.6488 klip9
94 0 117874 2 187.21713 klip9
94 0 2788983 3 179.794 klip9
94 0 118129 4 169.27457 klip9
94 0 118334 5 169.2733 klip9
94 0 4151827 6 168.85625 klip9
94 0 112905 7 167.55965 klip9
94 0 111736 8 166.4007 klip9
94 0 112824 9 165.57167 klip9
95 0 105495 0 97.82636 klip9
95 0 108555 1 96.75423 klip9
95 0 107232 2 89.57105 klip9
95 0 107475 3 87.145294 klip9
95 0 106171 4 74.063286 klip9
95 0 103631 5 71.80741 klip9
95 0 109444 6 71.110466 klip9
95 0 106073 7 69.67312 klip9
95 0 104571 8 66.46742 klip9
95 0 112750 9 65.17624 klip9
96 0 108555 0 113.92672 klip9
96 0 103631 1 109.333824 klip9
96 0 799986 2 81.75382 klip9
96 0 92746 3 80.87887 klip9
96 0 108493 4 79.61833 klip9
96 0 107475 5 77.41528 klip9
96 0 93739 6 76.92841 klip9
96 0 110322 7 76.9193 klip9
96 0 104671 8 76.658516 klip9
96 0 96850 9 75.88671 klip9
97 0 112101 0 131.03108 klip9
97 0 111922 1 99.28686 klip9
97 0 2655597 2 69.13955 klip9
97 0 110718 3 68.65503 klip9
97 0 2795279 4 68.46815 klip9
97 0 2676593 5 66.77701 klip9
97 0 145822 6 66.60653 klip9
97 0 117959 7 66.56308 klip9
97 0 136993 8 65.31835 klip9
97 0 109772 9 64.701324 klip9
98 0 118148 0 35.17438 klip9
98 0 2655591 1 35.14186 klip9
98 0 118467 2 34.96673 klip9
98 0 109088 3 34.88891 klip9
98 0 134732 4 34.50771 klip9
98 0 110996 5 34.465782 klip9
98 0 145804 6 34.191364 klip9
98 0 117902 7 34.07204 klip9
98 0 2676593 8 33.413795 klip9
98 0 2811845 9 33.3108 klip9
99 0 112267 0 122.53242 klip9
99 0 111884 1 95.84264 klip9
99 0 110552 2 84.657295 klip9
99 0 112723 3 78.96887 klip9
99 0 110578 4 72.89871 klip9
99 0 109976 5 69.00788 klip9
99 0 145914 6 66.98875 klip9
99 0 112227 7 64.842125 klip9
99 0 109612 8 64.225365 klip9
99 0 118121 9 63.901672 klip9
100 0 112267 0 151.54208 klip9
100 0 110552 1 128.6202 klip9
100 0 111884 2 104.55871 klip9
100 0 109633 3 101.84993 klip9
100 0 110098 4 101.69124 klip9
100 0 111886 5 101.59256 klip9
100 0 112723 6 98.01691 klip9
100 0 102981 7 96.042435 klip9
100 0 110296 8 95.70358 klip9
100 0 109673 9 94.58707 klip9
