1 0 3204919 0 51.248955 klip4
1 0 3216388 1 43.463036 klip4
1 0 3153112 2 43.176655 klip4
1 0 4164893 3 42.857944 klip4
1 0 2809767 4 42.30519 klip4
1 0 2811850 5 42.30519 klip4
1 0 3207861 6 42.12066 klip4
1 0 802972 7 41.951054 klip4
1 0 2812210 8 40.8809 klip4
1 0 4151826 9 40.686657 klip4
2 0 103549 0 41.604523 klip4
2 0 104671 1 40.94633 klip4
2 0 105116 2 36.964787 klip4
2 0 103631 3 35.915962 klip4
2 0 104571 4 35.840794 klip4
2 0 104673 5 35.446133 klip4
2 0 145692 6 35.31928 klip4
2 0 103644 7 33.58354 klip4
2 0 107475 8 32.913296 klip4
2 0 104393 9 32.180984 klip4
3 0 3162143 0 46.798603 klip4
3 0 2809767 1 40.021564 klip4
3 0 2811850 2 40.021564 klip4
3 0 2810524 3 37.38461 klip4
3 0 2811846 4 37.38461 klip4
3 0 2959735 5 36.37554 klip4
3 0 215496 6 36.37554 klip4
3 0 215694 7 36.37554 klip4
3 0 2808293 8 35.839684 klip4
3 0 2804674 9 35.557617 klip4
4 0 2959735 0 91.65176 klip4
4 0 215694 1 91.65176 klip4
4 0 215496 2 91.63318 klip4
4 0 623142 3 84.375145 klip4
4 0 3162143 4 83.7855 klip4
4 0 118029 5 71.14532 klip4
4 0 149007 6 65.00747 klip4
4 0 903973 7 62.201656 klip4
4 0 145900 8 52.090813 klip4
4 0 812450 9 51.999416 klip4
5 0 2672209 0 32.504696 klip4
5 0 2657779 1 32.504696 klip4
5 0 118501 2 31.277723 klip4
5 0 1740 3 30.84675 klip4
5 0 101485 4 27.020985 klip4
5 0 112708 5 27.01341 klip4
5 0 100934 6 26.262072 klip4
5 0 142888 7 26.027863 klip4
5 0 2670966 8 25.751558 klip4
5 0 107707 9 25.138014 klip4
6 0 110654 0 54.095245 klip4
6 0 117932 1 47.66948 klip4
6 0 110056 2 46.498882 klip4
6 0 183480 3 42.32008 klip4
6 0 3203656 4 36.705444 klip4
6 0 3206414 5 36.705444 klip4
6 0 111258 6 35.780403 klip4
6 0 111114 7 32.619057 klip4
6 0 109004 8 32.590046 klip4
6 0 100934 9 32.428867 klip4
7 0 145634 0 23.488285 klip4
7 0 108594 1 23.333609 klip4
7 0 855656 2 22.938257 klip4
7 0 107037 3 22.596848 klip4
7 0 815320 4 22.227102 klip4
7 0 218133 5 22.21584 klip4
7 0 108598 6 21.973898 klip4
7 0 108600 7 21.941319 klip4
7 0 2676593 8 21.69575 klip4
7 0 118367 9 21.49904 klip4
8 0 134749 0 60.016422 klip4
8 0 112174 1 58.09081 klip4
8 0 145715 2 51.185387 klip4
8 0 145868 3 49.67653 klip4
8 0 112834 4 46.665375 klip4
8 0 2678467 5 45.814236 klip4
8 0 2679202 6 45.814236 klip4
8 0 2959746 7 45.814236 klip4
8 0 147531 8 45.159744 klip4
8 0 112748 9 41.281796 klip4
9 0 2655498 0 41.887856 klip4
9 0 2758569 1 41.805794 klip4
9 0 802771 2 41.250664 klip4
9 0 107371 3 39.757088 klip4
9 0 118290 4 39.755867 klip4
9 0 145790 5 38.859997 klip4
9 0 3212516 6 38.641315 klip4
9 0 2679557 7 38.624184 klip4
9 0 107484 8 38.50805 klip4
9 0 112826 9 38.45867 klip4
10 0 111500 0 61.727924 klip4
10 0 118087 1 59.873123 klip4
10 0 147531 2 56.591373 klip4
10 0 214949 3 53.502586 klip4
10 0 215071 4 53.502586 klip4
10 0 118226 5 52.440536 klip4
10 0 145697 6 51.258064 klip4
10 0 216735 7 51.15068 klip4
10 0 216806 8 51.15068 klip4
10 0 145905 9 51.147583 klip4
11 0 112307 0 32.055798 klip4
11 0 2812588 1 31.898312 klip4
11 0 3007018 2 30.366867 klip4
11 0 219511 3 29.654314 klip4
11 0 219616 4 29.654314 klip4
11 0 145632 5 29.386198 klip4
11 0 109207 6 28.91684 klip4
11 0 2809767 7 28.4825 klip4
11 0 2811850 8 28.4825 klip4
11 0 105687 9 28.338732 klip4
12 0 2672535 0 46.167755 klip4
12 0 108766 1 38.451084 klip4
12 0 111719 2 34.938572 klip4
12 0 112490 3 34.7489 klip4
12 0 111722 4 34.27312 klip4
12 0 109883 5 32.973827 klip4
12 0 109986 6 32.32623 klip4
12 0 112633 7 31.97477 klip4
12 0 110200 8 31.909609 klip4
12 0 145918 9 31.743776 klip4
13 0 145632 0 33.57601 klip4
13 0 2812588 1 31.614471 klip4
13 0 108496 2 30.495672 klip4
13 0 109133 3 29.452759 klip4
13 0 2642828 4 29.212852 klip4
13 0 2959730 5 28.210163 klip4
13 0 109218 6 28.072527 klip4
13 0 150543 7 27.79661 klip4
13 0 2959732 8 27.79661 klip4
13 0 109965 9 27.780869 klip4
14 0 2812588 0 28.887976 klip4
14 0 614392 1 26.1086 klip4
14 0 614485 2 26.1086 klip4
14 0 124715 3 25.994259 klip4
14 0 145790 4 24.237734 klip4
14 0 145967 5 23.613276 klip4
14 0 903973 6 23.5924 klip4
14 0 102844 7 23.568518 klip4
14 0 3199501 8 23.425177 klip4
14 0 4162111 9 23.396975 klip4
15 0 2812588 0 45.414368 klip4
15 0 4151822 1 44.82224 klip4
15 0 623242 2 41.393612 klip4
15 0 4170685 3 40.188393 klip4
15 0 931124 4 40.070477 klip4
15 0 182991 5 38.559612 klip4
15 0 145817 6 38.545055 klip4
15 0 149653 7 37.449196 klip4
15 0 821306 8 37.4135 klip4
15 0 182992 9 37.330997 klip4
16 0 4151822 0 62.15578 klip4
16 0 2812588 1 45.74568 klip4
16 0 145817 2 41.215378 klip4
16 0 4162111 3 38.535828 klip4
16 0 4155979 4 38.221687 klip4
16 0 2770446 5 36.97347 klip4
16 0 4151826 6 36.962677 klip4
16 0 4170685 7 36.871326 klip4
16 0 4170683 8 36.068012 klip4
16 0 2680590 9 35.56899 klip4
17 0 4161362 0 27.169765 klip4
17 0 148484 1 26.976263 klip4
17 0 111122 2 26.300602 klip4
17 0 109218 3 25.42227 klip4
17 0 111168 4 24.885618 klip4
17 0 109382 5 24.881758 klip4
17 0 2797291 6 24.598042 klip4
17 0 118383 7 24.504515 klip4
17 0 112615 8 23.892548 klip4
17 0 121160 9 23.864763 klip4
18 0 205712 0 63.19226 klip4
18 0 2646093 1 54.329082 klip4
18 0 182568 2 51.566814 klip4
18 0 182990 3 50.69231 klip4
18 0 218133 4 50.124607 klip4
18 0 813289 5 49.04857 klip4
18 0 146981 6 48.381706 klip4
18 0 148484 7 48.06583 klip4
18 0 821306 8 47.8184 klip4
18 0 149585 9 47.71316 klip4
19 0 2654533 0 76.34682 klip4
19 0 2654756 1 76.34682 klip4
19 0 4172500 2 55.021336 klip4
19 0 3203656 3 50.670403 klip4
19 0 3206414 4 50.670403 klip4
19 0 2679558 5 47.05709 klip4
19 0 3216391 6 46.75016 klip4
19 0 2670966 7 46.204796 klip4
19 0 4151825 8 45.634148 klip4
19 0 2781925 9 45.153248 klip4
20 0 2654533 0 78.20897 klip4
20 0 2654756 1 78.20897 klip4
20 0 4172500 2 55.021336 klip4
20 0 3203656 3 47.693275 klip4
20 0 3206414 4 47.693275 klip4
20 0 2679558 5 47.05709 klip4
20 0 3216391 6 45.72902 klip4
20 0 2670966 7 44.883495 klip4
20 0 111069 8 44.535324 klip4
20 0 4151825 9 44.312847 klip4
21 0 873660 0 81.003395 klip4
21 0 2811845 1 57.009605 klip4
21 0 110772 2 55.633675 klip4
21 0 2646093 3 53.814266 klip4
21 0 803267 4 52.612194 klip4
21 0 809122 5 52.612194 klip4
21 0 4164893 6 51.949272 klip4
21 0 2681317 7 51.661972 klip4
21 0 855656 8 50.86995 klip4
21 0 2804673 9 50.661324 klip4
22 0 2659300 0 69.19095 klip4
22 0 117890 1 66.563385 klip4
22 0 112799 2 62.960995 klip4
22 0 145829 3 60.664143 klip4
22 0 110772 4 57.96268 klip4
22 0 118081 5 57.021194 klip4
22 0 111366 6 54.81972 klip4
22 0 112574 7 54.624504 klip4
22 0 803267 8 54.360313 klip4
22 0 809122 9 54.360313 klip4
23 0 137730 0 33.70357 klip4
23 0 111455 1 33.366825 klip4
23 0 145779 2 32.152897 klip4
23 0 112324 3 32.0963 klip4
23 0 145802 4 32.02836 klip4
23 0 205606 5 31.393005 klip4
23 0 2959736 6 31.393005 klip4
23 0 110916 7 31.2418 klip4
23 0 145669 8 31.224316 klip4
23 0 2809767 9 31.181078 klip4
24 0 1738 0 28.976307 klip4
24 0 145778 1 19.191027 klip4
24 0 2810525 2 16.47682 klip4
24 0 2811847 3 16.47682 klip4
24 0 2678133 4 16.331024 klip4
24 0 2804671 5 15.884339 klip4
24 0 109265 6 15.367261 klip4
24 0 145866 7 15.232815 klip4
24 0 112872 8 15.132966 klip4
24 0 111318 9 13.910243 klip4
25 0 112616 0 44.261276 klip4
25 0 108792 1 32.580017 klip4
25 0 2681962 2 31.44032 klip4
25 0 109974 3 31.26913 klip4
25 0 110318 4 30.290289 klip4
25 0 2655499 5 30.178299 klip4
25 0 112398 6 29.898762 klip4
25 0 3211503 7 29.60329 klip4
25 0 109299 8 29.539621 klip4
25 0 111495 9 29.00714 klip4
26 0 118440 0 43.490532 klip4
26 0 626208 1 40.187042 klip4
26 0 111015 2 37.810455 klip4
26 0 117872 3 37.36107 klip4
26 0 131163 4 37.123917 klip4
26 0 145641 5 37.03317 klip4
26 0 127929 6 36.96716 klip4
26 0 212970 7 36.689247 klip4
26 0 112270 8 36.636246 klip4
26 0 625709 9 36.36023 klip4
27 0 4157382 0 100.8942 klip4
27 0 4157405 1 100.8942 klip4
27 0 182992 2 40.840393 klip4
27 0 213842 3 38.70034 klip4
27 0 111141 4 38.527092 klip4
27 0 104816 5 37.90361 klip4
27 0 112792 6 36.589996 klip4
27 0 112346 7 36.378258 klip4
27 0 145860 8 35.80659 klip4
27 0 180494 9 34.739532 klip4
28 0 4157382 0 81.386894 klip4
28 0 4157405 1 81.386894 klip4
28 0 112346 2 40.436974 klip4
28 0 2808290 3 33.024525 klip4
28 0 182992 4 32.506657 klip4
28 0 145860 5 32.23828 klip4
28 0 213842 6 30.847105 klip4
28 0 111141 7 30.767399 klip4
28 0 2676594 8 29.467712 klip4
28 0 104005 9 29.107006 klip4
29 0 112436 0 20.864231 klip4
29 0 118037 1 19.61875 klip4
29 0 109809 2 19.448555 klip4
29 0 145778 3 18.655987 klip4
29 0 4151827 4 18.599287 klip4
29 0 108606 5 18.405884 klip4
29 0 102187 6 18.170668 klip4
29 0 89402 7 18.029715 klip4
29 0 134735 8 17.555807 klip4
29 0 145626 9 17.411291 klip4
30 0 145841 0 44.41129 klip4
30 0 118117 1 42.745033 klip4
30 0 205788 2 42.591568 klip4
30 0 145761 3 41.549267 klip4
30 0 145808 4 41.514313 klip4
30 0 3195890 5 40.69667 klip4
30 0 111240 6 39.673214 klip4
30 0 2781925 7 39.426655 klip4
30 0 148795 8 39.215885 klip4
30 0 109607 9 39.19618 klip4
31 0 112744 0 41.76896 klip4
31 0 107418 1 40.46842 klip4
31 0 111139 2 39.915627 klip4
31 0 107895 3 39.831318 klip4
31 0 106082 4 37.890244 klip4
31 0 109593 5 37.18963 klip4
31 0 112463 6 35.62023 klip4
31 0 106445 7 35.29295 klip4
31 0 3177198 8 34.488235 klip4
31 0 106516 9 34.479774 klip4
32 0 112329 0 53.405197 klip4
32 0 112850 1 51.699856 klip4
32 0 111434 2 50.78987 klip4
32 0 1728 3 50.319527 klip4
32 0 125839 4 48.12568 klip4
32 0 117853 5 47.767143 klip4
32 0 112090 6 46.23667 klip4
32 0 112447 7 45.84229 klip4
32 0 145710 8 44.69619 klip4
32 0 118455 9 41.715878 klip4
33 0 2676594 0 36.092922 klip4
33 0 2675753 1 34.44416 klip4
33 0 2679204 2 34.44416 klip4
33 0 112626 3 31.378319 klip4
33 0 4151822 4 30.48863 klip4
33 0 111594 5 29.390762 klip4
33 0 112693 6 29.24756 klip4
33 0 2809767 7 28.615437 klip4
33 0 2811850 8 28.615437 klip4
33 0 109535 9 28.301975 klip4
34 0 2676594 0 98.3765 klip4
34 0 2675753 1 95.56273 klip4
34 0 2679204 2 95.56273 klip4
34 0 2809767 3 69.63974 klip4
34 0 2811850 4 69.63974 klip4
34 0 112359 5 55.726067 klip4
34 0 111736 6 55.475018 klip4
34 0 858288 7 54.760597 klip4
34 0 118311 8 54.445282 klip4
34 0 108781 9 54.044205 klip4
35 0 205203 0 22.599703 klip4
35 0 85175 1 21.781548 klip4
35 0 109137 2 21.620201 klip4
35 0 112846 3 21.172571 klip4
35 0 103958 4 21.075048 klip4
35 0 99518 5 21.051098 klip4
35 0 2678134 6 20.676735 klip4
35 0 118025 7 20.583494 klip4
35 0 110936 8 20.509254 klip4
35 0 86049 9 20.386135 klip4
36 0 102456 0 43.4452 klip4
36 0 902769 1 43.312042 klip4
36 0 2670966 2 42.75095 klip4
36 0 122254 3 42.70235 klip4
36 0 118319 4 42.596886 klip4
36 0 118238 5 42.46473 klip4
36 0 147530 6 41.877003 klip4
36 0 3168777 7 41.49736 klip4
36 0 802770 8 41.085148 klip4
36 0 100456 9 41.071262 klip4
37 0 118269 0 39.251926 klip4
37 0 110742 1 38.134274 klip4
37 0 145629 2 37.556404 klip4
37 0 121168 3 36.731853 klip4
37 0 106658 4 36.041813 klip4
37 0 103870 5 35.68573 klip4
37 0 110141 6 35.19334 klip4
37 0 111982 7 35.02454 klip4
37 0 145731 8 34.353886 klip4
37 0 110007 9 34.253956 klip4
38 0 118269 0 48.89408 klip4
38 0 4151829 1 47.07245 klip4
38 0 145855 2 45.96608 klip4
38 0 112910 3 44.151615 klip4
38 0 145731 4 43.849087 klip4
38 0 1993216 5 43.186337 klip4
38 0 111982 6 41.91613 klip4
38 0 110774 7 41.612587 klip4
38 0 145629 8 41.241066 klip4
38 0 111506 9 40.143646 klip4
39 0 1731 0 43.42284 klip4
39 0 118457 1 42.13128 klip4
39 0 621044 2 40.70362 klip4
39 0 621090 3 40.70362 klip4
39 0 2959739 4 40.70362 klip4
39 0 180029 5 40.066154 klip4
39 0 2959744 6 39.759922 klip4
39 0 855518 7 39.759922 klip4
39 0 2674861 8 39.364788 klip4
39 0 2675754 9 39.364788 klip4
40 0 105200 0 75.36271 klip4
40 0 118457 1 59.07078 klip4
40 0 621044 2 57.181217 klip4
40 0 621090 3 57.181217 klip4
40 0 2959739 4 57.181217 klip4
40 0 122254 5 56.884518 klip4
40 0 108818 6 55.882687 klip4
40 0 103135 7 54.013336 klip4
40 0 91083 8 53.958412 klip4
40 0 111432 9 53.306973 klip4
41 0 112924 0 47.796867 klip4
41 0 2810525 1 46.526775 klip4
41 0 2811847 2 46.526775 klip4
41 0 1087697 3 41.20916 klip4
41 0 3217422 4 40.63694 klip4
41 0 217512 5 40.61544 klip4
41 0 145924 6 40.16224 klip4
41 0 3217423 7 40.01379 klip4
41 0 3217226 8 40.006386 klip4
41 0 4151827 9 39.460808 klip4
42 0 2654533 0 49.445908 klip4
42 0 2654756 1 49.445908 klip4
42 0 112585 2 47.961582 klip4
42 0 145121 3 41.694824 klip4
42 0 109396 4 41.135616 klip4
42 0 111891 5 40.549675 klip4
42 0 145924 6 40.34943 klip4
42 0 110132 7 39.654354 klip4
42 0 217512 8 39.339973 klip4
42 0 873669 9 38.650585 klip4
43 0 2680590 0 38.845055 klip4
43 0 2959745 1 38.845055 klip4
43 0 112920 2 37.338287 klip4
43 0 112305 3 32.667217 klip4
43 0 121170 4 32.29069 klip4
43 0 118459 5 30.605417 klip4
43 0 2784695 6 30.401476 klip4
43 0 93137 7 30.324642 klip4
43 0 2678468 8 28.854757 klip4
43 0 2959747 9 28.854757 klip4
44 0 108965 0 19.9039 klip4
44 0 1087909 1 18.633553 klip4
44 0 104318 2 18.633553 klip4
44 0 799981 3 17.188753 klip4
44 0 109214 4 16.696285 klip4
44 0 98300 5 16.688488 klip4
44 0 91217 6 16.685516 klip4
44 0 100708 7 16.451178 klip4
44 0 85262 8 16.387794 klip4
44 0 89399 9 16.196453 klip4
45 0 3204917 0 66.22524 klip4
45 0 800568 1 65.91491 klip4
45 0 145903 2 64.80142 klip4
45 0 866024 3 64.58944 klip4
45 0 858802 4 64.58944 klip4
45 0 618680 5 64.16489 klip4
45 0 118452 6 61.962914 klip4
45 0 2808291 7 61.470474 klip4
45 0 150542 8 60.88523 klip4
45 0 145861 9 60.42563 klip4
46 0 866024 0 104.35219 klip4
46 0 858802 1 104.35219 klip4
46 0 903971 2 74.30356 klip4
46 0 2959742 3 74.30356 klip4
46 0 3204917 4 71.63752 klip4
46 0 623145 5 70.87482 klip4
46 0 2804673 6 63.154976 klip4
46 0 150542 7 62.25311 klip4
46 0 618680 8 62.005028 klip4
46 0 145764 9 60.878212 klip4
47 0 2674861 0 60.08089 klip4
47 0 2675754 1 60.08089 klip4
47 0 2771250 2 35.863693 klip4
47 0 2671723 3 34.930477 klip4
47 0 205316 4 34.532623 klip4
47 0 2810526 5 33.568344 klip4
47 0 621045 6 33.470856 klip4
47 0 3213872 7 33.08422 klip4
47 0 1748 8 32.905785 klip4
47 0 2795703 9 32.602474 klip4
48 0 2674861 0 33.145863 klip4
48 0 2675754 1 33.145863 klip4
48 0 103544 2 32.751457 klip4
48 0 111843 3 32.22205 klip4
48 0 3214776 4 31.935902 klip4
48 0 2646093 5 31.762527 klip4
48 0 2809767 6 31.517921 klip4
48 0 2811850 7 31.517921 klip4
48 0 2803251 8 31.149626 klip4
48 0 2680590 9 31.025946 klip4
49 0 2810525 0 48.336197 klip4
49 0 2811847 1 48.336197 klip4
49 0 4162535 2 39.134354 klip4
49 0 3181025 3 31.126005 klip4
49 0 4151826 4 29.823956 klip4
49 0 2789928 5 29.678429 klip4
49 0 2777833 6 29.166962 klip4
49 0 2803251 7 28.768784 klip4
49 0 2812210 8 28.366123 klip4
49 0 2784695 9 28.273424 klip4
50 0 3153112 0 48.993828 klip4
50 0 4162535 1 48.347164 klip4
50 0 2810525 2 39.26521 klip4
50 0 2811847 3 39.26521 klip4
50 0 3204917 4 27.316923 klip4
50 0 3181025 5 24.375317 klip4
50 0 3183080 6 23.999514 klip4
50 0 1748 7 23.621517 klip4
50 0 866024 8 23.535564 klip4
50 0 858802 9 23.535564 klip4
51 0 616433 0 33.956013 klip4
51 0 112770 1 33.158436 klip4
51 0 107187 2 31.989056 klip4
51 0 2812587 3 28.475592 klip4
51 0 2959748 4 28.475592 klip4
51 0 108911 5 28.402054 klip4
51 0 131157 6 28.256193 klip4
51 0 112358 7 27.995546 klip4
51 0 145748 8 27.79675 klip4
51 0 117907 9 27.609327 klip4
52 0 107187 0 22.393492 klip4
52 0 111908 1 21.602613 klip4
52 0 802399 2 21.331879 klip4
52 0 137750 3 21.16163 klip4
52 0 112665 4 19.350723 klip4
52 0 182991 5 18.75508 klip4
52 0 2676594 6 18.717419 klip4
52 0 112005 7 18.574974 klip4
52 0 107139 8 17.98066 klip4
52 0 854177 9 17.911116 klip4
53 0 148483 0 42.77173 klip4
53 0 799985 1 39.477543 klip4
53 0 145664 2 34.98491 klip4
53 0 145647 3 34.852036 klip4
53 0 2771250 4 34.26093 klip4
53 0 145766 5 33.697384 klip4
53 0 145807 6 32.11297 klip4
53 0 2803250 7 31.88892 klip4
53 0 2676594 8 31.631279 klip4
53 0 2680590 9 31.199724 klip4
54 0 872994 0 64.26931 klip4
54 0 943668 1 53.321655 klip4
54 0 931123 2 51.17634 klip4
54 0 811777 3 50.93975 klip4
54 0 811778 4 47.89276 klip4
54 0 2676594 5 41.89807 klip4
54 0 2675753 6 40.89249 klip4
54 0 2679204 7 40.89249 klip4
54 0 2671725 8 39.727448 klip4
54 0 3213873 9 39.65157 klip4
55 0 118269 0 69.66458 klip4
55 0 4154603 1 68.53409 klip4
55 0 145855 2 60.339264 klip4
55 0 112910 3 59.950542 klip4
55 0 110774 4 55.624405 klip4
55 0 111420 5 55.61216 klip4
55 0 145731 6 55.133698 klip4
55 0 1993216 7 55.049843 klip4
55 0 112359 8 53.44515 klip4
55 0 145629 9 53.213825 klip4
56 0 4154603 0 77.942825 klip4
56 0 118269 1 77.90455 klip4
56 0 145855 2 68.889404 klip4
56 0 112910 3 68.61923 klip4
56 0 145731 4 65.32496 klip4
56 0 1993216 5 63.7196 klip4
56 0 145629 6 63.52103 klip4
56 0 110774 7 62.489372 klip4
56 0 111420 8 62.031925 klip4
56 0 111261 9 59.36912 klip4
57 0 122254 0 48.949463 klip4
57 0 2804674 1 48.269444 klip4
57 0 815320 2 46.87848 klip4
57 0 2959744 3 46.491856 klip4
57 0 855518 4 46.491856 klip4
57 0 902769 5 46.41188 klip4
57 0 118457 6 46.05153 klip4
57 0 107187 7 45.562042 klip4
57 0 121162 8 45.148037 klip4
57 0 621044 9 45.120365 klip4
58 0 145800 0 40.14723 klip4
58 0 2671725 1 39.588703 klip4
58 0 2672207 2 39.588703 klip4
58 0 145815 3 39.12213 klip4
58 0 112811 4 38.24898 klip4
58 0 3181481 5 37.6411 klip4
58 0 108445 6 37.450764 klip4
58 0 799979 7 36.663876 klip4
58 0 145748 8 36.46918 klip4
58 0 2804673 9 35.79922 klip4
59 0 2788983 0 98.22412 klip4
59 0 4170685 1 89.90028 klip4
59 0 1087691 2 81.488815 klip4
59 0 145627 3 77.40152 klip4
59 0 118037 4 77.30268 klip4
59 0 118129 5 75.126 klip4
59 0 117968 6 74.635056 klip4
59 0 118422 7 70.9048 klip4
59 0 118040 8 66.02627 klip4
59 0 130155 9 64.12342 klip4
60 0 3195891 0 106.35845 klip4
60 0 2788983 1 100.616844 klip4
60 0 4170685 2 96.225395 klip4
60 0 118129 3 86.33735 klip4
60 0 931614 4 85.11356 klip4
60 0 3191119 5 84.27014 klip4
60 0 110980 6 83.648506 klip4
60 0 145627 7 83.43577 klip4
60 0 111737 8 81.06763 klip4
60 0 108825 9 80.36175 klip4
61 0 145923 0 59.91064 klip4
61 0 112854 1 58.239048 klip4
61 0 145743 2 52.220764 klip4
61 0 2657927 3 51.843834 klip4
61 0 145815 4 50.6449 klip4
61 0 1732 5 49.000385 klip4
61 0 112435 6 47.79221 klip4
61 0 137725 7 46.20379 klip4
61 0 118117 8 45.931015 klip4
61 0 205788 9 45.555424 klip4
62 0 2812210 0 31.522638 klip4
62 0 149585 1 26.441189 klip4
62 0 149649 2 26.441189 klip4
62 0 118299 3 25.490494 klip4
62 0 117875 4 24.898035 klip4
62 0 110661 5 24.154716 klip4
62 0 110099 6 23.834099 klip4
62 0 111877 7 23.662842 klip4
62 0 110926 8 23.60601 klip4
62 0 2676593 9 23.365221 klip4
63 0 118148 0 36.77298 klip4
63 0 2812589 1 36.735085 klip4
63 0 2959749 2 36.735085 klip4
63 0 117935 3 34.16246 klip4
63 0 2680590 4 32.555832 klip4
63 0 2959745 5 32.555832 klip4
63 0 3191119 6 31.790564 klip4
63 0 2784695 7 31.66273 klip4
63 0 112803 8 31.274956 klip4
63 0 902770 9 29.606188 klip4
64 0 3205767 0 47.988163 klip4
64 0 3207860 1 41.332413 klip4
64 0 3205768 2 40.744827 klip4
64 0 3197367 3 39.76004 klip4
64 0 4106440 4 37.46511 klip4
64 0 3209687 5 37.321594 klip4
64 0 3206414 6 36.73903 klip4
64 0 3203656 7 36.288002 klip4
64 0 3195891 8 35.836365 klip4
64 0 3211501 9 35.71636 klip4
65 0 118123 0 76.93023 klip4
65 0 112732 1 38.557953 klip4
65 0 112599 2 38.400154 klip4
65 0 107691 3 38.157307 klip4
65 0 121159 4 37.662704 klip4
65 0 110736 5 36.860764 klip4
65 0 136993 6 36.390663 klip4
65 0 2654532 7 36.11734 klip4
65 0 112661 8 35.364002 klip4
65 0 112647 9 35.25361 klip4
66 0 145867 0 64.89931 klip4
66 0 3211501 1 62.92975 klip4
66 0 118123 2 62.90976 klip4
66 0 2812588 3 60.806374 klip4
66 0 150540 4 59.92471 klip4
66 0 903973 5 56.444317 klip4
66 0 3207861 6 56.22389 klip4
66 0 111660 7 55.82405 klip4
66 0 218925 8 54.976856 klip4
66 0 4151827 9 54.654335 klip4
67 0 145800 0 68.410034 klip4
67 0 867645 1 53.874027 klip4
67 0 103675 2 44.03898 klip4
67 0 112744 3 43.935425 klip4
67 0 109974 4 43.475685 klip4
67 0 145701 5 42.187454 klip4
67 0 111139 6 41.858902 klip4
67 0 122262 7 40.39117 klip4
67 0 118122 8 39.67358 klip4
67 0 106100 9 39.287975 klip4
68 0 145800 0 55.66305 klip4
68 0 109974 1 44.751503 klip4
68 0 867645 2 44.345768 klip4
68 0 112744 3 43.35641 klip4
68 0 111139 4 43.142414 klip4
68 0 122262 5 41.908005 klip4
68 0 145701 6 40.660545 klip4
68 0 802408 7 39.91928 klip4
68 0 145735 8 39.870243 klip4
68 0 118122 9 39.67358 klip4
69 0 182558 0 54.433144 klip4
69 0 149006 1 51.262558 klip4
69 0 902267 2 49.285942 klip4
69 0 931121 3 48.782017 klip4
69 0 2645422 4 46.539978 klip4
69 0 931120 5 46.474022 klip4
69 0 814955 6 45.531628 klip4
69 0 868384 7 45.384426 klip4
69 0 2676594 8 45.332996 klip4
69 0 2655597 9 45.222187 klip4
70 0 931120 0 58.376488 klip4
70 0 2959744 1 57.76246 klip4
70 0 855518 2 57.76246 klip4
70 0 149006 3 56.437744 klip4
70 0 821306 4 55.90318 klip4
70 0 931121 5 55.786053 klip4
70 0 2655597 6 55.2524 klip4
70 0 2676593 7 54.691326 klip4
70 0 2676594 8 53.919384 klip4
70 0 868384 9 53.782726 klip4
71 0 145121 0 52.143215 klip4
71 0 112914 1 47.0483 klip4
71 0 3189783 2 44.38153 klip4
71 0 118287 3 41.023052 klip4
71 0 112919 4 40.34415 klip4
71 0 867644 5 38.830612 klip4
71 0 2804674 6 38.723423 klip4
71 0 4161362 7 37.141556 klip4
71 0 112615 8 37.120308 klip4
71 0 118299 9 37.06211 klip4
72 0 145121 0 50.11196 klip4
72 0 112904 1 46.12254 klip4
72 0 3189783 2 46.105278 klip4
72 0 112914 3 46.1007 klip4
72 0 118052 4 44.975075 klip4
72 0 118005 5 42.97553 klip4
72 0 118234 6 42.303455 klip4
72 0 112615 7 38.27489 klip4
72 0 118026 8 36.754814 klip4
72 0 4161362 9 36.4106 klip4
73 0 145624 0 29.773752 klip4
73 0 2804674 1 25.463894 klip4
73 0 868383 2 25.044262 klip4
73 0 109931 3 24.396753 klip4
73 0 118043 4 23.745342 klip4
73 0 112573 5 23.43474 klip4
73 0 1087954 6 23.080097 klip4
73 0 111255 7 22.968853 klip4
73 0 616433 8 22.770489 klip4
73 0 109031 9 22.589525 klip4
74 0 2804674 0 49.518093 klip4
74 0 109284 1 44.672012 klip4
74 0 107904 2 44.396713 klip4
74 0 2675749 3 36.876133 klip4
74 0 112774 4 33.845722 klip4
74 0 127908 5 31.256124 klip4
74 0 104933 6 30.040062 klip4
74 0 104844 7 29.139248 klip4
74 0 94314 8 27.529179 klip4
74 0 110798 9 26.873726 klip4
75 0 182567 0 48.644283 klip4
75 0 867657 1 44.616997 klip4
75 0 117913 2 44.44082 klip4
75 0 218666 3 43.878468 klip4
75 0 147954 4 43.64509 klip4
75 0 105440 5 43.376667 klip4
75 0 219733 6 43.34414 klip4
75 0 220342 7 43.34414 klip4
75 0 101436 8 43.13535 klip4
75 0 106659 9 42.492012 klip4
76 0 2679833 0 43.40802 klip4
76 0 2680440 1 43.40802 klip4
76 0 108900 2 42.390106 klip4
76 0 110779 3 42.073334 klip4
76 0 110964 4 40.264065 klip4
76 0 108372 5 39.29541 klip4
76 0 103884 6 38.53778 klip4
76 0 110112 7 37.892227 klip4
76 0 109075 8 37.50072 klip4
76 0 110079 9 37.46389 klip4
77 0 104229 0 51.75107 klip4
77 0 2812588 1 51.45086 klip4
77 0 105003 2 43.097984 klip4
77 0 101041 3 43.01388 klip4
77 0 105348 4 42.96095 klip4
77 0 218921 5 42.334686 klip4
77 0 100471 6 42.292923 klip4
77 0 104765 7 41.383415 klip4
77 0 110432 8 41.329563 klip4
77 0 103643 9 40.814445 klip4
78 0 2812588 0 28.66065 klip4
78 0 145901 1 27.273394 klip4
78 0 118037 2 25.625536 klip4
78 0 118196 3 24.648655 klip4
78 0 109012 4 24.30341 klip4
78 0 117968 5 24.168726 klip4
78 0 108620 6 24.047552 klip4
78 0 118334 7 23.963083 klip4
78 0 799976 8 23.778055 klip4
78 0 104784 9 23.747025 klip4
79 0 111009 0 73.0546 klip4
79 0 111470 1 72.44204 klip4
79 0 118143 2 68.63329 klip4
79 0 110221 3 41.953552 klip4
79 0 106328 4 33.788708 klip4
79 0 111964 5 32.842022 klip4
79 0 92440 6 31.256275 klip4
79 0 108776 7 30.849884 klip4
79 0 99248 8 30.165352 klip4
79 0 108426 9 29.14699 klip4
80 0 111009 0 69.41758 klip4
80 0 111470 1 67.562836 klip4
80 0 118143 2 66.80653 klip4
80 0 106328 3 50.330925 klip4
80 0 145859 4 49.94291 klip4
80 0 2680438 5 47.52456 klip4
80 0 112869 6 47.301792 klip4
80 0 2672210 7 46.097286 klip4
80 0 2654755 8 46.097286 klip4
80 0 108426 9 45.429867 klip4
81 0 148484 0 54.73273 klip4
81 0 112440 1 36.392654 klip4
81 0 118445 2 36.086876 klip4
81 0 122253 3 34.149666 klip4
81 0 145121 4 27.180601 klip4
81 0 134736 5 26.45792 klip4
81 0 117841 6 25.87718 klip4
81 0 117833 7 25.579363 klip4
81 0 118188 8 25.096565 klip4
81 0 121157 9 24.590395 klip4
82 0 1726 0 50.357765 klip4
82 0 2803250 1 49.1559 klip4
82 0 127900 2 46.563614 klip4
82 0 118368 3 46.400352 klip4
82 0 216735 4 45.417553 klip4
82 0 216806 5 45.417553 klip4
82 0 799981 6 40.448933 klip4
82 0 145865 7 39.78239 klip4
82 0 118126 8 36.383446 klip4
82 0 112803 9 33.793926 klip4
83 0 145859 0 42.186123 klip4
83 0 109894 1 36.93074 klip4
83 0 107980 2 35.217323 klip4
83 0 112922 3 35.091496 klip4
83 0 137746 4 34.71096 klip4
83 0 110681 5 33.688457 klip4
83 0 110289 6 31.44904 klip4
83 0 149285 7 31.249636 klip4
83 0 111286 8 31.088997 klip4
83 0 109677 9 30.968725 klip4
84 0 107293 0 39.119144 klip4
84 0 110681 1 38.47012 klip4
84 0 107166 2 38.37803 klip4
84 0 112922 3 37.726826 klip4
84 0 145859 4 36.579052 klip4
84 0 107980 5 36.30817 klip4
84 0 109893 6 36.271797 klip4
84 0 109895 7 35.89255 klip4
84 0 109677 8 35.459717 klip4
84 0 800858 9 35.398125 klip4
85 0 802973 0 77.44826 klip4
85 0 803271 1 77.44826 klip4
85 0 2959737 2 77.44826 klip4
85 0 150543 3 49.713566 klip4
85 0 2959732 4 49.713566 klip4
85 0 146553 5 49.259907 klip4
85 0 146790 6 49.259907 klip4
85 0 218925 7 47.929974 klip4
85 0 3171724 8 47.470894 klip4
85 0 3177199 9 47.470894 klip4
86 0 3171724 0 34.845833 klip4
86 0 3177199 1 34.845833 klip4
86 0 3177200 2 34.845833 klip4
86 0 802973 3 33.880524 klip4
86 0 803271 4 33.880524 klip4
86 0 2959737 5 33.880524 klip4
86 0 150543 6 31.318172 klip4
86 0 2959732 7 31.318172 klip4
86 0 146553 8 30.71999 klip4
86 0 146790 9 30.71999 klip4
87 0 143378 0 23.91081 klip4
87 0 111170 1 21.688251 klip4
87 0 149653 2 21.66691 klip4
87 0 111182 3 20.698126 klip4
87 0 112807 4 20.30444 klip4
87 0 1088038 5 19.891119 klip4
87 0 136998 6 19.825245 klip4
87 0 111801 7 19.594461 klip4
87 0 104480 8 19.560768 klip4
87 0 118313 9 19.427517 klip4
88 0 182992 0 44.255527 klip4
88 0 145897 1 37.040333 klip4
88 0 2654277 2 36.778717 klip4
88 0 182991 3 35.70362 klip4
88 0 149653 4 34.77261 klip4
88 0 625832 5 33.9014 klip4
88 0 626055 6 33.9014 klip4
88 0 111170 7 33.199337 klip4
88 0 3191117 8 32.31151 klip4
88 0 111539 9 30.949368 klip4
89 0 2812588 0 71.54518 klip4
89 0 4151822 1 70.87028 klip4
89 0 2770446 2 69.03216 klip4
89 0 145817 3 65.11067 klip4
89 0 145647 4 63.37123 klip4
89 0 134747 5 58.867046 klip4
89 0 145722 6 50.681694 klip4
89 0 4162110 7 48.308407 klip4
89 0 145954 8 45.475784 klip4
89 0 2680439 9 40.33639 klip4
90 0 2812588 0 75.1967 klip4
90 0 106421 1 66.65628 klip4
90 0 109921 2 64.911224 klip4
90 0 110518 3 64.495705 klip4
90 0 2654534 4 64.28994 klip4
90 0 799975 5 61.697697 klip4
90 0 111614 6 60.57954 klip4
90 0 105155 7 60.171295 klip4
90 0 118260 8 59.862957 klip4
90 0 802408 9 59.061726 klip4
91 0 3212514 0 127.925964 klip4
91 0 145782 1 53.64113 klip4
91 0 109857 2 52.14317 klip4
91 0 145785 3 45.4595 klip4
91 0 145880 4 43.665905 klip4
91 0 111278 5 41.970768 klip4
91 0 145778 6 41.003986 klip4
91 0 112439 7 39.61127 klip4
91 0 219097 8 38.331165 klip4
91 0 1748 9 38.273228 klip4
92 0 3212514 0 134.36046 klip4
92 0 109857 1 61.91424 klip4
92 0 111278 2 50.741096 klip4
92 0 112439 3 48.614685 klip4
92 0 110249 4 48.532116 klip4
92 0 118507 5 48.453625 klip4
92 0 1087959 6 48.36427 klip4
92 0 134732 7 46.51584 klip4
92 0 3007018 8 45.22975 klip4
92 0 134725 9 39.2325 klip4
93 0 145901 0 75.15541 klip4
93 0 111736 1 73.225296 klip4
93 0 117874 2 69.362045 klip4
93 0 931614 3 68.99984 klip4
93 0 110248 4 68.851074 klip4
93 0 112905 5 68.53712 klip4
93 0 109610 6 66.7654 klip4
93 0 112824 7 65.86284 klip4
93 0 110877 8 64.997116 klip4
93 0 118012 9 63.707405 klip4
94 0 931614 0 92.07475 klip4
94 0 145901 1 79.427086 klip4
94 0 4151827 2 74.09906 klip4
94 0 111736 3 71.86974 klip4
94 0 3195891 4 69.67857 klip4
94 0 2788983 5 68.12577 klip4
94 0 117874 6 66.88485 klip4
94 0 2743641 7 66.10422 klip4
94 0 2959756 8 66.10422 klip4
94 0 2672208 9 64.52315 klip4
95 0 108555 0 48.68717 klip4
95 0 105495 1 46.969193 klip4
95 0 107232 2 42.705456 klip4
95 0 107475 3 40.111057 klip4
95 0 106171 4 38.77837 klip4
95 0 109444 5 37.5164 klip4
95 0 112750 6 37.021305 klip4
95 0 105136 7 32.183777 klip4
95 0 145692 8 32.15592 klip4
95 0 103631 9 30.811089 klip4
96 0 108555 0 46.22999 klip4
96 0 103631 1 38.27766 klip4
96 0 2680590 2 35.20861 klip4
96 0 2959745 3 35.20861 klip4
96 0 799986 4 30.271353 klip4
96 0 106575 5 30.013685 klip4
96 0 110322 6 29.611437 klip4
96 0 216735 7 29.51151 klip4
96 0 216806 8 29.51151 klip4
96 0 108493 9 29.129099 klip4
97 0 112101 0 66.71832 klip4
97 0 111922 1 45.322987 klip4
97 0 117963 2 32.83551 klip4
97 0 136993 3 31.98411 klip4
97 0 102187 4 30.67587 klip4
97 0 121162 5 30.564812 klip4
97 0 118463 6 30.386253 klip4
97 0 621044 7 30.347128 klip4
97 0 621090 8 30.347128 klip4
97 0 2959739 9 30.347128 klip4
98 0 111684 0 18.02018 klip4
98 0 96837 1 17.606026 klip4
98 0 2769806 2 17.595669 klip4
98 0 3213872 3 17.469011 klip4
98 0 107235 4 16.912447 klip4
98 0 99480 5 16.759008 klip4
98 0 96786 6 16.602188 klip4
98 0 109088 7 16.528646 klip4
98 0 111432 8 16.358614 klip4
98 0 91025 9 16.019293 klip4
99 0 112267 0 71.11935 klip4
99 0 111884 1 51.925396 klip4
99 0 110552 2 42.732876 klip4
99 0 110578 3 35.163177 klip4
99 0 112723 4 34.833042 klip4
99 0 111695 5 33.20114 klip4
99 0 104883 6 32.373707 klip4
99 0 109673 7 32.228607 klip4
99 0 109976 8 31.762232 klip4
99 0 103683 9 31.450815 klip4
100 0 112267 0 86.29901 klip4
100 0 110552 1 70.49114 klip4
100 0 109633 2 68.07959 klip4
100 0 110098 3 67.30656 klip4
100 0 111884 4 65.92505 klip4
100 0 104883 5 64.139145 klip4
100 0 111886 6 62.793114 klip4
100 0 102981 7 62.62579 klip4
100 0 109673 8 61.690376 klip4
100 0 108980 9 60.85824 klip4
