1 0 3204919 0 95.716225 klip8
1 0 2649076 1 89.67662 klip8
1 0 149702 2 82.84369 klip8
1 0 3177197 3 81.01577 klip8
1 0 3170730 4 80.87976 klip8
1 0 219733 5 80.82839 klip8
1 0 220342 6 80.82839 klip8
1 0 4164893 7 80.57194 klip8
1 0 2809767 8 79.02642 klip8
1 0 2811850 9 79.02642 klip8
2 0 103631 0 89.1701 klip8
2 0 145692 1 84.201256 klip8
2 0 103549 2 83.596855 klip8
2 0 104671 3 79.21876 klip8
2 0 108555 4 77.98843 klip8
2 0 104571 5 75.276596 klip8
2 0 96850 6 70.78628 klip8
2 0 93789 7 70.5495 klip8
2 0 105116 8 70.21225 klip8
2 0 4170684 9 69.98338 klip8
3 0 3162143 0 111.19776 klip8
3 0 215496 1 99.80593 klip8
3 0 215694 2 99.80593 klip8
3 0 2959735 3 99.80489 klip8
3 0 118475 4 99.53541 klip8
3 0 130157 5 96.185295 klip8
3 0 145890 6 94.62543 klip8
3 0 145821 7 93.0161 klip8
3 0 117959 8 91.99328 klip8
3 0 903973 9 91.4537 klip8
4 0 215694 0 210.83084 klip8
4 0 2959735 1 210.82875 klip8
4 0 215496 2 210.81227 klip8
4 0 3162143 3 183.35684 klip8
4 0 118029 4 177.06079 klip8
4 0 623142 5 174.02989 klip8
4 0 149007 6 163.23125 klip8
4 0 903973 7 149.87082 klip8
4 0 78783 8 132.85187 klip8
4 0 145900 9 132.04086 klip8
5 0 2672209 0 75.79939 klip8
5 0 2657779 1 75.79939 klip8
5 0 145652 2 73.94646 klip8
5 0 110831 3 70.823006 klip8
5 0 1740 4 70.54319 klip8
5 0 183480 5 69.93733 klip8
5 0 110056 6 69.77653 klip8
5 0 112708 7 68.55173 klip8
5 0 131163 8 65.80761 klip8
5 0 118217 9 62.909054 klip8
6 0 110654 0 129.57536 klip8
6 0 110056 1 107.29264 klip8
6 0 183480 2 92.84435 klip8
6 0 111258 3 84.17777 klip8
6 0 3203656 4 80.55624 klip8
6 0 3206414 5 80.55624 klip8
6 0 117932 6 78.70597 klip8
6 0 111114 7 78.6098 klip8
6 0 110789 8 72.74364 klip8
6 0 111661 9 65.179756 klip8
7 0 2672535 0 56.269516 klip8
7 0 118511 1 52.29647 klip8
7 0 147531 2 52.286175 klip8
7 0 219733 3 51.664494 klip8
7 0 220342 4 51.664494 klip8
7 0 110315 5 50.995243 klip8
7 0 3195892 6 50.738335 klip8
7 0 134749 7 50.675217 klip8
7 0 183479 8 50.1573 klip8
7 0 147530 9 50.088493 klip8
8 0 134749 0 124.33792 klip8
8 0 112174 1 122.27637 klip8
8 0 145715 2 109.67874 klip8
8 0 145868 3 108.822525 klip8
8 0 112834 4 104.28474 klip8
8 0 147531 5 103.378456 klip8
8 0 2678467 6 99.68249 klip8
8 0 2679202 7 99.68249 klip8
8 0 2959746 8 99.68249 klip8
8 0 110932 9 98.82526 klip8
9 0 2675751 0 124.56096 klip8
9 0 854177 1 112.757385 klip8
9 0 127923 2 105.643364 klip8
9 0 147530 3 105.4143 klip8
9 0 127887 4 103.74827 klip8
9 0 118317 5 103.164764 klip8
9 0 112931 6 102.63717 klip8
9 0 118212 7 102.141914 klip8
9 0 112641 8 102.014244 klip8
9 0 2679557 9 101.4897 klip8
10 0 111500 0 136.46094 klip8
10 0 147531 1 122.87011 klip8
10 0 214949 2 122.64392 klip8
10 0 215071 3 122.64392 klip8
10 0 112657 4 121.93806 klip8
10 0 118087 5 121.17172 klip8
10 0 112423 6 121.05823 klip8
10 0 112800 7 112.9517 klip8
10 0 134743 8 112.81991 klip8
10 0 112293 9 112.4562 klip8
11 0 2810524 0 82.95902 klip8
11 0 2811846 1 82.95902 klip8
11 0 217512 2 76.616104 klip8
11 0 2809767 3 75.86537 klip8
11 0 2811850 4 75.86537 klip8
11 0 873668 5 74.05359 klip8
11 0 150541 6 73.42414 klip8
11 0 4151830 7 71.91294 klip8
11 0 1750 8 71.86833 klip8
11 0 145960 9 71.222336 klip8
12 0 2672535 0 101.025024 klip8
12 0 3211503 1 71.48633 klip8
12 0 3216389 2 71.05263 klip8
12 0 4151830 3 70.917114 klip8
12 0 183479 4 70.84472 klip8
12 0 108766 5 70.31847 klip8
12 0 3181025 6 69.72984 klip8
12 0 3153112 7 69.584015 klip8
12 0 4170685 8 69.3919 klip8
12 0 2790213 9 69.269295 klip8
13 0 2812588 0 96.043465 klip8
13 0 802973 1 85.70981 klip8
13 0 803271 2 85.70981 klip8
13 0 2959737 3 85.70981 klip8
13 0 4162111 4 82.42608 klip8
13 0 2959730 5 82.233116 klip8
13 0 2642828 6 80.92992 klip8
13 0 150543 7 77.43993 klip8
13 0 2959732 8 77.43993 klip8
13 0 108605 9 77.39819 klip8
14 0 2812588 0 64.32409 klip8
14 0 614392 1 62.967316 klip8
14 0 614485 2 62.967316 klip8
14 0 108730 3 60.14943 klip8
14 0 2153 4 58.49585 klip8
14 0 118296 5 57.734917 klip8
14 0 118015 6 57.06178 klip8
14 0 2670965 7 56.886307 klip8
14 0 148483 8 56.181366 klip8
14 0 122258 9 56.108868 klip8
15 0 2812588 0 140.71513 klip8
15 0 4151822 1 122.7885 klip8
15 0 2770446 2 99.68552 klip8
15 0 2809767 3 93.58609 klip8
15 0 2811850 4 93.58609 klip8
15 0 2771249 5 87.83172 klip8
15 0 2812210 6 82.98919 klip8
15 0 4155979 7 82.520584 klip8
15 0 2809766 8 81.1546 klip8
15 0 2811849 9 81.1546 klip8
16 0 4151822 0 127.00403 klip8
16 0 2812588 1 95.08073 klip8
16 0 2770446 2 88.700356 klip8
16 0 145817 3 79.94091 klip8
16 0 3209687 4 73.61853 klip8
16 0 4155979 5 73.55225 klip8
16 0 3170728 6 72.68546 klip8
16 0 1921234 7 71.14998 klip8
16 0 4171965 8 71.08165 klip8
16 0 4151830 9 70.657974 klip8
17 0 4161362 0 58.333965 klip8
17 0 148484 1 57.517628 klip8
17 0 620566 2 56.950794 klip8
17 0 111122 3 56.666206 klip8
17 0 145865 4 56.36991 klip8
17 0 813289 5 55.27595 klip8
17 0 2670966 6 53.167606 klip8
17 0 1751 7 52.034096 klip8
17 0 2771249 8 51.988823 klip8
17 0 2783506 9 51.976543 klip8
18 0 205712 0 133.9636 klip8
18 0 148484 1 126.90076 klip8
18 0 620566 2 117.92498 klip8
18 0 1753 3 111.31327 klip8
18 0 131156 4 110.50288 klip8
18 0 145664 5 108.736 klip8
18 0 217512 6 108.735664 klip8
18 0 206097 7 108.166794 klip8
18 0 145635 8 107.48304 klip8
18 0 145119 9 106.311455 klip8
19 0 2654533 0 155.02501 klip8
19 0 2654756 1 155.02501 klip8
19 0 4151826 2 108.730995 klip8
19 0 112808 3 108.52663 klip8
19 0 4172500 4 105.41341 klip8
19 0 112775 5 103.53311 klip8
19 0 219509 6 103.03973 klip8
19 0 2670966 7 102.31861 klip8
19 0 118018 8 101.997345 klip8
19 0 2812210 9 101.39507 klip8
20 0 2654533 0 158.76036 klip8
20 0 2654756 1 158.76036 klip8
20 0 112775 2 104.6512 klip8
20 0 4151826 3 104.44579 klip8
20 0 4172500 4 104.13241 klip8
20 0 4151825 5 102.33548 klip8
20 0 2670966 6 100.93401 klip8
20 0 219509 7 100.62255 klip8
20 0 145121 8 100.22595 klip8
20 0 110085 9 99.73112 klip8
21 0 873660 0 142.03793 klip8
21 0 112799 1 124.151115 klip8
21 0 117890 2 123.25362 klip8
21 0 121159 3 119.25434 klip8
21 0 867657 4 115.152306 klip8
21 0 118081 5 114.0893 klip8
21 0 2811845 6 113.35267 klip8
21 0 3181482 7 112.1138 klip8
21 0 2781925 8 110.14936 klip8
21 0 2681317 9 110.10969 klip8
22 0 117890 0 159.17082 klip8
22 0 2659300 1 157.79393 klip8
22 0 112799 2 145.92802 klip8
22 0 118081 3 130.17847 klip8
22 0 145829 4 127.894196 klip8
22 0 112774 5 125.65991 klip8
22 0 121159 6 123.70803 klip8
22 0 118416 7 122.29663 klip8
22 0 2781925 8 121.837975 klip8
22 0 145925 9 121.43162 klip8
23 0 118449 0 95.619736 klip8
23 0 2810525 1 92.96127 klip8
23 0 2811847 2 92.96127 klip8
23 0 2801435 3 87.65025 klip8
23 0 145738 4 86.5461 klip8
23 0 623242 5 83.12002 klip8
23 0 142878 6 80.611465 klip8
23 0 112257 7 80.583855 klip8
23 0 118180 8 79.78732 klip8
23 0 137736 9 76.87539 klip8
24 0 1738 0 44.80275 klip8
24 0 145778 1 39.692303 klip8
24 0 2678133 2 37.381992 klip8
24 0 802408 3 37.085796 klip8
24 0 2790213 4 36.14134 klip8
24 0 145866 5 35.16071 klip8
24 0 2801435 6 35.060932 klip8
24 0 145635 7 34.310448 klip8
24 0 2804671 8 33.993187 klip8
24 0 2675751 9 33.991505 klip8
25 0 112616 0 129.74684 klip8
25 0 2655499 1 90.59677 klip8
25 0 110318 2 85.19602 klip8
25 0 3211503 3 79.509285 klip8
25 0 118021 4 75.65976 klip8
25 0 108792 5 74.926094 klip8
25 0 821305 6 73.005554 klip8
25 0 117845 7 69.89527 klip8
25 0 111495 8 68.697914 klip8
25 0 112700 9 67.39899 klip8
26 0 117872 0 122.23268 klip8
26 0 112616 1 107.32616 klip8
26 0 112045 2 106.51295 klip8
26 0 112324 3 105.87768 klip8
26 0 118026 4 104.80018 klip8
26 0 110915 5 100.61503 klip8
26 0 111056 6 99.65204 klip8
26 0 145758 7 98.87223 klip8
26 0 117841 8 97.26038 klip8
26 0 105698 9 96.93614 klip8
27 0 4157405 0 212.27667 klip8
27 0 4157382 1 212.11322 klip8
27 0 111141 2 119.67302 klip8
27 0 112346 3 116.21566 klip8
27 0 112523 4 104.86219 klip8
27 0 3204918 5 96.18542 klip8
27 0 145636 6 94.68315 klip8
27 0 150541 7 90.22034 klip8
27 0 217703 8 90.019966 klip8
27 0 931121 9 89.96759 klip8
28 0 4157405 0 172.49178 klip8
28 0 4157382 1 172.32834 klip8
28 0 112346 2 110.23885 klip8
28 0 111141 3 102.58914 klip8
28 0 145827 4 76.75427 klip8
28 0 931121 5 75.16772 klip8
28 0 110706 6 73.57642 klip8
28 0 118489 7 72.8335 klip8
28 0 931120 8 72.1937 klip8
28 0 145636 9 71.93687 klip8
29 0 4151826 0 46.644966 klip8
29 0 205788 1 44.000324 klip8
29 0 137739 2 43.814358 klip8
29 0 118044 3 43.722603 klip8
29 0 145708 4 42.988533 klip8
29 0 111471 5 42.829144 klip8
29 0 118381 6 42.23509 klip8
29 0 118400 7 41.766907 klip8
29 0 117875 8 41.35989 klip8
29 0 145843 9 41.214195 klip8
30 0 205788 0 125.7872 klip8
30 0 218921 1 106.499214 klip8
30 0 148795 2 102.99668 klip8
30 0 4151826 3 100.80815 klip8
30 0 145841 4 98.25681 klip8
30 0 626206 5 96.84382 klip8
30 0 899483 6 95.888954 klip8
30 0 137739 7 91.90484 klip8
30 0 145761 8 90.5639 klip8
30 0 802770 9 87.784615 klip8
31 0 145925 0 81.324005 klip8
31 0 112486 1 80.9911 klip8
31 0 110561 2 78.34311 klip8
31 0 118023 3 74.25059 klip8
31 0 131149 4 73.25265 klip8
31 0 2795279 5 73.01383 klip8
31 0 118353 6 72.90124 klip8
31 0 3177198 7 72.458374 klip8
31 0 118458 8 72.36063 klip8
31 0 3171727 9 72.359055 klip8
32 0 112329 0 83.66804 klip8
32 0 1728 1 81.48104 klip8
32 0 111434 2 80.8262 klip8
32 0 112850 3 76.99644 klip8
32 0 112447 4 75.698326 klip8
32 0 125839 5 71.59681 klip8
32 0 112090 6 71.31315 klip8
32 0 117853 7 68.02824 klip8
32 0 111596 8 67.931854 klip8
32 0 118455 9 67.88717 klip8
33 0 109535 0 85.625336 klip8
33 0 109532 1 85.405136 klip8
33 0 112485 2 84.28178 klip8
33 0 121158 3 84.19581 klip8
33 0 110795 4 84.19024 klip8
33 0 109935 5 82.92592 klip8
33 0 145870 6 82.05657 klip8
33 0 802973 7 80.16935 klip8
33 0 803271 8 80.16935 klip8
33 0 2959737 9 80.16935 klip8
34 0 2676594 0 255.70566 klip8
34 0 2675753 1 249.06996 klip8
34 0 2679204 2 249.06996 klip8
34 0 2809767 3 180.58464 klip8
34 0 2811850 4 180.58464 klip8
34 0 3216389 5 113.50672 klip8
34 0 121158 6 110.53696 klip8
34 0 625710 7 98.83926 klip8
34 0 112325 8 98.07869 klip8
34 0 130155 9 95.11904 klip8
35 0 821306 0 46.995495 klip8
35 0 218927 1 45.115368 klip8
35 0 102737 2 44.854744 klip8
35 0 205203 3 44.23478 klip8
35 0 145660 4 42.0755 klip8
35 0 118025 5 41.867287 klip8
35 0 148484 6 41.80879 klip8
35 0 219617 7 41.192028 klip8
35 0 94443 8 41.015293 klip8
35 0 213843 9 40.823666 klip8
36 0 118238 0 89.39828 klip8
36 0 118319 1 87.992325 klip8
36 0 109923 2 87.6297 klip8
36 0 902769 3 85.45149 klip8
36 0 118142 4 81.37305 klip8
36 0 118329 5 80.68135 klip8
36 0 3177197 6 80.332596 klip8
36 0 3170730 7 80.174934 klip8
36 0 821306 8 77.673035 klip8
36 0 213843 9 76.42491 klip8
37 0 4151829 0 65.26944 klip8
37 0 110774 1 64.128006 klip8
37 0 121168 2 60.46685 klip8
37 0 110742 3 60.197567 klip8
37 0 118269 4 60.16932 klip8
37 0 118290 5 60.133244 klip8
37 0 112910 6 59.90554 klip8
37 0 112133 7 59.49558 klip8
37 0 121171 8 59.052803 klip8
37 0 108863 9 59.045933 klip8
38 0 145855 0 105.37279 klip8
38 0 145731 1 100.89405 klip8
38 0 4151829 2 97.96198 klip8
38 0 118269 3 85.43584 klip8
38 0 1993216 4 81.158165 klip8
38 0 110774 5 75.07475 klip8
38 0 112292 6 72.199776 klip8
38 0 112910 7 72.063416 klip8
38 0 111982 8 71.18428 klip8
38 0 145629 9 69.889694 klip8
39 0 112568 0 88.90597 klip8
39 0 112420 1 80.17233 klip8
39 0 118457 2 76.26103 klip8
39 0 111432 3 71.91988 klip8
39 0 621044 4 68.59482 klip8
39 0 621090 5 68.59482 klip8
39 0 2959739 6 68.59482 klip8
39 0 2959744 7 67.94623 klip8
39 0 855518 8 67.94623 klip8
39 0 2674861 9 66.79914 klip8
40 0 105200 0 120.233116 klip8
40 0 621044 1 110.79475 klip8
40 0 621090 2 110.79475 klip8
40 0 2959739 3 110.79475 klip8
40 0 122254 4 105.04702 klip8
40 0 2959744 5 102.61056 klip8
40 0 855518 6 102.61056 klip8
40 0 108818 7 99.44442 klip8
40 0 1731 8 98.584885 klip8
40 0 112273 9 96.02487 klip8
41 0 112924 0 131.65073 klip8
41 0 2811847 1 115.58814 klip8
41 0 2810525 2 115.58344 klip8
41 0 2654533 3 113.42291 klip8
41 0 2654756 4 113.42291 klip8
41 0 111198 5 113.14106 klip8
41 0 111891 6 106.28416 klip8
41 0 112585 7 105.57412 klip8
41 0 112731 8 105.23595 klip8
41 0 110132 9 104.22307 klip8
42 0 2654533 0 131.1367 klip8
42 0 2654756 1 131.1367 klip8
42 0 112585 2 127.93686 klip8
42 0 112924 3 124.82116 klip8
42 0 111891 4 122.032135 klip8
42 0 110132 5 121.676056 klip8
42 0 111198 6 121.60679 klip8
42 0 109186 7 118.57355 klip8
42 0 109352 8 114.5925 klip8
42 0 145121 9 113.67165 klip8
43 0 2680590 0 85.60435 klip8
43 0 2959745 1 85.60435 klip8
43 0 112305 2 82.682724 klip8
43 0 112920 3 80.27925 klip8
43 0 112803 4 78.49133 klip8
43 0 118148 5 72.80822 klip8
43 0 121170 6 65.03606 klip8
43 0 117935 7 62.384552 klip8
43 0 2959749 8 62.29103 klip8
43 0 2812589 9 62.265865 klip8
44 0 2781925 0 28.511745 klip8
44 0 183480 1 28.167614 klip8
44 0 145903 2 27.710903 klip8
44 0 802408 3 26.502317 klip8
44 0 118182 4 26.463219 klip8
44 0 3213871 5 26.081333 klip8
44 0 779833 6 25.883446 klip8
44 0 798511 7 25.883446 klip8
44 0 110076 8 25.588276 klip8
44 0 111731 9 25.490147 klip8
45 0 3204917 0 168.00845 klip8
45 0 145861 1 143.83919 klip8
45 0 866024 2 140.9346 klip8
45 0 858802 3 140.9346 klip8
45 0 145772 4 139.643 klip8
45 0 150542 5 137.6797 klip8
45 0 800568 6 136.47028 klip8
45 0 137725 7 132.68646 klip8
45 0 2804673 8 127.47575 klip8
45 0 626207 9 125.49814 klip8
46 0 866024 0 265.32904 klip8
46 0 858802 1 265.32904 klip8
46 0 623145 2 177.17258 klip8
46 0 903971 3 175.80307 klip8
46 0 2959742 4 175.80307 klip8
46 0 2804673 5 169.72333 klip8
46 0 3204917 6 167.26372 klip8
46 0 2657927 7 157.90227 klip8
46 0 145861 8 153.18625 klip8
46 0 1732 9 152.99797 klip8
47 0 2674861 0 121.46914 klip8
47 0 2675754 1 121.46914 klip8
47 0 2671723 2 72.50869 klip8
47 0 2795703 3 71.97166 klip8
47 0 2797292 4 71.97166 klip8
47 0 2678133 5 71.031906 klip8
47 0 148483 6 69.393654 klip8
47 0 2790213 7 69.1053 klip8
47 0 2803251 8 69.042336 klip8
47 0 626207 9 68.72609 klip8
48 0 2674861 0 125.198235 klip8
48 0 2675754 1 125.198235 klip8
48 0 111362 2 73.72041 klip8
48 0 3170727 3 72.26293 klip8
48 0 103019 4 72.214485 klip8
48 0 2646093 5 69.95828 klip8
48 0 96612 6 68.64413 klip8
48 0 2518018 7 67.59617 klip8
48 0 121149 8 67.27789 klip8
48 0 103307 9 66.444595 klip8
49 0 2810525 0 69.8999 klip8
49 0 2811847 1 69.8999 klip8
49 0 4162535 2 64.51521 klip8
49 0 4151826 3 56.0058 klip8
49 0 3153112 4 52.650715 klip8
49 0 2803251 5 50.16228 klip8
49 0 2812210 6 49.87958 klip8
49 0 2809767 7 49.573265 klip8
49 0 2811850 8 49.573265 klip8
49 0 2784695 9 48.096527 klip8
50 0 3153112 0 95.8849 klip8
50 0 4162535 1 90.97459 klip8
50 0 2810525 2 71.733864 klip8
50 0 2811847 3 71.733864 klip8
50 0 4151826 4 59.28083 klip8
50 0 3181025 5 56.427975 klip8
50 0 3177197 6 54.104702 klip8
50 0 3170730 7 53.602947 klip8
50 0 2809767 8 51.979523 klip8
50 0 2811850 9 51.979523 klip8
51 0 112770 0 82.45354 klip8
51 0 78783 1 72.3779 klip8
51 0 2812589 2 70.992805 klip8
51 0 2959749 3 70.992805 klip8
51 0 616433 4 70.50807 klip8
51 0 145872 5 67.72683 klip8
51 0 2812587 6 63.128242 klip8
51 0 2959748 7 63.128242 klip8
51 0 213842 8 62.611885 klip8
51 0 3195892 9 62.462326 klip8
52 0 112770 0 61.185947 klip8
52 0 112931 1 55.803604 klip8
52 0 112243 2 54.245285 klip8
52 0 103302 3 50.221283 klip8
52 0 103145 4 49.173824 klip8
52 0 105869 5 47.98116 klip8
52 0 89354 6 47.95381 klip8
52 0 95391 7 47.769527 klip8
52 0 85451 8 47.60772 klip8
52 0 98744 9 47.4016 klip8
53 0 799985 0 98.05604 klip8
53 0 2808291 1 82.244225 klip8
53 0 145792 2 80.86115 klip8
53 0 2771250 3 77.093666 klip8
53 0 145664 4 75.89136 klip8
53 0 148483 5 75.16501 klip8
53 0 145635 6 71.417305 klip8
53 0 621045 7 69.92202 klip8
53 0 112677 8 69.655106 klip8
53 0 117916 9 69.08896 klip8
54 0 872994 0 123.829735 klip8
54 0 811778 1 104.90568 klip8
54 0 931123 2 96.36393 klip8
54 0 625711 3 94.28392 klip8
54 0 811777 4 84.81862 klip8
54 0 2808291 5 84.71945 klip8
54 0 943668 6 83.271 klip8
54 0 799985 7 80.15842 klip8
54 0 3195890 8 76.47553 klip8
54 0 620566 9 76.32879 klip8
55 0 4154603 0 146.28798 klip8
55 0 118269 1 108.759544 klip8
55 0 145731 2 106.901695 klip8
55 0 145855 3 105.86754 klip8
55 0 145629 4 103.57163 klip8
55 0 111261 5 101.6186 klip8
55 0 110774 6 97.64797 klip8
55 0 112910 7 86.11502 klip8
55 0 111420 8 85.21482 klip8
55 0 111982 9 83.775604 klip8
56 0 4154603 0 215.12192 klip8
56 0 118269 1 155.2452 klip8
56 0 145731 2 148.26944 klip8
56 0 112910 3 139.48116 klip8
56 0 110774 4 135.30884 klip8
56 0 111261 5 133.20363 klip8
56 0 145629 6 128.49437 klip8
56 0 145855 7 121.6074 klip8
56 0 1993216 8 117.40495 klip8
56 0 111420 9 115.91275 klip8
57 0 802408 0 98.527 klip8
57 0 867644 1 97.86428 klip8
57 0 800569 2 97.33209 klip8
57 0 800859 3 92.939384 klip8
57 0 815320 4 92.78749 klip8
57 0 2959744 5 88.93362 klip8
57 0 855518 6 88.93362 klip8
57 0 182567 7 88.242195 klip8
57 0 205720 8 87.248665 klip8
57 0 145903 9 86.77672 klip8
58 0 145735 0 100.98568 klip8
58 0 217702 1 82.593254 klip8
58 0 108547 2 78.77238 klip8
58 0 112467 3 77.356766 klip8
58 0 106179 4 76.02529 klip8
58 0 145815 5 72.94918 klip8
58 0 145800 6 72.68612 klip8
58 0 2671725 7 72.62595 klip8
58 0 2672207 8 72.60185 klip8
58 0 218133 9 72.568214 klip8
59 0 2788983 0 263.35086 klip8
59 0 4170685 1 239.9606 klip8
59 0 145627 2 212.26405 klip8
59 0 118037 3 210.04884 klip8
59 0 117968 4 207.11322 klip8
59 0 118129 5 203.44833 klip8
59 0 118040 6 194.5206 klip8
59 0 1087691 7 185.31595 klip8
59 0 118422 8 176.17572 klip8
59 0 134735 9 176.0876 klip8
60 0 3195891 0 250.02528 klip8
60 0 2788983 1 238.68968 klip8
60 0 4170685 2 232.3905 klip8
60 0 145627 3 209.47282 klip8
60 0 118129 4 207.14865 klip8
60 0 117968 5 198.2068 klip8
60 0 118334 6 196.86972 klip8
60 0 130158 7 196.68205 klip8
60 0 931614 8 192.2519 klip8
60 0 621195 9 190.31631 klip8
61 0 145743 0 143.4745 klip8
61 0 2812210 1 142.40141 klip8
61 0 145923 2 133.35068 klip8
61 0 218457 3 122.20882 klip8
61 0 112854 4 111.88574 klip8
61 0 3195092 5 110.822365 klip8
61 0 1732 6 110.52108 klip8
61 0 145815 7 107.826546 klip8
61 0 2657927 8 103.19699 klip8
61 0 112435 9 102.81516 klip8
62 0 2812210 0 80.917786 klip8
62 0 110661 1 67.23407 klip8
62 0 118299 2 66.10066 klip8
62 0 110926 3 63.500156 klip8
62 0 117875 4 62.028515 klip8
62 0 110091 5 59.8336 klip8
62 0 3195092 6 58.896267 klip8
62 0 218457 7 57.950775 klip8
62 0 109846 8 57.899727 klip8
62 0 108348 9 57.86505 klip8
63 0 149702 0 62.737858 klip8
63 0 118148 1 62.643887 klip8
63 0 104521 2 59.97395 klip8
63 0 2812589 3 59.93926 klip8
63 0 2959749 4 59.93926 klip8
63 0 108713 5 59.472263 klip8
63 0 108111 6 59.220955 klip8
63 0 118011 7 59.172176 klip8
63 0 106985 8 59.11384 klip8
63 0 3191119 9 58.816334 klip8
64 0 3205768 0 81.704285 klip8
64 0 2758568 1 78.12338 klip8
64 0 2809766 2 76.3917 klip8
64 0 2811849 3 76.3917 klip8
64 0 3205767 4 72.256256 klip8
64 0 110645 5 71.01808 klip8
64 0 3207860 6 70.64721 klip8
64 0 4151827 7 70.394135 klip8
64 0 4170685 8 69.51103 klip8
64 0 118196 9 68.73767 klip8
65 0 118123 0 168.66553 klip8
65 0 150540 1 116.41745 klip8
65 0 3211501 2 115.97468 klip8
65 0 131165 3 109.09474 klip8
65 0 145883 4 109.04736 klip8
65 0 110645 5 108.79477 klip8
65 0 111051 6 106.54089 klip8
65 0 4151825 7 103.23341 klip8
65 0 3183080 8 102.7155 klip8
65 0 112732 9 100.72031 klip8
66 0 3211501 0 190.35074 klip8
66 0 145867 1 164.5417 klip8
66 0 4151827 2 138.9751 klip8
66 0 3213872 3 130.175 klip8
66 0 118123 4 129.91322 klip8
66 0 218925 5 129.50327 klip8
66 0 150540 6 128.72643 klip8
66 0 3217422 7 128.29501 klip8
66 0 3217423 8 127.72421 klip8
66 0 3217226 9 127.71091 klip8
67 0 145800 0 172.71634 klip8
67 0 867645 1 158.28333 klip8
67 0 103675 2 113.300156 klip8
67 0 104522 3 98.262474 klip8
67 0 103678 4 91.84091 klip8
67 0 106757 5 86.54833 klip8
67 0 103916 6 86.45997 klip8
67 0 104055 7 85.80302 klip8
67 0 107938 8 81.83953 klip8
67 0 110330 9 79.00094 klip8
68 0 145800 0 153.50748 klip8
68 0 867645 1 126.52516 klip8
68 0 97893 2 95.35442 klip8
68 0 103675 3 92.993744 klip8
68 0 103093 4 92.75585 klip8
68 0 88704 5 91.79545 klip8
68 0 94177 6 90.94939 klip8
68 0 97584 7 90.234344 klip8
68 0 103678 8 87.759285 klip8
68 0 87585 9 82.7156 klip8
69 0 3214778 0 118.765755 klip8
69 0 149289 1 115.32588 klip8
69 0 2676593 2 110.19575 klip8
69 0 117859 3 110.06081 klip8
69 0 219733 4 108.75853 klip8
69 0 220342 5 108.75853 klip8
69 0 111709 6 106.99458 klip8
69 0 110996 7 105.80737 klip8
69 0 149006 8 104.34979 klip8
69 0 2959743 9 103.527115 klip8
70 0 3214778 0 127.72224 klip8
70 0 149289 1 127.42541 klip8
70 0 2676593 2 125.51144 klip8
70 0 219733 3 118.38985 klip8
70 0 220342 4 118.38985 klip8
70 0 2959743 5 117.658585 klip8
70 0 858289 6 117.658585 klip8
70 0 149006 7 117.39114 klip8
70 0 118111 8 114.210526 klip8
70 0 802971 9 112.33548 klip8
71 0 145121 0 121.6359 klip8
71 0 112914 1 116.04635 klip8
71 0 3189783 2 113.46448 klip8
71 0 118052 3 109.50815 klip8
71 0 118287 4 106.11246 klip8
71 0 2654533 5 106.01276 klip8
71 0 2654756 6 106.01276 klip8
71 0 112904 7 102.17706 klip8
71 0 118005 8 100.97594 klip8
71 0 118234 9 96.804276 klip8
72 0 118052 0 120.76802 klip8
72 0 145121 1 115.975 klip8
72 0 3189783 2 114.09229 klip8
72 0 112914 3 111.8479 klip8
72 0 112904 4 109.29946 klip8
72 0 118005 5 106.41873 klip8
72 0 118234 6 104.98078 klip8
72 0 2654533 7 103.80123 klip8
72 0 2654756 8 103.80123 klip8
72 0 117979 9 96.84581 klip8
73 0 2804674 0 67.39184 klip8
73 0 110692 1 66.94096 klip8
73 0 108538 2 64.22838 klip8
73 0 109931 3 60.050346 klip8
73 0 112206 4 58.439026 klip8
73 0 112573 5 58.116127 klip8
73 0 145624 6 58.111275 klip8
73 0 217514 7 58.003883 klip8
73 0 1087954 8 57.588326 klip8
73 0 118043 9 57.481297 klip8
74 0 2804674 0 88.02807 klip8
74 0 107904 1 83.53775 klip8
74 0 109284 2 79.549065 klip8
74 0 112774 3 74.04334 klip8
74 0 127908 4 71.7457 klip8
74 0 2675749 5 67.1878 klip8
74 0 108616 6 62.077442 klip8
74 0 111245 7 61.162727 klip8
74 0 803268 8 60.939457 klip8
74 0 145810 9 60.446037 klip8
75 0 92916 0 86.49567 klip8
75 0 86460 1 85.02851 klip8
75 0 118226 2 85.01301 klip8
75 0 3189783 3 81.621414 klip8
75 0 92470 4 80.969406 klip8
75 0 101894 5 80.0568 klip8
75 0 110779 6 79.61091 klip8
75 0 2678134 7 79.251 klip8
75 0 86533 8 78.39005 klip8
75 0 89728 9 78.33575 klip8
76 0 2679833 0 101.886765 klip8
76 0 2680440 1 101.886765 klip8
76 0 108900 2 94.09455 klip8
76 0 112919 3 92.18952 klip8
76 0 150540 4 91.20945 klip8
76 0 110964 5 90.27676 klip8
76 0 111945 6 90.05318 klip8
76 0 118298 7 88.44361 klip8
76 0 118376 8 86.44322 klip8
76 0 2781925 9 86.10053 klip8
77 0 2812588 0 133.76479 klip8
77 0 4151822 1 124.881065 klip8
77 0 145817 2 121.87166 klip8
77 0 2770446 3 108.74145 klip8
77 0 111029 4 106.59341 klip8
77 0 134747 5 103.11924 klip8
77 0 112726 6 102.68133 klip8
77 0 111455 7 100.96589 klip8
77 0 145902 8 93.76933 klip8
77 0 106451 9 91.56571 klip8
78 0 2812588 0 56.468273 klip8
78 0 145632 1 54.380096 klip8
78 0 117899 2 54.127495 klip8
78 0 799976 3 53.26587 klip8
78 0 118022 4 52.939316 klip8
78 0 111717 5 52.58781 klip8
78 0 117968 6 52.30141 klip8
78 0 112485 7 50.434036 klip8
78 0 111250 8 50.14348 klip8
78 0 105155 9 49.974094 klip8
79 0 111009 0 151.87683 klip8
79 0 118143 1 137.10703 klip8
79 0 111470 2 125.17982 klip8
79 0 110221 3 104.51565 klip8
79 0 118513 4 80.55642 klip8
79 0 2680438 5 76.82068 klip8
79 0 111964 6 72.85726 klip8
79 0 106328 7 69.10797 klip8
79 0 109626 8 67.623146 klip8
79 0 99248 9 67.42611 klip8
80 0 118143 0 127.38034 klip8
80 0 111009 1 122.6281 klip8
80 0 111470 2 118.34348 klip8
80 0 150540 3 93.79318 klip8
80 0 145859 4 93.65392 klip8
80 0 110221 5 90.83252 klip8
80 0 106328 6 85.500084 klip8
80 0 2672210 7 84.74715 klip8
80 0 2654755 8 84.74715 klip8
80 0 109342 9 82.80763 klip8
81 0 148484 0 93.364525 klip8
81 0 112440 1 71.17168 klip8
81 0 122253 2 68.79524 klip8
81 0 112867 3 58.51488 klip8
81 0 799981 4 57.121178 klip8
81 0 118445 5 56.781685 klip8
81 0 117841 6 56.53889 klip8
81 0 112422 7 54.491257 klip8
81 0 118368 8 54.181576 klip8
81 0 127900 9 53.667786 klip8
82 0 118368 0 95.02688 klip8
82 0 1726 1 94.05179 klip8
82 0 2803250 2 92.097595 klip8
82 0 127900 3 91.584885 klip8
82 0 216735 4 84.18815 klip8
82 0 216806 5 84.18815 klip8
82 0 799981 6 83.68698 klip8
82 0 145865 7 81.09313 klip8
82 0 112305 8 79.26441 klip8
82 0 145625 9 79.21487 klip8
83 0 145859 0 124.82163 klip8
83 0 112922 1 92.23952 klip8
83 0 137746 2 83.83646 klip8
83 0 110289 3 81.96896 klip8
83 0 111246 4 81.64793 klip8
83 0 111151 5 80.94165 klip8
83 0 109894 6 80.21855 klip8
83 0 111194 7 80.067856 klip8
83 0 145870 8 79.64131 klip8
83 0 111286 9 79.253845 klip8
84 0 145859 0 123.38055 klip8
84 0 112922 1 104.51 klip8
84 0 111151 2 93.38229 klip8
84 0 800858 3 92.84017 klip8
84 0 109895 4 91.49604 klip8
84 0 107293 5 91.45676 klip8
84 0 107980 6 90.19138 klip8
84 0 109893 7 89.19595 klip8
84 0 109200 8 88.683304 klip8
84 0 110361 9 86.932976 klip8
85 0 2959737 0 183.64807 klip8
85 0 802973 1 182.92374 klip8
85 0 803271 2 182.92374 klip8
85 0 3177199 3 135.8638 klip8
85 0 3171724 4 135.77666 klip8
85 0 3177200 5 135.77666 klip8
85 0 150543 6 124.52251 klip8
85 0 2959732 7 124.52251 klip8
85 0 146553 8 123.84167 klip8
85 0 146790 9 123.84167 klip8
86 0 3171724 0 114.8742 klip8
86 0 3177199 1 114.8742 klip8
86 0 3177200 2 114.8742 klip8
86 0 802973 3 106.29859 klip8
86 0 803271 4 106.29859 klip8
86 0 2959737 5 106.29859 klip8
86 0 3205766 6 105.59299 klip8
86 0 150543 7 97.457565 klip8
86 0 2959732 8 97.457565 klip8
86 0 146553 9 96.81635 klip8
87 0 143378 0 46.371418 klip8
87 0 111170 1 45.00657 klip8
87 0 112807 2 44.073605 klip8
87 0 136998 3 41.647247 klip8
87 0 112746 4 40.10002 klip8
87 0 110760 5 40.052856 klip8
87 0 117899 6 39.724346 klip8
87 0 148483 7 39.250286 klip8
87 0 1088038 8 39.125053 klip8
87 0 111186 9 39.038025 klip8
88 0 182992 0 108.92855 klip8
88 0 182991 1 101.980316 klip8
88 0 111170 2 98.82275 klip8
88 0 145897 3 97.15827 klip8
88 0 2654277 4 94.43923 klip8
88 0 149653 5 93.73448 klip8
88 0 112807 6 90.713684 klip8
88 0 625832 7 90.45797 klip8
88 0 626055 8 90.45797 klip8
88 0 145122 9 88.14788 klip8
89 0 4151822 0 191.39053 klip8
89 0 2812588 1 170.01024 klip8
89 0 2770446 2 158.2674 klip8
89 0 4162110 3 113.75305 klip8
89 0 145647 4 111.25676 klip8
89 0 134747 5 105.83265 klip8
89 0 145817 6 100.83791 klip8
89 0 145954 7 82.276215 klip8
89 0 2771250 8 74.481705 klip8
89 0 2809767 9 74.473724 klip8
90 0 4151822 0 211.92142 klip8
90 0 2812588 1 210.41211 klip8
90 0 2770446 2 162.70937 klip8
90 0 145626 3 143.19662 klip8
90 0 137748 4 139.82768 klip8
90 0 118054 5 136.78494 klip8
90 0 130150 6 136.24841 klip8
90 0 626454 7 129.17873 klip8
90 0 3181025 8 128.92067 klip8
90 0 111913 9 126.522705 klip8
91 0 3212514 0 260.0959 klip8
91 0 145782 1 124.01255 klip8
91 0 134732 2 116.67131 klip8
91 0 1087959 3 115.87439 klip8
91 0 109857 4 115.67981 klip8
91 0 118507 5 112.98206 klip8
91 0 112439 6 112.379196 klip8
91 0 110213 7 111.669205 klip8
91 0 110249 8 111.65821 klip8
91 0 219097 9 108.39782 klip8
92 0 3212514 0 251.8538 klip8
92 0 110249 1 145.77374 klip8
92 0 1087959 2 142.07787 klip8
92 0 118507 3 134.2437 klip8
92 0 110213 4 118.054955 klip8
92 0 109857 5 116.208 klip8
92 0 110032 6 115.339325 klip8
92 0 134725 7 114.32263 klip8
92 0 134732 8 113.379036 klip8
92 0 112439 9 108.28576 klip8
93 0 145901 0 186.32275 klip8
93 0 117874 1 177.39854 klip8
93 0 118334 2 175.904 klip8
93 0 118107 3 169.95467 klip8
93 0 112905 4 166.0023 klip8
93 0 130158 5 163.31573 klip8
93 0 112824 6 162.06184 klip8
93 0 118129 7 159.85751 klip8
93 0 110877 8 158.51878 klip8
93 0 111736 9 158.14684 klip8
94 0 145901 0 190.58969 klip8
94 0 931614 1 184.8202 klip8
94 0 117874 2 174.00781 klip8
94 0 2788983 3 164.71736 klip8
94 0 118129 4 156.17188 klip8
94 0 4151827 5 155.28812 klip8
94 0 118334 6 155.14899 klip8
94 0 111736 7 154.91063 klip8
94 0 112905 8 153.89331 klip8
94 0 145627 9 152.90207 klip8
95 0 108555 0 91.26342 klip8
95 0 105495 1 89.221436 klip8
95 0 107232 2 82.49376 klip8
95 0 107475 3 78.38781 klip8
95 0 106171 4 69.35091 klip8
95 0 103631 5 67.49231 klip8
95 0 109444 6 66.56689 klip8
95 0 106073 7 63.130566 klip8
95 0 104571 8 60.82413 klip8
95 0 101996 9 60.25935 klip8
96 0 103631 0 101.55402 klip8
96 0 108555 1 99.79556 klip8
96 0 92746 2 70.39041 klip8
96 0 799986 3 68.67078 klip8
96 0 108493 4 67.89946 klip8
96 0 2680590 5 65.56065 klip8
96 0 2959745 6 65.56065 klip8
96 0 93739 7 65.45131 klip8
96 0 104671 8 65.38483 klip8
96 0 110076 9 65.23414 klip8
97 0 112101 0 119.83311 klip8
97 0 111922 1 87.28548 klip8
97 0 117959 2 60.3861 klip8
97 0 2655597 3 58.798923 klip8
97 0 145822 4 56.135624 klip8
97 0 136993 5 55.9337 klip8
97 0 110718 6 55.094494 klip8
97 0 2795279 7 54.911724 klip8
97 0 2676593 8 54.620842 klip8
97 0 109772 9 54.522705 klip8
98 0 2655591 0 33.0169 klip8
98 0 134732 1 32.596577 klip8
98 0 118467 2 32.57632 klip8
98 0 118148 3 32.319576 klip8
98 0 145804 4 32.1813 klip8
98 0 2676593 5 32.13073 klip8
98 0 109088 6 32.127426 klip8
98 0 2811845 7 31.773794 klip8
98 0 3181481 8 31.59528 klip8
98 0 110996 9 31.508446 klip8
99 0 112267 0 119.52416 klip8
99 0 111884 1 90.373726 klip8
99 0 110552 2 78.00183 klip8
99 0 112723 3 73.371445 klip8
99 0 110578 4 66.83735 klip8
99 0 109976 5 64.67576 klip8
99 0 145914 6 61.25422 klip8
99 0 118121 7 59.459858 klip8
99 0 112227 8 58.784546 klip8
99 0 109612 9 57.834858 klip8
100 0 112267 0 139.40569 klip8
100 0 110552 1 118.19213 klip8
100 0 111884 2 95.29419 klip8
100 0 109633 3 94.31464 klip8
100 0 102981 4 93.983215 klip8
100 0 111886 5 89.91577 klip8
100 0 109673 6 89.65216 klip8
100 0 110098 7 89.27631 klip8
100 0 110296 8 87.90519 klip8
100 0 112723 9 87.39618 klip8
