1 0 3204919 0 85.00854 klip7
1 0 2649076 1 77.676765 klip7
1 0 4164893 2 73.78411 klip7
1 0 149702 3 72.74323 klip7
1 0 3177197 4 70.419495 klip7
1 0 3170730 5 70.28348 klip7
1 0 2809767 6 69.913765 klip7
1 0 2811850 7 69.913765 klip7
1 0 2812210 8 68.98534 klip7
1 0 219733 9 68.18765 klip7
2 0 103631 0 78.2743 klip7
2 0 145692 1 72.43344 klip7
2 0 103549 2 70.569115 klip7
2 0 104671 3 67.52734 klip7
2 0 108555 4 65.46503 klip7
2 0 104571 5 62.599064 klip7
2 0 105116 6 58.757732 klip7
2 0 107475 7 57.818317 klip7
2 0 96850 8 57.467712 klip7
2 0 103644 9 57.270393 klip7
3 0 3162143 0 95.70378 klip7
3 0 215496 1 85.4286 klip7
3 0 215694 2 85.4286 klip7
3 0 2959735 3 85.42756 klip7
3 0 118475 4 82.38533 klip7
3 0 145890 5 80.01484 klip7
3 0 130157 6 78.82015 klip7
3 0 118394 7 76.64443 klip7
3 0 117959 8 76.29145 klip7
3 0 903973 9 75.97091 klip7
4 0 215694 0 195.0515 klip7
4 0 2959735 1 195.04942 klip7
4 0 215496 2 195.03293 klip7
4 0 3162143 3 165.90147 klip7
4 0 623142 4 158.50826 klip7
4 0 118029 5 156.53848 klip7
4 0 149007 6 148.1991 klip7
4 0 903973 7 127.915405 klip7
4 0 145900 8 118.89471 klip7
4 0 78783 9 117.62478 klip7
5 0 2672209 0 66.4016 klip7
5 0 2657779 1 66.4016 klip7
5 0 145652 2 64.93015 klip7
5 0 110056 3 62.55744 klip7
5 0 183480 4 61.10162 klip7
5 0 110831 5 61.08813 klip7
5 0 1740 6 59.61154 klip7
5 0 112708 7 56.940826 klip7
5 0 107162 8 54.925034 klip7
5 0 118217 9 54.26296 klip7
6 0 110654 0 111.11916 klip7
6 0 110056 1 89.29562 klip7
6 0 183480 2 81.60744 klip7
6 0 117932 3 68.92615 klip7
6 0 111258 4 68.285 klip7
6 0 111114 5 66.46818 klip7
6 0 3203656 6 66.3344 klip7
6 0 3206414 7 66.3344 klip7
6 0 110789 8 54.311657 klip7
6 0 111661 9 54.01199 klip7
7 0 2672535 0 48.96972 klip7
7 0 147531 1 47.15366 klip7
7 0 219733 2 46.31983 klip7
7 0 220342 3 46.31983 klip7
7 0 134749 4 45.761356 klip7
7 0 147530 5 45.176422 klip7
7 0 110923 6 45.10531 klip7
7 0 145713 7 45.017708 klip7
7 0 118511 8 44.9761 klip7
7 0 110932 9 44.910667 klip7
8 0 134749 0 109.81233 klip7
8 0 112174 1 107.428795 klip7
8 0 145715 2 98.93367 klip7
8 0 145868 3 96.70896 klip7
8 0 147531 4 91.9676 klip7
8 0 112834 5 90.71458 klip7
8 0 2678467 6 88.48691 klip7
8 0 2679202 7 88.48691 klip7
8 0 2959746 8 88.48691 klip7
8 0 110932 9 84.28869 klip7
9 0 2675751 0 104.94586 klip7
9 0 854177 1 91.94773 klip7
9 0 147530 2 87.797424 klip7
9 0 127923 3 87.61147 klip7
9 0 118317 4 86.575516 klip7
9 0 2679557 5 86.44444 klip7
9 0 127887 6 85.71638 klip7
9 0 2655498 7 85.31321 klip7
9 0 118212 8 84.30849 klip7
9 0 112931 9 84.20258 klip7
10 0 111500 0 118.86102 klip7
10 0 118087 1 110.81166 klip7
10 0 112423 2 105.914276 klip7
10 0 147531 3 105.301315 klip7
10 0 118236 4 102.263535 klip7
10 0 214949 5 102.03707 klip7
10 0 215071 6 102.03707 klip7
10 0 112657 7 100.44258 klip7
10 0 112293 8 97.00641 klip7
10 0 112800 9 96.94412 klip7
11 0 2810524 0 74.48023 klip7
11 0 2811846 1 74.48023 klip7
11 0 2809767 2 65.10919 klip7
11 0 2811850 3 65.10919 klip7
11 0 217512 4 64.633415 klip7
11 0 1750 5 63.685688 klip7
11 0 873668 6 63.6021 klip7
11 0 3197746 7 63.13588 klip7
11 0 2812210 8 62.75232 klip7
11 0 145960 9 62.389862 klip7
12 0 2672535 0 87.65003 klip7
12 0 3211503 1 60.459267 klip7
12 0 4151830 2 59.289677 klip7
12 0 3207860 3 59.13429 klip7
12 0 4170685 4 58.74988 klip7
12 0 3153112 5 58.441532 klip7
12 0 108766 6 57.702663 klip7
12 0 3216389 7 57.52559 klip7
12 0 183479 8 57.330944 klip7
12 0 4155979 9 56.57662 klip7
13 0 2812588 0 84.929146 klip7
13 0 4162111 1 78.17155 klip7
13 0 802973 2 74.54196 klip7
13 0 803271 3 74.54196 klip7
13 0 2959737 4 74.54196 klip7
13 0 2642828 5 74.07479 klip7
13 0 2959730 6 71.64404 klip7
13 0 145967 7 70.59886 klip7
13 0 4106440 8 68.077934 klip7
13 0 150543 9 66.51598 klip7
14 0 2812588 0 55.407494 klip7
14 0 614392 1 53.11273 klip7
14 0 614485 2 53.11273 klip7
14 0 108730 3 51.45717 klip7
14 0 2153 4 49.54544 klip7
14 0 118296 5 48.82467 klip7
14 0 122258 6 48.331505 klip7
14 0 118015 7 48.12309 klip7
14 0 111330 8 48.103764 klip7
14 0 124715 9 47.894974 klip7
15 0 2812588 0 128.39734 klip7
15 0 4151822 1 113.40088 klip7
15 0 2770446 2 88.11468 klip7
15 0 2809767 3 83.3425 klip7
15 0 2811850 4 83.3425 klip7
15 0 4171965 5 76.57638 klip7
15 0 2771249 6 75.548485 klip7
15 0 4155979 7 73.36417 klip7
15 0 2812210 8 73.02339 klip7
15 0 3153112 9 71.04961 klip7
16 0 4151822 0 115.38326 klip7
16 0 2812588 1 82.52648 klip7
16 0 2770446 2 79.44108 klip7
16 0 145817 3 68.021835 klip7
16 0 3209687 4 67.95046 klip7
16 0 4155979 5 65.62135 klip7
16 0 3170728 6 65.31905 klip7
16 0 2642828 7 64.25735 klip7
16 0 4151830 8 63.39705 klip7
16 0 4151826 9 62.07801 klip7
17 0 4161362 0 52.726627 klip7
17 0 148484 1 52.08498 klip7
17 0 145865 2 49.702534 klip7
17 0 2670966 3 49.37729 klip7
17 0 620566 4 48.54528 klip7
17 0 813289 5 48.371136 klip7
17 0 111122 6 48.30588 klip7
17 0 2771249 7 47.419968 klip7
17 0 148796 8 46.845783 klip7
17 0 821431 9 46.39233 klip7
18 0 205712 0 121.78501 klip7
18 0 148484 1 107.32355 klip7
18 0 620566 2 97.02237 klip7
18 0 1753 3 92.87558 klip7
18 0 131156 4 91.212685 klip7
18 0 206097 5 90.51222 klip7
18 0 145119 6 89.445015 klip7
18 0 217512 7 89.221245 klip7
18 0 182990 8 88.35526 klip7
18 0 145635 9 87.5403 klip7
19 0 2654533 0 132.59596 klip7
19 0 2654756 1 132.59596 klip7
19 0 4172500 2 95.01656 klip7
19 0 112808 3 88.873695 klip7
19 0 118018 4 88.444 klip7
19 0 219509 5 87.91901 klip7
19 0 4151826 6 87.16232 klip7
19 0 3203656 7 86.73456 klip7
19 0 3206414 8 86.73456 klip7
19 0 112775 9 86.017975 klip7
20 0 2654533 0 138.72539 klip7
20 0 2654756 1 138.72539 klip7
20 0 4172500 2 96.12729 klip7
20 0 112775 3 89.32182 klip7
20 0 4151825 4 89.04265 klip7
20 0 219509 5 87.79503 klip7
20 0 3203656 6 86.18608 klip7
20 0 3206414 7 86.18608 klip7
20 0 110085 8 85.865845 klip7
20 0 4151826 9 85.27272 klip7
21 0 873660 0 126.18306 klip7
21 0 112799 1 106.30191 klip7
21 0 117890 2 101.900055 klip7
21 0 867657 3 101.26853 klip7
21 0 121159 4 99.51796 klip7
21 0 118081 5 94.43036 klip7
21 0 2811845 6 94.34955 klip7
21 0 3181482 7 92.41444 klip7
21 0 4164893 8 91.43489 klip7
21 0 2681317 9 90.76605 klip7
22 0 2659300 0 144.69354 klip7
22 0 117890 1 138.97823 klip7
22 0 112799 2 129.79524 klip7
22 0 145829 3 110.621864 klip7
22 0 118081 4 109.692795 klip7
22 0 112774 5 108.93949 klip7
22 0 867657 6 107.63562 klip7
22 0 121159 7 105.52457 klip7
22 0 145925 8 104.67919 klip7
22 0 4164893 9 101.208534 klip7
23 0 118449 0 82.22892 klip7
23 0 2810525 1 77.72314 klip7
23 0 2811847 2 77.72314 klip7
23 0 145738 3 73.47513 klip7
23 0 2801435 4 73.47434 klip7
23 0 623242 5 68.280304 klip7
23 0 137736 6 63.90092 klip7
23 0 112257 7 63.676258 klip7
23 0 2675750 8 63.474754 klip7
23 0 118180 9 62.85805 klip7
24 0 1738 0 41.51401 klip7
24 0 145778 1 37.85539 klip7
24 0 802408 2 34.338837 klip7
24 0 2678133 3 33.715202 klip7
24 0 2804671 4 31.606733 klip7
24 0 145866 5 31.480333 klip7
24 0 2790213 6 31.469978 klip7
24 0 2811847 7 31.135456 klip7
24 0 2810525 8 31.130754 klip7
24 0 2801435 9 30.80809 klip7
25 0 112616 0 116.207886 klip7
25 0 2655499 1 81.98378 klip7
25 0 110318 2 73.75655 klip7
25 0 3211503 3 68.24699 klip7
25 0 108792 4 68.190414 klip7
25 0 821305 5 63.70751 klip7
25 0 118021 6 63.15724 klip7
25 0 111495 7 57.15768 klip7
25 0 117845 8 56.342403 klip7
25 0 109043 9 55.954697 klip7
26 0 117872 0 100.07628 klip7
26 0 112616 1 90.88503 klip7
26 0 112045 2 84.13775 klip7
26 0 105698 3 83.55535 klip7
26 0 110915 4 83.354515 klip7
26 0 118026 5 82.66235 klip7
26 0 117841 6 81.985565 klip7
26 0 112457 7 80.60826 klip7
26 0 112324 8 80.37599 klip7
26 0 105235 9 79.973404 klip7
27 0 4157382 0 192.2829 klip7
27 0 4157405 1 192.2829 klip7
27 0 111141 2 98.57561 klip7
27 0 112346 3 97.28909 klip7
27 0 112523 4 87.17144 klip7
27 0 145636 5 81.64898 klip7
27 0 3204918 6 79.43047 klip7
27 0 182992 7 75.30195 klip7
27 0 150541 8 74.8087 klip7
27 0 213842 9 74.43987 klip7
28 0 4157382 0 154.3267 klip7
28 0 4157405 1 154.3267 klip7
28 0 112346 2 94.37265 klip7
28 0 111141 3 85.36574 klip7
28 0 118489 4 62.799072 klip7
28 0 931121 5 61.870907 klip7
28 0 145636 6 61.836952 klip7
28 0 931120 7 59.65817 klip7
28 0 110706 8 59.154587 klip7
28 0 145827 9 57.05651 klip7
29 0 4151826 0 42.84158 klip7
29 0 137739 1 40.4291 klip7
29 0 118044 2 39.939358 klip7
29 0 205788 3 39.851807 klip7
29 0 118381 4 39.527634 klip7
29 0 145708 5 39.060097 klip7
29 0 118400 6 38.81808 klip7
29 0 117875 7 38.69721 klip7
29 0 111471 8 37.907967 klip7
29 0 118309 9 37.618565 klip7
30 0 205788 0 109.63948 klip7
30 0 218921 1 89.65722 klip7
30 0 148795 2 86.739624 klip7
30 0 4151826 3 83.2837 klip7
30 0 145841 4 82.85922 klip7
30 0 626206 5 82.74818 klip7
30 0 899483 6 78.14051 klip7
30 0 137739 7 74.339355 klip7
30 0 145761 8 74.32525 klip7
30 0 179213 9 72.993416 klip7
31 0 112744 0 65.22028 klip7
31 0 145925 1 63.89177 klip7
31 0 112486 2 62.240284 klip7
31 0 110561 3 60.281345 klip7
31 0 118412 4 55.829464 klip7
31 0 107418 5 55.46987 klip7
31 0 134742 6 55.437637 klip7
31 0 107895 7 55.18401 klip7
31 0 118061 8 55.16113 klip7
31 0 131149 9 55.13313 klip7
32 0 112329 0 77.812675 klip7
32 0 111434 1 76.601494 klip7
32 0 1728 2 76.27034 klip7
32 0 112850 3 71.688835 klip7
32 0 112447 4 70.62472 klip7
32 0 125839 5 68.06987 klip7
32 0 112090 6 67.26594 klip7
32 0 117853 7 63.882935 klip7
32 0 145710 8 63.37845 klip7
32 0 111596 9 62.271896 klip7
33 0 121158 0 72.37139 klip7
33 0 109535 1 71.772835 klip7
33 0 110795 2 71.44885 klip7
33 0 109532 3 71.302895 klip7
33 0 112485 4 69.71618 klip7
33 0 109935 5 69.4954 klip7
33 0 145870 6 67.35203 klip7
33 0 111863 7 66.87312 klip7
33 0 802973 8 66.41542 klip7
33 0 803271 9 66.41542 klip7
34 0 2676594 0 233.144 klip7
34 0 2675753 1 227.25781 klip7
34 0 2679204 2 227.25781 klip7
34 0 2809767 3 167.87025 klip7
34 0 2811850 4 167.87025 klip7
34 0 121158 5 99.48449 klip7
34 0 3216389 6 96.46242 klip7
34 0 625710 7 90.421776 klip7
34 0 858288 8 83.536285 klip7
34 0 136994 9 81.59106 klip7
35 0 821306 0 42.997726 klip7
35 0 205203 1 41.45436 klip7
35 0 94443 2 39.73485 klip7
35 0 102737 3 39.149063 klip7
35 0 218927 4 38.878113 klip7
35 0 2768888 5 37.19759 klip7
35 0 134742 6 37.033916 klip7
35 0 2678134 7 36.68787 klip7
35 0 2801432 8 36.578026 klip7
35 0 145660 9 36.531235 klip7
36 0 118238 0 79.37073 klip7
36 0 118319 1 78.68853 klip7
36 0 902769 2 75.9659 klip7
36 0 109923 3 73.54836 klip7
36 0 118329 4 69.40947 klip7
36 0 3177197 5 69.24309 klip7
36 0 118142 6 69.11394 klip7
36 0 3170730 7 69.08542 klip7
36 0 821306 8 66.86303 klip7
36 0 2670966 9 65.95516 klip7
37 0 4151829 0 58.811604 klip7
37 0 110774 1 57.528122 klip7
37 0 121168 2 55.698776 klip7
37 0 118290 3 54.700806 klip7
37 0 110742 4 54.60388 klip7
37 0 112133 5 53.833725 klip7
37 0 118269 6 53.764362 klip7
37 0 112910 7 53.147144 klip7
37 0 108863 8 53.019085 klip7
37 0 111464 9 52.600304 klip7
38 0 145855 0 98.07333 klip7
38 0 145731 1 92.1731 klip7
38 0 4151829 2 91.08232 klip7
38 0 118269 3 76.23482 klip7
38 0 1993216 4 71.76353 klip7
38 0 110774 5 66.52251 klip7
38 0 112910 6 64.99231 klip7
38 0 111982 7 64.392365 klip7
38 0 111420 8 62.849144 klip7
38 0 112292 9 61.147335 klip7
39 0 112568 0 76.73117 klip7
39 0 112420 1 65.82026 klip7
39 0 118457 2 63.77681 klip7
39 0 111432 3 59.91485 klip7
39 0 621044 4 59.52033 klip7
39 0 621090 5 59.52033 klip7
39 0 2959739 6 59.52033 klip7
39 0 112936 7 55.869274 klip7
39 0 2959744 8 55.664352 klip7
39 0 855518 9 55.664352 klip7
40 0 105200 0 103.553734 klip7
40 0 621044 1 94.6882 klip7
40 0 621090 2 94.6882 klip7
40 0 2959739 3 94.6882 klip7
40 0 122254 4 87.6214 klip7
40 0 1731 5 85.40042 klip7
40 0 108818 6 84.11329 klip7
40 0 2959744 7 84.08018 klip7
40 0 855518 8 84.08018 klip7
40 0 118457 9 83.566154 klip7
41 0 112924 0 112.213005 klip7
41 0 2810525 1 99.413925 klip7
41 0 2811847 2 99.413925 klip7
41 0 111198 3 98.97205 klip7
41 0 2654533 4 98.86658 klip7
41 0 2654756 5 98.86658 klip7
41 0 111891 6 90.99433 klip7
41 0 112585 7 90.15048 klip7
41 0 112731 8 88.94286 klip7
41 0 127916 9 86.40809 klip7
42 0 2654533 0 116.58037 klip7
42 0 2654756 1 116.58037 klip7
42 0 112585 2 112.513214 klip7
42 0 111198 3 107.437775 klip7
42 0 111891 4 106.74231 klip7
42 0 112924 5 105.383446 klip7
42 0 110132 6 103.3245 klip7
42 0 109186 7 100.41404 klip7
42 0 109352 8 97.490395 klip7
42 0 145121 9 95.99673 klip7
43 0 2680590 0 72.53216 klip7
43 0 2959745 1 72.53216 klip7
43 0 112305 2 70.29449 klip7
43 0 112920 3 64.89434 klip7
43 0 118148 4 56.837997 klip7
43 0 121170 5 55.257095 klip7
43 0 110904 6 55.16923 klip7
43 0 112803 7 54.183727 klip7
43 0 2784695 8 51.68922 klip7
43 0 105018 9 50.486008 klip7
44 0 92563 0 23.759182 klip7
44 0 2781925 1 22.78161 klip7
44 0 4172499 2 22.733461 klip7
44 0 2812587 3 22.66394 klip7
44 0 2959748 4 22.66394 klip7
44 0 108965 5 21.561066 klip7
44 0 183480 6 21.38465 klip7
44 0 3203659 7 21.371836 klip7
44 0 111431 8 21.341198 klip7
44 0 145903 9 21.233652 klip7
45 0 3204917 0 149.27948 klip7
45 0 145861 1 125.073494 klip7
45 0 866024 2 124.68385 klip7
45 0 858802 3 124.68385 klip7
45 0 145772 4 122.46314 klip7
45 0 150542 5 117.99074 klip7
45 0 800568 6 117.08885 klip7
45 0 137725 7 116.54828 klip7
45 0 626207 8 109.38714 klip7
45 0 618680 9 109.36868 klip7
46 0 866024 0 230.16772 klip7
46 0 858802 1 230.16772 klip7
46 0 903971 2 154.37767 klip7
46 0 2959742 3 154.37767 klip7
46 0 623145 4 145.74246 klip7
46 0 3204917 5 136.89728 klip7
46 0 2804673 6 136.14001 klip7
46 0 2657927 7 134.95653 klip7
46 0 145764 8 129.35036 klip7
46 0 1732 9 126.04481 klip7
47 0 2674861 0 112.31414 klip7
47 0 2675754 1 112.31414 klip7
47 0 2671723 2 62.736027 klip7
47 0 2795703 3 61.252605 klip7
47 0 2797292 4 61.252605 klip7
47 0 2678133 5 60.90513 klip7
47 0 3212516 6 59.98781 klip7
47 0 626207 7 59.961273 klip7
47 0 148483 8 59.284016 klip7
47 0 2810526 9 59.011757 klip7
48 0 2674861 0 111.20845 klip7
48 0 2675754 1 111.20845 klip7
48 0 103019 2 61.38089 klip7
48 0 111362 3 59.624805 klip7
48 0 2646093 4 58.41025 klip7
48 0 3170727 5 57.882465 klip7
48 0 2803251 6 57.83849 klip7
48 0 96612 7 57.014214 klip7
48 0 96147 8 56.895313 klip7
48 0 121149 9 55.427917 klip7
49 0 2810525 0 64.68418 klip7
49 0 2811847 1 64.68418 klip7
49 0 4162535 2 57.356205 klip7
49 0 3153112 3 49.764687 klip7
49 0 4151826 4 48.382385 klip7
49 0 2812210 5 44.362835 klip7
49 0 2803251 6 44.15298 klip7
49 0 2801435 7 43.950382 klip7
49 0 2809767 8 43.67669 klip7
49 0 2811850 9 43.67669 klip7
50 0 3153112 0 92.52059 klip7
50 0 4162535 1 83.42743 klip7
50 0 2810525 2 66.167984 klip7
50 0 2811847 3 66.167984 klip7
50 0 4151826 4 51.364418 klip7
50 0 3181025 5 50.850433 klip7
50 0 3177197 6 47.26864 klip7
50 0 2801435 7 46.8687 klip7
50 0 3170730 8 46.766884 klip7
50 0 2812210 9 46.181473 klip7
51 0 112770 0 72.2872 klip7
51 0 616433 1 62.182137 klip7
51 0 78783 2 57.36835 klip7
51 0 2812589 3 57.29835 klip7
51 0 2959749 4 57.29835 klip7
51 0 213842 5 55.643578 klip7
51 0 145872 6 53.41277 klip7
51 0 2812587 7 52.336857 klip7
51 0 2959748 8 52.336857 klip7
51 0 215412 9 51.541504 klip7
52 0 112770 0 51.5489 klip7
52 0 112931 1 47.07748 klip7
52 0 112243 2 43.964542 klip7
52 0 103302 3 42.499405 klip7
52 0 103145 4 40.359573 klip7
52 0 105869 5 40.230507 klip7
52 0 85451 6 39.267128 klip7
52 0 90478 7 38.790745 klip7
52 0 98744 8 38.698135 klip7
52 0 802399 9 38.638973 klip7
53 0 799985 0 89.1861 klip7
53 0 2808291 1 74.20991 klip7
53 0 145792 2 72.54595 klip7
53 0 2771250 3 72.268684 klip7
53 0 148483 4 68.21381 klip7
53 0 145664 5 65.743454 klip7
53 0 621045 6 62.384003 klip7
53 0 145635 7 62.010727 klip7
53 0 624280 8 61.110306 klip7
53 0 117916 9 60.655018 klip7
54 0 872994 0 113.69206 klip7
54 0 811778 1 101.682045 klip7
54 0 931123 2 90.06239 klip7
54 0 625711 3 83.39625 klip7
54 0 943668 4 83.271 klip7
54 0 811777 5 76.40477 klip7
54 0 2808291 6 75.04471 klip7
54 0 799985 7 69.61542 klip7
54 0 2676594 8 66.86731 klip7
54 0 616862 9 66.854294 klip7
55 0 4154603 0 129.57077 klip7
55 0 118269 1 108.759544 klip7
55 0 145855 2 99.13473 klip7
55 0 145731 3 97.6675 klip7
55 0 111261 4 95.25843 klip7
55 0 145629 5 94.33737 klip7
55 0 110774 6 86.20846 klip7
55 0 112910 7 81.65122 klip7
55 0 111420 8 80.51964 klip7
55 0 111982 9 79.636116 klip7
56 0 4154603 0 193.56715 klip7
56 0 118269 1 149.93416 klip7
56 0 145731 2 136.8534 klip7
56 0 112910 3 130.75616 klip7
56 0 111261 4 119.83181 klip7
56 0 145629 5 118.99777 klip7
56 0 110774 6 117.9165 klip7
56 0 145855 7 113.06156 klip7
56 0 1993216 8 111.49287 klip7
56 0 111420 9 105.493935 klip7
57 0 867644 0 78.70779 klip7
57 0 800569 1 78.40767 klip7
57 0 118224 2 74.55628 klip7
57 0 802408 3 73.670746 klip7
57 0 800859 4 71.95305 klip7
57 0 118364 5 71.79625 klip7
57 0 117856 6 70.94967 klip7
57 0 815320 7 70.93204 klip7
57 0 145815 8 70.72701 klip7
57 0 779833 9 70.59734 klip7
58 0 145735 0 85.742546 klip7
58 0 217702 1 68.61896 klip7
58 0 2671725 2 63.855003 klip7
58 0 2672207 3 63.830906 klip7
58 0 108547 4 63.39097 klip7
58 0 2657927 5 62.263924 klip7
58 0 106179 6 61.078564 klip7
58 0 3181481 7 60.605434 klip7
58 0 112467 8 60.522 klip7
58 0 145800 9 60.281742 klip7
59 0 2788983 0 238.46791 klip7
59 0 4170685 1 215.79524 klip7
59 0 118037 2 184.89343 klip7
59 0 145627 3 184.02634 klip7
59 0 117968 4 179.34175 klip7
59 0 118129 5 177.13797 klip7
59 0 118040 6 171.203 klip7
59 0 1087691 7 166.19293 klip7
59 0 118422 8 156.47925 klip7
59 0 134735 9 150.15276 klip7
60 0 3195891 0 225.23665 klip7
60 0 2788983 1 209.3656 klip7
60 0 4170685 2 205.6288 klip7
60 0 145627 3 184.77919 klip7
60 0 118129 4 184.48091 klip7
60 0 130158 5 176.71872 klip7
60 0 118334 6 175.05252 klip7
60 0 117968 7 172.32275 klip7
60 0 621195 8 166.61565 klip7
60 0 621270 9 166.61565 klip7
61 0 2812210 0 128.08754 klip7
61 0 145743 1 127.40478 klip7
61 0 145923 2 117.139725 klip7
61 0 218457 3 110.312775 klip7
61 0 1732 4 98.40367 klip7
61 0 2657927 5 97.12479 klip7
61 0 145815 6 96.33939 klip7
61 0 3195092 7 96.02713 klip7
61 0 112854 8 95.7603 klip7
61 0 219815 9 93.09148 klip7
62 0 2812210 0 70.078865 klip7
62 0 110661 1 60.359146 klip7
62 0 118299 2 57.621033 klip7
62 0 110926 3 54.77936 klip7
62 0 109846 4 52.684696 klip7
62 0 117875 5 52.02693 klip7
62 0 108348 6 51.972317 klip7
62 0 109077 7 51.87126 klip7
62 0 110091 8 50.408604 klip7
62 0 112417 9 49.58617 klip7
63 0 118148 0 56.20615 klip7
63 0 2812589 1 54.02152 klip7
63 0 2959749 2 54.02152 klip7
63 0 118011 3 51.367287 klip7
63 0 118318 4 51.127743 klip7
63 0 117935 5 49.909565 klip7
63 0 149702 6 49.668453 klip7
63 0 3191119 7 49.521687 klip7
63 0 105525 8 48.927612 klip7
63 0 117916 9 48.02934 klip7
64 0 3205768 0 72.065704 klip7
64 0 2809766 1 68.84559 klip7
64 0 2811849 2 68.84559 klip7
64 0 2758568 3 67.22631 klip7
64 0 3205767 4 64.504654 klip7
64 0 4151827 5 63.06856 klip7
64 0 4170685 6 61.581787 klip7
64 0 110645 7 61.530262 klip7
64 0 3207860 8 61.447525 klip7
64 0 118196 9 61.106342 klip7
65 0 118123 0 145.91295 klip7
65 0 3211501 1 96.81529 klip7
65 0 150540 2 96.13805 klip7
65 0 110645 3 88.92503 klip7
65 0 131165 4 87.641304 klip7
65 0 145883 5 87.4863 klip7
65 0 4151825 6 86.17296 klip7
65 0 111051 7 86.09666 klip7
65 0 3183080 8 85.65986 klip7
65 0 149653 9 83.87252 klip7
66 0 3211501 0 169.47653 klip7
66 0 145867 1 142.1708 klip7
66 0 4151827 2 120.93582 klip7
66 0 3213872 3 112.6568 klip7
66 0 150540 4 110.44466 klip7
66 0 118123 5 109.25894 klip7
66 0 3212516 6 109.195175 klip7
66 0 3217422 7 108.83888 klip7
66 0 3217226 8 108.268074 klip7
66 0 3217423 9 108.268074 klip7
67 0 145800 0 155.06041 klip7
67 0 867645 1 138.24765 klip7
67 0 103675 2 94.74937 klip7
67 0 104522 3 78.4243 klip7
67 0 103678 4 75.082886 klip7
67 0 104055 5 73.62852 klip7
67 0 103721 6 71.32791 klip7
67 0 103966 7 68.97651 klip7
67 0 106757 8 68.780556 klip7
67 0 105131 9 67.81691 klip7
68 0 145800 0 137.3281 klip7
68 0 867645 1 106.19685 klip7
68 0 97893 2 81.89567 klip7
68 0 88704 3 79.43269 klip7
68 0 103675 4 74.92725 klip7
68 0 103093 5 74.34533 klip7
68 0 94177 6 73.95844 klip7
68 0 103678 7 73.11994 klip7
68 0 97584 8 72.68582 klip7
68 0 87585 9 70.302155 klip7
69 0 3214778 0 103.70914 klip7
69 0 149289 1 98.560455 klip7
69 0 219733 2 92.684525 klip7
69 0 220342 3 92.684525 klip7
69 0 2959743 4 92.46562 klip7
69 0 858289 5 92.46562 klip7
69 0 117859 6 89.757545 klip7
69 0 2676593 7 88.307945 klip7
69 0 110996 8 88.140976 klip7
69 0 149006 9 85.90399 klip7
70 0 149289 0 104.51441 klip7
70 0 3214778 1 104.48631 klip7
70 0 2959743 2 100.07435 klip7
70 0 858289 3 100.07435 klip7
70 0 2676593 4 99.5227 klip7
70 0 931120 5 96.83391 klip7
70 0 219733 6 96.44324 klip7
70 0 220342 7 96.44324 klip7
70 0 149006 8 93.20446 klip7
70 0 2655591 9 90.578995 klip7
71 0 145121 0 108.71884 klip7
71 0 112914 1 103.15557 klip7
71 0 3189783 2 98.40073 klip7
71 0 118052 3 95.651344 klip7
71 0 118287 4 94.55343 klip7
71 0 112904 5 92.79129 klip7
71 0 118005 6 89.67839 klip7
71 0 118234 7 85.96883 klip7
71 0 2654533 8 83.60366 klip7
71 0 2654756 9 83.60366 klip7
72 0 118052 0 107.48577 klip7
72 0 145121 1 105.16249 klip7
72 0 112914 2 101.05993 klip7
72 0 112904 3 101.03553 klip7
72 0 3189783 4 100.294205 klip7
72 0 118005 5 95.75019 klip7
72 0 118234 6 95.2758 klip7
72 0 2654533 7 83.20127 klip7
72 0 2654756 8 83.20127 klip7
72 0 117979 9 81.70536 klip7
73 0 110692 0 56.52756 klip7
73 0 2804674 1 55.378403 klip7
73 0 108538 2 50.678284 klip7
73 0 112573 3 49.888706 klip7
73 0 1087954 4 49.817616 klip7
73 0 109931 5 49.518196 klip7
73 0 145624 6 49.45869 klip7
73 0 868383 7 49.09992 klip7
73 0 111318 8 47.965996 klip7
73 0 217514 9 47.87145 klip7
74 0 2804674 0 78.467285 klip7
74 0 107904 1 76.79633 klip7
74 0 109284 2 72.34489 klip7
74 0 112774 3 65.57291 klip7
74 0 127908 4 63.776424 klip7
74 0 2675749 5 60.028637 klip7
74 0 111245 6 54.707603 klip7
74 0 108616 7 54.193157 klip7
74 0 111755 8 51.92174 klip7
74 0 111596 9 51.584114 klip7
75 0 86460 0 69.54938 klip7
75 0 867657 1 67.427895 klip7
75 0 2678134 2 67.29737 klip7
75 0 92916 3 67.19017 klip7
75 0 2681317 4 66.89685 klip7
75 0 2674861 5 65.8435 klip7
75 0 2675754 6 65.8435 klip7
75 0 3189783 7 65.11584 klip7
75 0 89410 8 64.99053 klip7
75 0 118226 9 64.69563 klip7
76 0 2679833 0 80.86582 klip7
76 0 2680440 1 80.86582 klip7
76 0 108900 2 78.44584 klip7
76 0 150540 3 74.96797 klip7
76 0 112919 4 74.84766 klip7
76 0 110964 5 74.73039 klip7
76 0 111945 6 71.66621 klip7
76 0 118298 7 71.49847 klip7
76 0 218666 8 70.21818 klip7
76 0 112010 9 69.665276 klip7
77 0 2812588 0 106.521194 klip7
77 0 145817 1 99.20541 klip7
77 0 4151822 2 96.97737 klip7
77 0 2770446 3 87.57759 klip7
77 0 111029 4 87.31285 klip7
77 0 134747 5 86.49751 klip7
77 0 145902 6 83.0557 klip7
77 0 112726 7 82.509895 klip7
77 0 106451 8 79.04835 klip7
77 0 111455 9 75.384705 klip7
78 0 2812588 0 47.190845 klip7
78 0 799976 1 45.791264 klip7
78 0 117968 2 45.48054 klip7
78 0 145632 3 43.917667 klip7
78 0 118037 4 42.308743 klip7
78 0 117899 5 42.29619 klip7
78 0 118022 6 42.158585 klip7
78 0 111717 7 42.0916 klip7
78 0 105155 8 40.93185 klip7
78 0 122258 9 40.90462 klip7
79 0 111009 0 143.99895 klip7
79 0 118143 1 129.6034 klip7
79 0 111470 2 117.5163 klip7
79 0 110221 3 96.98301 klip7
79 0 118513 4 77.643524 klip7
79 0 2680438 5 73.84355 klip7
79 0 111964 6 66.15682 klip7
79 0 110183 7 62.598743 klip7
79 0 106328 8 61.07536 klip7
79 0 109626 9 60.543556 klip7
80 0 118143 0 111.661865 klip7
80 0 111009 1 111.31865 klip7
80 0 111470 2 109.12905 klip7
80 0 145859 3 79.9869 klip7
80 0 110221 4 77.91706 klip7
80 0 150540 5 76.34896 klip7
80 0 106328 6 74.298256 klip7
80 0 2672210 7 70.3422 klip7
80 0 2654755 8 70.3422 klip7
80 0 2680438 9 69.615005 klip7
81 0 148484 0 84.18458 klip7
81 0 112440 1 63.661892 klip7
81 0 122253 2 60.545937 klip7
81 0 118445 3 54.23371 klip7
81 0 112867 4 51.467644 klip7
81 0 799981 5 49.74187 klip7
81 0 121157 6 48.312893 klip7
81 0 117841 7 47.916584 klip7
81 0 112422 8 47.415977 klip7
81 0 118368 9 47.242256 klip7
82 0 1726 0 83.78301 klip7
82 0 118368 1 82.91465 klip7
82 0 2803250 2 82.34062 klip7
82 0 127900 3 81.5078 klip7
82 0 799981 4 75.13127 klip7
82 0 145865 5 72.86464 klip7
82 0 216735 6 72.21438 klip7
82 0 216806 7 72.21438 klip7
82 0 112305 8 69.82978 klip7
82 0 112803 9 68.16423 klip7
83 0 145859 0 116.8738 klip7
83 0 112922 1 84.19839 klip7
83 0 137746 2 77.0719 klip7
83 0 110289 3 75.566795 klip7
83 0 111194 4 75.06495 klip7
83 0 109894 5 74.89424 klip7
83 0 145870 6 74.76311 klip7
83 0 111246 7 74.388885 klip7
83 0 111151 8 73.40746 klip7
83 0 111286 9 72.284355 klip7
84 0 145859 0 113.79307 klip7
84 0 112922 1 95.1155 klip7
84 0 111151 2 83.99635 klip7
84 0 800858 3 83.56295 klip7
84 0 109895 4 83.40951 klip7
84 0 107293 5 83.387215 klip7
84 0 109200 6 80.639786 klip7
84 0 107980 7 80.5592 klip7
84 0 109893 8 79.841934 klip7
84 0 110361 9 79.20565 klip7
85 0 2959737 0 161.47601 klip7
85 0 802973 1 160.75168 klip7
85 0 803271 2 160.75168 klip7
85 0 3171724 3 113.40941 klip7
85 0 3177199 4 113.40941 klip7
85 0 3177200 5 113.40941 klip7
85 0 150543 6 102.60104 klip7
85 0 2959732 7 102.60104 klip7
85 0 146553 8 102.01565 klip7
85 0 146790 9 102.01565 klip7
86 0 3171724 0 101.46893 klip7
86 0 3177199 1 101.46893 klip7
86 0 3177200 2 101.46893 klip7
86 0 3205766 3 93.13776 klip7
86 0 802973 4 92.850624 klip7
86 0 803271 5 92.850624 klip7
86 0 2959737 6 92.850624 klip7
86 0 150543 7 83.96601 klip7
86 0 2959732 8 83.96601 klip7
86 0 146553 9 83.33506 klip7
87 0 111170 0 40.452084 klip7
87 0 143378 1 40.340317 klip7
87 0 112807 2 37.31286 klip7
87 0 110760 3 35.29868 klip7
87 0 148483 4 34.60845 klip7
87 0 1088038 5 34.514107 klip7
87 0 2771250 6 34.497505 klip7
87 0 4151830 7 34.21288 klip7
87 0 136998 8 33.919506 klip7
87 0 181012 9 33.61784 klip7
88 0 182992 0 97.555695 klip7
88 0 182991 1 89.51428 klip7
88 0 145897 2 86.17972 klip7
88 0 111170 3 86.0596 klip7
88 0 2654277 4 85.74442 klip7
88 0 149653 5 83.6551 klip7
88 0 112807 6 78.65257 klip7
88 0 625832 7 78.613106 klip7
88 0 626055 8 78.613106 klip7
88 0 625833 9 76.66635 klip7
89 0 4151822 0 180.31587 klip7
89 0 2812588 1 157.76323 klip7
89 0 2770446 2 150.25777 klip7
89 0 4162110 3 107.90746 klip7
89 0 145647 4 96.746925 klip7
89 0 145817 5 92.07244 klip7
89 0 134747 6 90.33086 klip7
89 0 145954 7 69.83097 klip7
89 0 145722 8 66.295845 klip7
89 0 802973 9 66.08154 klip7
90 0 2812588 0 184.3413 klip7
90 0 4151822 1 182.16226 klip7
90 0 2770446 2 146.31487 klip7
90 0 145626 3 110.438065 klip7
90 0 118054 4 108.17348 klip7
90 0 137748 5 107.99882 klip7
90 0 626454 6 105.72253 klip7
90 0 130150 7 104.68126 klip7
90 0 2654534 8 103.43218 klip7
90 0 4151825 9 101.2141 klip7
91 0 3212514 0 230.76398 klip7
91 0 145782 1 109.2099 klip7
91 0 109857 2 102.698586 klip7
91 0 112439 3 99.10561 klip7
91 0 134732 4 99.01798 klip7
91 0 1087959 5 92.48428 klip7
91 0 219097 6 92.33069 klip7
91 0 110213 7 92.02318 klip7
91 0 110249 8 91.40087 klip7
91 0 145785 9 90.89176 klip7
92 0 3212514 0 222.70526 klip7
92 0 110249 1 123.65661 klip7
92 0 1087959 2 116.500046 klip7
92 0 118507 3 109.92122 klip7
92 0 109857 4 101.96162 klip7
92 0 134725 5 97.841484 klip7
92 0 110213 6 96.84288 klip7
92 0 112439 7 96.52353 klip7
92 0 134732 8 96.3141 klip7
92 0 110032 9 93.22049 klip7
93 0 145901 0 172.51094 klip7
93 0 117874 1 159.70366 klip7
93 0 118334 2 159.67505 klip7
93 0 118107 3 154.04893 klip7
93 0 112905 4 153.67639 klip7
93 0 130158 5 150.95059 klip7
93 0 112824 6 148.80132 klip7
93 0 118129 7 148.54964 klip7
93 0 145627 8 146.43845 klip7
93 0 111736 9 144.55925 klip7
94 0 145901 0 176.81693 klip7
94 0 931614 1 172.84401 klip7
94 0 117874 2 156.03091 klip7
94 0 2788983 3 152.03911 klip7
94 0 118129 4 146.72581 klip7
94 0 4151827 5 144.21683 klip7
94 0 145627 6 142.7427 klip7
94 0 112905 7 142.12387 klip7
94 0 111736 8 142.006 klip7
94 0 112824 9 139.17064 klip7
95 0 108555 0 82.850876 klip7
95 0 105495 1 81.15186 klip7
95 0 107232 2 74.94084 klip7
95 0 107475 3 70.73162 klip7
95 0 106171 4 62.100903 klip7
95 0 103631 5 61.743042 klip7
95 0 109444 6 59.49149 klip7
95 0 106073 7 55.101738 klip7
95 0 145692 8 53.795673 klip7
95 0 101996 9 53.445324 klip7
96 0 108555 0 92.10618 klip7
96 0 103631 1 90.15708 klip7
96 0 92746 2 68.23371 klip7
96 0 93739 3 62.14691 klip7
96 0 92705 4 61.390526 klip7
96 0 93395 5 59.399055 klip7
96 0 96542 6 58.21913 klip7
96 0 96850 7 57.806282 klip7
96 0 104671 8 56.95876 klip7
96 0 96359 9 56.947655 klip7
97 0 112101 0 108.041954 klip7
97 0 111922 1 73.263596 klip7
97 0 117959 2 48.390747 klip7
97 0 2795279 3 45.40084 klip7
97 0 110718 4 45.283222 klip7
97 0 2655597 5 43.648006 klip7
97 0 136993 6 43.012978 klip7
97 0 112742 7 42.928234 klip7
97 0 820748 8 42.28398 klip7
97 0 112247 9 42.162376 klip7
98 0 134732 0 28.913507 klip7
98 0 118467 1 28.795649 klip7
98 0 2655591 2 27.907103 klip7
98 0 2811845 3 27.638666 klip7
98 0 118148 4 27.182468 klip7
98 0 117902 5 27.07701 klip7
98 0 109088 6 26.928284 klip7
98 0 145804 7 26.86295 klip7
98 0 2676593 8 26.848083 klip7
98 0 110996 9 26.648937 klip7
99 0 112267 0 110.51799 klip7
99 0 111884 1 80.70949 klip7
99 0 110552 2 68.98804 klip7
99 0 112723 3 64.82937 klip7
99 0 110578 4 57.88004 klip7
99 0 109976 5 55.93943 klip7
99 0 145914 6 54.780083 klip7
99 0 118121 7 52.04537 klip7
99 0 142887 8 51.339878 klip7
99 0 104759 9 50.723557 klip7
100 0 112267 0 126.9313 klip7
100 0 110552 1 105.63698 klip7
100 0 109633 2 86.446785 klip7
100 0 102981 3 86.26533 klip7
100 0 111884 4 82.46701 klip7
100 0 110098 5 79.78761 klip7
100 0 109673 6 79.17413 klip7
100 0 111886 7 79.06999 klip7
100 0 104524 8 78.76522 klip7
100 0 110296 9 77.66603 klip7
