1 0 3204919 0 115.53364 klip10
1 0 2649076 1 108.40417 klip10
1 0 149702 2 102.04523 klip10
1 0 3177197 3 100.74326 klip10
1 0 3170730 4 100.60725 klip10
1 0 2812210 5 99.94833 klip10
1 0 4164893 6 99.94753 klip10
1 0 219733 7 99.77834 klip10
1 0 220342 8 99.77834 klip10
1 0 2809767 9 99.228386 klip10
2 0 103631 0 104.48756 klip10
2 0 145692 1 103.34979 klip10
2 0 103549 2 100.364105 klip10
2 0 104671 3 97.54412 klip10
2 0 108555 4 96.55472 klip10
2 0 104571 5 96.03325 klip10
2 0 4170684 6 89.55077 klip10
2 0 96850 7 89.04951 klip10
2 0 105116 8 88.83684 klip10
2 0 106522 9 87.003784 klip10
3 0 3162143 0 140.6536 klip10
3 0 215496 1 129.46614 klip10
3 0 215694 2 129.46614 klip10
3 0 2959735 3 129.46509 klip10
3 0 118475 4 128.87144 klip10
3 0 130157 5 125.3944 klip10
3 0 145890 6 125.208115 klip10
3 0 903973 7 123.8323 klip10
3 0 118248 8 123.625465 klip10
3 0 117907 9 122.077995 klip10
4 0 215694 0 254.8799 klip10
4 0 2959735 1 254.8778 klip10
4 0 215496 2 254.86133 klip10
4 0 3162143 3 228.15486 klip10
4 0 118029 4 216.89537 klip10
4 0 623142 5 209.42513 klip10
4 0 149007 6 205.81497 klip10
4 0 903973 7 193.47014 klip10
4 0 145890 8 173.46358 klip10
4 0 145900 9 170.3706 klip10
5 0 2672209 0 93.38432 klip10
5 0 2657779 1 93.38432 klip10
5 0 145652 2 91.2177 klip10
5 0 1740 3 88.3889 klip10
5 0 110831 4 87.70797 klip10
5 0 110056 5 85.301445 klip10
5 0 112708 6 85.29027 klip10
5 0 183480 7 84.93399 klip10
5 0 131163 8 81.07144 klip10
5 0 118217 9 79.51239 klip10
6 0 110654 0 155.93736 klip10
6 0 110056 1 129.7176 klip10
6 0 183480 2 115.47686 klip10
6 0 111258 3 105.99612 klip10
6 0 3203656 4 100.04864 klip10
6 0 3206414 5 100.04864 klip10
6 0 111114 6 99.667435 klip10
6 0 117932 7 93.204315 klip10
6 0 110789 8 92.7134 klip10
6 0 111661 9 85.69959 klip10
7 0 2672535 0 66.19858 klip10
7 0 219733 1 65.10865 klip10
7 0 220342 2 65.10865 klip10
7 0 134749 3 65.08992 klip10
7 0 147531 4 64.10644 klip10
7 0 118511 5 63.700672 klip10
7 0 2655591 6 62.58645 klip10
7 0 110315 7 62.379864 klip10
7 0 3195892 8 62.31178 klip10
7 0 130162 9 61.68216 klip10
8 0 134749 0 140.16347 klip10
8 0 112174 1 138.22171 klip10
8 0 145715 2 125.37054 klip10
8 0 145868 3 123.31346 klip10
8 0 112834 4 120.62532 klip10
8 0 147531 5 118.13669 klip10
8 0 2678467 6 114.67089 klip10
8 0 2679202 7 114.67089 klip10
8 0 2959746 8 114.67089 klip10
8 0 110932 9 114.12442 klip10
9 0 2675751 0 147.43942 klip10
9 0 854177 1 137.33498 klip10
9 0 147530 2 131.6689 klip10
9 0 127923 3 130.16573 klip10
9 0 118317 4 129.40529 klip10
9 0 112641 5 128.21251 klip10
9 0 112931 6 127.98204 klip10
9 0 118212 7 127.05996 klip10
9 0 127887 8 125.65557 klip10
9 0 2679557 9 124.79336 klip10
10 0 111500 0 176.01543 klip10
10 0 112423 1 163.2211 klip10
10 0 118087 2 159.6454 klip10
10 0 112657 3 159.43878 klip10
10 0 214949 4 158.76791 klip10
10 0 215071 5 158.76791 klip10
10 0 147531 6 156.3603 klip10
10 0 112800 7 154.01791 klip10
10 0 112293 8 153.21628 klip10
10 0 118511 9 152.09271 klip10
11 0 2810524 0 100.560844 klip10
11 0 2811846 1 100.560844 klip10
11 0 217512 2 96.87654 klip10
11 0 2809767 3 94.855156 klip10
11 0 2811850 4 94.855156 klip10
11 0 4151830 5 92.593735 klip10
11 0 150541 6 92.23067 klip10
11 0 873668 7 91.6269 klip10
11 0 145960 8 90.86792 klip10
11 0 3211501 9 90.84458 klip10
12 0 2672535 0 121.35643 klip10
12 0 3153112 1 89.10782 klip10
12 0 4151830 2 88.93094 klip10
12 0 183479 3 88.68493 klip10
12 0 3207860 4 87.554054 klip10
12 0 2809767 5 87.47684 klip10
12 0 2811850 6 87.47684 klip10
12 0 108766 7 87.02797 klip10
12 0 3216389 8 86.91702 klip10
12 0 3211503 9 86.70015 klip10
13 0 2812588 0 121.91534 klip10
13 0 802973 1 109.98053 klip10
13 0 803271 2 109.98053 klip10
13 0 2959737 3 109.98053 klip10
13 0 108605 4 103.20603 klip10
13 0 2959730 5 102.849335 klip10
13 0 150543 6 102.7915 klip10
13 0 2959732 7 102.7915 klip10
13 0 145632 8 102.200676 klip10
13 0 2642828 9 102.170425 klip10
14 0 2812588 0 76.07525 klip10
14 0 614392 1 71.25049 klip10
14 0 614485 2 71.25049 klip10
14 0 108730 3 69.58334 klip10
14 0 118296 4 69.464516 klip10
14 0 118015 5 68.120445 klip10
14 0 2670965 6 68.007484 klip10
14 0 122258 7 67.638855 klip10
14 0 148483 8 67.59889 klip10
14 0 2153 9 67.48985 klip10
15 0 2812588 0 168.69208 klip10
15 0 4151822 1 149.88484 klip10
15 0 2770446 2 125.31044 klip10
15 0 2809767 3 119.46738 klip10
15 0 2811850 4 119.46738 klip10
15 0 2771249 5 108.327324 klip10
15 0 2812210 6 106.38258 klip10
15 0 2809766 7 106.35208 klip10
15 0 2811849 8 106.35208 klip10
15 0 4170685 9 104.85701 klip10
16 0 4151822 0 149.70602 klip10
16 0 2812588 1 122.9478 klip10
16 0 2770446 2 107.65202 klip10
16 0 145817 3 103.994644 klip10
16 0 3209687 4 100.47446 klip10
16 0 4151826 5 95.48021 klip10
16 0 4151830 6 95.39805 klip10
16 0 2642828 7 94.822716 klip10
16 0 4155979 8 94.76256 klip10
16 0 3170728 9 93.26182 klip10
17 0 4161362 0 70.59807 klip10
17 0 148484 1 69.86027 klip10
17 0 111122 2 69.25163 klip10
17 0 117987 3 68.7881 klip10
17 0 620566 4 68.699066 klip10
17 0 145865 5 67.75029 klip10
17 0 217512 6 67.3996 klip10
17 0 118230 7 65.562996 klip10
17 0 112076 8 65.07741 klip10
17 0 1751 9 64.84509 klip10
18 0 205712 0 161.54242 klip10
18 0 148484 1 157.40561 klip10
18 0 620566 2 146.52905 klip10
18 0 217512 3 139.37784 klip10
18 0 131156 4 138.197 klip10
18 0 1753 5 135.98283 klip10
18 0 206097 6 134.8844 klip10
18 0 145119 7 134.3429 klip10
18 0 145635 8 134.16281 klip10
18 0 145664 9 133.8349 klip10
19 0 2654533 0 188.49838 klip10
19 0 2654756 1 188.49838 klip10
19 0 112808 2 142.03857 klip10
19 0 4151826 3 139.07072 klip10
19 0 4172500 4 137.6494 klip10
19 0 219509 5 136.37633 klip10
19 0 2670966 6 134.98398 klip10
19 0 4151825 7 134.37146 klip10
19 0 145860 8 133.375 klip10
19 0 2812210 9 133.27501 klip10
20 0 2654533 0 192.23375 klip10
20 0 2654756 1 192.23375 klip10
20 0 4172500 2 136.3684 klip10
20 0 4151825 3 135.37584 klip10
20 0 4151826 4 134.78552 klip10
20 0 219509 5 133.95915 klip10
20 0 112775 6 133.73851 klip10
20 0 2670966 7 133.59938 klip10
20 0 112808 8 132.09981 klip10
20 0 2781925 9 131.26437 klip10
21 0 873660 0 191.77635 klip10
21 0 117890 1 174.69577 klip10
21 0 112799 2 169.8347 klip10
21 0 121159 3 166.72035 klip10
21 0 118081 4 165.17313 klip10
21 0 3181482 5 159.00328 klip10
21 0 118416 6 158.51407 klip10
21 0 2811845 7 158.08339 klip10
21 0 145925 8 155.82863 klip10
21 0 2781925 9 154.39534 klip10
22 0 117890 0 216.80875 klip10
22 0 2659300 1 205.16537 klip10
22 0 112799 2 197.20166 klip10
22 0 118081 3 187.3568 klip10
22 0 118416 4 179.96764 klip10
22 0 145925 5 176.90392 klip10
22 0 121159 6 175.88272 klip10
22 0 145829 7 170.94466 klip10
22 0 2781925 8 168.6816 klip10
22 0 2811845 9 168.0697 klip10
23 0 118449 0 122.103806 klip10
23 0 2811847 1 121.07461 klip10
23 0 2810525 2 121.06991 klip10
23 0 2801435 3 118.520065 klip10
23 0 623242 4 112.56468 klip10
23 0 112257 5 111.06353 klip10
23 0 145738 6 110.491196 klip10
23 0 118180 7 109.60905 klip10
23 0 2675750 8 105.49452 klip10
23 0 137736 9 103.468414 klip10
24 0 1738 0 52.83215 klip10
24 0 145778 1 49.841488 klip10
24 0 802408 2 45.515404 klip10
24 0 2790213 3 45.05684 klip10
24 0 2801435 4 44.19493 klip10
24 0 145866 5 44.0323 klip10
24 0 145635 6 43.973034 klip10
24 0 2678133 7 43.94571 klip10
24 0 118449 8 43.227215 klip10
24 0 217512 9 43.192097 klip10
25 0 112616 0 155.86668 klip10
25 0 2655499 1 112.62888 klip10
25 0 110318 2 108.11415 klip10
25 0 3211503 3 99.15801 klip10
25 0 108792 4 97.13959 klip10
25 0 118021 5 96.887054 klip10
25 0 821305 6 96.05619 klip10
25 0 111495 7 90.768776 klip10
25 0 112457 8 88.24973 klip10
25 0 109919 9 88.05987 klip10
26 0 117872 0 153.03438 klip10
26 0 112616 1 137.83392 klip10
26 0 112045 2 135.44879 klip10
26 0 118026 3 133.31143 klip10
26 0 112324 4 132.3593 klip10
26 0 111056 5 125.11594 klip10
26 0 4161362 6 124.03728 klip10
26 0 110915 7 123.11532 klip10
26 0 117841 8 122.926 klip10
26 0 112457 9 122.87788 klip10
27 0 4157405 0 243.37622 klip10
27 0 4157382 1 243.21277 klip10
27 0 112346 2 145.34254 klip10
27 0 111141 3 145.09277 klip10
27 0 112523 4 134.0274 klip10
27 0 3204918 5 122.14775 klip10
27 0 145636 6 120.1656 klip10
27 0 931121 7 118.30061 klip10
27 0 150541 8 117.53361 klip10
27 0 213842 9 116.279106 klip10
28 0 4157405 0 200.21158 klip10
28 0 4157382 1 200.04813 klip10
28 0 112346 2 137.13403 klip10
28 0 111141 3 125.87964 klip10
28 0 145827 4 101.34498 klip10
28 0 931121 5 100.80714 klip10
28 0 110706 6 99.285706 klip10
28 0 112523 7 97.8995 klip10
28 0 931120 8 97.34088 klip10
28 0 118489 9 97.09486 klip10
29 0 4151826 0 54.100414 klip10
29 0 205788 1 53.638298 klip10
29 0 137739 2 52.281776 klip10
29 0 111471 3 52.09085 klip10
29 0 118351 4 50.85297 klip10
29 0 118044 5 50.350903 klip10
29 0 145632 6 49.958427 klip10
29 0 145708 7 49.926743 klip10
29 0 118381 8 49.644997 klip10
29 0 117875 9 49.572823 klip10
30 0 205788 0 162.11751 klip10
30 0 218921 1 145.61333 klip10
30 0 148795 2 136.78137 klip10
30 0 4151826 3 134.23337 klip10
30 0 145841 4 132.54552 klip10
30 0 626206 5 131.81554 klip10
30 0 137739 6 128.62254 klip10
30 0 899483 7 128.39447 klip10
30 0 145761 8 125.50186 klip10
30 0 145708 9 125.04798 klip10
31 0 145925 0 108.64801 klip10
31 0 110561 1 103.23855 klip10
31 0 112486 2 102.973236 klip10
31 0 131149 3 100.14173 klip10
31 0 118458 4 99.35005 klip10
31 0 118023 5 99.044495 klip10
31 0 118353 6 97.89567 klip10
31 0 118061 7 97.04163 klip10
31 0 118501 8 96.419235 klip10
31 0 112781 9 95.09831 klip10
32 0 112329 0 96.46157 klip10
32 0 1728 1 92.618576 klip10
32 0 111434 2 92.005844 klip10
32 0 112850 3 88.21542 klip10
32 0 112447 4 85.38273 klip10
32 0 112090 5 81.76746 klip10
32 0 118455 6 80.55063 klip10
32 0 111596 7 79.92205 klip10
32 0 125839 8 78.80573 klip10
32 0 117853 9 77.48856 klip10
33 0 109535 0 99.99065 klip10
33 0 109532 1 99.2462 klip10
33 0 110795 2 98.73088 klip10
33 0 112485 3 98.19407 klip10
33 0 109935 4 96.663445 klip10
33 0 121158 5 96.01955 klip10
33 0 112808 6 94.19628 klip10
33 0 145870 7 93.92518 klip10
33 0 802973 8 93.74127 klip10
33 0 803271 9 93.74127 klip10
34 0 2676594 0 298.32294 klip10
34 0 2675753 1 290.65918 klip10
34 0 2679204 2 290.65918 klip10
34 0 2809767 3 219.25368 klip10
34 0 2811850 4 219.25368 klip10
34 0 3216389 5 142.37389 klip10
34 0 121158 6 140.39212 klip10
34 0 112325 7 129.21532 klip10
34 0 130155 8 126.67496 klip10
34 0 625710 9 125.15154 klip10
35 0 821306 0 61.5925 klip10
35 0 205203 1 58.64569 klip10
35 0 134742 2 56.452286 klip10
35 0 213843 3 56.410164 klip10
35 0 214063 4 56.410164 klip10
35 0 214467 5 56.410164 klip10
35 0 102737 6 56.40745 klip10
35 0 218927 7 56.255165 klip10
35 0 118079 8 55.984123 klip10
35 0 2959740 9 55.762714 klip10
36 0 118238 0 116.23541 klip10
36 0 109923 1 115.23461 klip10
36 0 118319 2 114.23711 klip10
36 0 118329 3 106.30991 klip10
36 0 902769 4 105.75403 klip10
36 0 118142 5 105.50366 klip10
36 0 213843 6 104.2474 klip10
36 0 214063 7 104.2474 klip10
36 0 214467 8 104.2474 klip10
36 0 217512 9 102.5962 klip10
37 0 4151829 0 80.05812 klip10
37 0 110774 1 79.84164 klip10
37 0 118269 2 76.76679 klip10
37 0 118290 3 74.423805 klip10
37 0 110742 4 74.29609 klip10
37 0 112133 5 74.20778 klip10
37 0 145731 6 72.80201 klip10
37 0 112910 7 72.63685 klip10
37 0 108863 8 72.16278 klip10
37 0 111982 9 72.03297 klip10
38 0 145855 0 119.13996 klip10
38 0 145731 1 112.74494 klip10
38 0 4151829 2 112.189865 klip10
38 0 118269 3 99.84314 klip10
38 0 1993216 4 92.03132 klip10
38 0 110774 5 88.21543 klip10
38 0 112910 6 86.8008 klip10
38 0 112292 7 84.57298 klip10
38 0 145629 8 83.564186 klip10
38 0 111982 9 83.56035 klip10
39 0 112568 0 102.61684 klip10
39 0 112420 1 91.2217 klip10
39 0 118457 2 86.40865 klip10
39 0 111432 3 83.91986 klip10
39 0 621044 4 81.94739 klip10
39 0 621090 5 81.94739 klip10
39 0 2959739 6 81.94739 klip10
39 0 2959744 7 81.81129 klip10
39 0 855518 8 81.81129 klip10
39 0 2674861 9 80.63944 klip10
40 0 105200 0 141.19711 klip10
40 0 621044 1 130.0102 klip10
40 0 621090 2 130.0102 klip10
40 0 2959739 3 130.0102 klip10
40 0 122254 4 126.47055 klip10
40 0 2959744 5 121.98023 klip10
40 0 855518 6 121.98023 klip10
40 0 108818 7 120.335236 klip10
40 0 1731 8 119.156586 klip10
40 0 104688 9 115.354126 klip10
41 0 112924 0 167.52922 klip10
41 0 2654533 1 148.60144 klip10
41 0 2654756 2 148.60144 klip10
41 0 2811847 3 146.83432 klip10
41 0 2810525 4 146.82962 klip10
41 0 111198 5 146.50856 klip10
41 0 112731 6 141.49643 klip10
41 0 127916 7 139.29173 klip10
41 0 112585 8 138.3468 klip10
41 0 111891 9 137.54489 klip10
42 0 2654533 0 166.31523 klip10
42 0 2654756 1 166.31523 klip10
42 0 112585 2 160.70953 klip10
42 0 112924 3 160.69966 klip10
42 0 111198 4 154.97427 klip10
42 0 111891 5 153.29286 klip10
42 0 110132 6 153.03632 klip10
42 0 109352 7 148.53781 klip10
42 0 112731 8 146.57204 klip10
42 0 109186 9 146.53055 klip10
43 0 2680590 0 118.38767 klip10
43 0 2959745 1 118.38767 klip10
43 0 112920 2 108.34788 klip10
43 0 112305 3 107.984406 klip10
43 0 112803 4 99.498856 klip10
43 0 118148 5 96.60726 klip10
43 0 2959749 6 92.541756 klip10
43 0 2812589 7 92.51659 klip10
43 0 2784695 8 90.12638 klip10
43 0 112644 9 89.80836 klip10
44 0 802408 0 36.03132 klip10
44 0 2781925 1 35.988674 klip10
44 0 145903 2 35.806995 klip10
44 0 183480 3 34.78863 klip10
44 0 3213871 4 34.727177 klip10
44 0 118182 5 34.437416 klip10
44 0 109864 6 33.89988 klip10
44 0 111107 7 33.876556 klip10
44 0 117953 8 33.62154 klip10
44 0 92563 9 33.57456 klip10
45 0 3204917 0 202.07326 klip10
45 0 866024 1 179.57787 klip10
45 0 858802 2 179.56755 klip10
45 0 150542 3 172.53233 klip10
45 0 145861 4 168.97986 klip10
45 0 800568 5 166.98048 klip10
45 0 145772 6 166.55441 klip10
45 0 145903 7 164.88347 klip10
45 0 118452 8 162.60976 klip10
45 0 137725 9 161.39577 klip10
46 0 866024 0 309.47043 klip10
46 0 858802 1 309.4601 klip10
46 0 903971 2 220.0612 klip10
46 0 2959742 3 220.0612 klip10
46 0 623145 4 216.58118 klip10
46 0 2804673 5 213.21971 klip10
46 0 3204917 6 211.60861 klip10
46 0 2657927 7 199.46298 klip10
46 0 145861 8 198.73541 klip10
46 0 1732 9 195.94331 klip10
47 0 2674861 0 146.91925 klip10
47 0 2675754 1 146.91925 klip10
47 0 2795703 2 96.34859 klip10
47 0 2797292 3 96.34859 klip10
47 0 2671723 4 95.07125 klip10
47 0 2678133 5 95.01375 klip10
47 0 626207 6 92.99828 klip10
47 0 2790213 7 92.63495 klip10
47 0 148483 8 92.216545 klip10
47 0 2810526 9 91.46604 klip10
48 0 2674861 0 152.29175 klip10
48 0 2675754 1 152.29175 klip10
48 0 3170727 2 96.95696 klip10
48 0 111362 3 95.11395 klip10
48 0 2646093 4 90.80142 klip10
48 0 117864 5 89.420364 klip10
48 0 145756 6 89.10804 klip10
48 0 121149 7 88.447716 klip10
48 0 145896 8 87.90416 klip10
48 0 108375 9 87.11843 klip10
49 0 2810525 0 81.65997 klip10
49 0 2811847 1 81.65997 klip10
49 0 4162535 2 75.201 klip10
49 0 4151826 3 68.354576 klip10
49 0 3153112 4 65.08583 klip10
49 0 2812210 5 61.88129 klip10
49 0 2809767 6 61.789154 klip10
49 0 2811850 7 61.789154 klip10
49 0 2803251 8 61.73269 klip10
49 0 3181025 9 59.73583 klip10
50 0 3153112 0 113.25523 klip10
50 0 4162535 1 107.01217 klip10
50 0 2810525 2 87.097 klip10
50 0 2811847 3 87.097 klip10
50 0 4151826 4 75.82992 klip10
50 0 3181025 5 72.90714 klip10
50 0 3177197 6 69.52624 klip10
50 0 3170730 7 69.02448 klip10
50 0 2809767 8 68.62916 klip10
50 0 2811850 9 68.62916 klip10
51 0 112770 0 104.608795 klip10
51 0 2812589 1 94.53194 klip10
51 0 2959749 2 94.53194 klip10
51 0 78783 3 93.95607 klip10
51 0 616433 4 91.687996 klip10
51 0 145872 5 90.30366 klip10
51 0 3195892 6 87.52528 klip10
51 0 213842 7 86.45682 klip10
51 0 215412 8 85.42635 klip10
51 0 1736 9 83.562004 klip10
52 0 112770 0 69.34975 klip10
52 0 112931 1 64.96899 klip10
52 0 112243 2 60.15569 klip10
52 0 127923 3 56.23939 klip10
52 0 127887 4 56.19594 klip10
52 0 105869 5 55.78368 klip10
52 0 1859075 6 55.700584 klip10
52 0 110753 7 55.145317 klip10
52 0 103302 8 54.60319 klip10
52 0 4172500 9 54.002544 klip10
53 0 799985 0 118.6809 klip10
53 0 2808291 1 97.99063 klip10
53 0 148483 2 96.811455 klip10
53 0 145664 3 94.4047 klip10
53 0 2771250 4 93.73747 klip10
53 0 145792 5 92.658775 klip10
53 0 145635 6 92.31573 klip10
53 0 117916 7 90.84116 klip10
53 0 625711 8 90.13777 klip10
53 0 621045 9 89.91405 klip10
54 0 872994 0 144.98306 klip10
54 0 811778 1 127.388 klip10
54 0 625711 2 117.99298 klip10
54 0 931123 3 112.07002 klip10
54 0 2808291 4 102.57144 klip10
54 0 799985 5 102.5202 klip10
54 0 620566 6 98.10029 klip10
54 0 621045 7 97.57571 klip10
54 0 811777 8 96.816895 klip10
54 0 3195890 9 95.07888 klip10
55 0 4154603 0 173.81229 klip10
55 0 118269 1 134.97197 klip10
55 0 145731 2 130.80911 klip10
55 0 145629 3 127.831 klip10
55 0 145855 4 127.02136 klip10
55 0 110774 5 123.117355 klip10
55 0 111261 6 121.87951 klip10
55 0 111982 7 106.59712 klip10
55 0 111420 8 105.73719 klip10
55 0 118101 9 105.55819 klip10
56 0 4154603 0 246.6753 klip10
56 0 118269 1 183.87245 klip10
56 0 145731 2 175.69423 klip10
56 0 110774 3 162.95065 klip10
56 0 112910 4 161.67615 klip10
56 0 145629 5 157.50833 klip10
56 0 111261 6 155.08723 klip10
56 0 145855 7 145.55766 klip10
56 0 111420 8 138.05789 klip10
56 0 1993216 9 137.36906 klip10
57 0 802408 0 124.83718 klip10
57 0 867644 1 123.72646 klip10
57 0 800569 2 122.85068 klip10
57 0 122254 3 119.48057 klip10
57 0 815320 4 118.94868 klip10
57 0 118297 5 118.301956 klip10
57 0 149585 6 115.37402 klip10
57 0 149649 7 115.37402 klip10
57 0 112324 8 113.632065 klip10
57 0 800859 9 113.51551 klip10
58 0 145735 0 121.845474 klip10
58 0 112467 1 101.19956 klip10
58 0 217702 2 100.73071 klip10
58 0 106179 3 98.626526 klip10
58 0 108547 4 98.61312 klip10
58 0 2672207 5 96.22043 klip10
58 0 2671725 6 96.19319 klip10
58 0 2676592 7 93.89866 klip10
58 0 218133 8 93.67211 klip10
58 0 145815 9 93.04909 klip10
59 0 2788983 0 302.03976 klip10
59 0 4170685 1 276.37546 klip10
59 0 145627 2 249.58485 klip10
59 0 118037 3 248.71121 klip10
59 0 117968 4 246.29015 klip10
59 0 118129 5 240.366 klip10
59 0 118040 6 226.6075 klip10
59 0 1087691 7 215.60011 klip10
59 0 134735 8 211.67503 klip10
59 0 3195891 9 206.58919 klip10
60 0 3195891 0 292.29886 klip10
60 0 2788983 1 287.92032 klip10
60 0 4170685 2 275.6445 klip10
60 0 145627 3 259.11246 klip10
60 0 118129 4 257.69928 klip10
60 0 117968 5 246.59692 klip10
60 0 118334 6 242.44357 klip10
60 0 130158 7 240.07108 klip10
60 0 931614 8 239.51825 klip10
60 0 3191119 9 229.91591 klip10
61 0 2812210 0 170.04146 klip10
61 0 145743 1 166.37938 klip10
61 0 145923 2 159.56894 klip10
61 0 218457 3 148.47997 klip10
61 0 3195092 4 135.22758 klip10
61 0 1732 5 134.84706 klip10
61 0 145815 6 132.38164 klip10
61 0 112854 7 129.40562 klip10
61 0 2657927 8 125.95364 klip10
61 0 112435 9 124.97906 klip10
62 0 2812210 0 95.023544 klip10
62 0 110661 1 79.484764 klip10
62 0 118299 2 79.25962 klip10
62 0 110091 3 78.76256 klip10
62 0 110926 4 76.53607 klip10
62 0 117875 5 73.54841 klip10
62 0 3195092 6 72.4489 klip10
62 0 218457 7 72.40187 klip10
62 0 145810 8 71.74351 klip10
62 0 109077 9 70.9371 klip10
63 0 149702 0 79.42527 klip10
63 0 107685 1 78.388596 klip10
63 0 104521 2 78.25259 klip10
63 0 106985 3 77.31392 klip10
63 0 108111 4 75.918144 klip10
63 0 108539 5 75.62285 klip10
63 0 118148 6 75.247475 klip10
63 0 105525 7 74.98893 klip10
63 0 108538 8 74.79855 klip10
63 0 91054 9 73.9067 klip10
64 0 3205768 0 103.22024 klip10
64 0 2758568 1 97.79847 klip10
64 0 2809766 2 96.85373 klip10
64 0 2811849 3 96.85373 klip10
64 0 110645 4 89.62608 klip10
64 0 3207860 5 89.335396 klip10
64 0 4151827 6 88.43663 klip10
64 0 4170685 7 87.525345 klip10
64 0 118196 8 86.8859 klip10
64 0 3205767 9 85.0654 klip10
65 0 118123 0 208.3835 klip10
65 0 150540 1 151.64288 klip10
65 0 3211501 2 148.27887 klip10
65 0 110645 3 143.93684 klip10
65 0 131165 4 142.86401 klip10
65 0 111051 5 141.68506 klip10
65 0 145883 6 141.02309 klip10
65 0 109292 7 136.68639 klip10
65 0 112732 8 135.6364 klip10
65 0 624280 9 135.03107 klip10
66 0 3211501 0 229.62671 klip10
66 0 145867 1 199.0276 klip10
66 0 4151827 2 174.54651 klip10
66 0 3213872 3 171.10304 klip10
66 0 4151826 4 169.67311 klip10
66 0 150540 5 168.85437 klip10
66 0 3217422 6 167.94011 klip10
66 0 118123 7 167.43484 klip10
66 0 3217423 8 167.3693 klip10
66 0 3217226 9 167.35605 klip10
67 0 145800 0 194.01228 klip10
67 0 867645 1 182.58755 klip10
67 0 103675 2 130.72865 klip10
67 0 104522 3 120.33776 klip10
67 0 103678 4 112.084595 klip10
67 0 2810526 5 108.54255 klip10
67 0 103916 6 107.72286 klip10
67 0 104055 7 107.317566 klip10
67 0 106757 8 107.304855 klip10
67 0 110330 9 106.22728 klip10
68 0 145800 0 177.83621 klip10
68 0 867645 1 154.00761 klip10
68 0 103093 2 118.42151 klip10
68 0 97584 3 116.37881 klip10
68 0 94177 4 113.77221 klip10
68 0 88704 5 113.594666 klip10
68 0 103675 6 112.84039 klip10
68 0 103678 7 111.3533 klip10
68 0 2810526 8 111.1072 klip10
68 0 97893 9 110.55054 klip10
69 0 3214778 0 151.2095 klip10
69 0 149289 1 149.90372 klip10
69 0 2676593 2 142.40321 klip10
69 0 117859 3 141.77171 klip10
69 0 219733 4 140.30841 klip10
69 0 220342 5 140.30841 klip10
69 0 111709 6 139.10172 klip10
69 0 110996 7 136.95554 klip10
69 0 149006 8 135.80661 klip10
69 0 2675751 9 134.1402 klip10
70 0 149289 0 167.46211 klip10
70 0 3214778 1 166.06038 klip10
70 0 2676593 2 165.27638 klip10
70 0 219733 3 157.38922 klip10
70 0 220342 4 157.38922 klip10
70 0 118111 5 156.41483 klip10
70 0 149006 6 155.66124 klip10
70 0 858289 7 153.60533 klip10
70 0 2959743 8 153.58836 klip10
70 0 2675751 9 152.35771 klip10
71 0 112914 0 142.59843 klip10
71 0 145121 1 142.58037 klip10
71 0 3189783 2 136.96214 klip10
71 0 118052 3 136.68158 klip10
71 0 118287 4 131.01306 klip10
71 0 2654533 5 130.87625 klip10
71 0 2654756 6 130.87625 klip10
71 0 112904 7 128.67601 klip10
71 0 118005 8 124.161156 klip10
71 0 118234 9 122.36549 klip10
72 0 118052 0 145.83838 klip10
72 0 112914 1 137.68918 klip10
72 0 145121 2 136.20865 klip10
72 0 3189783 3 136.04082 klip10
72 0 112904 4 134.50238 klip10
72 0 118234 5 129.01855 klip10
72 0 118005 6 128.63461 klip10
72 0 2654533 7 127.69539 klip10
72 0 2654756 8 127.69539 klip10
72 0 117979 9 118.85194 klip10
73 0 2804674 0 79.076775 klip10
73 0 110692 1 77.10972 klip10
73 0 108538 2 72.1727 klip10
73 0 109931 3 69.28504 klip10
73 0 112573 4 68.75141 klip10
73 0 112206 5 68.664055 klip10
73 0 1087954 6 68.27583 klip10
73 0 217514 7 68.239655 klip10
73 0 145624 8 68.02397 klip10
73 0 118043 9 67.90634 klip10
74 0 2804674 0 105.5166 klip10
74 0 107904 1 96.1164 klip10
74 0 109284 2 93.67245 klip10
74 0 112774 3 90.66106 klip10
74 0 127908 4 86.77273 klip10
74 0 2675749 5 80.28872 klip10
74 0 803268 6 76.62874 klip10
74 0 111245 7 75.27398 klip10
74 0 111755 8 74.7513 klip10
74 0 112902 9 74.438805 klip10
75 0 86460 0 118.868675 klip10
75 0 3189783 1 117.3879 klip10
75 0 118226 2 116.75926 klip10
75 0 802770 3 113.51299 klip10
75 0 89728 4 113.16142 klip10
75 0 110964 5 111.442444 klip10
75 0 112398 6 111.245514 klip10
75 0 2675751 7 110.66199 klip10
75 0 88610 8 109.946556 klip10
75 0 90423 9 108.46964 klip10
76 0 2679833 0 124.67911 klip10
76 0 2680440 1 124.67911 klip10
76 0 150540 2 118.61321 klip10
76 0 108900 3 117.42953 klip10
76 0 112919 4 114.67356 klip10
76 0 111945 5 114.30793 klip10
76 0 118298 6 114.14691 klip10
76 0 110964 7 113.94282 klip10
76 0 2670966 8 112.213615 klip10
76 0 112738 9 111.75821 klip10
77 0 2812588 0 165.54694 klip10
77 0 4151822 1 156.3893 klip10
77 0 145817 2 148.0742 klip10
77 0 111029 3 133.44603 klip10
77 0 111455 4 131.67834 klip10
77 0 2770446 5 131.53386 klip10
77 0 134747 6 127.82105 klip10
77 0 112726 7 127.257034 klip10
77 0 145902 8 122.6569 klip10
77 0 111610 9 118.263466 klip10
78 0 2812588 0 67.74544 klip10
78 0 145632 1 66.656555 klip10
78 0 117899 2 64.20206 klip10
78 0 111717 3 63.318947 klip10
78 0 799976 4 63.199337 klip10
78 0 112485 5 62.96939 klip10
78 0 111250 6 62.460175 klip10
78 0 118022 7 61.407837 klip10
78 0 122258 8 60.934704 klip10
78 0 111092 9 60.89033 klip10
79 0 111009 0 172.847 klip10
79 0 118143 1 160.30412 klip10
79 0 111470 2 145.51134 klip10
79 0 110221 3 126.968346 klip10
79 0 118513 4 97.35399 klip10
79 0 2680438 5 95.0348 klip10
79 0 106328 6 88.97268 klip10
79 0 111964 7 88.59043 klip10
79 0 109626 8 88.582664 klip10
79 0 110183 9 86.741264 klip10
80 0 118143 0 155.27808 klip10
80 0 111009 1 145.87418 klip10
80 0 111470 2 141.60619 klip10
80 0 150540 3 126.43352 klip10
80 0 145859 4 122.06601 klip10
80 0 2672210 5 112.58065 klip10
80 0 2654755 6 112.58065 klip10
80 0 110221 7 112.150795 klip10
80 0 106328 8 110.79488 klip10
80 0 2654533 9 109.57034 klip10
81 0 148484 0 109.23683 klip10
81 0 112440 1 85.81876 klip10
81 0 122253 2 83.370926 klip10
81 0 117841 3 73.05818 klip10
81 0 112867 4 72.3245 klip10
81 0 118445 5 70.9409 klip10
81 0 121157 6 68.857895 klip10
81 0 112422 7 68.72571 klip10
81 0 118368 8 68.33681 klip10
81 0 112616 9 68.08083 klip10
82 0 118368 0 116.40078 klip10
82 0 1726 1 114.71339 klip10
82 0 127900 2 111.9811 klip10
82 0 2803250 3 108.56043 klip10
82 0 216735 4 106.061104 klip10
82 0 216806 5 106.061104 klip10
82 0 799981 6 104.85217 klip10
82 0 145625 7 102.17605 klip10
82 0 118148 8 101.75408 klip10
82 0 110701 9 99.91232 klip10
83 0 145859 0 144.32849 klip10
83 0 112922 1 109.16022 klip10
83 0 137746 2 100.22831 klip10
83 0 111151 3 98.69593 klip10
83 0 111246 4 98.437546 klip10
83 0 109894 5 98.3281 klip10
83 0 145870 6 96.65329 klip10
83 0 110289 7 96.14277 klip10
83 0 111194 8 95.12655 klip10
83 0 111286 9 95.1018 klip10
84 0 145859 0 141.24774 klip10
84 0 112922 1 120.077324 klip10
84 0 111151 2 109.28482 klip10
84 0 800858 3 108.52304 klip10
84 0 109895 4 107.19648 klip10
84 0 109893 5 105.2024 klip10
84 0 107980 6 104.34728 klip10
84 0 109200 7 103.99197 klip10
84 0 110361 8 103.46024 klip10
84 0 107293 9 103.422554 klip10
85 0 2959737 0 218.95778 klip10
85 0 802973 1 218.23344 klip10
85 0 803271 2 218.23344 klip10
85 0 3177199 3 165.18224 klip10
85 0 3171724 4 165.00934 klip10
85 0 3177200 5 165.00934 klip10
85 0 150543 6 157.70119 klip10
85 0 2959732 7 157.70119 klip10
85 0 146553 8 157.02464 klip10
85 0 146790 9 157.02464 klip10
86 0 3177199 0 132.64055 klip10
86 0 3171724 1 132.54677 klip10
86 0 3177200 2 132.54677 klip10
86 0 802973 3 122.39359 klip10
86 0 803271 4 122.39359 klip10
86 0 2959737 5 122.39359 klip10
86 0 3205766 6 117.8172 klip10
86 0 150543 7 114.27819 klip10
86 0 2959732 8 114.27819 klip10
86 0 146553 9 113.60923 klip10
87 0 143378 0 52.148724 klip10
87 0 111170 1 51.81607 klip10
87 0 112807 2 51.47937 klip10
87 0 136998 3 48.823185 klip10
87 0 112746 4 48.808685 klip10
87 0 117899 5 47.357716 klip10
87 0 117987 6 47.323277 klip10
87 0 110760 7 47.148537 klip10
87 0 148483 8 46.762394 klip10
87 0 111186 9 46.53054 klip10
88 0 182992 0 129.36821 klip10
88 0 182991 1 120.64941 klip10
88 0 145897 2 116.85602 klip10
88 0 111170 3 116.48893 klip10
88 0 149653 4 112.9456 klip10
88 0 2654277 5 110.938805 klip10
88 0 625832 6 108.43278 klip10
88 0 626055 7 108.43278 klip10
88 0 625833 8 108.12678 klip10
88 0 112807 9 107.962456 klip10
89 0 4151822 0 214.12016 klip10
89 0 2812588 1 194.74661 klip10
89 0 2770446 2 180.54596 klip10
89 0 145647 3 130.43394 klip10
89 0 4162110 4 125.68899 klip10
89 0 134747 5 124.0742 klip10
89 0 145817 6 122.44602 klip10
89 0 2809767 7 97.063736 klip10
89 0 2811850 8 97.063736 klip10
89 0 802973 9 92.79505 klip10
90 0 2812588 0 249.33127 klip10
90 0 4151822 1 249.00766 klip10
90 0 2770446 2 189.86226 klip10
90 0 145626 3 188.15665 klip10
90 0 118054 4 179.9331 klip10
90 0 137748 5 179.30644 klip10
90 0 130150 6 176.37508 klip10
90 0 626454 7 170.07611 klip10
90 0 2620698 8 165.51439 klip10
90 0 3181025 9 164.86806 klip10
91 0 3212514 0 298.6626 klip10
91 0 145782 1 154.81786 klip10
91 0 1087959 2 150.77884 klip10
91 0 118507 3 149.21341 klip10
91 0 134732 4 148.16148 klip10
91 0 109857 5 146.01791 klip10
91 0 110249 6 144.51114 klip10
91 0 112439 7 144.2245 klip10
91 0 219097 8 143.99176 klip10
91 0 110213 9 142.25822 klip10
92 0 3212514 0 288.02628 klip10
92 0 110249 1 176.76688 klip10
92 0 1087959 2 174.7946 klip10
92 0 118507 3 168.35771 klip10
92 0 110213 4 147.07793 klip10
92 0 110032 5 146.6884 klip10
92 0 109857 6 144.80759 klip10
92 0 134732 7 143.81866 klip10
92 0 134725 8 140.98701 klip10
92 0 112439 9 139.3862 klip10
93 0 145901 0 212.42249 klip10
93 0 117874 1 205.72015 klip10
93 0 118334 2 205.70271 klip10
93 0 118107 3 200.27496 klip10
93 0 112905 4 195.70485 klip10
93 0 112824 5 190.11641 klip10
93 0 130158 6 189.7437 klip10
93 0 118129 7 188.08049 klip10
93 0 110877 8 187.30852 klip10
93 0 111736 9 185.83322 klip10
94 0 145901 0 218.78807 klip10
94 0 931614 1 216.89697 klip10
94 0 117874 2 204.05417 klip10
94 0 2788983 3 195.09004 klip10
94 0 4151827 4 186.89955 klip10
94 0 118334 5 186.75069 klip10
94 0 118129 6 186.23518 klip10
94 0 112905 7 185.34523 klip10
94 0 111736 8 184.4611 klip10
94 0 145627 9 182.00499 klip10
95 0 108555 0 102.78086 klip10
95 0 105495 1 101.54026 klip10
95 0 107232 2 95.05128 klip10
95 0 107475 3 93.34993 klip10
95 0 106171 4 77.98329 klip10
95 0 109444 5 77.35953 klip10
95 0 103631 6 77.010765 klip10
95 0 106073 7 74.79412 klip10
95 0 104571 8 71.22869 klip10
95 0 145692 9 70.66839 klip10
96 0 108555 0 124.17904 klip10
96 0 103631 1 118.53659 klip10
96 0 799986 2 91.455734 klip10
96 0 108493 3 88.90445 klip10
96 0 92746 4 88.035095 klip10
96 0 96850 5 87.48838 klip10
96 0 96542 6 87.27325 klip10
96 0 92705 7 86.34758 klip10
96 0 93739 8 86.076836 klip10
96 0 110322 9 85.94908 klip10
97 0 112101 0 145.66628 klip10
97 0 111922 1 112.33631 klip10
97 0 110718 2 83.06207 klip10
97 0 2655597 3 82.85363 klip10
97 0 2676593 4 82.21309 klip10
97 0 2795279 5 82.16098 klip10
97 0 117959 6 79.65454 klip10
97 0 118111 7 79.25606 klip10
97 0 134749 8 79.11815 klip10
97 0 145925 9 77.613045 klip10
98 0 118148 0 39.389366 klip10
98 0 2655591 1 38.717552 klip10
98 0 118467 2 38.325706 klip10
98 0 134732 3 38.273018 klip10
98 0 109088 4 38.117325 klip10
98 0 145804 5 38.04126 klip10
98 0 117832 6 37.94341 klip10
98 0 2811845 7 37.837276 klip10
98 0 110996 8 37.82768 klip10
98 0 117902 9 37.56896 klip10
99 0 112267 0 131.34192 klip10
99 0 111884 1 103.423 klip10
99 0 110552 2 92.00023 klip10
99 0 112723 3 85.994736 klip10
99 0 110578 4 79.38853 klip10
99 0 145914 5 75.64842 klip10
99 0 109976 6 75.31976 klip10
99 0 118121 7 72.52234 klip10
99 0 109612 8 72.28746 klip10
99 0 110935 9 72.059616 klip10
100 0 112267 0 163.65898 klip10
100 0 110552 1 142.75061 klip10
100 0 111884 2 119.403824 klip10
100 0 111886 3 117.4712 klip10
100 0 110098 4 114.1028 klip10
100 0 109633 5 111.70508 klip10
100 0 112723 6 111.18334 klip10
100 0 109673 7 110.615776 klip10
100 0 110296 8 108.65984 klip10
100 0 111695 9 108.54581 klip10
