1 0 856195 0 19.77592 klip2
1 0 856347 1 19.77592 klip2
1 0 621308 2 17.972712 klip2
1 0 622304 3 17.972712 klip2
1 0 2801432 4 16.92938 klip2
1 0 4164893 5 16.640182 klip2
1 0 218925 6 16.426582 klip2
1 0 104212 7 16.412226 klip2
1 0 112932 8 16.344866 klip2
1 0 91025 9 16.33188 klip2
2 0 145692 0 16.027386 klip2
2 0 109962 1 15.278447 klip2
2 0 93119 2 14.909383 klip2
2 0 90843 3 14.844792 klip2
2 0 112621 4 14.8343525 klip2
2 0 109745 5 14.672804 klip2
2 0 98705 6 14.485758 klip2
2 0 110561 7 14.481786 klip2
2 0 91333 8 14.302424 klip2
2 0 97161 9 14.1331835 klip2
3 0 2750102 0 20.951633 klip2
3 0 145692 1 20.79915 klip2
3 0 109592 2 20.73491 klip2
3 0 118407 3 20.71249 klip2
3 0 145669 4 20.333588 klip2
3 0 118385 5 20.23051 klip2
3 0 110461 6 20.188356 klip2
3 0 109939 7 19.582392 klip2
3 0 111731 8 19.516163 klip2
3 0 111823 9 19.500772 klip2
4 0 121159 0 26.610708 klip2
4 0 145787 1 24.081171 klip2
4 0 3183079 2 23.210215 klip2
4 0 111291 3 22.971466 klip2
4 0 109272 4 22.899605 klip2
4 0 105358 5 22.736216 klip2
4 0 142887 6 22.642487 klip2
4 0 109612 7 22.23405 klip2
4 0 112802 8 22.072163 klip2
4 0 2659300 9 22.007885 klip2
5 0 88181 0 18.246525 klip2
5 0 99258 1 16.011814 klip2
5 0 93021 2 15.904013 klip2
5 0 97615 3 15.476332 klip2
5 0 88420 4 15.33369 klip2
5 0 87646 5 15.250846 klip2
5 0 88741 6 15.097484 klip2
5 0 93541 7 14.987135 klip2
5 0 100795 8 14.896981 klip2
5 0 100131 9 14.87772 klip2
6 0 117932 0 26.385683 klip2
6 0 110507 1 26.16033 klip2
6 0 100934 2 25.963274 klip2
6 0 109004 3 25.13553 klip2
6 0 109670 4 24.854986 klip2
6 0 109573 5 24.782434 klip2
6 0 1855348 6 23.584219 klip2
6 0 183480 7 21.825169 klip2
6 0 117861 8 21.590693 klip2
6 0 109494 9 21.288166 klip2
7 0 92504 0 13.875247 klip2
7 0 107832 1 12.685394 klip2
7 0 101770 2 12.626999 klip2
7 0 99625 3 12.190791 klip2
7 0 105054 4 12.063071 klip2
7 0 118366 5 11.950307 klip2
7 0 110299 6 11.818792 klip2
7 0 118446 7 11.7793 klip2
7 0 145731 8 11.677717 klip2
7 0 2810526 9 11.621535 klip2
8 0 145815 0 17.974611 klip2
8 0 145903 1 17.178339 klip2
8 0 112574 2 17.164793 klip2
8 0 145743 3 16.999441 klip2
8 0 146981 4 16.755226 klip2
8 0 2676593 5 16.680157 klip2
8 0 105499 6 16.610813 klip2
8 0 206090 7 16.390032 klip2
8 0 206187 8 16.390032 klip2
8 0 2679556 9 16.097567 klip2
9 0 110095 0 27.995008 klip2
9 0 103566 1 26.929792 klip2
9 0 118118 2 26.717083 klip2
9 0 107606 3 25.259897 klip2
9 0 104794 4 25.12093 klip2
9 0 103344 5 24.737883 klip2
9 0 106090 6 24.705116 klip2
9 0 107316 7 24.664337 klip2
9 0 109261 8 24.481304 klip2
9 0 110938 9 24.443308 klip2
10 0 97920 0 22.894133 klip2
10 0 137729 1 22.476276 klip2
10 0 728301 2 21.916265 klip2
10 0 798512 3 21.916265 klip2
10 0 217703 4 21.452778 klip2
10 0 214949 5 21.173862 klip2
10 0 215071 6 21.173862 klip2
10 0 112423 7 20.894548 klip2
10 0 91259 8 20.66303 klip2
10 0 2783506 9 20.650017 klip2
11 0 97574 0 15.755708 klip2
11 0 104205 1 15.089903 klip2
11 0 111576 2 14.86619 klip2
11 0 118457 3 14.841829 klip2
11 0 96814 4 14.79659 klip2
11 0 111434 5 14.490944 klip2
11 0 97961 6 14.445693 klip2
11 0 97450 7 14.434773 klip2
11 0 101832 8 14.40808 klip2
11 0 103146 9 14.390315 klip2
12 0 108965 0 19.162022 klip2
12 0 183478 1 18.42465 klip2
12 0 184061 2 18.42465 klip2
12 0 184314 3 18.42465 klip2
12 0 108146 4 18.257978 klip2
12 0 108231 5 17.69706 klip2
12 0 107481 6 16.732008 klip2
12 0 118465 7 16.72617 klip2
12 0 112428 8 16.55074 klip2
12 0 110513 9 16.326567 klip2
13 0 97948 0 18.67034 klip2
13 0 89718 1 18.108118 klip2
13 0 109218 2 17.992582 klip2
13 0 110363 3 17.924368 klip2
13 0 134736 4 17.857931 klip2
13 0 118130 5 17.577929 klip2
13 0 111711 6 17.520464 klip2
13 0 110187 7 17.43685 klip2
13 0 87390 8 17.435583 klip2
13 0 99968 9 17.420095 klip2
14 0 1750 0 14.464094 klip2
14 0 106302 1 14.364219 klip2
14 0 111271 2 14.171247 klip2
14 0 110365 3 14.063466 klip2
14 0 111529 4 13.992375 klip2
14 0 103370 5 13.885584 klip2
14 0 2680590 6 13.870428 klip2
14 0 2959745 7 13.870428 klip2
14 0 107534 8 13.819198 klip2
14 0 109986 9 13.771464 klip2
15 0 111517 0 16.331112 klip2
15 0 110590 1 16.087269 klip2
15 0 112824 2 16.049202 klip2
15 0 106441 3 15.922365 klip2
15 0 118373 4 15.887596 klip2
15 0 111271 5 15.814361 klip2
15 0 111978 6 15.7866 klip2
15 0 107292 7 15.785783 klip2
15 0 122254 8 15.75925 klip2
15 0 118350 9 15.689897 klip2
16 0 2642828 0 20.659372 klip2
16 0 103406 1 19.126986 klip2
16 0 102259 2 18.591423 klip2
16 0 2646093 3 18.401539 klip2
16 0 87019 4 18.208565 klip2
16 0 86703 5 17.81803 klip2
16 0 103192 6 17.678308 klip2
16 0 205720 7 17.666039 klip2
16 0 109138 8 17.66219 klip2
16 0 118145 9 17.522743 klip2
17 0 112449 0 13.754789 klip2
17 0 106745 1 13.665078 klip2
17 0 112281 2 13.502735 klip2
17 0 111168 3 13.364833 klip2
17 0 111990 4 12.8484 klip2
17 0 104247 5 12.764886 klip2
17 0 118342 6 12.750163 klip2
17 0 109524 7 12.663488 klip2
17 0 104310 8 12.622585 klip2
17 0 111431 9 12.582754 klip2
18 0 2646093 0 25.218983 klip2
18 0 107556 1 22.962294 klip2
18 0 4164892 2 22.706554 klip2
18 0 219510 3 22.481949 klip2
18 0 112853 4 22.309078 klip2
18 0 105427 5 22.288284 klip2
18 0 821306 6 22.257057 klip2
18 0 104229 7 22.154835 klip2
18 0 107393 8 22.109205 klip2
18 0 2680590 9 21.978792 klip2
19 0 109010 0 25.577816 klip2
19 0 110296 1 21.82613 klip2
19 0 112246 2 21.461285 klip2
19 0 112726 3 21.153198 klip2
19 0 215807 4 20.844809 klip2
19 0 110157 5 20.646336 klip2
19 0 130151 6 20.616684 klip2
19 0 3213872 7 20.111599 klip2
19 0 108887 8 20.076748 klip2
19 0 110187 9 19.946394 klip2
20 0 109010 0 25.577816 klip2
20 0 110296 1 21.82613 klip2
20 0 112246 2 21.461285 klip2
20 0 112726 3 21.153198 klip2
20 0 215807 4 20.844809 klip2
20 0 110157 5 20.646336 klip2
20 0 130151 6 20.616684 klip2
20 0 3213872 7 20.111599 klip2
20 0 108887 8 20.076748 klip2
20 0 110187 9 19.946394 klip2
21 0 2646093 0 32.071453 klip2
21 0 104572 1 30.371552 klip2
21 0 112907 2 30.239801 klip2
21 0 121159 3 29.93255 klip2
21 0 106436 4 29.813164 klip2
21 0 103484 5 28.193886 klip2
21 0 103344 6 28.02699 klip2
21 0 142887 7 27.463947 klip2
21 0 106129 8 27.45531 klip2
21 0 118195 9 27.435822 klip2
22 0 104572 0 30.370968 klip2
22 0 104524 1 30.018513 klip2
22 0 106570 2 29.64431 klip2
22 0 2646093 3 28.914865 klip2
22 0 111950 4 27.990406 klip2
22 0 106131 5 27.864086 klip2
22 0 106995 6 27.553839 klip2
22 0 149008 7 27.50473 klip2
22 0 112405 8 27.474035 klip2
22 0 111429 9 27.106548 klip2
23 0 104651 0 19.108961 klip2
23 0 112324 1 18.588078 klip2
23 0 90061 2 18.293468 klip2
23 0 2809767 3 17.815573 klip2
23 0 2811850 4 17.815573 klip2
23 0 109834 5 17.702219 klip2
23 0 111021 6 17.485554 klip2
23 0 111695 7 17.203161 klip2
23 0 4104822 8 17.05411 klip2
23 0 145802 9 16.9586 klip2
24 0 1738 0 14.501183 klip2
24 0 109265 1 12.420426 klip2
24 0 112872 2 11.679275 klip2
24 0 2620844 3 9.897321 klip2
24 0 109698 4 9.701855 klip2
24 0 111318 5 9.465267 klip2
24 0 108492 6 9.270619 klip2
24 0 93320 7 9.2099 klip2
24 0 110916 8 9.147123 klip2
24 0 145778 9 9.105931 klip2
25 0 105482 0 17.226496 klip2
25 0 145820 1 16.664062 klip2
25 0 100472 2 15.728292 klip2
25 0 103550 3 15.646679 klip2
25 0 105678 4 15.185751 klip2
25 0 104392 5 15.110193 klip2
25 0 101621 6 14.86039 klip2
25 0 110073 7 14.843063 klip2
25 0 98178 8 14.827496 klip2
25 0 111058 9 14.622516 klip2
26 0 111770 0 23.859074 klip2
26 0 122259 1 23.07011 klip2
26 0 104783 2 21.965847 klip2
26 0 110929 3 21.489613 klip2
26 0 112742 4 21.34974 klip2
26 0 112460 5 20.965673 klip2
26 0 821305 6 20.947971 klip2
26 0 111870 7 20.43044 klip2
26 0 122263 8 20.331205 klip2
26 0 2812587 9 20.29449 klip2
27 0 4157382 0 32.75868 klip2
27 0 4157405 1 32.75868 klip2
27 0 4154603 2 25.612858 klip2
27 0 145793 3 23.680677 klip2
27 0 118297 4 23.437576 klip2
27 0 2783506 5 22.892881 klip2
27 0 112491 6 22.435781 klip2
27 0 1088005 7 22.190874 klip2
27 0 111380 8 22.048615 klip2
27 0 2678465 9 21.822529 klip2
28 0 4157382 0 27.162523 klip2
28 0 4157405 1 27.162523 klip2
28 0 112346 2 21.53746 klip2
28 0 104312 3 20.195793 klip2
28 0 1087903 4 20.138699 klip2
28 0 104908 5 20.117083 klip2
28 0 104005 6 19.273727 klip2
28 0 96946 7 18.763819 klip2
28 0 118297 8 18.72063 klip2
28 0 91507 9 18.720621 klip2
29 0 110953 0 11.029686 klip2
29 0 145778 1 10.924532 klip2
29 0 111907 2 10.8791065 klip2
29 0 105583 3 10.5964775 klip2
29 0 108579 4 10.50901 klip2
29 0 146983 5 10.388376 klip2
29 0 117934 6 10.223187 klip2
29 0 108699 7 10.092154 klip2
29 0 145727 8 9.828064 klip2
29 0 145788 9 9.72201 klip2
30 0 104783 0 17.033966 klip2
30 0 105588 1 16.722918 klip2
30 0 107677 2 16.179583 klip2
30 0 88958 3 16.172634 klip2
30 0 3181025 4 15.870567 klip2
30 0 104080 5 15.421863 klip2
30 0 3177198 6 15.382369 klip2
30 0 3171727 7 15.373453 klip2
30 0 3177201 8 15.373453 klip2
30 0 106013 9 15.200638 klip2
31 0 107820 0 21.597538 klip2
31 0 106445 1 21.291685 klip2
31 0 112744 2 21.248276 klip2
31 0 111559 3 20.590555 klip2
31 0 112463 4 20.428768 klip2
31 0 104335 5 20.37744 klip2
31 0 104841 6 20.329056 klip2
31 0 110887 7 20.207464 klip2
31 0 104573 8 20.138151 klip2
31 0 96188 9 20.115887 klip2
32 0 112329 0 26.733942 klip2
32 0 112850 1 26.486507 klip2
32 0 112090 2 25.322432 klip2
32 0 125839 3 24.122084 klip2
32 0 111434 4 24.072731 klip2
32 0 1728 5 23.959538 klip2
32 0 117853 6 22.989758 klip2
32 0 145710 7 21.774532 klip2
32 0 112447 8 21.419397 klip2
32 0 118455 9 20.678295 klip2
33 0 118432 0 18.33255 klip2
33 0 93227 1 17.63227 klip2
33 0 181012 2 16.322992 klip2
33 0 111717 3 15.704843 klip2
33 0 118356 4 15.573773 klip2
33 0 94425 5 15.320223 klip2
33 0 110833 6 14.825513 klip2
33 0 111567 7 14.814211 klip2
33 0 110683 8 14.563042 klip2
33 0 127929 9 14.441307 klip2
34 0 145911 0 26.64451 klip2
34 0 2676594 1 25.931044 klip2
34 0 2675753 2 24.981543 klip2
34 0 2679204 3 24.981543 klip2
34 0 102259 4 24.157015 klip2
34 0 104856 5 23.930836 klip2
34 0 106286 6 23.752468 klip2
34 0 111242 7 23.620275 klip2
34 0 102314 8 23.545975 klip2
34 0 107622 9 23.146526 klip2
35 0 2678134 0 17.11973 klip2
35 0 106032 1 14.595616 klip2
35 0 118121 2 14.328885 klip2
35 0 97834 3 13.810996 klip2
35 0 102377 4 13.703624 klip2
35 0 87318 5 13.660859 klip2
35 0 150541 6 13.327436 klip2
35 0 85015 7 13.20543 klip2
35 0 85194 8 13.187939 klip2
35 0 105261 9 13.105713 klip2
36 0 108196 0 20.753231 klip2
36 0 102270 1 20.376333 klip2
36 0 100456 2 20.298439 klip2
36 0 102329 3 20.062815 klip2
36 0 102091 4 19.30595 klip2
36 0 122254 5 19.260149 klip2
36 0 109098 6 19.24322 klip2
36 0 106440 7 19.18763 klip2
36 0 93539 8 18.994469 klip2
36 0 101436 9 18.97651 klip2
37 0 108381 0 24.348 klip2
37 0 108530 1 24.273348 klip2
37 0 106658 2 23.927418 klip2
37 0 105002 3 23.698753 klip2
37 0 109813 4 23.314795 klip2
37 0 110742 5 23.28126 klip2
37 0 105221 6 22.626245 klip2
37 0 110774 7 22.492338 klip2
37 0 112133 8 22.308167 klip2
37 0 108863 9 22.284054 klip2
38 0 111860 0 12.365424 klip2
38 0 93080 1 12.206965 klip2
38 0 112087 2 11.905105 klip2
38 0 109813 3 11.82342 klip2
38 0 112572 4 11.577789 klip2
38 0 112742 5 11.442418 klip2
38 0 2810526 6 11.429505 klip2
38 0 106406 7 11.39418 klip2
38 0 111688 8 11.380514 klip2
38 0 102037 9 11.373627 klip2
39 0 2959744 0 12.26429 klip2
39 0 855518 1 12.26429 klip2
39 0 103135 2 12.1170025 klip2
39 0 621044 3 11.9182005 klip2
39 0 621090 4 11.9182005 klip2
39 0 2959739 5 11.9182005 klip2
39 0 108818 6 11.528738 klip2
39 0 111432 7 11.388564 klip2
39 0 118182 8 11.38821 klip2
39 0 122254 9 11.381536 klip2
40 0 105200 0 34.825314 klip2
40 0 621044 1 30.67116 klip2
40 0 621090 2 30.67116 klip2
40 0 2959739 3 30.67116 klip2
40 0 108818 4 29.984539 klip2
40 0 118457 5 29.607317 klip2
40 0 2959744 6 29.12154 klip2
40 0 855518 7 29.12154 klip2
40 0 103135 8 28.683203 klip2
40 0 122254 9 28.27949 klip2
41 0 105168 0 22.045998 klip2
41 0 105836 1 21.604729 klip2
41 0 103958 2 20.551634 klip2
41 0 117949 3 20.477606 klip2
41 0 1087697 4 20.37225 klip2
41 0 106193 5 20.146955 klip2
41 0 104136 6 20.123575 klip2
41 0 145874 7 20.080173 klip2
41 0 111506 8 19.932404 klip2
41 0 2809767 9 19.401724 klip2
42 0 3214775 0 22.60715 klip2
42 0 105168 1 22.045998 klip2
42 0 105836 2 21.604729 klip2
42 0 104136 3 20.804106 klip2
42 0 103958 4 20.551634 klip2
42 0 117949 5 20.477606 klip2
42 0 1087697 6 20.37225 klip2
42 0 106193 7 20.146955 klip2
42 0 145874 8 20.080173 klip2
42 0 111506 9 19.932404 klip2
43 0 107944 0 17.573566 klip2
43 0 92029 1 17.28162 klip2
43 0 90018 2 16.984089 klip2
43 0 105883 3 16.80712 klip2
43 0 109162 4 16.56151 klip2
43 0 2678468 5 16.539324 klip2
43 0 2959747 6 16.539324 klip2
43 0 105874 7 16.47528 klip2
43 0 94458 8 16.414759 klip2
43 0 91585 9 16.11393 klip2
44 0 92670 0 8.235364 klip2
44 0 103040 1 7.8263083 klip2
44 0 108612 2 7.791757 klip2
44 0 109080 3 7.768882 klip2
44 0 218666 4 7.7519116 klip2
44 0 86273 5 7.7261815 klip2
44 0 92421 6 7.7176147 klip2
44 0 108376 7 7.6745243 klip2
44 0 121145 8 7.664978 klip2
44 0 88466 9 7.6424694 klip2
45 0 2642828 0 25.569426 klip2
45 0 2646093 1 25.17377 klip2
45 0 112142 2 24.524534 klip2
45 0 150543 3 24.271389 klip2
45 0 2959732 4 24.271389 klip2
45 0 146553 5 24.185827 klip2
45 0 146790 6 24.185827 klip2
45 0 109028 7 24.07188 klip2
45 0 110223 8 23.772505 klip2
45 0 103694 9 23.59918 klip2
46 0 621294 0 35.200928 klip2
46 0 866024 1 34.043972 klip2
46 0 858802 2 34.043972 klip2
46 0 802791 3 34.00499 klip2
46 0 903971 4 33.254444 klip2
46 0 2959742 5 33.254444 klip2
46 0 802973 6 31.60707 klip2
46 0 803271 7 31.60707 klip2
46 0 2959737 8 31.60707 klip2
46 0 800569 9 30.890837 klip2
47 0 103135 0 23.791233 klip2
47 0 109288 1 21.383907 klip2
47 0 2674861 2 21.332148 klip2
47 0 2675754 3 21.332148 klip2
47 0 122254 4 20.976004 klip2
47 0 112420 5 20.789246 klip2
47 0 621044 6 20.736813 klip2
47 0 621090 7 20.736813 klip2
47 0 2959739 8 20.736813 klip2
47 0 108818 9 20.64811 klip2
48 0 110583 0 18.623508 klip2
48 0 103544 1 16.482203 klip2
48 0 110519 2 16.479893 klip2
48 0 109288 3 15.959756 klip2
48 0 109205 4 15.792011 klip2
48 0 110139 5 15.603312 klip2
48 0 107747 6 15.551769 klip2
48 0 110601 7 15.52179 klip2
48 0 109468 8 15.459869 klip2
48 0 218133 9 15.422788 klip2
49 0 87940 0 13.099659 klip2
49 0 99984 1 12.853135 klip2
49 0 100794 2 12.830809 klip2
49 0 110611 3 12.117498 klip2
49 0 94333 4 12.025494 klip2
49 0 109422 5 11.92835 klip2
49 0 109531 6 11.899927 klip2
49 0 87597 7 11.881433 klip2
49 0 90370 8 11.773965 klip2
49 0 2672535 9 11.474096 klip2
50 0 87940 0 13.938391 klip2
50 0 99984 1 13.457813 klip2
50 0 110611 2 12.877899 klip2
50 0 87597 3 12.865732 klip2
50 0 94333 4 12.84747 klip2
50 0 100794 5 12.830809 klip2
50 0 109422 6 12.73462 klip2
50 0 109531 7 12.645013 klip2
50 0 90370 8 12.33671 klip2
50 0 2672535 9 12.242439 klip2
51 0 2812587 0 19.556032 klip2
51 0 2959748 1 19.556032 klip2
51 0 109607 2 18.569557 klip2
51 0 137728 3 18.108444 klip2
51 0 145891 4 17.32994 klip2
51 0 111794 5 16.82533 klip2
51 0 2679834 6 16.750057 klip2
51 0 118195 7 16.329166 klip2
51 0 112305 8 16.160988 klip2
51 0 111221 9 16.116909 klip2
52 0 145911 0 13.668814 klip2
52 0 798255 1 13.662514 klip2
52 0 106572 2 13.282701 klip2
52 0 107401 3 12.783617 klip2
52 0 2676594 4 12.598812 klip2
52 0 107544 5 12.464887 klip2
52 0 104832 6 12.450497 klip2
52 0 111242 7 12.445722 klip2
52 0 110673 8 12.266323 klip2
52 0 104975 9 12.263032 klip2
53 0 145850 0 24.178074 klip2
53 0 624280 1 23.122814 klip2
53 0 145792 2 22.480608 klip2
53 0 145755 3 21.181183 klip2
53 0 145748 4 20.615486 klip2
53 0 145807 5 19.865534 klip2
53 0 2784696 6 19.857952 klip2
53 0 931614 7 19.853125 klip2
53 0 145841 8 19.733217 klip2
53 0 802791 9 19.659405 klip2
54 0 624280 0 25.769047 klip2
54 0 802791 1 25.313644 klip2
54 0 621294 2 22.965916 klip2
54 0 931614 3 21.690332 klip2
54 0 798626 4 21.416859 klip2
54 0 803267 5 20.541641 klip2
54 0 809122 6 20.541641 klip2
54 0 858288 7 20.299728 klip2
54 0 821305 8 20.200218 klip2
54 0 802973 9 20.076162 klip2
55 0 118269 0 26.297148 klip2
55 0 109062 1 24.107754 klip2
55 0 145855 2 23.36762 klip2
55 0 110774 3 23.316689 klip2
55 0 4154603 4 23.26705 klip2
55 0 106142 5 22.690681 klip2
55 0 104974 6 22.57053 klip2
55 0 108027 7 22.429382 klip2
55 0 110793 8 22.101452 klip2
55 0 108851 9 22.064203 klip2
56 0 118269 0 32.656647 klip2
56 0 109062 1 30.65009 klip2
56 0 145855 2 29.84844 klip2
56 0 4154603 3 29.591045 klip2
56 0 110774 4 29.105772 klip2
56 0 106142 5 28.83074 klip2
56 0 104974 6 28.71423 klip2
56 0 108851 7 28.639492 klip2
56 0 109251 8 28.416508 klip2
56 0 108027 9 28.387482 klip2
57 0 106186 0 19.076138 klip2
57 0 802770 1 18.86113 klip2
57 0 109829 2 18.824625 klip2
57 0 104412 3 18.489328 klip2
57 0 103228 4 18.406933 klip2
57 0 103804 5 18.301727 klip2
57 0 103103 6 18.287195 klip2
57 0 102381 7 18.281208 klip2
57 0 106270 8 18.26246 klip2
57 0 103240 9 18.248909 klip2
58 0 96811 0 18.921038 klip2
58 0 105972 1 18.626534 klip2
58 0 94433 2 18.461943 klip2
58 0 109016 3 18.377836 klip2
58 0 118117 4 18.175793 klip2
58 0 105899 5 18.097532 klip2
58 0 106658 6 17.96313 klip2
58 0 118489 7 17.71752 klip2
58 0 84644 8 17.39429 klip2
58 0 111904 9 17.364029 klip2
59 0 4170685 0 29.628977 klip2
59 0 2788983 1 27.282524 klip2
59 0 97642 2 26.678288 klip2
59 0 91259 3 26.615635 klip2
59 0 107863 4 26.043707 klip2
59 0 145727 5 25.862682 klip2
59 0 931614 6 25.838175 klip2
59 0 105502 7 25.828945 klip2
59 0 91068 8 25.767492 klip2
59 0 4172500 9 25.75773 klip2
60 0 148799 0 33.643017 klip2
60 0 150541 1 32.099857 klip2
60 0 150544 2 31.571384 klip2
60 0 3195891 3 31.251528 klip2
60 0 1748 4 30.686378 klip2
60 0 2788983 5 30.394632 klip2
60 0 1725 6 30.12953 klip2
60 0 1747 7 30.041586 klip2
60 0 112818 8 29.938843 klip2
60 0 146985 9 29.8745 klip2
61 0 205788 0 16.09244 klip2
61 0 802791 1 15.425411 klip2
61 0 148795 2 14.946893 klip2
61 0 100731 3 14.937553 klip2
61 0 90950 4 14.474563 klip2
61 0 3195890 5 14.397978 klip2
61 0 112428 6 14.197635 klip2
61 0 3217477 7 14.01567 klip2
61 0 100445 8 14.012209 klip2
61 0 219512 9 13.884104 klip2
62 0 108827 0 17.501451 klip2
62 0 2676594 1 14.572434 klip2
62 0 107896 2 14.189069 klip2
62 0 2675753 3 14.066173 klip2
62 0 2679204 4 14.066173 klip2
62 0 104908 5 13.889112 klip2
62 0 145761 6 13.543065 klip2
62 0 92673 7 13.459675 klip2
62 0 97468 8 13.393065 klip2
62 0 109446 9 13.229997 klip2
63 0 108539 0 17.113745 klip2
63 0 108713 1 16.30992 klip2
63 0 2680590 2 16.140945 klip2
63 0 2959745 3 16.140945 klip2
63 0 122254 4 15.857399 klip2
63 0 621044 5 15.7671995 klip2
63 0 621090 6 15.7671995 klip2
63 0 2959739 7 15.7671995 klip2
63 0 109193 8 15.673273 klip2
63 0 107042 9 15.465948 klip2
64 0 118254 0 20.425247 klip2
64 0 103198 1 19.34265 klip2
64 0 118009 2 19.107128 klip2
64 0 110972 3 18.941349 klip2
64 0 107999 4 18.7998 klip2
64 0 105948 5 18.550972 klip2
64 0 131149 6 18.311642 klip2
64 0 105463 7 18.247557 klip2
64 0 106856 8 18.227728 klip2
64 0 134752 9 17.697094 klip2
65 0 111870 0 24.03032 klip2
65 0 112381 1 24.010597 klip2
65 0 112889 2 23.851522 klip2
65 0 118372 3 23.83854 klip2
65 0 111685 4 23.64345 klip2
65 0 110949 5 23.455515 klip2
65 0 118414 6 23.210058 klip2
65 0 799992 7 23.14761 klip2
65 0 4168363 8 22.995327 klip2
65 0 110617 9 22.915516 klip2
66 0 4151830 0 28.835592 klip2
66 0 218925 1 28.087597 klip2
66 0 3183080 2 27.926731 klip2
66 0 3213872 3 27.726738 klip2
66 0 86428 4 27.680866 klip2
66 0 182992 5 27.615969 klip2
66 0 107863 6 27.49539 klip2
66 0 182990 7 27.475601 klip2
66 0 799969 8 27.452347 klip2
66 0 3153112 9 27.218462 klip2
67 0 105405 0 24.99432 klip2
67 0 104116 1 24.731853 klip2
67 0 104573 2 24.474592 klip2
67 0 107106 3 24.122236 klip2
67 0 106100 4 23.97835 klip2
67 0 99888 5 23.854326 klip2
67 0 112463 6 23.713919 klip2
67 0 103570 7 23.534891 klip2
67 0 105408 8 23.107634 klip2
67 0 102986 9 23.057323 klip2
68 0 105405 0 22.025955 klip2
68 0 107106 1 20.787119 klip2
68 0 112463 2 20.47864 klip2
68 0 104573 3 20.476583 klip2
68 0 110527 4 20.44923 klip2
68 0 104116 5 20.363674 klip2
68 0 109450 6 20.052408 klip2
68 0 110308 7 19.84564 klip2
68 0 106100 8 19.836266 klip2
68 0 106423 9 19.782825 klip2
69 0 902267 0 28.28036 klip2
69 0 112167 1 25.384634 klip2
69 0 2655597 2 24.69713 klip2
69 0 149006 3 24.183376 klip2
69 0 111709 4 24.145287 klip2
69 0 112820 5 23.844233 klip2
69 0 110068 6 23.84272 klip2
69 0 118431 7 23.062407 klip2
69 0 218927 8 22.975084 klip2
69 0 814955 9 22.789545 klip2
70 0 100199 0 31.267479 klip2
70 0 4170683 1 30.04861 klip2
70 0 149006 2 29.721792 klip2
70 0 87732 3 29.582664 klip2
70 0 2655597 4 29.153713 klip2
70 0 105490 5 28.215977 klip2
70 0 112174 6 27.811752 klip2
70 0 95150 7 27.744392 klip2
70 0 106525 8 27.711304 klip2
70 0 112751 9 27.086521 klip2
71 0 90983 0 20.279284 klip2
71 0 86873 1 19.976322 klip2
71 0 873660 2 19.492376 klip2
71 0 101215 3 19.398903 klip2
71 0 87964 4 18.530874 klip2
71 0 109883 5 18.34698 klip2
71 0 103951 6 18.33965 klip2
71 0 89318 7 18.251863 klip2
71 0 4156357 8 18.198181 klip2
71 0 93025 9 18.08678 klip2
72 0 99192 0 19.617264 klip2
72 0 86665 1 19.299564 klip2
72 0 1751 2 18.86418 klip2
72 0 4156357 3 18.698673 klip2
72 0 148796 4 18.463837 klip2
72 0 110137 5 18.425774 klip2
72 0 148799 6 18.28438 klip2
72 0 219733 7 17.822014 klip2
72 0 220342 8 17.822014 klip2
72 0 86049 9 17.781513 klip2
73 0 4162535 0 14.481097 klip2
73 0 104334 1 14.291364 klip2
73 0 118056 2 14.258934 klip2
73 0 130160 3 14.171314 klip2
73 0 112472 4 14.149042 klip2
73 0 108952 5 14.101727 klip2
73 0 145639 6 13.926882 klip2
73 0 117987 7 13.792208 klip2
73 0 112134 8 13.563012 klip2
73 0 2804674 9 13.519458 klip2
74 0 104943 0 14.082727 klip2
74 0 112123 1 13.668369 klip2
74 0 136999 2 13.271432 klip2
74 0 112737 3 13.25148 klip2
74 0 97352 4 12.956996 klip2
74 0 106278 5 12.8638115 klip2
74 0 112781 6 12.756194 klip2
74 0 112464 7 12.663945 klip2
74 0 106101 8 12.650548 klip2
74 0 2781925 9 12.57162 klip2
75 0 2680590 0 19.966396 klip2
75 0 2959745 1 19.966396 klip2
75 0 107534 2 19.880283 klip2
75 0 101492 3 19.85463 klip2
75 0 142887 4 19.657898 klip2
75 0 142899 5 19.648317 klip2
75 0 103664 6 19.58511 klip2
75 0 89193 7 19.54542 klip2
75 0 105883 8 19.221743 klip2
75 0 145709 9 19.194267 klip2
76 0 98909 0 30.947014 klip2
76 0 111560 1 28.516356 klip2
76 0 2679833 2 26.538675 klip2
76 0 2680440 3 26.538675 klip2
76 0 108474 4 26.069803 klip2
76 0 110779 5 25.667774 klip2
76 0 111945 6 24.888847 klip2
76 0 98020 7 24.461025 klip2
76 0 104806 8 24.257778 klip2
76 0 103882 9 23.597551 klip2
77 0 4094005 0 20.657812 klip2
77 0 109306 1 20.072956 klip2
77 0 104229 2 20.025562 klip2
77 0 109720 3 19.164484 klip2
77 0 104375 4 18.947983 klip2
77 0 107969 5 18.946295 klip2
77 0 103889 6 18.877302 klip2
77 0 118142 7 18.876728 klip2
77 0 104366 8 18.835575 klip2
77 0 109731 9 18.710934 klip2
78 0 109177 0 14.632498 klip2
78 0 111069 1 14.61483 klip2
78 0 105155 2 14.595465 klip2
78 0 110125 3 14.360242 klip2
78 0 95778 4 14.0915165 klip2
78 0 111897 5 13.943409 klip2
78 0 111017 6 13.912658 klip2
78 0 104767 7 13.788082 klip2
78 0 108957 8 13.758865 klip2
78 0 105259 9 13.64528 klip2
79 0 86640 0 17.75035 klip2
79 0 118143 1 17.066792 klip2
79 0 93471 2 16.628319 klip2
79 0 99511 3 16.606178 klip2
79 0 88269 4 16.35246 klip2
79 0 111009 5 16.336262 klip2
79 0 94796 6 16.33299 klip2
79 0 2620767 7 16.249166 klip2
79 0 98859 8 16.189728 klip2
79 0 87559 9 15.490761 klip2
80 0 3211503 0 22.660439 klip2
80 0 2676594 1 22.652018 klip2
80 0 118369 2 22.418324 klip2
80 0 802401 3 22.37336 klip2
80 0 802772 4 22.37336 klip2
80 0 149653 5 22.35681 klip2
80 0 145648 6 22.078915 klip2
80 0 2675753 7 22.04904 klip2
80 0 2679204 8 22.04904 klip2
80 0 110254 9 21.969616 klip2
81 0 117993 0 14.601563 klip2
81 0 90646 1 14.552904 klip2
81 0 89164 2 14.381639 klip2
81 0 94851 3 14.224373 klip2
81 0 86098 4 14.193301 klip2
81 0 88939 5 13.972774 klip2
81 0 112801 6 13.7875805 klip2
81 0 110944 7 13.765263 klip2
81 0 102208 8 13.459423 klip2
81 0 98516 9 13.452165 klip2
82 0 112273 0 17.43762 klip2
82 0 108581 1 16.53713 klip2
82 0 102842 2 15.7878475 klip2
82 0 110963 3 15.564287 klip2
82 0 117874 4 15.253556 klip2
82 0 103086 5 15.134446 klip2
82 0 92911 6 15.0901785 klip2
82 0 112221 7 15.07322 klip2
82 0 118261 8 15.041091 klip2
82 0 108376 9 14.775237 klip2
83 0 145859 0 26.679138 klip2
83 0 109038 1 23.982256 klip2
83 0 104316 2 22.979717 klip2
83 0 112922 3 22.220324 klip2
83 0 107980 4 22.12084 klip2
83 0 110681 5 21.67567 klip2
83 0 137746 6 21.54182 klip2
83 0 111333 7 21.490036 klip2
83 0 109894 8 21.361927 klip2
83 0 106577 9 20.962502 klip2
84 0 110681 0 28.215614 klip2
84 0 112922 1 28.085606 klip2
84 0 107293 2 27.81399 klip2
84 0 145859 3 26.940464 klip2
84 0 109038 4 26.072653 klip2
84 0 107980 5 26.019827 klip2
84 0 109895 6 25.841597 klip2
84 0 107166 7 25.52909 klip2
84 0 109894 8 25.512768 klip2
84 0 106577 9 25.482203 klip2
85 0 802973 0 17.826616 klip2
85 0 803271 1 17.826616 klip2
85 0 2959737 2 17.826616 klip2
85 0 86049 3 16.956244 klip2
85 0 105849 4 16.783764 klip2
85 0 2809767 5 16.643877 klip2
85 0 2811850 6 16.643877 klip2
85 0 150543 7 16.616402 klip2
85 0 2959732 8 16.616402 klip2
85 0 98166 9 16.580061 klip2
86 0 802973 0 18.56056 klip2
86 0 803271 1 18.56056 klip2
86 0 2959737 2 18.56056 klip2
86 0 92906 3 16.324081 klip2
86 0 106529 4 16.10921 klip2
86 0 97834 5 16.053087 klip2
86 0 108418 6 15.56902 klip2
86 0 107681 7 15.472372 klip2
86 0 118269 8 15.402388 klip2
86 0 106576 9 15.248978 klip2
87 0 118313 0 13.466641 klip2
87 0 85161 1 13.2944 klip2
87 0 111475 2 12.890421 klip2
87 0 104480 3 12.563565 klip2
87 0 104206 4 12.34679 klip2
87 0 118017 5 12.280254 klip2
87 0 85063 6 11.9694605 klip2
87 0 99736 7 11.703664 klip2
87 0 104479 8 11.415813 klip2
87 0 107888 9 11.161401 klip2
88 0 105412 0 14.54899 klip2
88 0 86092 1 14.041056 klip2
88 0 111170 2 13.907561 klip2
88 0 112356 3 13.760999 klip2
88 0 2672209 4 13.681192 klip2
88 0 2657779 5 13.681192 klip2
88 0 614392 6 13.248983 klip2
88 0 614485 7 13.248983 klip2
88 0 89681 8 13.245836 klip2
88 0 182992 9 13.200526 klip2
89 0 142887 0 24.068827 klip2
89 0 127885 1 23.25721 klip2
89 0 108827 2 23.223297 klip2
89 0 2646093 3 22.975494 klip2
89 0 108828 4 22.59932 klip2
89 0 111482 5 22.189766 klip2
89 0 109679 6 22.085835 klip2
89 0 127921 7 22.03685 klip2
89 0 109643 8 21.758417 klip2
89 0 110519 9 21.36176 klip2
90 0 109711 0 28.589855 klip2
90 0 3177198 1 28.458439 klip2
90 0 3171727 2 28.427502 klip2
90 0 3177201 3 28.427502 klip2
90 0 118141 4 28.25629 klip2
90 0 2680590 5 28.201872 klip2
90 0 2959745 6 28.201872 klip2
90 0 103703 7 28.132185 klip2
90 0 103537 8 27.574585 klip2
90 0 100038 9 27.185091 klip2
91 0 145782 0 31.647354 klip2
91 0 145778 1 27.86385 klip2
91 0 3212514 2 27.0723 klip2
91 0 1748 3 24.476545 klip2
91 0 800568 4 23.781906 klip2
91 0 145923 5 23.680866 klip2
91 0 101686 6 22.746248 klip2
91 0 147527 7 22.725475 klip2
91 0 2680590 8 22.625639 klip2
91 0 2959745 9 22.625639 klip2
92 0 3212514 0 21.637339 klip2
92 0 108969 1 20.651718 klip2
92 0 100987 2 20.134132 klip2
92 0 902265 3 20.066479 klip2
92 0 108996 4 20.028719 klip2
92 0 101750 5 19.97377 klip2
92 0 1748 6 19.871958 klip2
92 0 112553 7 19.545298 klip2
92 0 103132 8 19.323402 klip2
92 0 109445 9 19.303843 klip2
93 0 118440 0 23.996399 klip2
93 0 109981 1 23.588572 klip2
93 0 106445 2 23.300653 klip2
93 0 108218 3 23.029589 klip2
93 0 118129 4 22.880732 klip2
93 0 107371 5 22.188559 klip2
93 0 109814 6 21.96659 klip2
93 0 106286 7 21.914524 klip2
93 0 2672208 8 21.85902 klip2
93 0 2670794 9 21.85902 klip2
94 0 118440 0 23.996399 klip2
94 0 109981 1 23.588572 klip2
94 0 106445 2 23.300653 klip2
94 0 108218 3 23.029589 klip2
94 0 118129 4 22.880732 klip2
94 0 107371 5 22.188559 klip2
94 0 109814 6 21.96659 klip2
94 0 106286 7 21.914524 klip2
94 0 2672208 8 21.85902 klip2
94 0 2670794 9 21.85902 klip2
95 0 103637 0 13.996388 klip2
95 0 145692 1 13.247251 klip2
95 0 109745 2 12.510665 klip2
95 0 103533 3 12.319961 klip2
95 0 107475 4 12.277842 klip2
95 0 107400 5 12.259421 klip2
95 0 104296 6 12.143529 klip2
95 0 95430 7 12.1215105 klip2
95 0 100809 8 12.092151 klip2
95 0 100457 9 11.876906 klip2
96 0 112840 0 14.272597 klip2
96 0 127691 1 14.0982 klip2
96 0 131159 2 13.766379 klip2
96 0 93796 3 13.698241 klip2
96 0 111242 4 13.62658 klip2
96 0 111381 5 13.442644 klip2
96 0 111431 6 13.409418 klip2
96 0 104228 7 13.348725 klip2
96 0 109067 8 13.320684 klip2
96 0 112538 9 13.261231 klip2
97 0 112101 0 20.442476 klip2
97 0 182990 1 17.317167 klip2
97 0 99296 2 17.09119 klip2
97 0 112065 3 16.839464 klip2
97 0 2781925 4 16.674082 klip2
97 0 109965 5 16.646719 klip2
97 0 109830 6 16.513538 klip2
97 0 4154603 7 16.453876 klip2
97 0 109643 8 15.990435 klip2
97 0 110317 9 15.9203615 klip2
98 0 91121 0 10.500504 klip2
98 0 85539 1 9.890709 klip2
98 0 87012 2 9.756007 klip2
98 0 85019 3 9.689647 klip2
98 0 97940 4 9.618272 klip2
98 0 90278 5 9.559933 klip2
98 0 99292 6 9.520324 klip2
98 0 90658 7 9.506369 klip2
98 0 84777 8 9.342773 klip2
98 0 91176 9 9.33503 klip2
99 0 118481 0 11.978106 klip2
99 0 112267 1 11.697638 klip2
99 0 109020 2 11.486607 klip2
99 0 108196 3 11.476118 klip2
99 0 108596 4 11.407418 klip2
99 0 108952 5 11.292759 klip2
99 0 105931 6 11.267836 klip2
99 0 109814 7 11.252869 klip2
99 0 109965 8 11.209549 klip2
99 0 117902 9 11.199352 klip2
100 0 109633 0 18.868877 klip2
100 0 110552 1 18.691217 klip2
100 0 106286 2 18.425642 klip2
100 0 107393 3 17.613213 klip2
100 0 109627 4 17.450481 klip2
100 0 108481 5 17.376986 klip2
100 0 103342 6 17.23331 klip2
100 0 110487 7 17.200012 klip2
100 0 801501 8 17.172922 klip2
100 0 109288 9 17.111568 klip2
