1 0 112795 0 37.8675 klis7
1 0 111116 1 36.54342 klis7
1 0 219732 2 34.005066 klis7
1 0 219733 3 33.197765 klis7
1 0 220342 4 33.197765 klis7
1 0 2649076 5 33.174576 klis7
1 0 112924 6 32.711876 klis7
1 0 110370 7 32.393047 klis7
1 0 101572 8 31.768248 klis7
1 0 149702 9 31.527874 klis7
2 0 4170684 0 21.959614 klis7
2 0 2644673 1 19.333918 klis7
2 0 149006 2 17.839352 klis7
2 0 104571 3 17.268076 klis7
2 0 2678465 4 17.22734 klis7
2 0 145692 5 17.208385 klis7
2 0 112423 6 16.118153 klis7
2 0 110134 7 15.862789 klis7
2 0 109444 8 15.74174 klis7
2 0 109466 9 15.657197 klis7
3 0 3162143 0 48.227287 klis7
3 0 215496 1 47.928623 klis7
3 0 215694 2 47.928623 klis7
3 0 2959735 3 47.92758 klis7
3 0 118029 4 47.23464 klis7
3 0 112212 5 46.855705 klis7
3 0 145821 6 44.593307 klis7
3 0 130157 7 44.290802 klis7
3 0 118475 8 44.24335 klis7
3 0 111091 9 44.0269 klis7
4 0 215496 0 63.136166 klis7
4 0 215694 1 63.089237 klis7
4 0 2959735 2 63.087154 klis7
4 0 149007 3 60.63053 klis7
4 0 623142 4 49.62356 klis7
4 0 145821 5 47.338078 klis7
4 0 111920 6 47.316074 klis7
4 0 118029 7 46.86789 klis7
4 0 3162143 8 46.697563 klis7
4 0 145890 9 46.21752 klis7
5 0 183480 0 41.751366 klis7
5 0 111789 1 39.10217 klis7
5 0 110056 2 37.84297 klis7
5 0 118174 3 37.446342 klis7
5 0 108089 4 36.49398 klis7
5 0 2672209 5 36.31655 klis7
5 0 2657779 6 36.31655 klis7
5 0 108088 7 33.32277 klis7
5 0 117911 8 32.43903 klis7
5 0 118217 9 32.284615 klis7
6 0 117932 0 30.049013 klis7
6 0 2811844 1 28.975447 klis7
6 0 2959750 2 28.975447 klis7
6 0 110883 3 20.375277 klis7
6 0 108449 4 20.230886 klis7
6 0 109573 5 19.945463 klis7
6 0 118174 6 19.623796 klis7
6 0 109004 7 19.241894 klis7
6 0 2672209 8 19.202282 klis7
6 0 2657779 9 19.202282 klis7
7 0 147531 0 36.404175 klis7
7 0 145715 1 34.898502 klis7
7 0 2672535 2 34.266506 klis7
7 0 110932 3 34.193295 klis7
7 0 214949 4 33.365704 klis7
7 0 215071 5 33.365704 klis7
7 0 134749 6 33.13593 klis7
7 0 145713 7 32.80159 klis7
7 0 110923 8 32.503452 klis7
7 0 3195892 9 32.28054 klis7
8 0 145911 0 20.267214 klis7
8 0 146981 1 19.756817 klis7
8 0 182991 2 18.941343 klis7
8 0 2760668 3 18.568977 klis7
8 0 2771248 4 17.79537 klis7
8 0 104034 5 17.767857 klis7
8 0 2812587 6 17.31816 klis7
8 0 2959748 7 17.31816 klis7
8 0 820904 8 16.844936 klis7
8 0 145903 9 16.378021 klis7
9 0 2675751 0 59.194595 klis7
9 0 112641 1 58.58442 klis7
9 0 118212 2 56.086857 klis7
9 0 110543 3 55.377834 klis7
9 0 127923 4 54.8786 klis7
9 0 109720 5 54.480236 klis7
9 0 118011 6 54.075684 klis7
9 0 111694 7 53.51379 klis7
9 0 127887 8 52.928387 klis7
9 0 118423 9 50.90507 klis7
10 0 145715 0 43.850998 klis7
10 0 112423 1 42.99009 klis7
10 0 112931 2 42.14948 klis7
10 0 111500 3 39.86145 klis7
10 0 121163 4 39.734238 klis7
10 0 147531 5 39.44732 klis7
10 0 112094 6 38.58775 klis7
10 0 145794 7 37.959488 klis7
10 0 214949 8 37.79141 klis7
10 0 215071 9 37.79141 klis7
11 0 931123 0 26.926062 klis7
11 0 212830 1 26.898996 klis7
11 0 873668 2 26.399427 klis7
11 0 110800 3 26.147305 klis7
11 0 107553 4 26.010662 klis7
11 0 620560 5 25.62444 klis7
11 0 1747 6 25.517815 klis7
11 0 2743678 7 25.216476 klis7
11 0 2809767 8 24.766731 klis7
11 0 2811850 9 24.766731 klis7
12 0 2672535 0 35.00795 klis7
12 0 809121 1 25.822071 klis7
12 0 621195 2 23.562222 klis7
12 0 621270 3 23.562222 klis7
12 0 3153112 4 23.304367 klis7
12 0 3207860 5 23.013502 klis7
12 0 109096 6 22.798056 klis7
12 0 109248 7 22.773312 klis7
12 0 111537 8 21.708252 klis7
12 0 2812586 9 21.346651 klis7
13 0 2642828 0 57.345932 klis7
13 0 802973 1 56.340733 klis7
13 0 803271 2 56.340733 klis7
13 0 2959737 3 56.340733 klis7
13 0 145967 4 52.751045 klis7
13 0 2812588 5 49.002686 klis7
13 0 2959730 6 48.27496 klis7
13 0 4106440 7 47.375904 klis7
13 0 4162111 8 46.667484 klis7
13 0 802770 9 45.388794 klis7
14 0 614392 0 37.31056 klis7
14 0 614485 1 37.31056 klis7
14 0 124715 2 36.273945 klis7
14 0 2812588 3 35.43779 klis7
14 0 145958 4 33.681164 klis7
14 0 3199501 5 33.010075 klis7
14 0 145967 6 31.722244 klis7
14 0 145632 7 29.756334 klis7
14 0 105886 8 29.221977 klis7
14 0 145965 9 29.17778 klis7
15 0 2812588 0 51.264496 klis7
15 0 4162111 1 40.45632 klis7
15 0 4015951 2 40.207253 klis7
15 0 3207858 3 38.72564 klis7
15 0 4151822 4 36.378437 klis7
15 0 4106440 5 35.933594 klis7
15 0 3199501 6 35.43343 klis7
15 0 3177196 7 33.880936 klis7
15 0 4151821 8 33.015606 klis7
15 0 2806207 9 32.49945 klis7
16 0 2812588 0 40.355534 klis7
16 0 4151822 1 39.481472 klis7
16 0 2155 2 39.28409 klis7
16 0 2770446 3 38.631393 klis7
16 0 2771249 4 31.6431 klis7
16 0 134747 5 29.723658 klis7
16 0 1921234 6 28.769007 klis7
16 0 145817 7 28.666517 klis7
16 0 121146 8 28.341043 klis7
16 0 177420 9 28.198095 klis7
17 0 118125 0 21.962147 klis7
17 0 117987 1 21.412594 klis7
17 0 118230 2 21.120844 klis7
17 0 117968 3 20.81769 klis7
17 0 111122 4 20.770205 klis7
17 0 111302 5 20.591122 klis7
17 0 110810 6 20.538374 klis7
17 0 2496261 7 20.459776 klis7
17 0 105591 8 20.158562 klis7
17 0 112076 9 19.77418 klis7
18 0 148484 0 57.530087 klis7
18 0 110810 1 48.320034 klis7
18 0 3209687 2 46.048397 klis7
18 0 110600 3 46.043606 klis7
18 0 112126 4 46.023857 klis7
18 0 105979 5 45.989708 klis7
18 0 620566 6 45.898907 klis7
18 0 145664 7 45.697426 klis7
18 0 112128 8 45.532574 klis7
18 0 118507 9 45.429653 klis7
19 0 104895 0 15.555479 klis7
19 0 109180 1 15.449481 klis7
19 0 106639 2 14.238943 klis7
19 0 117867 3 13.491535 klis7
19 0 110441 4 13.174294 klis7
19 0 111219 5 12.948792 klis7
19 0 105517 6 12.8051195 klis7
19 0 1087906 7 12.777187 klis7
19 0 104313 8 12.777187 klis7
19 0 107612 9 12.771021 klis7
20 0 118243 0 24.366186 klis7
20 0 626454 1 22.848822 klis7
20 0 111343 2 22.653114 klis7
20 0 106282 3 21.76194 klis7
20 0 108538 4 21.549242 klis7
20 0 111713 5 21.499668 klis7
20 0 136996 6 21.444693 klis7
20 0 111788 7 21.12052 klis7
20 0 109032 8 21.035593 klis7
20 0 111727 9 20.831924 klis7
21 0 2659300 0 27.874298 klis7
21 0 867657 1 25.171873 klis7
21 0 118371 2 24.595835 klis7
21 0 112777 3 24.335123 klis7
21 0 117890 4 23.16436 klis7
21 0 112799 5 23.00709 klis7
21 0 145925 6 22.670282 klis7
21 0 112846 7 22.375774 klis7
21 0 2795279 8 21.729252 klis7
21 0 145747 9 21.345402 klis7
22 0 111021 0 60.847965 klis7
22 0 145644 1 59.995438 klis7
22 0 110694 2 56.980434 klis7
22 0 109807 3 56.59771 klis7
22 0 112737 4 53.69281 klis7
22 0 145788 5 53.45368 klis7
22 0 111517 6 52.845634 klis7
22 0 112880 7 52.42324 klis7
22 0 117949 8 51.441883 klis7
22 0 117852 9 51.301464 klis7
23 0 112257 0 18.078241 klis7
23 0 4162535 1 16.728577 klis7
23 0 118449 2 16.024225 klis7
23 0 137736 3 15.000987 klis7
23 0 2810525 4 14.733036 klis7
23 0 2811847 5 14.733036 klis7
23 0 107645 6 14.266685 klis7
23 0 145738 7 14.198162 klis7
23 0 3153112 8 14.079461 klis7
23 0 111610 9 13.968961 klis7
24 0 2804671 0 24.054039 klis7
24 0 182558 1 21.414377 klis7
24 0 802408 2 21.36699 klis7
24 0 2801435 3 21.339487 klis7
24 0 2654754 4 20.260252 klis7
24 0 625711 5 20.021166 klis7
24 0 3217476 6 19.724129 klis7
24 0 145635 7 19.578186 klis7
24 0 616433 8 19.175951 klis7
24 0 4162535 9 18.784777 klis7
25 0 112345 0 33.361088 klis7
25 0 3211503 1 32.43284 klis7
25 0 112616 2 29.357769 klis7
25 0 118021 3 26.58154 klis7
25 0 109416 4 23.385672 klis7
25 0 108632 5 23.34627 klis7
25 0 101911 6 23.232841 klis7
25 0 108129 7 21.90509 klis7
25 0 112217 8 21.538816 klis7
25 0 107971 9 21.454134 klis7
26 0 145758 0 44.712006 klis7
26 0 112324 1 43.307903 klis7
26 0 117872 2 43.182068 klis7
26 0 118026 3 43.054302 klis7
26 0 112616 4 40.71904 klis7
26 0 112045 5 40.54995 klis7
26 0 112724 6 40.19916 klis7
26 0 118070 7 40.190353 klis7
26 0 111056 8 39.797733 klis7
26 0 110086 9 39.777184 klis7
27 0 4157382 0 39.19847 klis7
27 0 4157405 1 39.19847 klis7
27 0 111141 2 30.679482 klis7
27 0 112346 3 30.63675 klis7
27 0 110384 4 29.946539 klis7
27 0 112071 5 27.429157 klis7
27 0 110706 6 26.044157 klis7
27 0 110320 7 25.547314 klis7
27 0 118475 8 24.178307 klis7
27 0 620673 9 23.536133 klis7
28 0 4157382 0 58.808765 klis7
28 0 4157405 1 58.808765 klis7
28 0 112346 2 43.65465 klis7
28 0 111141 3 39.769226 klis7
28 0 112523 4 37.23812 klis7
28 0 217703 5 36.799313 klis7
28 0 107063 6 32.95225 klis7
28 0 110384 7 32.714127 klis7
28 0 112308 8 32.497684 klis7
28 0 2679557 9 31.185863 klis7
29 0 112620 0 26.935585 klis7
29 0 4151826 1 26.254963 klis7
29 0 145843 2 26.232006 klis7
29 0 145726 3 25.523804 klis7
29 0 118044 4 25.077837 klis7
29 0 145632 5 25.017792 klis7
29 0 112173 6 24.725899 klis7
29 0 3195890 7 24.712904 klis7
29 0 205788 8 24.525278 klis7
29 0 111471 9 24.504852 klis7
30 0 145841 0 43.86459 klis7
30 0 205788 1 40.151814 klis7
30 0 218921 2 38.01364 klis7
30 0 118117 3 37.66952 klis7
30 0 145708 4 37.257942 klis7
30 0 137739 5 35.515266 klis7
30 0 145916 6 35.170216 klis7
30 0 145843 7 35.014076 klis7
30 0 118343 8 34.90262 klis7
30 0 148795 9 34.469 klis7
31 0 145925 0 39.581734 klis7
31 0 148797 1 38.10936 klis7
31 0 118412 2 35.30287 klis7
31 0 145857 3 34.68362 klis7
31 0 3207859 4 34.51984 klis7
31 0 137003 5 34.29653 klis7
31 0 902267 6 32.63229 klis7
31 0 130146 7 32.46009 klis7
31 0 616433 8 31.802876 klis7
31 0 3214777 9 31.235794 klis7
32 0 118458 0 20.993408 klis7
32 0 110561 1 20.965708 klis7
32 0 118023 2 19.9558 klis7
32 0 118139 3 19.872904 klis7
32 0 112329 4 19.775845 klis7
32 0 118499 5 19.735544 klis7
32 0 109505 6 19.52827 klis7
32 0 118303 7 19.481493 klis7
32 0 112836 8 19.44405 klis7
32 0 109450 9 19.390219 klis7
33 0 2809767 0 29.51356 klis7
33 0 2811850 1 29.51356 klis7
33 0 2676594 2 24.010935 klis7
33 0 2675753 3 23.595652 klis7
33 0 2679204 4 23.595652 klis7
33 0 112728 5 23.036236 klis7
33 0 118302 6 21.94181 klis7
33 0 110667 7 21.475784 klis7
33 0 110382 8 21.444729 klis7
33 0 108583 9 21.060282 klis7
34 0 2676594 0 83.56054 klis7
34 0 2675753 1 82.9879 klis7
34 0 2679204 2 82.9879 klis7
34 0 2809767 3 81.25777 klis7
34 0 2811850 4 81.25777 klis7
34 0 136994 5 46.13447 klis7
34 0 137727 6 46.049362 klis7
34 0 112325 7 42.3274 klis7
34 0 121158 8 41.207127 klis7
34 0 3216389 9 37.40764 klis7
35 0 3205767 0 30.761364 klis7
35 0 932061 1 28.068981 klis7
35 0 118329 2 27.02765 klis7
35 0 821306 3 25.854612 klis7
35 0 3203656 4 25.400494 klis7
35 0 3206414 5 25.400494 klis7
35 0 149005 6 24.476194 klis7
35 0 213843 7 24.238419 klis7
35 0 214063 8 24.238419 klis7
35 0 214467 9 24.238419 klis7
36 0 112259 0 31.329586 klis7
36 0 105224 1 30.916758 klis7
36 0 131163 2 30.844942 klis7
36 0 109923 3 30.596687 klis7
36 0 110101 4 29.478453 klis7
36 0 118187 5 29.43992 klis7
36 0 213843 6 29.423212 klis7
36 0 214063 7 29.423212 klis7
36 0 214467 8 29.423212 klis7
36 0 118234 9 29.419521 klis7
37 0 4151829 0 36.15668 klis7
37 0 112910 1 33.541836 klis7
37 0 145731 2 33.299538 klis7
37 0 111982 3 31.488266 klis7
37 0 110742 4 30.672812 klis7
37 0 145855 5 30.504574 klis7
37 0 118269 6 29.908033 klis7
37 0 103870 7 29.831518 klis7
37 0 111420 8 29.5573 klis7
37 0 110774 9 29.221312 klis7
38 0 118269 0 62.982697 klis7
38 0 1993216 1 59.26602 klis7
38 0 145731 2 55.434654 klis7
38 0 112910 3 54.974 klis7
38 0 4151829 4 53.955597 klis7
38 0 145855 5 53.27542 klis7
38 0 112887 6 50.530357 klis7
38 0 145629 7 47.682243 klis7
38 0 112292 8 47.47409 klis7
38 0 111264 9 46.50479 klis7
39 0 112568 0 19.34991 klis7
39 0 112420 1 17.947538 klis7
39 0 98478 2 17.840944 klis7
39 0 112273 3 17.825214 klis7
39 0 95048 4 16.94788 klis7
39 0 111502 5 16.686892 klis7
39 0 111432 6 16.671238 klis7
39 0 102086 7 16.661673 klis7
39 0 97053 8 16.504747 klis7
39 0 112936 9 16.437475 klis7
40 0 931120 0 23.195995 klis7
40 0 145943 1 22.469929 klis7
40 0 2810526 2 19.92619 klis7
40 0 112348 3 19.262491 klis7
40 0 3171723 4 19.011707 klis7
40 0 2769807 5 18.782597 klis7
40 0 149007 6 18.557043 klis7
40 0 3170727 7 18.03399 klis7
40 0 945737 8 18.0328 klis7
40 0 932059 9 18.0328 klis7
41 0 109186 0 35.662247 klis7
41 0 112585 1 34.61348 klis7
41 0 111198 2 32.54126 klis7
41 0 110132 3 32.504055 klis7
41 0 2810525 4 31.58102 klis7
41 0 2811847 5 31.58102 klis7
41 0 110075 6 31.156837 klis7
41 0 111891 7 30.783405 klis7
41 0 112440 8 30.747328 klis7
41 0 111254 9 30.287092 klis7
42 0 112924 0 39.000935 klis7
42 0 3189783 1 36.464943 klis7
42 0 137003 2 36.12185 klis7
42 0 117864 3 35.985344 klis7
42 0 3177199 4 35.39496 klis7
42 0 3171724 5 34.88265 klis7
42 0 3177200 6 34.88265 klis7
42 0 118131 7 34.658485 klis7
42 0 118299 8 34.046764 klis7
42 0 112810 9 34.042892 klis7
43 0 110519 0 16.876478 klis7
43 0 106707 1 16.141186 klis7
43 0 112920 2 15.998203 klis7
43 0 2680590 3 15.810309 klis7
43 0 2959745 4 15.810309 klis7
43 0 111467 5 15.757558 klis7
43 0 109306 6 14.888694 klis7
43 0 112803 7 14.828813 klis7
43 0 106276 8 14.745615 klis7
43 0 103366 9 14.71343 klis7
44 0 183480 0 22.121332 klis7
44 0 2781925 1 20.210453 klis7
44 0 109329 2 18.563116 klis7
44 0 802408 3 18.149303 klis7
44 0 1738 4 17.611528 klis7
44 0 145674 5 17.601513 klis7
44 0 2672209 6 17.184662 klis7
44 0 2657779 7 17.184662 klis7
44 0 112144 8 17.14001 klis7
44 0 2657927 9 16.881725 klis7
45 0 3181481 0 24.91802 klis7
45 0 112309 1 23.443151 klis7
45 0 118496 2 23.357615 klis7
45 0 111754 3 22.809978 klis7
45 0 110757 4 21.901682 klis7
45 0 145755 5 21.815744 klis7
45 0 127691 6 21.789085 klis7
45 0 130159 7 21.789085 klis7
45 0 107663 8 21.573074 klis7
45 0 106592 9 21.254116 klis7
46 0 2804673 0 31.045937 klis7
46 0 145772 1 28.829699 klis7
46 0 618680 2 26.719465 klis7
46 0 866024 3 25.71289 klis7
46 0 858802 4 25.71289 klis7
46 0 623145 5 24.941505 klis7
46 0 1269289 6 24.921356 klis7
46 0 137740 7 24.735403 klis7
46 0 145792 8 24.13652 klis7
46 0 118453 9 24.13208 klis7
47 0 2674861 0 34.37304 klis7
47 0 2675754 1 34.37304 klis7
47 0 108545 2 29.279333 klis7
47 0 121149 3 27.258104 klis7
47 0 111362 4 27.048191 klis7
47 0 96147 5 26.97582 klis7
47 0 118218 6 26.649172 klis7
47 0 105417 7 26.598274 klis7
47 0 142882 8 26.05811 klis7
47 0 2518018 9 25.916887 klis7
48 0 2674861 0 28.04723 klis7
48 0 2675754 1 28.04723 klis7
48 0 103019 2 26.12982 klis7
48 0 108041 3 22.645174 klis7
48 0 112422 4 22.610807 klis7
48 0 107451 5 22.470655 klis7
48 0 117984 6 22.467783 klis7
48 0 103020 7 21.633856 klis7
48 0 104412 8 21.227388 klis7
48 0 103201 9 20.512987 klis7
49 0 4162535 0 27.983536 klis7
49 0 95414 1 21.099648 klis7
49 0 101852 2 21.087132 klis7
49 0 2672535 3 20.907234 klis7
49 0 90620 4 20.888159 klis7
49 0 93031 5 19.066214 klis7
49 0 1957917 6 18.538506 klis7
49 0 95551 7 17.318146 klis7
49 0 87007 8 16.643549 klis7
49 0 102376 9 16.461512 klis7
50 0 118203 0 25.929354 klis7
50 0 109776 1 25.49709 klis7
50 0 112733 2 25.394293 klis7
50 0 118449 3 25.265226 klis7
50 0 110763 4 24.708986 klis7
50 0 117950 5 24.55826 klis7
50 0 112933 6 24.175468 klis7
50 0 111953 7 23.872684 klis7
50 0 109932 8 23.752687 klis7
50 0 112606 9 23.693422 klis7
51 0 145849 0 11.670228 klis7
51 0 109715 1 11.654159 klis7
51 0 1741 2 11.2986965 klis7
51 0 112867 3 11.160378 klis7
51 0 107587 4 11.034416 klis7
51 0 127913 5 11.026271 klis7
51 0 107254 6 10.93933 klis7
51 0 145791 7 10.796401 klis7
51 0 109466 8 10.776106 klis7
51 0 2808293 9 10.769122 klis7
52 0 112770 0 21.966673 klis7
52 0 802399 1 19.572971 klis7
52 0 107187 2 19.301907 klis7
52 0 90150 3 19.156357 klis7
52 0 97465 4 18.93938 klis7
52 0 137750 5 18.268873 klis7
52 0 111908 6 17.813305 klis7
52 0 91094 7 17.704443 klis7
52 0 87549 8 17.64311 klis7
52 0 854177 9 17.636248 klis7
53 0 625711 0 35.211212 klis7
53 0 872994 1 31.766008 klis7
53 0 112573 2 29.160664 klis7
53 0 621045 3 29.050312 klis7
53 0 145635 4 28.892895 klis7
53 0 2655591 5 28.429155 klis7
53 0 145628 6 28.195347 klis7
53 0 112206 7 27.37308 klis7
53 0 112640 8 27.342068 klis7
53 0 118357 9 27.164785 klis7
54 0 145884 0 33.425987 klis7
54 0 2358 1 33.24971 klis7
54 0 205788 2 33.14896 klis7
54 0 216733 3 32.84769 klis7
54 0 145632 4 32.49968 klis7
54 0 931123 5 32.460392 klis7
54 0 616862 6 32.421124 klis7
54 0 931614 7 32.209618 klis7
54 0 1744 8 31.710756 klis7
54 0 2808291 9 31.606089 klis7
55 0 4154603 0 77.96539 klis7
55 0 145731 1 56.59379 klis7
55 0 110774 2 51.515884 klis7
55 0 111261 3 51.132835 klis7
55 0 145855 4 49.403717 klis7
55 0 118269 5 47.319374 klis7
55 0 111420 6 45.942905 klis7
55 0 112910 7 41.502995 klis7
55 0 110021 8 40.03133 klis7
55 0 3216389 9 34.358063 klis7
56 0 4154603 0 35.544113 klis7
56 0 145855 1 30.20567 klis7
56 0 145731 2 27.913626 klis7
56 0 145629 3 25.50338 klis7
56 0 112910 4 25.495808 klis7
56 0 107743 5 25.257448 klis7
56 0 109882 6 24.755293 klis7
56 0 110021 7 24.74234 klis7
56 0 118269 8 23.75595 klis7
56 0 108548 9 23.628244 klis7
57 0 147953 0 9.5584135 klis7
57 0 148480 1 9.5584135 klis7
57 0 3209687 2 9.114741 klis7
57 0 145907 3 9.101161 klis7
57 0 799990 4 9.065226 klis7
57 0 145745 5 8.927701 klis7
57 0 145772 6 8.847823 klis7
57 0 117908 7 8.710756 klis7
57 0 149287 8 8.666624 klis7
57 0 2804673 9 8.6442375 klis7
58 0 118467 0 22.50023 klis7
58 0 821305 1 21.848692 klis7
58 0 106152 2 21.00867 klis7
58 0 118282 3 20.922386 klis7
58 0 2671725 4 20.867884 klis7
58 0 2672207 5 20.84163 klis7
58 0 145804 6 20.831837 klis7
58 0 2811845 7 20.798265 klis7
58 0 145881 8 20.781305 klis7
58 0 112077 9 20.559557 klis7
59 0 2788983 0 67.19317 klis7
59 0 4170685 1 65.92565 klis7
59 0 931614 2 64.22876 klis7
59 0 130158 3 62.72682 klis7
59 0 112824 4 60.84997 klis7
59 0 111736 5 60.23715 klis7
59 0 145627 6 60.20518 klis7
59 0 112905 7 59.800236 klis7
59 0 145856 8 58.26819 klis7
59 0 2672208 9 58.10891 klis7
60 0 931614 0 52.845066 klis7
60 0 118257 1 49.343594 klis7
60 0 127905 2 48.893993 klis7
60 0 145856 3 47.672115 klis7
60 0 118334 4 47.225254 klis7
60 0 109810 5 46.916878 klis7
60 0 110510 6 46.58692 klis7
60 0 3195891 7 46.168247 klis7
60 0 621195 8 44.46522 klis7
60 0 621270 9 44.46522 klis7
61 0 2812210 0 64.05482 klis7
61 0 219815 1 60.877556 klis7
61 0 145743 2 60.793903 klis7
61 0 145923 3 58.658295 klis7
61 0 218457 4 54.446877 klis7
61 0 3195092 5 53.996582 klis7
61 0 1732 6 51.82611 klis7
61 0 1087955 7 48.2135 klis7
61 0 2620704 8 46.737286 klis7
61 0 179213 9 44.08976 klis7
62 0 219512 0 27.277428 klis7
62 0 117832 1 26.46411 klis7
62 0 110091 2 26.253195 klis7
62 0 218921 3 25.879992 klis7
62 0 802770 4 25.49709 klis7
62 0 118045 5 25.37872 klis7
62 0 2620703 6 25.299618 klis7
62 0 899483 7 25.120205 klis7
62 0 205788 8 25.095203 klis7
62 0 136995 9 24.959908 klis7
63 0 97274 0 9.496572 klis7
63 0 1095862 1 9.34216 klis7
63 0 106208 2 9.294259 klis7
63 0 97873 3 9.211398 klis7
63 0 1332352 4 9.143631 klis7
63 0 96019 5 9.137589 klis7
63 0 97779 6 9.115475 klis7
63 0 105496 7 9.102873 klis7
63 0 102072 8 9.084072 klis7
63 0 96350 9 8.933567 klis7
64 0 2758568 0 46.892033 klis7
64 0 145895 1 38.78297 klis7
64 0 110645 2 35.85394 klis7
64 0 102061 3 35.174442 klis7
64 0 109773 4 32.1108 klis7
64 0 111082 5 32.02629 klis7
64 0 93425 6 30.84376 klis7
64 0 111051 7 30.037804 klis7
64 0 110542 8 29.884354 klis7
64 0 111936 9 29.681879 klis7
65 0 118123 0 21.581913 klis7
65 0 111285 1 13.182061 klis7
65 0 112935 2 12.539192 klis7
65 0 112677 3 12.531555 klis7
65 0 4151825 4 12.4342575 klis7
65 0 111051 5 12.058018 klis7
65 0 145867 6 12.054789 klis7
65 0 112016 7 11.822202 klis7
65 0 106786 8 11.189704 klis7
65 0 122242 9 11.172175 klis7
66 0 3211501 0 43.946873 klis7
66 0 145867 1 42.09008 klis7
66 0 111632 2 39.59925 klis7
66 0 112935 3 32.45337 klis7
66 0 112106 4 31.20798 klis7
66 0 112547 5 31.116173 klis7
66 0 118495 6 28.590416 klis7
66 0 121170 7 26.61273 klis7
66 0 110251 8 26.491205 klis7
66 0 118123 9 25.436285 klis7
67 0 867645 0 27.107079 klis7
67 0 145800 1 22.837332 klis7
67 0 103093 2 20.701948 klis7
67 0 104194 3 20.639893 klis7
67 0 102083 4 20.551445 klis7
67 0 100065 5 20.310656 klis7
67 0 1087847 6 20.06622 klis7
67 0 145664 7 19.587614 klis7
67 0 106757 8 19.574677 klis7
67 0 110330 9 19.540974 klis7
68 0 111559 0 32.604767 klis7
68 0 103675 1 31.858658 klis7
68 0 106508 2 31.799757 klis7
68 0 92823 3 30.826262 klis7
68 0 105646 4 30.7564 klis7
68 0 107036 5 29.950472 klis7
68 0 101413 6 29.572071 klis7
68 0 106483 7 29.550268 klis7
68 0 106445 8 29.244946 klis7
68 0 106062 9 29.15997 klis7
69 0 111438 0 28.399801 klis7
69 0 109510 1 28.33823 klis7
69 0 112881 2 28.141792 klis7
69 0 112719 3 28.141132 klis7
69 0 117927 4 27.935202 klis7
69 0 799975 5 27.73086 klis7
69 0 118363 6 27.602053 klis7
69 0 799995 7 27.535765 klis7
69 0 118098 8 27.288664 klis7
69 0 145642 9 27.050043 klis7
70 0 111709 0 41.00929 klis7
70 0 118111 1 40.95401 klis7
70 0 112534 2 39.048527 klis7
70 0 118080 3 36.63906 klis7
70 0 117961 4 35.524937 klis7
70 0 1087961 5 34.93955 klis7
70 0 117927 6 34.89917 klis7
70 0 117859 7 34.62522 klis7
70 0 118317 8 34.264454 klis7
70 0 118379 9 33.704952 klis7
71 0 118052 0 36.232132 klis7
71 0 112904 1 36.197094 klis7
71 0 118234 2 33.1698 klis7
71 0 110331 3 32.48576 klis7
71 0 118005 4 30.818268 klis7
71 0 111103 5 30.149576 klis7
71 0 145121 6 29.88189 klis7
71 0 112914 7 29.828377 klis7
71 0 88325 8 29.784367 klis7
71 0 108643 9 29.260607 klis7
72 0 112904 0 28.403286 klis7
72 0 3189783 1 28.142488 klis7
72 0 118052 2 27.682835 klis7
72 0 108624 3 26.563147 klis7
72 0 112797 4 26.259703 klis7
72 0 2654533 5 25.95243 klis7
72 0 2654756 6 25.95243 klis7
72 0 145121 7 25.685015 klis7
72 0 112914 8 25.679028 klis7
72 0 117979 9 25.528267 klis7
73 0 2804674 0 34.736294 klis7
73 0 145624 1 34.24163 klis7
73 0 1087954 2 33.6051 klis7
73 0 118043 3 33.10535 klis7
73 0 110692 4 31.216259 klis7
73 0 111425 5 30.677086 klis7
73 0 145638 6 30.044641 klis7
73 0 868383 7 28.849316 klis7
73 0 118162 8 28.269121 klis7
73 0 109931 9 28.171665 klis7
74 0 2804674 0 27.594616 klis7
74 0 112774 1 26.876806 klis7
74 0 108616 2 26.059526 klis7
74 0 110398 3 25.65796 klis7
74 0 218667 4 25.497559 klis7
74 0 110798 5 25.22284 klis7
74 0 3183079 6 25.005318 klis7
74 0 103459 7 24.954151 klis7
74 0 219734 8 24.925266 klis7
74 0 127908 9 24.48728 klis7
75 0 2678134 0 45.071796 klis7
75 0 118226 1 42.749428 klis7
75 0 2674861 2 40.014416 klis7
75 0 2675754 3 40.014416 klis7
75 0 104252 4 39.866886 klis7
75 0 112347 5 39.854923 klis7
75 0 110362 6 38.91364 klis7
75 0 99541 7 37.53148 klis7
75 0 110779 8 37.308502 klis7
75 0 103513 9 37.161747 klis7
76 0 1740 0 35.46167 klis7
76 0 145799 1 33.27193 klis7
76 0 108900 2 33.146996 klis7
76 0 118390 3 32.819336 klis7
76 0 2679833 4 32.644424 klis7
76 0 2680440 5 32.644424 klis7
76 0 111508 6 32.46577 klis7
76 0 145652 7 31.817368 klis7
76 0 111945 8 31.362322 klis7
76 0 150540 9 30.454102 klis7
77 0 104355 0 31.026598 klis7
77 0 111455 1 29.339924 klis7
77 0 112626 2 29.283796 klis7
77 0 97242 3 28.700212 klis7
77 0 111610 4 28.686256 klis7
77 0 112646 5 28.015068 klis7
77 0 110223 6 27.12884 klis7
77 0 112693 7 26.739756 klis7
77 0 108605 8 26.330463 klis7
77 0 110594 9 26.324112 klis7
78 0 2812588 0 47.190845 klis7
78 0 799976 1 45.791264 klis7
78 0 117968 2 45.48054 klis7
78 0 145632 3 43.917667 klis7
78 0 118037 4 42.308743 klis7
78 0 117899 5 42.29619 klis7
78 0 118022 6 42.158585 klis7
78 0 111717 7 42.0916 klis7
78 0 105155 8 40.93185 klis7
78 0 122258 9 40.90462 klis7
79 0 111009 0 59.26085 klis7
79 0 118143 1 55.214985 klis7
79 0 111470 2 51.12997 klis7
79 0 2680438 3 42.60713 klis7
79 0 110221 4 37.540627 klis7
79 0 3171728 5 31.057259 klis7
79 0 903979 6 26.44371 klis7
79 0 902768 7 26.44371 klis7
79 0 106328 8 25.759304 klis7
79 0 118375 9 25.35903 klis7
80 0 108900 0 28.078348 klis7
80 0 4106441 1 27.09541 klis7
80 0 149285 2 26.976444 klis7
80 0 111502 3 26.023602 klis7
80 0 98551 4 25.991987 klis7
80 0 2679833 5 25.325779 klis7
80 0 2680440 6 25.325779 klis7
80 0 112738 7 24.840319 klis7
80 0 118143 8 24.669962 klis7
80 0 101679 9 24.060373 klis7
81 0 4157383 0 15.912205 klis7
81 0 118373 1 15.757844 klis7
81 0 112260 2 15.597143 klis7
81 0 799991 3 15.064516 klis7
81 0 111914 4 15.022259 klis7
81 0 110073 5 14.92719 klis7
81 0 111418 6 14.445376 klis7
81 0 3209687 7 14.359546 klis7
81 0 145881 8 14.342059 klis7
81 0 118091 9 14.325199 klis7
82 0 95854 0 23.11046 klis7
82 0 112869 1 23.011051 klis7
82 0 105931 2 22.634373 klis7
82 0 118392 3 22.623297 klis7
82 0 821305 4 22.149454 klis7
82 0 117837 5 21.915476 klis7
82 0 111106 6 21.711393 klis7
82 0 112305 7 21.650787 klis7
82 0 88165 8 21.468523 klis7
82 0 112292 9 21.439724 klis7
83 0 145859 0 63.57691 klis7
83 0 111194 1 46.305637 klis7
83 0 111151 2 46.25933 klis7
83 0 111103 3 44.12552 klis7
83 0 111664 4 44.077065 klis7
83 0 111246 5 43.97962 klis7
83 0 137746 6 42.601776 klis7
83 0 112372 7 42.374302 klis7
83 0 820896 8 42.277035 klis7
83 0 111663 9 42.21576 klis7
84 0 145859 0 60.496166 klis7
84 0 111151 1 56.848225 klis7
84 0 111664 2 54.778362 klis7
84 0 110361 3 52.973328 klis7
84 0 800858 4 52.936573 klis7
84 0 107293 5 52.354397 klis7
84 0 109893 6 52.149918 klis7
84 0 109200 7 52.132053 klis7
84 0 112922 8 52.101765 klis7
84 0 108164 9 51.74398 klis7
85 0 802973 0 42.79877 klis7
85 0 803271 1 42.79877 klis7
85 0 2959737 2 42.79877 klis7
85 0 218925 3 37.556698 klis7
85 0 137749 4 37.503815 klis7
85 0 111586 5 33.804626 klis7
85 0 124465 6 33.68743 klis7
85 0 219734 7 32.89565 klis7
85 0 150543 8 32.661705 klis7
85 0 2959732 9 32.661705 klis7
86 0 3171724 0 38.06152 klis7
86 0 3177199 1 38.06152 klis7
86 0 3177200 2 38.06152 klis7
86 0 3195092 3 32.152657 klis7
86 0 3205766 4 30.81263 klis7
86 0 802973 5 26.819683 klis7
86 0 803271 6 26.819683 klis7
86 0 2959737 7 26.819683 klis7
86 0 3170730 8 25.898415 klis7
86 0 3177197 9 25.898415 klis7
87 0 143378 0 32.416245 klis7
87 0 111170 1 29.046236 klis7
87 0 112807 2 28.5994 klis7
87 0 1088038 3 27.22086 klis7
87 0 112080 4 27.050734 klis7
87 0 104480 5 27.018723 klis7
87 0 112746 6 26.40801 klis7
87 0 111446 7 25.87458 klis7
87 0 3007018 8 25.610996 klis7
87 0 136998 9 25.513136 klis7
88 0 625833 0 28.154633 klis7
88 0 145122 1 27.7734 klis7
88 0 111170 2 26.895601 klis7
88 0 182991 3 26.384655 klis7
88 0 625711 4 26.229523 klis7
88 0 130159 5 25.865345 klis7
88 0 2789927 6 25.48803 klis7
88 0 127691 7 25.46564 klis7
88 0 147529 8 25.196352 klis7
88 0 181012 9 25.16203 klis7
89 0 4151822 0 110.76837 klis7
89 0 2812588 1 96.54267 klis7
89 0 4162110 2 83.62711 klis7
89 0 2770446 3 77.25803 klis7
89 0 145817 4 55.313698 klis7
89 0 145647 5 51.586754 klis7
89 0 4106440 6 50.605225 klis7
89 0 145954 7 49.404114 klis7
89 0 134747 8 48.578785 klis7
89 0 111029 9 45.986034 klis7
90 0 145626 0 15.972317 klis7
90 0 109643 1 15.576975 klis7
90 0 109921 2 15.332136 klis7
90 0 118054 3 15.09806 klis7
90 0 109079 4 14.825268 klis7
90 0 118420 5 14.735971 klis7
90 0 2620698 6 14.454952 klis7
90 0 109080 7 14.1673975 klis7
90 0 109776 8 14.104048 klis7
90 0 109016 9 13.997266 klis7
91 0 3212514 0 56.47193 klis7
91 0 219097 1 42.280205 klis7
91 0 145892 2 40.113003 klis7
91 0 856791 3 37.987602 klis7
91 0 145785 4 37.74719 klis7
91 0 1087959 5 37.40925 klis7
91 0 110032 6 36.342106 klis7
91 0 624280 7 35.98238 klis7
91 0 109043 8 34.933277 klis7
91 0 118507 9 34.259754 klis7
92 0 3212514 0 22.30285 klis7
92 0 2675751 1 18.129253 klis7
92 0 112241 2 16.980436 klis7
92 0 99392 3 16.623505 klis7
92 0 111828 4 16.448206 klis7
92 0 111820 5 16.303621 klis7
92 0 118454 6 15.984888 klis7
92 0 118105 7 15.967368 klis7
92 0 109857 8 15.930526 klis7
92 0 109818 9 15.767852 klis7
93 0 110877 0 84.28116 klis7
93 0 130158 1 81.91623 klis7
93 0 118334 2 81.03055 klis7
93 0 118107 3 80.75226 klis7
93 0 110200 4 77.32082 klis7
93 0 109610 5 75.379845 klis7
93 0 4151827 6 69.95402 klis7
93 0 110248 7 69.06695 klis7
93 0 931614 8 68.040115 klis7
93 0 112905 9 68.019516 klis7
94 0 931614 0 97.5583 klis7
94 0 3195891 1 85.93957 klis7
94 0 4151827 2 82.63769 klis7
94 0 2788983 3 77.20186 klis7
94 0 145901 4 68.59901 klis7
94 0 130158 5 66.47597 klis7
94 0 2743641 6 65.58753 klis7
94 0 2959756 7 65.58753 klis7
94 0 111736 8 62.064545 klis7
94 0 145627 9 61.86725 klis7
95 0 107232 0 27.606998 klis7
95 0 108555 1 26.35744 klis7
95 0 107794 2 25.112415 klis7
95 0 105495 3 25.04035 klis7
95 0 109444 4 22.088379 klis7
95 0 111385 5 21.865015 klis7
95 0 107475 6 21.572803 klis7
95 0 108161 7 21.165508 klis7
95 0 96212 8 20.962778 klis7
95 0 96226 9 20.742008 klis7
96 0 91505 0 14.513922 klis7
96 0 104330 1 14.500528 klis7
96 0 108330 2 14.441683 klis7
96 0 2650505 3 14.308059 klis7
96 0 91961 4 14.272933 klis7
96 0 89763 5 14.052608 klis7
96 0 104523 6 13.9822235 klis7
96 0 86280 7 13.948533 klis7
96 0 91215 8 13.856528 klis7
96 0 108711 9 13.794442 klis7
97 0 112101 0 34.76544 klis7
97 0 111922 1 24.998415 klis7
97 0 136993 2 19.762434 klis7
97 0 134751 3 17.942276 klis7
97 0 100203 4 17.938084 klis7
97 0 118444 5 17.92094 klis7
97 0 118281 6 17.383265 klis7
97 0 112330 7 16.966436 klis7
97 0 112382 8 16.756702 klis7
97 0 118379 9 16.730452 klis7
98 0 2655591 0 27.378206 klis7
98 0 145903 1 26.894344 klis7
98 0 117902 2 26.278828 klis7
98 0 2676593 3 25.735527 klis7
98 0 145822 4 25.624079 klis7
98 0 2811845 5 25.30241 klis7
98 0 110146 6 25.064991 klis7
98 0 110996 7 24.734266 klis7
98 0 110156 8 24.506367 klis7
98 0 112574 9 24.462317 klis7
99 0 112267 0 54.859207 klis7
99 0 111884 1 40.371014 klis7
99 0 110552 2 38.995377 klis7
99 0 118121 3 34.2043 klis7
99 0 109976 4 34.083485 klis7
99 0 110578 5 30.517824 klis7
99 0 104759 6 30.256483 klis7
99 0 145914 7 28.76192 klis7
99 0 109673 8 27.465801 klis7
99 0 112723 9 26.857569 klis7
100 0 112267 0 73.30763 klis7
100 0 110552 1 67.51905 klis7
100 0 102981 2 50.520332 klis7
100 0 111884 3 48.08858 klis7
100 0 111886 4 47.603905 klis7
100 0 91843 5 47.080677 klis7
100 0 109633 6 46.04659 klis7
100 0 100701 7 45.26988 klis7
100 0 101561 8 44.76429 klis7
100 0 105252 9 44.607998 klis7
