1 0 219732 0 13.577827 klis2
1 0 107184 1 12.92828 klis2
1 0 112540 2 12.388903 klis2
1 0 105436 3 12.239792 klis2
1 0 799992 4 12.187029 klis2
1 0 118483 5 12.17321 klis2
1 0 112284 6 12.107815 klis2
1 0 108232 7 11.444575 klis2
1 0 104703 8 11.41977 klis2
1 0 108276 9 11.343777 klis2
2 0 108555 0 10.192553 klis2
2 0 4170684 1 10.133535 klis2
2 0 107232 2 10.078937 klis2
2 0 118348 3 10.016153 klis2
2 0 107475 4 10.014966 klis2
2 0 104044 5 9.970714 klis2
2 0 105495 6 9.937759 klis2
2 0 2644673 7 9.921711 klis2
2 0 104209 8 9.913892 klis2
2 0 106171 9 9.875465 klis2
3 0 2750102 0 8.350093 klis2
3 0 145670 1 8.279096 klis2
3 0 118216 2 8.12958 klis2
3 0 103291 3 7.8749256 klis2
3 0 104371 4 7.768626 klis2
3 0 3153112 5 7.761584 klis2
3 0 101964 6 7.5318756 klis2
3 0 94960 7 7.5196495 klis2
3 0 111802 8 7.5082493 klis2
3 0 2655591 9 7.503973 klis2
4 0 118200 0 8.60676 klis2
4 0 118501 1 8.237501 klis2
4 0 101433 2 8.166403 klis2
4 0 903971 3 8.14361 klis2
4 0 2959742 4 8.14361 klis2
4 0 101394 5 8.123627 klis2
4 0 106385 6 8.115096 klis2
4 0 90662 7 8.100261 klis2
4 0 110377 8 8.089512 klis2
4 0 117836 9 8.056618 klis2
5 0 110507 0 15.512211 klis2
5 0 109494 1 15.15456 klis2
5 0 100934 2 14.910795 klis2
5 0 109004 3 14.594955 klis2
5 0 99000 4 14.499094 klis2
5 0 109505 5 14.242978 klis2
5 0 118501 6 14.238225 klis2
5 0 109924 7 13.964644 klis2
5 0 109573 8 13.953307 klis2
5 0 2680591 9 13.8986435 klis2
6 0 109494 0 14.289702 klis2
6 0 110507 1 13.367933 klis2
6 0 100934 2 13.361851 klis2
6 0 99000 3 13.136899 klis2
6 0 109004 4 13.13077 klis2
6 0 117932 5 12.985719 klis2
6 0 109924 6 12.5612335 klis2
6 0 107601 7 12.507199 klis2
6 0 110438 8 12.438887 klis2
6 0 109573 9 12.404363 klis2
7 0 117913 0 13.0677395 klis2
7 0 107037 1 12.235249 klis2
7 0 111369 2 11.333117 klis2
7 0 108598 3 11.062186 klis2
7 0 109710 4 10.687273 klis2
7 0 104723 5 10.562578 klis2
7 0 104683 6 10.543795 klis2
7 0 106100 7 10.51549 klis2
7 0 2650505 8 10.380077 klis2
7 0 95754 9 10.287979 klis2
8 0 145911 0 12.180418 klis2
8 0 146981 1 9.579348 klis2
8 0 2679558 2 8.151201 klis2
8 0 145815 3 7.9874163 klis2
8 0 4104823 4 7.9598045 klis2
8 0 2670643 5 7.616506 klis2
8 0 3153112 6 7.450886 klis2
8 0 2675750 7 7.3707485 klis2
8 0 182991 8 7.362289 klis2
8 0 112634 9 7.3247423 klis2
9 0 110095 0 14.535693 klis2
9 0 108413 1 14.3696785 klis2
9 0 105145 2 13.95102 klis2
9 0 110433 3 13.921381 klis2
9 0 105981 4 13.762193 klis2
9 0 109837 5 13.73391 klis2
9 0 110729 6 13.535574 klis2
9 0 102874 7 13.436619 klis2
9 0 107802 8 13.423288 klis2
9 0 108282 9 13.421337 klis2
10 0 121163 0 13.214223 klis2
10 0 2671723 1 11.737798 klis2
10 0 121160 2 11.65913 klis2
10 0 820904 3 11.263534 klis2
10 0 2649075 4 11.234432 klis2
10 0 111365 5 11.228476 klis2
10 0 216735 6 11.211776 klis2
10 0 216806 7 11.211776 klis2
10 0 903979 8 11.098737 klis2
10 0 902768 9 11.098737 klis2
11 0 88331 0 11.02072 klis2
11 0 86993 1 10.881917 klis2
11 0 88497 2 10.839558 klis2
11 0 106032 3 10.635673 klis2
11 0 102335 4 10.089296 klis2
11 0 87220 5 10.086137 klis2
11 0 96673 6 10.00596 klis2
11 0 101561 7 9.839195 klis2
11 0 94381 8 9.735816 klis2
11 0 93118 9 9.6946335 klis2
12 0 100301 0 11.266842 klis2
12 0 2777833 1 10.954395 klis2
12 0 112044 2 8.715754 klis2
12 0 108185 3 8.460645 klis2
12 0 111586 4 8.222339 klis2
12 0 109981 5 8.178215 klis2
12 0 106098 6 8.0009575 klis2
12 0 3171724 7 7.7833962 klis2
12 0 3177199 8 7.7833962 klis2
12 0 3177200 9 7.7833962 klis2
13 0 118383 0 13.329639 klis2
13 0 110155 1 12.336875 klis2
13 0 103892 2 11.753362 klis2
13 0 821431 3 11.3479805 klis2
13 0 106270 4 10.959554 klis2
13 0 110952 5 10.8626175 klis2
13 0 104637 6 10.480635 klis2
13 0 106611 7 10.45326 klis2
13 0 112813 8 10.348921 klis2
13 0 111058 9 10.327716 klis2
14 0 107721 0 10.924433 klis2
14 0 105580 1 10.362188 klis2
14 0 89179 2 10.075808 klis2
14 0 103370 3 9.927096 klis2
14 0 98295 4 9.856352 klis2
14 0 108874 5 9.787409 klis2
14 0 91783 6 9.761062 klis2
14 0 105690 7 9.573517 klis2
14 0 94538 8 9.540245 klis2
14 0 107650 9 9.510811 klis2
15 0 117934 0 10.510111 klis2
15 0 111022 1 10.0997 klis2
15 0 110422 2 9.927881 klis2
15 0 112255 3 9.278431 klis2
15 0 118449 4 9.239182 klis2
15 0 137002 5 9.239182 klis2
15 0 145768 6 9.09184 klis2
15 0 131145 7 8.993726 klis2
15 0 182568 8 8.881647 klis2
15 0 111907 9 8.848338 klis2
16 0 91858 0 11.392612 klis2
16 0 88582 1 11.265806 klis2
16 0 100840 2 10.613444 klis2
16 0 111029 3 10.412432 klis2
16 0 104572 4 10.267022 klis2
16 0 108774 5 10.1383705 klis2
16 0 89031 6 10.1364355 klis2
16 0 616862 7 10.094718 klis2
16 0 89412 8 10.074586 klis2
16 0 97543 9 10.070622 klis2
17 0 108630 0 9.320866 klis2
17 0 2441473 1 8.488508 klis2
17 0 112670 2 8.301662 klis2
17 0 111654 3 7.863615 klis2
17 0 112256 4 7.83529 klis2
17 0 118440 5 7.7438025 klis2
17 0 108986 6 7.555154 klis2
17 0 111780 7 7.549022 klis2
17 0 112437 8 7.4394355 klis2
17 0 107181 9 7.3488955 klis2
18 0 99320 0 12.298918 klis2
18 0 104095 1 11.756494 klis2
18 0 103474 2 11.563768 klis2
18 0 107195 3 11.552941 klis2
18 0 104248 4 11.405238 klis2
18 0 102905 5 11.364236 klis2
18 0 104363 6 11.301228 klis2
18 0 212970 7 11.291114 klis2
18 0 102978 8 11.213788 klis2
18 0 109867 9 11.166043 klis2
19 0 92051 0 5.7900934 klis2
19 0 93391 1 5.4366975 klis2
19 0 92052 2 5.1557574 klis2
19 0 97478 3 5.1557574 klis2
19 0 99507 4 5.1557574 klis2
19 0 96303 5 5.0416956 klis2
19 0 99295 6 5.0416956 klis2
19 0 100736 7 4.974018 klis2
19 0 100502 8 4.974018 klis2
19 0 88230 9 4.962276 klis2
20 0 99191 0 15.48534 klis2
20 0 94999 1 12.889314 klis2
20 0 108897 2 12.406247 klis2
20 0 105335 3 11.880042 klis2
20 0 95121 4 11.798634 klis2
20 0 98691 5 11.396887 klis2
20 0 105292 6 11.195017 klis2
20 0 91942 7 11.12825 klis2
20 0 118358 8 11.124987 klis2
20 0 112554 9 11.049235 klis2
21 0 145893 0 11.759815 klis2
21 0 2659300 1 11.236037 klis2
21 0 205315 2 10.705743 klis2
21 0 85426 3 10.025913 klis2
21 0 112039 4 9.783362 klis2
21 0 90472 5 9.783362 klis2
21 0 118055 6 9.561841 klis2
21 0 130139 7 9.543721 klis2
21 0 112068 8 9.525489 klis2
21 0 112846 9 9.342524 klis2
22 0 104572 0 16.898098 klis2
22 0 2646093 1 16.73663 klis2
22 0 109670 2 15.887913 klis2
22 0 148799 3 15.856938 klis2
22 0 102817 4 15.689253 klis2
22 0 108325 5 15.522042 klis2
22 0 106101 6 15.500428 klis2
22 0 106131 7 15.496233 klis2
22 0 110772 8 15.411463 klis2
22 0 111021 9 15.375473 klis2
23 0 111993 0 6.5769267 klis2
23 0 111907 1 6.251806 klis2
23 0 111897 2 6.039617 klis2
23 0 109052 3 5.8800097 klis2
23 0 105583 4 5.8576207 klis2
23 0 110835 5 5.8167424 klis2
23 0 109809 6 5.7635326 klis2
23 0 110953 7 5.737127 klis2
23 0 112346 8 5.6567445 klis2
23 0 109191 9 5.6567445 klis2
24 0 109265 0 13.85999 klis2
24 0 108136 1 10.795138 klis2
24 0 109087 2 10.080685 klis2
24 0 2620844 3 9.897321 klis2
24 0 112872 4 9.847843 klis2
24 0 109698 5 9.701855 klis2
24 0 111318 6 9.465267 klis2
24 0 108492 7 9.270619 klis2
24 0 110916 8 9.147123 klis2
24 0 109674 9 8.632004 klis2
25 0 112345 0 10.954949 klis2
25 0 111058 1 10.492113 klis2
25 0 106336 2 9.952183 klis2
25 0 110531 3 9.88214 klis2
25 0 2797291 4 9.800272 klis2
25 0 118190 5 9.778402 klis2
25 0 110533 6 9.734251 klis2
25 0 110358 7 9.656385 klis2
25 0 105068 8 9.637695 klis2
25 0 106807 9 9.53255 klis2
26 0 142901 0 13.082903 klis2
26 0 112660 1 11.761461 klis2
26 0 867644 2 11.698132 klis2
26 0 3205736 3 11.6145115 klis2
26 0 145885 4 10.893336 klis2
26 0 801976 5 10.514446 klis2
26 0 2795279 6 10.416549 klis2
26 0 2812587 7 10.312497 klis2
26 0 2959748 8 10.312497 klis2
26 0 147528 9 9.985725 klis2
27 0 112058 0 10.4229965 klis2
27 0 117954 1 8.789629 klis2
27 0 2808290 2 8.611397 klis2
27 0 802770 3 8.004889 klis2
27 0 111541 4 8.002497 klis2
27 0 112214 5 7.9876766 klis2
27 0 118091 6 7.8613586 klis2
27 0 1755 7 7.717822 klis2
27 0 812450 8 7.7041264 klis2
27 0 110305 9 7.5737042 klis2
28 0 103425 0 11.996995 klis2
28 0 110950 1 11.896526 klis2
28 0 4157382 2 11.260405 klis2
28 0 4157405 3 11.260405 klis2
28 0 108976 4 11.2603655 klis2
28 0 109551 5 10.699869 klis2
28 0 105700 6 10.570019 klis2
28 0 109434 7 10.565899 klis2
28 0 136993 8 10.433488 klis2
28 0 96423 9 10.133544 klis2
29 0 109955 0 6.841996 klis2
29 0 91647 1 6.737195 klis2
29 0 107799 2 6.57031 klis2
29 0 145778 3 6.4923706 klis2
29 0 104908 4 6.470755 klis2
29 0 91146 5 6.417962 klis2
29 0 95315 6 6.358513 klis2
29 0 90709 7 6.351301 klis2
29 0 87149 8 6.3482647 klis2
29 0 90991 9 6.343625 klis2
30 0 104686 0 6.841848 klis2
30 0 106353 1 6.4329305 klis2
30 0 109010 2 6.120805 klis2
30 0 105189 3 6.1032357 klis2
30 0 858288 4 6.0913005 klis2
30 0 2959740 5 6.081979 klis2
30 0 931615 6 6.081979 klis2
30 0 110964 7 6.076536 klis2
30 0 100537 8 6.0632076 klis2
30 0 104783 9 6.0103364 klis2
31 0 100579 0 12.808065 klis2
31 0 107418 1 12.6809225 klis2
31 0 103253 2 12.185585 klis2
31 0 98023 3 11.156518 klis2
31 0 87728 4 11.100737 klis2
31 0 103678 5 11.0206785 klis2
31 0 96140 6 10.947125 klis2
31 0 104554 7 10.808265 klis2
31 0 104298 8 10.590721 klis2
31 0 98155 9 10.522716 klis2
32 0 111240 0 6.083941 klis2
32 0 112836 1 6.0364532 klis2
32 0 111557 2 6.0362706 klis2
32 0 112834 3 5.997994 klis2
32 0 112329 4 5.9628644 klis2
32 0 100302 5 5.900346 klis2
32 0 109099 6 5.896973 klis2
32 0 104629 7 5.889984 klis2
32 0 117924 8 5.863589 klis2
32 0 112748 9 5.8629045 klis2
33 0 2676594 0 18.565123 klis2
33 0 2675753 1 18.418695 klis2
33 0 2679204 2 18.418695 klis2
33 0 2809767 3 16.57519 klis2
33 0 2811850 4 16.57519 klis2
33 0 112199 5 11.024083 klis2
33 0 110458 6 10.821974 klis2
33 0 146986 7 10.28416 klis2
33 0 92653 8 9.912343 klis2
33 0 130153 9 9.73897 klis2
34 0 103669 0 10.58991 klis2
34 0 90279 1 10.586332 klis2
34 0 103051 2 10.355369 klis2
34 0 102259 3 10.338303 klis2
34 0 90440 4 10.150725 klis2
34 0 2812587 5 10.098748 klis2
34 0 2959748 6 10.098748 klis2
34 0 103146 7 10.053724 klis2
34 0 88639 8 10.024589 klis2
34 0 99792 9 9.996895 klis2
35 0 932061 0 9.825628 klis2
35 0 110114 1 9.53851 klis2
35 0 108957 2 9.400832 klis2
35 0 118329 3 9.294394 klis2
35 0 111324 4 8.827677 klis2
35 0 108247 5 8.735193 klis2
35 0 112747 6 8.703639 klis2
35 0 110326 7 8.642397 klis2
35 0 108634 8 8.479099 klis2
35 0 112114 9 8.460038 klis2
36 0 106137 0 12.702105 klis2
36 0 99811 1 10.9001045 klis2
36 0 102066 2 10.504562 klis2
36 0 102322 3 10.475541 klis2
36 0 91398 4 10.409362 klis2
36 0 88015 5 10.404407 klis2
36 0 97941 6 10.250141 klis2
36 0 145974 7 10.170408 klis2
36 0 105502 8 10.099549 klis2
36 0 100223 9 10.094048 klis2
37 0 108530 0 19.065685 klis2
37 0 110925 1 18.652628 klis2
37 0 110774 2 18.630621 klis2
37 0 108631 3 18.417551 klis2
37 0 110347 4 18.372002 klis2
37 0 108851 5 18.325487 klis2
37 0 108863 6 18.157265 klis2
37 0 111420 7 17.935265 klis2
37 0 109251 8 17.823088 klis2
37 0 112910 9 17.69931 klis2
38 0 111506 0 18.14933 klis2
38 0 1993216 1 18.022211 klis2
38 0 110793 2 17.949535 klis2
38 0 109062 3 17.93237 klis2
38 0 118269 4 17.865948 klis2
38 0 111109 5 17.839523 klis2
38 0 110774 6 17.452559 klis2
38 0 111377 7 17.145973 klis2
38 0 4151829 8 17.10443 klis2
38 0 109813 9 17.026184 klis2
39 0 103899 0 2.2763085 klis2
39 0 110536 1 2.270121 klis2
39 0 92799 2 2.25893 klis2
39 0 103266 3 2.2564023 klis2
39 0 1324195 4 2.2564023 klis2
39 0 111755 5 2.255601 klis2
39 0 111776 6 2.2466912 klis2
39 0 101858 7 2.2449257 klis2
39 0 99578 8 2.237166 klis2
39 0 84951 9 2.2299936 klis2
40 0 92047 0 12.771536 klis2
40 0 110621 1 11.379672 klis2
40 0 96968 2 11.039202 klis2
40 0 145739 3 10.63809 klis2
40 0 931120 4 10.595557 klis2
40 0 112348 5 10.480707 klis2
40 0 95290 6 10.412476 klis2
40 0 90616 7 10.132733 klis2
40 0 88982 8 10.128763 klis2
40 0 97534 9 10.034113 klis2
41 0 111198 0 19.344948 klis2
41 0 2810525 1 19.04731 klis2
41 0 2811847 2 19.04731 klis2
41 0 109186 3 18.55132 klis2
41 0 110075 4 18.013947 klis2
41 0 112440 5 17.763508 klis2
41 0 111891 6 17.389355 klis2
41 0 112585 7 17.126684 klis2
41 0 110132 8 16.379559 klis2
41 0 111254 9 15.865529 klis2
42 0 108088 0 10.671677 klis2
42 0 104676 1 10.623669 klis2
42 0 118358 2 10.616682 klis2
42 0 108655 3 10.4357395 klis2
42 0 109073 4 10.431081 klis2
42 0 104133 5 10.27575 klis2
42 0 104328 6 10.124211 klis2
42 0 108323 7 9.990897 klis2
42 0 105838 8 9.949629 klis2
42 0 145924 9 9.879711 klis2
43 0 106761 0 5.2739058 klis2
43 0 110196 1 5.2431965 klis2
43 0 108846 2 5.138241 klis2
43 0 130155 3 5.0532174 klis2
43 0 111645 4 4.988113 klis2
43 0 106935 5 4.961633 klis2
43 0 112936 6 4.942484 klis2
43 0 104304 7 4.9125094 klis2
43 0 103595 8 4.8917613 klis2
43 0 2789927 9 4.8917613 klis2
44 0 118294 0 7.8924837 klis2
44 0 2676592 1 7.7685995 klis2
44 0 85197 2 7.7652054 klis2
44 0 85414 3 7.687746 klis2
44 0 101717 4 7.6242695 klis2
44 0 89908 5 7.5960245 klis2
44 0 89665 6 7.5828066 klis2
44 0 109288 7 7.5622706 klis2
44 0 84624 8 7.5183487 klis2
44 0 108192 9 7.492421 klis2
45 0 127691 0 16.492605 klis2
45 0 130159 1 16.492605 klis2
45 0 3181481 2 15.587917 klis2
45 0 109500 3 15.077042 klis2
45 0 110794 4 14.651678 klis2
45 0 109786 5 14.569014 klis2
45 0 111072 6 14.569014 klis2
45 0 118181 7 14.519861 klis2
45 0 111985 8 14.46422 klis2
45 0 145755 9 14.23945 klis2
46 0 118173 0 7.9638443 klis2
46 0 111487 1 7.954953 klis2
46 0 145877 2 7.825086 klis2
46 0 95926 3 7.8250074 klis2
46 0 118069 4 7.579854 klis2
46 0 111990 5 7.5151987 klis2
46 0 118279 6 7.427641 klis2
46 0 117984 7 7.332573 klis2
46 0 150542 8 7.313653 klis2
46 0 3191116 9 7.2416234 klis2
47 0 103857 0 9.619299 klis2
47 0 145663 1 9.475697 klis2
47 0 85265 2 9.369501 klis2
47 0 103936 3 9.122962 klis2
47 0 2620808 4 9.071121 klis2
47 0 96830 5 8.648344 klis2
47 0 93541 6 8.575875 klis2
47 0 105120 7 8.499395 klis2
47 0 95712 8 8.47768 klis2
47 0 91198 9 8.459932 klis2
48 0 110583 0 7.7137165 klis2
48 0 110601 1 7.557574 klis2
48 0 110690 2 7.5482574 klis2
48 0 108058 3 7.5292687 klis2
48 0 107622 4 7.5074577 klis2
48 0 112870 5 7.4955535 klis2
48 0 107230 6 7.452516 klis2
48 0 107944 7 7.447993 klis2
48 0 106533 8 7.416497 klis2
48 0 108422 9 7.3976007 klis2
49 0 100794 0 11.061135 klis2
49 0 99984 1 10.536102 klis2
49 0 99678 2 9.775145 klis2
49 0 87940 3 9.706813 klis2
49 0 87597 4 9.622524 klis2
49 0 109422 5 9.502933 klis2
49 0 102306 6 9.34098 klis2
49 0 94333 7 9.333246 klis2
49 0 109531 8 9.206633 klis2
49 0 2672535 9 9.157064 klis2
50 0 98255 0 10.197998 klis2
50 0 3209687 1 9.556582 klis2
50 0 2760668 2 8.475916 klis2
50 0 110067 3 7.3957853 klis2
50 0 103582 4 7.033022 klis2
50 0 142875 5 6.841057 klis2
50 0 2812210 6 6.763546 klis2
50 0 110928 7 6.719958 klis2
50 0 110565 8 6.717138 klis2
50 0 146985 9 6.714899 klis2
51 0 105627 0 4.240947 klis2
51 0 105387 1 4.2172556 klis2
51 0 1087604 2 4.2120833 klis2
51 0 107803 3 4.204027 klis2
51 0 104733 4 4.182163 klis2
51 0 110963 5 4.182163 klis2
51 0 109119 6 4.1804423 klis2
51 0 108963 7 4.1771 klis2
51 0 97417 8 4.176834 klis2
51 0 104150 9 4.173678 klis2
52 0 103411 0 9.687927 klis2
52 0 108982 1 9.033164 klis2
52 0 104832 2 8.9707575 klis2
52 0 108434 3 8.956483 klis2
52 0 92475 4 8.896838 klis2
52 0 101579 5 8.606871 klis2
52 0 103323 6 8.54771 klis2
52 0 99422 7 8.373267 klis2
52 0 108977 8 8.33329 klis2
52 0 111195 9 8.321662 klis2
53 0 85158 0 12.129771 klis2
53 0 867644 1 11.284449 klis2
53 0 145628 2 11.244244 klis2
53 0 4170684 3 10.854642 klis2
53 0 87141 4 10.815567 klis2
53 0 1283337 5 10.662995 klis2
53 0 821305 6 10.425045 klis2
53 0 85157 7 10.330854 klis2
53 0 97515 8 10.022697 klis2
53 0 85314 9 10.021791 klis2
54 0 931614 0 14.659409 klis2
54 0 145796 1 14.355191 klis2
54 0 145850 2 13.03605 klis2
54 0 2784696 3 12.654014 klis2
54 0 145656 4 12.640625 klis2
54 0 145769 5 12.404907 klis2
54 0 145761 6 12.157939 klis2
54 0 145931 7 12.013892 klis2
54 0 2654277 8 11.933093 klis2
54 0 145813 9 11.874503 klis2
55 0 108117 0 12.0095625 klis2
55 0 137750 1 11.270538 klis2
55 0 118269 2 10.954886 klis2
55 0 110548 3 10.757242 klis2
55 0 112715 4 10.50709 klis2
55 0 111261 5 10.483951 klis2
55 0 105316 6 10.399826 klis2
55 0 109251 7 10.373449 klis2
55 0 109062 8 10.261118 klis2
55 0 111431 9 10.204487 klis2
56 0 2679558 0 12.550058 klis2
56 0 112910 1 12.436403 klis2
56 0 118269 2 12.337183 klis2
56 0 89607 3 10.823223 klis2
56 0 111258 4 9.410606 klis2
56 0 2621077 5 9.371057 klis2
56 0 1993216 6 9.195909 klis2
56 0 112664 7 9.0464115 klis2
56 0 149585 8 8.707979 klis2
56 0 149649 9 8.707979 klis2
57 0 103899 0 2.2763085 klis2
57 0 110536 1 2.270121 klis2
57 0 92799 2 2.25893 klis2
57 0 103266 3 2.2564023 klis2
57 0 1324195 4 2.2564023 klis2
57 0 111755 5 2.255601 klis2
57 0 111776 6 2.2466912 klis2
57 0 101858 7 2.2449257 klis2
57 0 99578 8 2.237166 klis2
57 0 84951 9 2.2299936 klis2
58 0 104097 0 7.5272856 klis2
58 0 101602 1 7.4384604 klis2
58 0 117867 2 7.320008 klis2
58 0 89913 3 7.2498074 klis2
58 0 92510 4 7.237323 klis2
58 0 105181 5 7.205659 klis2
58 0 97109 6 7.1747503 klis2
58 0 98977 7 7.161781 klis2
58 0 118412 8 7.0878997 klis2
58 0 94967 9 7.049001 klis2
59 0 212830 0 13.8756 klis2
59 0 616862 1 13.742607 klis2
59 0 149285 2 13.326704 klis2
59 0 145972 3 13.280051 klis2
59 0 2773182 4 13.269274 klis2
59 0 94398 5 13.122175 klis2
59 0 130158 6 12.979361 klis2
59 0 131148 7 12.9277 klis2
59 0 931125 8 12.86883 klis2
59 0 3205768 9 12.770372 klis2
60 0 107256 0 8.775884 klis2
60 0 104922 1 8.740225 klis2
60 0 87721 2 8.704018 klis2
60 0 104921 3 8.559871 klis2
60 0 104316 4 8.458128 klis2
60 0 103892 5 8.373066 klis2
60 0 103040 6 8.372538 klis2
60 0 96926 7 8.36907 klis2
60 0 107257 8 8.35723 klis2
60 0 104347 9 8.331961 klis2
61 0 118224 0 11.652406 klis2
61 0 104524 1 10.833028 klis2
61 0 145777 2 10.665663 klis2
61 0 4094005 3 10.629991 klis2
61 0 87890 4 10.36472 klis2
61 0 108149 5 10.342823 klis2
61 0 2657927 6 10.295233 klis2
61 0 109077 7 10.274324 klis2
61 0 87370 8 10.25345 klis2
61 0 110687 9 10.228195 klis2
62 0 102751 0 9.778038 klis2
62 0 104365 1 9.042203 klis2
62 0 103883 2 9.042203 klis2
62 0 145796 3 8.809384 klis2
62 0 101542 4 8.758235 klis2
62 0 100444 5 8.51694 klis2
62 0 104573 6 8.500454 klis2
62 0 97577 7 8.369047 klis2
62 0 94805 8 8.2285385 klis2
62 0 102854 9 8.194016 klis2
63 0 109351 0 3.1721497 klis2
63 0 101530 1 3.1701312 klis2
63 0 109350 2 3.1659715 klis2
63 0 106524 3 3.150756 klis2
63 0 103199 4 3.150756 klis2
63 0 103102 5 3.1483455 klis2
63 0 103350 6 3.1439826 klis2
63 0 104744 7 3.1407442 klis2
63 0 101925 8 3.1337774 klis2
63 0 99627 9 3.1323514 klis2
64 0 145895 0 20.784557 klis2
64 0 219731 1 18.474274 klis2
64 0 821189 2 16.596863 klis2
64 0 1748 3 14.644304 klis2
64 0 2145 4 14.343227 klis2
64 0 2758568 5 13.992912 klis2
64 0 149007 6 13.650772 klis2
64 0 147951 7 13.246925 klis2
64 0 3171728 8 13.246925 klis2
64 0 146985 9 13.180614 klis2
65 0 112168 0 3.817087 klis2
65 0 112193 1 3.625758 klis2
65 0 111162 2 3.5634596 klis2
65 0 112255 3 3.5388865 klis2
65 0 105905 4 3.5171196 klis2
65 0 117889 5 3.5169287 klis2
65 0 111371 6 3.5134683 klis2
65 0 109416 7 3.472384 klis2
65 0 104640 8 3.472384 klis2
65 0 112022 9 3.4194355 klis2
66 0 110315 0 9.410212 klis2
66 0 109042 1 9.3661585 klis2
66 0 93274 2 9.116424 klis2
66 0 88570 3 9.056836 klis2
66 0 110715 4 8.9973345 klis2
66 0 111116 5 8.932631 klis2
66 0 109516 6 8.740732 klis2
66 0 84688 7 8.60418 klis2
66 0 111151 8 8.542115 klis2
66 0 92788 9 8.494638 klis2
67 0 106543 0 11.907384 klis2
67 0 102051 1 10.225777 klis2
67 0 104487 2 10.0722065 klis2
67 0 1087669 3 9.982285 klis2
67 0 100429 4 9.756318 klis2
67 0 89852 5 9.431372 klis2
67 0 107704 6 9.332134 klis2
67 0 118296 7 9.310982 klis2
67 0 101846 8 9.119629 klis2
67 0 142884 9 9.113018 klis2
68 0 107106 0 16.105978 klis2
68 0 100698 1 14.491007 klis2
68 0 100699 2 14.475022 klis2
68 0 105405 3 14.216624 klis2
68 0 106423 4 14.0205965 klis2
68 0 92287 5 14.002429 klis2
68 0 101413 6 13.923376 klis2
68 0 95754 7 13.919514 klis2
68 0 111559 8 13.884455 klis2
68 0 106445 9 13.854392 klis2
69 0 145642 0 11.922826 klis2
69 0 112748 1 11.019592 klis2
69 0 105538 2 10.784658 klis2
69 0 112043 3 10.1491995 klis2
69 0 2679557 4 10.13488 klis2
69 0 111462 5 10.067619 klis2
69 0 2672210 6 10.050298 klis2
69 0 2654755 7 10.050298 klis2
69 0 88424 8 10.046521 klis2
69 0 118396 9 10.003871 klis2
70 0 111709 0 14.292273 klis2
70 0 866022 1 12.889419 klis2
70 0 145739 2 12.851437 klis2
70 0 118080 3 12.195049 klis2
70 0 2801433 4 12.112921 klis2
70 0 117961 5 12.066223 klis2
70 0 1087961 6 12.041184 klis2
70 0 118111 7 11.888318 klis2
70 0 145809 8 11.649547 klis2
70 0 108570 9 11.290746 klis2
71 0 108778 0 9.559087 klis2
71 0 94775 1 9.542725 klis2
71 0 104681 2 9.165008 klis2
71 0 867644 3 8.660947 klis2
71 0 103170 4 8.390987 klis2
71 0 101375 5 8.217694 klis2
71 0 97422 6 8.128354 klis2
71 0 3187211 7 8.044404 klis2
71 0 90659 8 8.016649 klis2
71 0 103231 9 7.955587 klis2
72 0 145950 0 12.148964 klis2
72 0 145961 1 11.9942465 klis2
72 0 107165 2 10.7634325 klis2
72 0 97314 3 10.530471 klis2
72 0 87549 4 10.095867 klis2
72 0 108029 5 9.394818 klis2
72 0 92503 6 9.326477 klis2
72 0 89254 7 9.060192 klis2
72 0 4162936 8 8.873629 klis2
72 0 92848 9 8.795914 klis2
73 0 145624 0 19.178385 klis2
73 0 1087954 1 17.530499 klis2
73 0 812524 2 16.888527 klis2
73 0 118043 3 16.673483 klis2
73 0 145638 4 14.573858 klis2
73 0 2804674 5 14.455545 klis2
73 0 145881 6 14.069156 klis2
73 0 2655590 7 13.695066 klis2
73 0 108299 8 13.595458 klis2
73 0 118162 9 13.555225 klis2
74 0 2657927 0 15.214369 klis2
74 0 145674 1 14.365817 klis2
74 0 145907 2 14.349363 klis2
74 0 137725 3 14.111642 klis2
74 0 3217227 4 13.934218 klis2
74 0 1732 5 13.404133 klis2
74 0 145923 6 12.424287 klis2
74 0 103629 7 12.002468 klis2
74 0 145743 8 11.865943 klis2
74 0 122260 9 11.865537 klis2
75 0 2642828 0 10.024587 klis2
75 0 104206 1 9.6582365 klis2
75 0 2680590 2 9.656713 klis2
75 0 2959745 3 9.656713 klis2
75 0 145668 4 9.562369 klis2
75 0 109968 5 9.545834 klis2
75 0 100157 6 9.388079 klis2
75 0 93138 7 9.354879 klis2
75 0 88088 8 9.298133 klis2
75 0 100612 9 9.296607 klis2
76 0 145678 0 13.278959 klis2
76 0 104654 1 12.679731 klis2
76 0 101086 2 12.419332 klis2
76 0 100128 3 12.415657 klis2
76 0 91280 4 12.204492 klis2
76 0 108900 5 12.061592 klis2
76 0 92901 6 11.827298 klis2
76 0 86570 7 11.745793 klis2
76 0 103297 8 11.723504 klis2
76 0 100038 9 11.684017 klis2
77 0 3187211 0 10.445095 klis2
77 0 145958 1 9.718994 klis2
77 0 109990 2 9.55294 klis2
77 0 98175 3 9.515348 klis2
77 0 112646 4 9.430918 klis2
77 0 104355 5 9.374411 klis2
77 0 111455 6 9.370825 klis2
77 0 109535 7 9.056619 klis2
77 0 111566 8 8.964808 klis2
77 0 111610 9 8.955128 klis2
78 0 109177 0 14.632498 klis2
78 0 111069 1 14.61483 klis2
78 0 105155 2 14.595465 klis2
78 0 110125 3 14.360242 klis2
78 0 95778 4 14.0915165 klis2
78 0 111897 5 13.943409 klis2
78 0 111017 6 13.912658 klis2
78 0 104767 7 13.788082 klis2
78 0 108957 8 13.758865 klis2
78 0 105259 9 13.64528 klis2
79 0 111009 0 18.944519 klis2
79 0 111470 1 18.645302 klis2
79 0 90662 2 16.315317 klis2
79 0 118143 3 15.289036 klis2
79 0 118352 4 14.784503 klis2
79 0 112454 5 14.469717 klis2
79 0 109342 6 13.990098 klis2
79 0 109154 7 13.778814 klis2
79 0 145859 8 12.82384 klis2
79 0 103620 9 12.806258 klis2
80 0 91984 0 13.356903 klis2
80 0 112664 1 13.281634 klis2
80 0 1100709 2 12.580149 klis2
80 0 94532 3 12.580149 klis2
80 0 94770 4 12.294367 klis2
80 0 106129 5 12.280322 klis2
80 0 91407 6 12.259255 klis2
80 0 110634 7 11.962932 klis2
80 0 94164 8 11.633176 klis2
80 0 109367 9 11.525246 klis2
81 0 92658 0 2.2379036 klis2
81 0 94692 1 2.2325873 klis2
81 0 96910 2 2.192289 klis2
81 0 107211 3 2.1793742 klis2
81 0 112466 4 2.1753075 klis2
81 0 103374 5 2.1706407 klis2
81 0 90066 6 2.1706407 klis2
81 0 92081 7 2.1685936 klis2
81 0 111422 8 2.1482828 klis2
81 0 105139 9 2.1482828 klis2
82 0 108702 0 10.500284 klis2
82 0 118392 1 9.206901 klis2
82 0 88621 2 8.99377 klis2
82 0 110301 3 8.75334 klis2
82 0 99726 4 8.557796 klis2
82 0 821305 5 8.239156 klis2
82 0 118496 6 8.1521 klis2
82 0 86527 7 8.128455 klis2
82 0 109461 8 8.044095 klis2
82 0 94767 9 7.9996796 klis2
83 0 110834 0 17.201658 klis2
83 0 112372 1 15.5191765 klis2
83 0 109038 2 14.77961 klis2
83 0 145859 3 14.344419 klis2
83 0 112540 4 13.4358635 klis2
83 0 111333 5 13.208801 klis2
83 0 111566 6 12.98578 klis2
83 0 108690 7 12.690376 klis2
83 0 110681 8 12.663952 klis2
83 0 111088 9 12.495687 klis2
84 0 111664 0 18.945017 klis2
84 0 122251 1 16.25121 klis2
84 0 110681 2 15.666562 klis2
84 0 109893 3 15.644953 klis2
84 0 110731 4 15.578859 klis2
84 0 111151 5 15.487377 klis2
84 0 110361 6 15.156653 klis2
84 0 107978 7 14.587596 klis2
84 0 800858 8 14.584382 klis2
84 0 109695 9 14.527576 klis2
85 0 102398 0 12.866987 klis2
85 0 108968 1 9.614733 klis2
85 0 110732 2 9.545609 klis2
85 0 104005 3 9.373315 klis2
85 0 2365719 4 9.373315 klis2
85 0 103892 5 9.343281 klis2
85 0 104908 6 9.286945 klis2
85 0 1745 7 9.24485 klis2
85 0 99114 8 9.240109 klis2
85 0 99483 9 9.2379055 klis2
86 0 820897 0 12.534054 klis2
86 0 2789927 1 11.912044 klis2
86 0 3171724 2 11.547579 klis2
86 0 3177199 3 11.547579 klis2
86 0 3177200 4 11.547579 klis2
86 0 1748 5 11.221143 klis2
86 0 3203623 6 11.020121 klis2
86 0 2680590 7 10.867807 klis2
86 0 2959745 8 10.867807 klis2
86 0 101485 9 10.7872095 klis2
87 0 104480 0 12.563565 klis2
87 0 118017 1 12.280254 klis2
87 0 85161 2 12.269751 klis2
87 0 111475 3 11.199066 klis2
87 0 118313 4 11.100763 klis2
87 0 100533 5 11.036957 klis2
87 0 111895 6 11.009479 klis2
87 0 95051 7 10.5002365 klis2
87 0 110696 8 10.097447 klis2
87 0 104479 9 9.915299 klis2
88 0 96459 0 7.502265 klis2
88 0 94769 1 7.4792566 klis2
88 0 107544 2 7.396043 klis2
88 0 90236 3 7.2304125 klis2
88 0 109870 4 7.2267118 klis2
88 0 91070 5 7.205964 klis2
88 0 109643 6 7.1494393 klis2
88 0 88716 7 7.139071 klis2
88 0 107316 8 7.12356 klis2
88 0 117826 9 7.1010733 klis2
89 0 110523 0 13.614642 klis2
89 0 2680590 1 13.082942 klis2
89 0 2959745 2 13.082942 klis2
89 0 100612 3 12.8398 klis2
89 0 103207 4 12.597034 klis2
89 0 103450 5 12.007544 klis2
89 0 105507 6 11.926546 klis2
89 0 103291 7 11.651484 klis2
89 0 100834 8 11.631936 klis2
89 0 105325 9 11.5371895 klis2
90 0 110874 0 6.55748 klis2
90 0 118061 1 6.5306664 klis2
90 0 121160 2 6.520422 klis2
90 0 111958 3 6.492559 klis2
90 0 145118 4 6.4832683 klis2
90 0 110047 5 6.4831853 klis2
90 0 111780 6 6.455716 klis2
90 0 105906 7 6.454892 klis2
90 0 110905 8 6.44405 klis2
90 0 110557 9 6.393846 klis2
91 0 107580 0 10.209377 klis2
91 0 3212514 1 9.495662 klis2
91 0 111908 2 9.236012 klis2
91 0 3204919 3 9.018406 klis2
91 0 99737 4 8.968401 klis2
91 0 4157383 5 8.943079 klis2
91 0 99370 6 8.913377 klis2
91 0 2798228 7 8.817398 klis2
91 0 145911 8 8.754715 klis2
91 0 91465 9 8.751758 klis2
92 0 111820 0 10.829281 klis2
92 0 118454 1 10.74454 klis2
92 0 118105 2 10.693512 klis2
92 0 145782 3 10.685656 klis2
92 0 1087692 4 10.598236 klis2
92 0 3212514 5 10.5830145 klis2
92 0 109818 6 10.568823 klis2
92 0 112439 7 10.552558 klis2
92 0 118212 8 10.526228 klis2
92 0 111278 9 10.515114 klis2
93 0 931614 0 22.101782 klis2
93 0 118257 1 21.162628 klis2
93 0 107954 2 20.16225 klis2
93 0 111736 3 19.51022 klis2
93 0 145901 4 19.256351 klis2
93 0 112629 5 18.988605 klis2
93 0 3195891 6 18.92822 klis2
93 0 117874 7 18.21078 klis2
93 0 4151827 8 18.08234 klis2
93 0 118012 9 17.96749 klis2
94 0 145901 0 16.420628 klis2
94 0 89550 1 15.542268 klis2
94 0 118366 2 15.160865 klis2
94 0 3195891 3 14.233839 klis2
94 0 931614 4 14.081873 klis2
94 0 99998 5 14.05455 klis2
94 0 91754 6 13.712326 klis2
94 0 2788983 7 13.358537 klis2
94 0 621195 8 13.2948885 klis2
94 0 621270 9 13.2948885 klis2
95 0 101725 0 13.213425 klis2
95 0 110838 1 13.064241 klis2
95 0 105495 2 12.658613 klis2
95 0 108555 3 12.520824 klis2
95 0 106171 4 12.364742 klis2
95 0 107232 5 11.524568 klis2
95 0 112351 6 10.497442 klis2
95 0 106769 7 10.377436 klis2
95 0 119891 8 9.887933 klis2
95 0 116456 9 9.887933 klis2
96 0 103183 0 2.668828 klis2
96 0 89441 1 2.657808 klis2
96 0 91961 2 2.6568508 klis2
96 0 104102 3 2.652682 klis2
96 0 94075 4 2.6501107 klis2
96 0 107211 5 2.644053 klis2
96 0 91960 6 2.6426175 klis2
96 0 91653 7 2.640479 klis2
96 0 102754 8 2.6353378 klis2
96 0 103113 9 2.6295128 klis2
97 0 122252 0 11.371246 klis2
97 0 97317 1 11.020052 klis2
97 0 87331 2 10.788216 klis2
97 0 112342 3 10.571618 klis2
97 0 112101 4 10.376518 klis2
97 0 99378 5 10.271355 klis2
97 0 96473 6 10.1279125 klis2
97 0 136993 7 9.916063 klis2
97 0 85239 8 9.734258 klis2
97 0 103472 9 9.604004 klis2
98 0 91121 0 7.948764 klis2
98 0 127904 1 7.704208 klis2
98 0 118226 2 7.55002 klis2
98 0 102443 3 7.38214 klis2
98 0 92327 4 7.354444 klis2
98 0 105308 5 7.275947 klis2
98 0 91585 6 7.262978 klis2
98 0 87012 7 7.2535577 klis2
98 0 84949 8 7.22371 klis2
98 0 85019 9 7.190235 klis2
99 0 112267 0 21.441908 klis2
99 0 111884 1 19.54332 klis2
99 0 109673 2 18.113134 klis2
99 0 102592 3 15.921065 klis2
99 0 102906 4 15.29467 klis2
99 0 112033 5 14.41131 klis2
99 0 110578 6 14.279122 klis2
99 0 110552 7 14.27889 klis2
99 0 104759 8 13.984347 klis2
99 0 104883 9 13.851564 klis2
100 0 112267 0 16.459974 klis2
100 0 101561 1 16.105698 klis2
100 0 145787 2 15.855204 klis2
100 0 118470 3 15.031554 klis2
100 0 118500 4 14.942831 klis2
100 0 110993 5 14.727211 klis2
100 0 103406 6 14.608822 klis2
100 0 112321 7 14.304605 klis2
100 0 109144 8 14.180406 klis2
100 0 4155979 9 13.96623 klis2
