1 0 112795 0 24.153625 klis4
1 0 219733 1 22.072197 klis4
1 0 220342 2 22.072197 klis4
1 0 219732 3 21.560875 klis4
1 0 111116 4 21.369892 klis4
1 0 2649076 5 21.102226 klis4
1 0 110668 6 19.41073 klis4
1 0 111216 7 18.48259 klis4
1 0 105248 8 18.362188 klis4
1 0 112540 9 18.194075 klis4
2 0 4170684 0 14.522411 klis4
2 0 150540 1 13.200629 klis4
2 0 149006 2 12.908213 klis4
2 0 104571 3 12.498323 klis4
2 0 2644673 4 11.9899845 klis4
2 0 3203658 5 11.604854 klis4
2 0 145692 6 11.363132 klis4
2 0 149286 7 11.15479 klis4
2 0 110184 8 10.765851 klis4
2 0 104543 9 10.260111 klis4
3 0 118029 0 32.345196 klis4
3 0 215496 1 32.08413 klis4
3 0 215694 2 32.08413 klis4
3 0 2959735 3 32.083088 klis4
3 0 3162143 4 32.00834 klis4
3 0 112212 5 31.847984 klis4
3 0 145821 6 29.75343 klis4
3 0 130157 7 29.411343 klis4
3 0 117892 8 29.091267 klis4
3 0 145878 9 28.733168 klis4
4 0 215496 0 28.270136 klis4
4 0 2959735 1 28.223207 klis4
4 0 215694 2 28.223207 klis4
4 0 149007 3 25.930264 klis4
4 0 92614 4 22.21576 klis4
4 0 4168362 5 21.795824 klis4
4 0 103299 6 21.466942 klis4
4 0 97686 7 21.384932 klis4
4 0 103615 8 21.099321 klis4
4 0 130152 9 21.091957 klis4
5 0 2672209 0 27.959522 klis4
5 0 2657779 1 27.959522 klis4
5 0 183480 2 27.002655 klis4
5 0 117932 3 23.859009 klis4
5 0 118174 4 22.305666 klis4
5 0 110056 5 22.164364 klis4
5 0 111789 6 22.103958 klis4
5 0 108089 7 20.718723 klis4
5 0 109301 8 20.646702 klis4
5 0 118096 9 20.038984 klis4
6 0 117932 0 26.928284 klis4
6 0 2811844 1 22.949907 klis4
6 0 2959750 2 22.949907 klis4
6 0 108449 3 18.619713 klis4
6 0 105790 4 17.355091 klis4
6 0 99000 5 16.322979 klis4
6 0 110241 6 15.128619 klis4
6 0 106257 7 15.054063 klis4
6 0 110176 8 14.903539 klis4
6 0 110048 9 14.756978 klis4
7 0 107037 0 18.681492 klis4
7 0 855656 1 18.47102 klis4
7 0 145634 2 18.107117 klis4
7 0 108598 3 17.67831 klis4
7 0 145630 4 17.206545 klis4
7 0 2773182 5 16.938078 klis4
7 0 118117 6 16.925968 klis4
7 0 2790213 7 16.6755 klis4
7 0 815320 8 16.498047 klis4
7 0 217512 9 16.367064 klis4
8 0 145911 0 19.245897 klis4
8 0 182991 1 16.058775 klis4
8 0 2670643 2 15.036736 klis4
8 0 146981 3 14.947253 klis4
8 0 215806 4 14.507471 klis4
8 0 2654532 5 14.469028 klis4
8 0 145859 6 14.311491 klis4
8 0 2812587 7 13.317413 klis4
8 0 2959748 8 13.317413 klis4
8 0 2760668 9 12.87762 klis4
9 0 109868 0 22.099113 klis4
9 0 110063 1 20.780298 klis4
9 0 108861 2 20.307219 klis4
9 0 103694 3 20.048832 klis4
9 0 112101 4 20.040226 klis4
9 0 110515 5 20.015293 klis4
9 0 99403 6 19.944904 klis4
9 0 931122 7 19.90463 klis4
9 0 117912 8 19.650106 klis4
9 0 108413 9 19.373358 klis4
10 0 1992989 0 27.830582 klis4
10 0 145715 1 27.632748 klis4
10 0 112931 2 27.486633 klis4
10 0 111500 3 26.627424 klis4
10 0 214949 4 26.303436 klis4
10 0 215071 5 26.303436 klis4
10 0 112423 6 25.992447 klis4
10 0 145713 7 25.925823 klis4
10 0 147531 8 25.19294 klis4
10 0 145794 9 25.137867 klis4
11 0 212830 0 18.052317 klis4
11 0 873668 1 17.203255 klis4
11 0 104371 2 16.95502 klis4
11 0 811228 3 16.92521 klis4
11 0 931123 4 16.88723 klis4
11 0 1750 5 16.883577 klis4
11 0 2750102 6 16.850452 klis4
11 0 107553 7 16.30337 klis4
11 0 620560 8 16.21595 klis4
11 0 109398 9 15.889724 klis4
12 0 2672535 0 18.47073 klis4
12 0 111280 1 17.011362 klis4
12 0 109621 2 14.5746765 klis4
12 0 96880 3 13.96332 klis4
12 0 809121 4 13.899356 klis4
12 0 111586 5 13.786292 klis4
12 0 112681 6 12.440665 klis4
12 0 621195 7 12.363873 klis4
12 0 621270 8 12.363873 klis4
12 0 110954 9 12.182048 klis4
13 0 2642828 0 30.000546 klis4
13 0 802973 1 26.239586 klis4
13 0 803271 2 26.239586 klis4
13 0 2959737 3 26.239586 klis4
13 0 145967 4 26.080482 klis4
13 0 2959730 5 25.471071 klis4
13 0 811777 6 24.086346 klis4
13 0 4162111 7 21.139536 klis4
13 0 3171724 8 20.943624 klis4
13 0 3177199 9 20.943624 klis4
14 0 614392 0 24.014118 klis4
14 0 614485 1 24.014118 klis4
14 0 124715 2 23.971048 klis4
14 0 145958 3 22.313995 klis4
14 0 3199501 4 21.682293 klis4
14 0 145967 5 21.481262 klis4
14 0 2812588 6 21.354708 klis4
14 0 4151817 7 18.982712 klis4
14 0 111939 8 18.572454 klis4
14 0 112316 9 18.045153 klis4
15 0 2812588 0 34.172047 klis4
15 0 4162111 1 31.167355 klis4
15 0 3207858 2 29.017605 klis4
15 0 4151821 3 28.127533 klis4
15 0 3199501 4 27.084667 klis4
15 0 4106440 5 26.84452 klis4
15 0 4015951 6 26.66204 klis4
15 0 4162534 7 26.457956 klis4
15 0 3177196 8 25.012785 klis4
15 0 4151822 9 24.812517 klis4
16 0 3207861 0 15.909593 klis4
16 0 87001 1 15.721956 klis4
16 0 110856 2 15.65429 klis4
16 0 110368 3 15.381515 klis4
16 0 2812588 4 15.251097 klis4
16 0 109384 5 15.229559 klis4
16 0 104548 6 15.17117 klis4
16 0 2770446 7 15.025754 klis4
16 0 104572 8 15.007841 klis4
16 0 98776 9 14.241511 klis4
17 0 110593 0 16.586948 klis4
17 0 111302 1 14.8594265 klis4
17 0 118125 2 14.43439 klis4
17 0 2441473 3 14.3548 klis4
17 0 2672535 4 14.295204 klis4
17 0 3183080 5 13.730369 klis4
17 0 3213872 6 13.610428 klis4
17 0 110810 7 13.6098795 klis4
17 0 112819 8 13.321241 klis4
17 0 107416 9 13.099482 klis4
18 0 148484 0 30.684576 klis4
18 0 4161362 1 27.675129 klis4
18 0 118383 2 26.448996 klis4
18 0 108630 3 26.439356 klis4
18 0 106745 4 25.863373 klis4
18 0 147530 5 25.445885 klis4
18 0 112428 6 25.394842 klis4
18 0 101355 7 24.84841 klis4
18 0 118507 8 24.50205 klis4
18 0 103204 9 24.353273 klis4
19 0 104895 0 12.2033 klis4
19 0 93820 1 11.910401 klis4
19 0 101977 2 11.302579 klis4
19 0 103133 3 11.246549 klis4
19 0 107661 4 10.961003 klis4
19 0 109866 5 10.358221 klis4
19 0 1087906 6 10.302141 klis4
19 0 104313 7 10.302141 klis4
19 0 93149 8 10.138256 klis4
19 0 102119 9 9.629861 klis4
20 0 99191 0 15.48534 klis4
20 0 108897 1 14.957105 klis4
20 0 117972 2 14.4492855 klis4
20 0 109032 3 14.4122505 klis4
20 0 104935 4 14.349755 klis4
20 0 112554 5 14.075134 klis4
20 0 3158927 6 13.947176 klis4
20 0 94999 7 12.889314 klis4
20 0 95165 8 12.873541 klis4
20 0 147528 9 12.8221035 klis4
21 0 2659300 0 20.083717 klis4
21 0 867657 1 18.213345 klis4
21 0 112777 2 18.14583 klis4
21 0 118371 3 17.409576 klis4
21 0 145747 4 16.980621 klis4
21 0 121161 5 16.471134 klis4
21 0 112799 6 16.271303 klis4
21 0 118055 7 16.116676 klis4
21 0 145925 8 16.069769 klis4
21 0 130139 9 16.017296 klis4
22 0 94142 0 29.963629 klis4
22 0 110772 1 29.795631 klis4
22 0 110694 2 29.522772 klis4
22 0 111021 3 29.161222 klis4
22 0 2646093 4 28.67298 klis4
22 0 112211 5 28.499786 klis4
22 0 111020 6 27.765858 klis4
22 0 145644 7 27.735554 klis4
22 0 98890 8 27.67736 klis4
22 0 145788 9 27.427351 klis4
23 0 108837 0 9.870416 klis4
23 0 105435 1 9.7174225 klis4
23 0 4162535 2 9.37759 klis4
23 0 146983 3 9.33428 klis4
23 0 110474 4 9.207111 klis4
23 0 107327 5 8.747293 klis4
23 0 122242 6 8.683365 klis4
23 0 106035 7 8.645672 klis4
23 0 137729 8 8.573818 klis4
23 0 137736 9 8.526789 klis4
24 0 1738 0 14.507806 klis4
24 0 109265 1 14.442261 klis4
24 0 2804671 2 12.896002 klis4
24 0 110916 3 11.990857 klis4
24 0 109087 4 11.652939 klis4
24 0 118044 5 11.644108 klis4
24 0 4162535 6 11.458188 klis4
24 0 105214 7 11.36491 klis4
24 0 105654 8 11.289401 klis4
24 0 112846 9 11.248535 klis4
25 0 112345 0 21.283932 klis4
25 0 3211503 1 20.870369 klis4
25 0 112616 2 18.207115 klis4
25 0 107574 3 17.48574 klis4
25 0 109416 4 16.329514 klis4
25 0 101911 5 15.909097 klis4
25 0 145864 6 15.414869 klis4
25 0 118021 7 15.122838 klis4
25 0 108632 8 15.052924 klis4
25 0 109512 9 14.881119 klis4
26 0 118070 0 29.140522 klis4
26 0 118026 1 26.92426 klis4
26 0 145758 2 26.741455 klis4
26 0 626208 3 25.743866 klis4
26 0 110086 4 24.652271 klis4
26 0 111056 5 24.408998 klis4
26 0 112324 6 24.3723 klis4
26 0 127910 7 24.332386 klis4
26 0 145779 8 23.923065 klis4
26 0 118441 9 23.9002 klis4
27 0 4157382 0 29.606833 klis4
27 0 4157405 1 29.606833 klis4
27 0 112346 2 22.64947 klis4
27 0 111141 3 21.977604 klis4
27 0 110384 4 21.674553 klis4
27 0 620673 5 18.573496 klis4
27 0 112071 6 18.30941 klis4
27 0 110320 7 17.756927 klis4
27 0 110706 8 17.235552 klis4
27 0 145787 9 16.745192 klis4
28 0 4157382 0 26.993774 klis4
28 0 4157405 1 26.993774 klis4
28 0 873668 2 20.444897 klis4
28 0 217703 3 20.360233 klis4
28 0 4168298 4 18.062151 klis4
28 0 612628 5 17.201109 klis4
28 0 616869 6 16.991512 klis4
28 0 2675750 7 16.798243 klis4
28 0 2742710 8 16.68799 klis4
28 0 779833 9 16.586342 klis4
29 0 103885 0 13.642503 klis4
29 0 2678467 1 12.767051 klis4
29 0 2679202 2 12.767051 klis4
29 0 2959746 3 12.767051 klis4
29 0 106228 4 12.566889 klis4
29 0 95489 5 12.364686 klis4
29 0 108599 6 11.998446 klis4
29 0 2790213 7 11.929484 klis4
29 0 2671724 8 11.8975115 klis4
29 0 93365 9 11.743947 klis4
30 0 110964 0 16.398163 klis4
30 0 108978 1 16.330961 klis4
30 0 218921 2 16.29012 klis4
30 0 147954 3 15.610141 klis4
30 0 104285 4 15.390953 klis4
30 0 104548 5 15.387087 klis4
30 0 111559 6 15.229256 klis4
30 0 104904 7 15.199449 klis4
30 0 145885 8 15.1753235 klis4
30 0 104747 9 15.138279 klis4
31 0 142894 0 19.8709 klis4
31 0 2784695 1 18.322313 klis4
31 0 145857 2 18.253094 klis4
31 0 136995 3 18.035322 klis4
31 0 130146 4 17.794601 klis4
31 0 118412 5 17.661314 klis4
31 0 3171727 6 16.994156 klis4
31 0 3177198 7 16.994156 klis4
31 0 3177201 8 16.994156 klis4
31 0 98638 9 16.959013 klis4
32 0 112329 0 16.645613 klis4
32 0 118499 1 16.436342 klis4
32 0 110561 2 16.428198 klis4
32 0 118321 3 16.372631 klis4
32 0 118458 4 16.237722 klis4
32 0 118139 5 16.116982 klis4
32 0 109092 6 15.788803 klis4
32 0 118455 7 15.754987 klis4
32 0 118023 8 15.644588 klis4
32 0 112850 9 15.384579 klis4
33 0 2676594 0 19.797617 klis4
33 0 2675753 1 19.527246 klis4
33 0 2679204 2 19.527246 klis4
33 0 2809767 3 18.707348 klis4
33 0 2811850 4 18.707348 klis4
33 0 118302 5 17.025223 klis4
33 0 118294 6 15.371437 klis4
33 0 111971 7 15.06592 klis4
33 0 145788 8 14.098572 klis4
33 0 3205766 9 13.961582 klis4
34 0 2676594 0 45.79512 klis4
34 0 2675753 1 45.11097 klis4
34 0 2679204 2 45.11097 klis4
34 0 2809767 3 36.641426 klis4
34 0 2811850 4 36.641426 klis4
34 0 137727 5 22.485115 klis4
34 0 109012 6 21.72592 klis4
34 0 112159 7 21.66694 klis4
34 0 130155 8 21.161888 klis4
34 0 110030 9 21.121086 klis4
35 0 118329 0 20.195986 klis4
35 0 821306 1 19.406626 klis4
35 0 112747 2 19.400494 klis4
35 0 932061 3 19.122309 klis4
35 0 118196 4 18.583895 klis4
35 0 110579 5 18.060719 klis4
35 0 145704 6 17.908167 klis4
35 0 145753 7 17.343157 klis4
35 0 3205767 8 17.318504 klis4
35 0 109301 9 16.889061 klis4
36 0 118187 0 22.48784 klis4
36 0 118234 1 21.49336 klis4
36 0 112259 2 20.468302 klis4
36 0 102110 3 18.301777 klis4
36 0 104412 4 18.237791 klis4
36 0 104080 5 18.08477 klis4
36 0 86354 6 17.850588 klis4
36 0 109043 7 17.766731 klis4
36 0 101031 8 17.367199 klis4
36 0 106137 9 17.149473 klis4
37 0 145731 0 25.083054 klis4
37 0 111982 1 24.917004 klis4
37 0 4151829 2 24.34812 klis4
37 0 112910 3 24.201832 klis4
37 0 118269 4 23.59127 klis4
37 0 145855 5 22.486967 klis4
37 0 110742 6 22.345037 klis4
37 0 111420 7 21.09533 klis4
37 0 1993216 8 20.820175 klis4
37 0 110774 9 20.704865 klis4
38 0 118269 0 42.842686 klis4
38 0 4151829 1 39.37554 klis4
38 0 145855 2 38.003685 klis4
38 0 1993216 3 37.495403 klis4
38 0 145731 4 37.375237 klis4
38 0 112910 5 36.75691 klis4
38 0 112887 6 35.135098 klis4
38 0 145629 7 34.966557 klis4
38 0 111506 8 32.880413 klis4
38 0 111982 9 31.643652 klis4
39 0 112568 0 16.597078 klis4
39 0 111432 1 15.747466 klis4
39 0 95048 2 15.562021 klis4
39 0 112936 3 15.145217 klis4
39 0 105058 4 14.642475 klis4
39 0 1731 5 14.393881 klis4
39 0 99248 6 14.118514 klis4
39 0 102086 7 14.10136 klis4
39 0 2674861 8 14.078528 klis4
39 0 2675754 9 14.078528 klis4
40 0 931120 0 19.223318 klis4
40 0 145943 1 18.808762 klis4
40 0 2810526 2 14.810839 klis4
40 0 3171723 3 13.98636 klis4
40 0 112348 4 13.71654 klis4
40 0 2781925 5 13.528369 klis4
40 0 212970 6 13.189015 klis4
40 0 102656 7 13.115377 klis4
40 0 2756232 8 13.092133 klis4
40 0 145866 9 13.003063 klis4
41 0 109186 0 28.612034 klis4
41 0 112585 1 27.642 klis4
41 0 111198 2 25.644905 klis4
41 0 110132 3 25.04814 klis4
41 0 112440 4 24.238268 klis4
41 0 2810525 5 23.8107 klis4
41 0 2811847 6 23.8107 klis4
41 0 111254 7 23.224045 klis4
41 0 110075 8 23.111238 klis4
41 0 111891 9 21.56324 klis4
42 0 145943 0 23.444027 klis4
42 0 112924 1 20.651842 klis4
42 0 3177199 2 20.472713 klis4
42 0 3189783 3 20.099445 klis4
42 0 3171724 4 19.9604 klis4
42 0 3177200 5 19.9604 klis4
42 0 134735 6 19.675205 klis4
42 0 145959 7 19.60158 klis4
42 0 117864 8 19.443052 klis4
42 0 145630 9 19.336065 klis4
43 0 108846 0 11.958652 klis4
43 0 106883 1 11.569008 klis4
43 0 134725 2 11.049845 klis4
43 0 110556 3 10.908411 klis4
43 0 145873 4 10.671561 klis4
43 0 103735 5 10.554098 klis4
43 0 105745 6 10.386426 klis4
43 0 111100 7 10.272504 klis4
43 0 145880 8 10.227671 klis4
43 0 111622 9 10.166033 klis4
44 0 84838 0 11.896477 klis4
44 0 183480 1 11.847658 klis4
44 0 84795 2 11.810311 klis4
44 0 88006 3 11.6441555 klis4
44 0 85262 4 11.558427 klis4
44 0 84759 5 11.5444565 klis4
44 0 85414 6 11.506047 klis4
44 0 85194 7 11.442727 klis4
44 0 117881 8 11.339646 klis4
44 0 84698 9 11.240761 klis4
45 0 144101 0 17.164312 klis4
45 0 127691 1 17.104683 klis4
45 0 130159 2 17.104683 klis4
45 0 145755 3 15.683924 klis4
45 0 3181481 4 15.587917 klis4
45 0 110794 5 15.263756 klis4
45 0 131835 6 15.256687 klis4
45 0 142063 7 15.256687 klis4
45 0 135844 8 15.087404 klis4
45 0 141558 9 15.087404 klis4
46 0 2804673 0 19.988247 klis4
46 0 145772 1 16.515213 klis4
46 0 118453 2 14.312184 klis4
46 0 866024 3 14.203874 klis4
46 0 858802 4 14.203874 klis4
46 0 618680 5 14.156277 klis4
46 0 3204917 6 13.835743 klis4
46 0 1269289 7 13.740741 klis4
46 0 137741 8 13.043565 klis4
46 0 623145 9 12.985148 klis4
47 0 2674861 0 20.156792 klis4
47 0 2675754 1 20.156792 klis4
47 0 108545 2 17.964937 klis4
47 0 145664 3 16.746223 klis4
47 0 112165 4 16.66759 klis4
47 0 110105 5 16.508501 klis4
47 0 96147 6 16.327732 klis4
47 0 111803 7 16.30924 klis4
47 0 105417 8 16.238176 klis4
47 0 616862 9 16.145155 klis4
48 0 103019 0 18.981747 klis4
48 0 2674861 1 17.257679 klis4
48 0 2675754 2 17.257679 klis4
48 0 107402 3 14.699524 klis4
48 0 106791 4 14.493928 klis4
48 0 104552 5 13.60522 klis4
48 0 103249 6 13.25209 klis4
48 0 145727 7 13.204365 klis4
48 0 107451 8 13.163774 klis4
48 0 108040 9 13.032408 klis4
49 0 4162535 0 21.393637 klis4
49 0 101852 1 17.50312 klis4
49 0 95414 2 16.797592 klis4
49 0 95551 3 15.849288 klis4
49 0 90620 4 15.746939 klis4
49 0 2672535 5 15.173348 klis4
49 0 1957917 6 14.9544935 klis4
49 0 95847 7 14.241557 klis4
49 0 95696 8 13.573463 klis4
49 0 98782 9 13.408853 klis4
50 0 110268 0 18.99016 klis4
50 0 112733 1 18.848347 klis4
50 0 110763 2 18.666397 klis4
50 0 118449 3 18.648193 klis4
50 0 118203 4 18.380447 klis4
50 0 183479 5 18.357393 klis4
50 0 111953 6 18.139992 klis4
50 0 109776 7 18.125908 klis4
50 0 145918 8 17.887936 klis4
50 0 112933 9 17.869276 klis4
51 0 145901 0 8.289229 klis4
51 0 103217 1 7.984836 klis4
51 0 903973 2 7.9671288 klis4
51 0 3216389 3 7.8680506 klis4
51 0 108307 4 7.8490906 klis4
51 0 105045 5 7.81569 klis4
51 0 109627 6 7.7836647 klis4
51 0 106181 7 7.6781216 klis4
51 0 4170685 8 7.655094 klis4
51 0 111276 9 7.6383386 klis4
52 0 137750 0 18.268873 klis4
52 0 107187 1 18.123026 klis4
52 0 111908 2 17.813305 klis4
52 0 95361 3 17.217598 klis4
52 0 802399 4 17.022717 klis4
52 0 97465 5 16.234007 klis4
52 0 109733 6 16.03655 klis4
52 0 92777 7 15.596849 klis4
52 0 110222 8 15.251992 klis4
52 0 854177 9 14.9339285 klis4
53 0 625711 0 20.822842 klis4
53 0 112573 1 20.366833 klis4
53 0 872994 2 19.447886 klis4
53 0 104615 3 19.018715 klis4
53 0 621045 4 18.866247 klis4
53 0 2655591 5 18.856771 klis4
53 0 112728 6 18.63739 klis4
53 0 145628 7 18.289934 klis4
53 0 145635 8 18.156626 klis4
53 0 1087693 9 17.642094 klis4
54 0 616862 0 25.320562 klis4
54 0 145792 1 20.343363 klis4
54 0 145884 2 19.957685 klis4
54 0 145796 3 19.299917 klis4
54 0 616863 4 19.218166 klis4
54 0 205788 5 18.901747 klis4
54 0 931614 6 18.89777 klis4
54 0 118262 7 18.70939 klis4
54 0 148483 8 18.365812 klis4
54 0 1744 9 18.319265 klis4
55 0 4154603 0 26.268435 klis4
55 0 110774 1 24.92766 klis4
55 0 111261 2 24.748964 klis4
55 0 118269 3 24.172686 klis4
55 0 109062 4 23.862663 klis4
55 0 111420 5 22.43694 klis4
55 0 110830 6 22.16242 klis4
55 0 110021 7 21.273237 klis4
55 0 109251 8 21.250141 klis4
55 0 145855 9 20.818573 klis4
56 0 4154603 0 28.00885 klis4
56 0 145855 1 25.583233 klis4
56 0 109215 2 23.362335 klis4
56 0 107743 3 21.624092 klis4
56 0 112910 4 21.590902 klis4
56 0 110021 5 21.547903 klis4
56 0 108118 6 21.38842 klis4
56 0 109882 7 20.957943 klis4
56 0 145629 8 20.721035 klis4
56 0 108115 9 20.384605 klis4
57 0 91749 0 6.124057 klis4
57 0 87224 1 6.0493712 klis4
57 0 97178 2 6.0429945 klis4
57 0 86920 3 6.0305424 klis4
57 0 138003 4 6.0275846 klis4
57 0 117992 5 6.018356 klis4
57 0 86805 6 5.98843 klis4
57 0 87202 7 5.981516 klis4
57 0 121160 8 5.7541595 klis4
57 0 102646 9 5.7217784 klis4
58 0 118467 0 14.820672 klis4
58 0 105181 1 14.665585 klis4
58 0 106228 2 14.518319 klis4
58 0 118282 3 14.132423 klis4
58 0 145709 4 14.083012 klis4
58 0 821305 5 14.060848 klis4
58 0 103975 6 13.869711 klis4
58 0 2788982 7 13.863785 klis4
58 0 92510 8 13.797154 klis4
58 0 145804 9 13.772258 klis4
59 0 4170685 0 29.148579 klis4
59 0 111736 1 28.137733 klis4
59 0 130158 2 27.8772 klis4
59 0 2788983 3 27.032818 klis4
59 0 2672208 4 26.789413 klis4
59 0 2670794 5 26.789413 klis4
59 0 931614 6 26.776215 klis4
59 0 145627 7 25.861732 klis4
59 0 112824 8 24.349604 klis4
59 0 117874 9 24.318586 klis4
60 0 931614 0 22.291975 klis4
60 0 145856 1 22.265293 klis4
60 0 109706 2 21.410042 klis4
60 0 109810 3 20.576195 klis4
60 0 118257 4 20.415731 klis4
60 0 112629 5 20.114094 klis4
60 0 107182 6 19.97762 klis4
60 0 108227 7 19.159336 klis4
60 0 145807 8 18.73391 klis4
60 0 109949 9 18.415287 klis4
61 0 145923 0 39.905155 klis4
61 0 219815 1 38.769623 klis4
61 0 145743 2 36.294003 klis4
61 0 1732 3 35.797367 klis4
61 0 2812210 4 34.690147 klis4
61 0 218457 5 34.447536 klis4
61 0 218132 6 31.090513 klis4
61 0 3216388 7 29.75996 klis4
61 0 145861 8 29.24485 klis4
61 0 903971 9 28.887894 klis4
62 0 219512 0 15.171165 klis4
62 0 118045 1 14.228988 klis4
62 0 117872 2 14.201779 klis4
62 0 108752 3 13.7954445 klis4
62 0 112835 4 13.75871 klis4
62 0 110091 5 13.533126 klis4
62 0 99721 6 13.195762 klis4
62 0 145812 7 13.069368 klis4
62 0 101881 8 13.047423 klis4
62 0 148795 9 12.962757 klis4
63 0 103199 0 5.7240906 klis4
63 0 104180 1 5.6355934 klis4
63 0 104259 2 5.627675 klis4
63 0 103896 3 5.6003933 klis4
63 0 106276 4 5.57936 klis4
63 0 103102 5 5.5497293 klis4
63 0 103836 6 5.541914 klis4
63 0 104744 7 5.540636 klis4
63 0 103657 8 5.5146456 klis4
63 0 102072 9 5.509755 klis4
64 0 2758568 0 32.79738 klis4
64 0 145895 1 28.260279 klis4
64 0 102061 2 26.835627 klis4
64 0 110645 3 24.928793 klis4
64 0 109773 4 23.153833 klis4
64 0 821189 5 22.765924 klis4
64 0 93425 6 22.175411 klis4
64 0 98509 7 22.020544 klis4
64 0 111082 8 21.146946 klis4
64 0 111936 9 20.01641 klis4
65 0 118123 0 8.972188 klis4
65 0 103256 1 8.0609455 klis4
65 0 104995 2 7.8314967 klis4
65 0 103491 3 7.5102077 klis4
65 0 117976 4 7.5102077 klis4
65 0 107490 5 5.35022 klis4
65 0 105721 6 5.35022 klis4
65 0 137731 7 5.35022 klis4
65 0 109747 8 4.90304 klis4
65 0 111979 9 4.8551702 klis4
66 0 3211501 0 32.172405 klis4
66 0 145867 1 28.932804 klis4
66 0 111632 2 27.100792 klis4
66 0 112935 3 25.30661 klis4
66 0 118495 4 23.562876 klis4
66 0 112106 5 22.230219 klis4
66 0 112547 6 20.546793 klis4
66 0 218667 7 19.770935 klis4
66 0 112409 8 19.04123 klis4
66 0 134921 9 18.887959 klis4
67 0 96006 0 13.952604 klis4
67 0 106543 1 13.185937 klis4
67 0 91394 2 13.175177 klis4
67 0 867645 3 12.98184 klis4
67 0 101846 4 12.857142 klis4
67 0 104487 5 11.950584 klis4
67 0 111874 6 11.697147 klis4
67 0 100429 7 11.469856 klis4
67 0 109308 8 11.393011 klis4
67 0 106745 9 11.388025 klis4
68 0 111559 0 20.901443 klis4
68 0 105405 1 20.385838 klis4
68 0 104573 2 20.04039 klis4
68 0 101413 3 20.007639 klis4
68 0 104523 4 19.85519 klis4
68 0 106445 5 19.58237 klis4
68 0 110646 6 19.499405 klis4
68 0 110527 7 19.18797 klis4
68 0 106423 8 19.102837 klis4
68 0 104554 9 19.037653 klis4
69 0 149289 0 17.937492 klis4
69 0 110719 1 17.777363 klis4
69 0 112748 2 17.682203 klis4
69 0 136989 3 17.39804 klis4
69 0 112626 4 17.33483 klis4
69 0 799975 5 17.322212 klis4
69 0 104422 6 17.308725 klis4
69 0 118400 7 17.143663 klis4
69 0 145642 8 17.102093 klis4
69 0 127899 9 17.08447 klis4
70 0 111709 0 23.71286 klis4
70 0 118111 1 21.408516 klis4
70 0 117961 2 19.734343 klis4
70 0 112534 3 19.48864 klis4
70 0 86157 4 19.291048 klis4
70 0 118317 5 18.352282 klis4
70 0 145739 6 18.235565 klis4
70 0 109489 7 17.974339 klis4
70 0 118379 8 17.932407 klis4
70 0 110974 9 17.712618 klis4
71 0 88517 0 17.790678 klis4
71 0 112904 1 17.653492 klis4
71 0 118052 2 16.889578 klis4
71 0 91384 3 16.790497 klis4
71 0 118234 4 16.697905 klis4
71 0 145121 5 16.665356 klis4
71 0 112914 6 16.63139 klis4
71 0 105023 7 16.584545 klis4
71 0 118287 8 16.4037 klis4
71 0 85063 9 16.359089 klis4
72 0 112904 0 18.69486 klis4
72 0 108624 1 18.277416 klis4
72 0 88166 2 17.50565 klis4
72 0 85168 3 17.295853 klis4
72 0 91550 4 17.151121 klis4
72 0 100294 5 17.046234 klis4
72 0 118052 6 16.849844 klis4
72 0 91596 7 16.782043 klis4
72 0 85513 8 16.739311 klis4
72 0 103775 9 16.55473 klis4
73 0 145624 0 23.792809 klis4
73 0 118043 1 21.168741 klis4
73 0 2804674 2 21.01488 klis4
73 0 1087954 3 20.815628 klis4
73 0 111425 4 18.982733 klis4
73 0 145638 5 18.272842 klis4
73 0 118162 6 17.985388 klis4
73 0 2655590 7 17.885674 klis4
73 0 112637 8 17.556475 klis4
73 0 110517 9 17.537924 klis4
74 0 145674 0 19.953878 klis4
74 0 122260 1 17.54233 klis4
74 0 103629 2 17.46778 klis4
74 0 2804674 3 16.507 klis4
74 0 2657927 4 16.363537 klis4
74 0 109821 5 16.218567 klis4
74 0 137725 6 15.988228 klis4
74 0 105402 7 15.899181 klis4
74 0 145743 8 15.843313 klis4
74 0 110398 9 15.745909 klis4
75 0 109593 0 26.21386 klis4
75 0 108196 1 24.94749 klis4
75 0 109795 2 24.723185 klis4
75 0 106659 3 24.567368 klis4
75 0 110779 4 23.691938 klis4
75 0 100612 5 22.846735 klis4
75 0 109287 6 22.514128 klis4
75 0 107895 7 22.477839 klis4
75 0 109099 8 22.291428 klis4
75 0 104252 9 22.279013 klis4
76 0 2670966 0 21.393513 klis4
76 0 112307 1 20.486616 klis4
76 0 108900 2 20.30508 klis4
76 0 149653 3 19.91658 klis4
76 0 145652 4 19.18949 klis4
76 0 3203656 5 19.178625 klis4
76 0 3206414 6 19.178625 klis4
76 0 1740 7 19.022812 klis4
76 0 112430 8 19.010454 klis4
76 0 110752 9 18.702663 klis4
77 0 97242 0 19.725243 klis4
77 0 112646 1 19.52746 klis4
77 0 104355 2 18.687767 klis4
77 0 112626 3 18.488325 klis4
77 0 108605 4 18.240904 klis4
77 0 110223 5 18.136452 klis4
77 0 110594 6 18.052702 klis4
77 0 111610 7 17.86505 klis4
77 0 145958 8 17.818684 klis4
77 0 111455 9 17.799273 klis4
78 0 2812588 0 28.66065 klis4
78 0 145901 1 27.273394 klis4
78 0 118037 2 25.625536 klis4
78 0 118196 3 24.648655 klis4
78 0 109012 4 24.30341 klis4
78 0 117968 5 24.168726 klis4
78 0 108620 6 24.047552 klis4
78 0 118334 7 23.963083 klis4
78 0 799976 8 23.778055 klis4
78 0 104784 9 23.747025 klis4
79 0 111470 0 36.23491 klis4
79 0 111009 1 35.926327 klis4
79 0 118143 2 30.778353 klis4
79 0 2680438 3 24.599796 klis4
79 0 110221 4 19.183979 klis4
79 0 145932 5 17.804504 klis4
79 0 903979 6 17.640436 klis4
79 0 902768 7 17.640436 klis4
79 0 2670795 8 17.058443 klis4
79 0 145941 9 16.727947 klis4
80 0 91984 0 16.127983 klis4
80 0 102890 1 15.868722 klis4
80 0 86283 2 15.672118 klis4
80 0 106490 3 15.459516 klis4
80 0 149285 4 15.259701 klis4
80 0 94164 5 15.171812 klis4
80 0 106129 6 15.058298 klis4
80 0 1100709 7 14.9390545 klis4
80 0 94532 8 14.9390545 klis4
80 0 108900 9 14.776327 klis4
81 0 94052 0 9.684127 klis4
81 0 85415 1 9.496747 klis4
81 0 93027 2 9.454584 klis4
81 0 94334 3 9.423555 klis4
81 0 95813 4 9.403078 klis4
81 0 95854 5 9.159222 klis4
81 0 90934 6 9.131029 klis4
81 0 94555 7 9.0492 klis4
81 0 92639 8 8.853054 klis4
81 0 112204 9 8.794332 klis4
82 0 104132 0 13.312332 klis4
82 0 95854 1 13.207462 klis4
82 0 88621 2 12.970756 klis4
82 0 112869 3 12.9010725 klis4
82 0 2773182 4 12.812294 klis4
82 0 1087945 5 12.621099 klis4
82 0 4168363 6 12.402899 klis4
82 0 111106 7 12.399723 klis4
82 0 109872 8 12.3737135 klis4
82 0 118392 9 12.352934 klis4
83 0 2150 0 19.466003 klis4
83 0 145859 1 18.459377 klis4
83 0 109038 2 18.11438 klis4
83 0 110834 3 17.201658 klis4
83 0 108690 4 17.161495 klis4
83 0 2151 5 16.81534 klis4
83 0 111333 6 16.543571 klis4
83 0 110728 7 16.537502 klis4
83 0 102250 8 16.313133 klis4
83 0 111194 9 15.921749 klis4
84 0 111664 0 26.555561 klis4
84 0 109893 1 26.267406 klis4
84 0 109695 2 25.552914 klis4
84 0 110473 3 25.312452 klis4
84 0 110361 4 25.224598 klis4
84 0 107293 5 24.566053 klis4
84 0 111151 6 24.353693 klis4
84 0 122251 7 24.323992 klis4
84 0 800858 8 24.13768 klis4
84 0 110681 9 23.898893 klis4
85 0 802973 0 26.157314 klis4
85 0 803271 1 26.157314 klis4
85 0 2959737 2 26.157314 klis4
85 0 118446 3 24.668571 klis4
85 0 112359 4 24.585049 klis4
85 0 107663 5 24.517004 klis4
85 0 112833 6 23.87563 klis4
85 0 108530 7 23.377373 klis4
85 0 218925 8 22.799084 klis4
85 0 130153 9 22.675615 klis4
86 0 3171724 0 23.386951 klis4
86 0 3177199 1 23.386951 klis4
86 0 3177200 2 23.386951 klis4
86 0 3171728 3 23.004118 klis4
86 0 3205766 4 21.940163 klis4
86 0 3214774 5 21.37291 klis4
86 0 3170730 6 20.927723 klis4
86 0 3177197 7 20.927723 klis4
86 0 3195092 8 19.739079 klis4
86 0 3181025 9 19.654762 klis4
87 0 143378 0 20.954931 klis4
87 0 104480 1 19.560768 klis4
87 0 104998 2 17.731323 klis4
87 0 3007018 3 17.015034 klis4
87 0 111446 4 16.770971 klis4
87 0 1088038 5 16.457697 klis4
87 0 111182 6 16.083529 klis4
87 0 111905 7 15.849295 klis4
87 0 149653 8 15.799518 klis4
87 0 136998 9 15.768066 klis4
88 0 103505 0 15.6642 klis4
88 0 625833 1 15.282187 klis4
88 0 3007018 2 14.956065 klis4
88 0 145958 3 14.774292 klis4
88 0 143378 4 14.509164 klis4
88 0 111170 5 14.48523 klis4
88 0 134723 6 14.123141 klis4
88 0 112335 7 14.009259 klis4
88 0 96961 8 13.558591 klis4
88 0 2620704 9 13.550068 klis4
89 0 4151822 0 43.50775 klis4
89 0 2812588 1 37.17509 klis4
89 0 4162110 2 37.02131 klis4
89 0 145817 3 35.345444 klis4
89 0 145647 4 31.865522 klis4
89 0 2770446 5 31.33547 klis4
89 0 134747 6 28.463923 klis4
89 0 145954 7 28.449627 klis4
89 0 145722 8 27.926117 klis4
89 0 111029 9 26.071487 klis4
90 0 109643 0 14.954502 klis4
90 0 118054 1 14.839445 klis4
90 0 109921 2 14.55677 klis4
90 0 109079 3 14.202795 klis4
90 0 109080 4 14.1673975 klis4
90 0 109776 5 14.104048 klis4
90 0 145626 6 13.919313 klis4
90 0 107840 7 13.750744 klis4
90 0 145697 8 13.6663065 klis4
90 0 108400 9 13.228932 klis4
91 0 3212514 0 33.332138 klis4
91 0 145892 1 22.962414 klis4
91 0 3007018 2 22.129398 klis4
91 0 145897 3 22.127584 klis4
91 0 145785 4 20.957882 klis4
91 0 219097 5 20.877596 klis4
91 0 182991 6 20.861927 klis4
91 0 624280 7 19.90054 klis4
91 0 145880 8 19.152473 klis4
91 0 856791 9 18.770384 klis4
92 0 3212514 0 18.212774 klis4
92 0 2675751 1 15.920967 klis4
92 0 99791 2 14.209673 klis4
92 0 99392 3 14.017819 klis4
92 0 111828 4 13.862864 klis4
92 0 118166 5 13.525894 klis4
92 0 134732 6 13.250292 klis4
92 0 111820 7 13.241316 klis4
92 0 110643 8 13.214172 klis4
92 0 145782 9 13.126251 klis4
93 0 110877 0 41.73315 klis4
93 0 130158 1 38.833813 klis4
93 0 110248 2 38.69771 klis4
93 0 118257 3 38.252335 klis4
93 0 931614 4 38.129616 klis4
93 0 109610 5 37.16675 klis4
93 0 118334 6 36.854763 klis4
93 0 107954 7 35.090008 klis4
93 0 118012 8 33.937828 klis4
93 0 145901 9 33.931644 klis4
94 0 931614 0 61.204533 klis4
94 0 2743641 1 47.30354 klis4
94 0 2959756 2 47.30354 klis4
94 0 3195891 3 46.15364 klis4
94 0 4151827 4 41.738445 klis4
94 0 145901 5 38.203323 klis4
94 0 2788983 6 35.98664 klis4
94 0 107954 7 33.02468 klis4
94 0 111736 8 32.494007 klis4
94 0 118012 9 32.453606 klis4
95 0 105495 0 19.843248 klis4
95 0 107232 1 19.829464 klis4
95 0 108555 2 19.568758 klis4
95 0 107794 3 16.152117 klis4
95 0 109444 4 15.217876 klis4
95 0 108161 5 15.09427 klis4
95 0 112750 6 15.050841 klis4
95 0 96226 7 14.996954 klis4
95 0 111385 8 14.758438 klis4
95 0 106171 9 14.723147 klis4
96 0 110076 0 8.664047 klis4
96 0 111118 1 8.483461 klis4
96 0 112296 2 8.465176 klis4
96 0 106952 3 8.461264 klis4
96 0 105500 4 8.434382 klis4
96 0 105694 5 8.391117 klis4
96 0 111987 6 8.376549 klis4
96 0 99417 7 8.34133 klis4
96 0 111472 8 8.237431 klis4
96 0 145769 9 8.167658 klis4
97 0 112101 0 23.727922 klis4
97 0 111922 1 18.126366 klis4
97 0 136993 2 15.723068 klis4
97 0 118379 3 13.760571 klis4
97 0 100203 4 13.683265 klis4
97 0 104748 5 12.917699 klis4
97 0 111810 6 12.879261 klis4
97 0 621044 7 12.1111 klis4
97 0 621090 8 12.1111 klis4
97 0 2959739 9 12.1111 klis4
98 0 104227 0 15.761259 klis4
98 0 96837 1 15.526737 klis4
98 0 117902 2 15.287535 klis4
98 0 2769806 3 14.963834 klis4
98 0 99480 4 14.740687 klis4
98 0 101570 5 14.577614 klis4
98 0 92486 6 14.45652 klis4
98 0 95701 7 14.408057 klis4
98 0 102195 8 14.384709 klis4
98 0 111432 9 14.376272 klis4
99 0 112267 0 40.30045 klis4
99 0 111884 1 31.348022 klis4
99 0 110552 2 29.809446 klis4
99 0 109976 3 24.386028 klis4
99 0 110578 4 24.22663 klis4
99 0 118121 5 22.728256 klis4
99 0 109673 6 22.003262 klis4
99 0 104759 7 21.269032 klis4
99 0 112723 8 20.932142 klis4
99 0 109569 9 18.498325 klis4
100 0 112267 0 50.613537 klis4
100 0 110552 1 45.68878 klis4
100 0 102981 2 41.435043 klis4
100 0 91843 3 38.97854 klis4
100 0 104883 4 38.24034 klis4
100 0 110098 5 37.970417 klis4
100 0 100701 6 37.929245 klis4
100 0 111886 7 37.163353 klis4
100 0 101561 8 36.948055 klis4
100 0 111884 9 35.217907 klis4
