1 0 112795 0 33.3229 klis6
1 0 111116 1 32.849365 klis6
1 0 219732 2 31.07493 klis6
1 0 219733 3 30.992785 klis6
1 0 220342 4 30.992785 klis6
1 0 2649076 5 30.955755 klis6
1 0 110370 6 28.958342 klis6
1 0 101572 7 28.903084 klis6
1 0 97605 8 28.826437 klis6
1 0 112924 9 27.735516 klis6
2 0 4170684 0 18.86673 klis6
2 0 145692 1 16.112669 klis6
2 0 104571 2 16.111658 klis6
2 0 2644673 3 15.397363 klis6
2 0 149006 4 15.133712 klis6
2 0 150540 5 15.09334 klis6
2 0 109745 6 14.19868 klis6
2 0 105495 7 14.188881 klis6
2 0 108555 8 14.009848 klis6
2 0 109466 9 13.7917795 klis6
3 0 215496 0 41.803253 klis6
3 0 215694 1 41.803253 klis6
3 0 2959735 2 41.80221 klis6
3 0 3162143 3 41.6209 klis6
3 0 118029 4 40.800446 klis6
3 0 112212 5 40.157997 klis6
3 0 118475 6 38.70988 klis6
3 0 145821 7 38.584873 klis6
3 0 130157 8 38.165222 klis6
3 0 149007 9 37.5809 klis6
4 0 215496 0 56.121834 klis6
4 0 215694 1 56.074905 klis6
4 0 2959735 2 56.072823 klis6
4 0 149007 3 53.58002 klis6
4 0 623142 4 44.282764 klis6
4 0 111920 5 41.901386 klis6
4 0 145821 6 40.951473 klis6
4 0 118029 7 40.892986 klis6
4 0 117959 8 39.589645 klis6
4 0 3162143 9 39.24798 klis6
5 0 183480 0 40.812447 klis6
5 0 110056 1 35.862434 klis6
5 0 111789 2 35.060436 klis6
5 0 2672209 3 34.640755 klis6
5 0 2657779 4 34.640755 klis6
5 0 108089 5 33.532547 klis6
5 0 118174 6 32.592636 klis6
5 0 108088 7 32.12676 klis6
5 0 118217 8 30.335806 klis6
5 0 117911 9 29.12717 klis6
6 0 117932 0 28.060896 klis6
6 0 2811844 1 26.493937 klis6
6 0 2959750 2 26.493937 klis6
6 0 110883 3 19.29857 klis6
6 0 108449 4 18.619713 klis6
6 0 109573 5 17.67798 klis6
6 0 105790 6 17.355091 klis6
6 0 100934 7 16.814106 klis6
6 0 2680591 8 16.71312 klis6
6 0 118174 9 16.480751 klis6
7 0 2676593 0 27.276745 klis6
7 0 219733 1 27.16421 klis6
7 0 220342 2 27.16421 klis6
7 0 2655591 3 26.62963 klis6
7 0 147531 4 26.317413 klis6
7 0 145713 5 24.40544 klis6
7 0 2806208 6 24.12835 klis6
7 0 2808294 7 24.12835 klis6
7 0 2672535 8 24.044048 klis6
7 0 110932 9 23.731304 klis6
8 0 145911 0 19.245897 klis6
8 0 182991 1 16.058775 klis6
8 0 146981 2 16.012074 klis6
8 0 104034 3 15.255373 klis6
8 0 2670643 4 15.036736 klis6
8 0 2760668 5 14.712949 klis6
8 0 215806 6 14.507471 klis6
8 0 2679558 7 14.489931 klis6
8 0 2654532 8 14.469028 klis6
8 0 145859 9 14.311491 klis6
9 0 2675751 0 49.219772 klis6
9 0 109720 1 48.941746 klis6
9 0 112641 2 48.213005 klis6
9 0 111828 3 46.80276 klis6
9 0 110543 4 46.35275 klis6
9 0 118212 5 46.049694 klis6
9 0 109193 6 45.93089 klis6
9 0 127923 7 45.908035 klis6
9 0 118011 8 44.443645 klis6
9 0 127887 9 43.957817 klis6
10 0 145715 0 41.50719 klis6
10 0 112423 1 39.59068 klis6
10 0 112931 2 38.96621 klis6
10 0 111500 3 37.51485 klis6
10 0 112094 4 36.509697 klis6
10 0 147531 5 36.344612 klis6
10 0 121163 6 36.339447 klis6
10 0 214949 7 34.978184 klis6
10 0 215071 8 34.978184 klis6
10 0 112291 9 34.44752 klis6
11 0 931123 0 23.79184 klis6
11 0 107553 1 22.994686 klis6
11 0 110800 2 22.955502 klis6
11 0 212830 3 22.151775 klis6
11 0 2743678 4 22.127981 klis6
11 0 2809767 5 21.826675 klis6
11 0 2811850 6 21.826675 klis6
11 0 620560 7 21.646313 klis6
11 0 873668 8 21.527216 klis6
11 0 1747 9 21.114372 klis6
12 0 2672535 0 29.46023 klis6
12 0 809121 1 24.244041 klis6
12 0 621195 2 22.698282 klis6
12 0 621270 3 22.698282 klis6
12 0 3207860 4 20.998241 klis6
12 0 109096 5 20.188736 klis6
12 0 1746 6 19.162645 klis6
12 0 2651114 7 18.79831 klis6
12 0 109248 8 18.360186 klis6
12 0 118046 9 18.153881 klis6
13 0 2642828 0 49.844387 klis6
13 0 145967 1 46.11236 klis6
13 0 802973 2 45.995983 klis6
13 0 803271 3 45.995983 klis6
13 0 2959737 4 45.995983 klis6
13 0 4162111 5 39.882298 klis6
13 0 2812588 6 39.003773 klis6
13 0 4106440 7 38.64671 klis6
13 0 2959730 8 37.98222 klis6
13 0 3168776 9 35.660397 klis6
14 0 614392 0 33.28171 klis6
14 0 614485 1 33.28171 klis6
14 0 124715 2 32.401665 klis6
14 0 2812588 3 32.124596 klis6
14 0 3199501 4 30.76681 klis6
14 0 145958 5 29.457253 klis6
14 0 145967 6 29.047386 klis6
14 0 124465 7 26.500647 klis6
14 0 112316 8 26.471497 klis6
14 0 145632 9 26.254423 klis6
15 0 2812588 0 47.739315 klis6
15 0 4162111 1 40.45632 klis6
15 0 4015951 2 40.207253 klis6
15 0 3207858 3 38.72564 klis6
15 0 3199501 4 35.43343 klis6
15 0 4151822 5 34.551113 klis6
15 0 4106440 6 34.004055 klis6
15 0 3177196 7 33.880936 klis6
15 0 4151821 8 33.015606 klis6
15 0 4162534 9 30.775087 klis6
16 0 4151822 0 37.23388 klis6
16 0 2155 1 37.17891 klis6
16 0 2812588 2 37.04762 klis6
16 0 2770446 3 36.46054 klis6
16 0 2771249 4 28.624964 klis6
16 0 134747 5 26.681982 klis6
16 0 177420 6 25.906643 klis6
16 0 3203658 7 25.816372 klis6
16 0 2756231 8 25.508291 klis6
16 0 145647 9 25.473692 klis6
17 0 110593 0 18.632126 klis6
17 0 111122 1 18.247725 klis6
17 0 118125 2 18.006863 klis6
17 0 3187209 3 17.993994 klis6
17 0 111302 4 17.70172 klis6
17 0 117968 5 17.272087 klis6
17 0 3183080 6 17.2106 klis6
17 0 118230 7 17.192654 klis6
17 0 2441473 8 17.04751 klis6
17 0 117987 9 16.98325 klis6
18 0 148484 0 48.943832 klis6
18 0 105979 1 40.388645 klis6
18 0 110810 2 40.184967 klis6
18 0 136985 3 39.49797 klis6
18 0 799991 4 39.459625 klis6
18 0 3209687 5 39.452217 klis6
18 0 145119 6 39.113094 klis6
18 0 104095 7 38.473145 klis6
18 0 112126 8 38.202095 klis6
18 0 118507 9 38.08596 klis6
19 0 104895 0 15.555479 klis6
19 0 109180 1 15.449481 klis6
19 0 106639 2 14.238943 klis6
19 0 117867 3 13.491535 klis6
19 0 110441 4 13.174294 klis6
19 0 111219 5 12.948792 klis6
19 0 105517 6 12.8051195 klis6
19 0 1087906 7 12.777187 klis6
19 0 104313 8 12.777187 klis6
19 0 107612 9 12.771021 klis6
20 0 118243 0 20.953815 klis6
20 0 111343 1 20.724398 klis6
20 0 626454 2 20.706413 klis6
20 0 109032 3 19.236174 klis6
20 0 106282 4 19.075686 klis6
20 0 111788 5 18.91243 klis6
20 0 111713 6 18.739746 klis6
20 0 866023 7 18.709822 klis6
20 0 108538 8 18.668293 klis6
20 0 112410 9 18.427172 klis6
21 0 2659300 0 24.572681 klis6
21 0 867657 1 22.39418 klis6
21 0 112777 2 22.050644 klis6
21 0 118371 3 21.954542 klis6
21 0 145747 4 20.725603 klis6
21 0 117890 5 20.406836 klis6
21 0 112846 6 19.891647 klis6
21 0 121159 7 19.606571 klis6
21 0 145925 8 19.428804 klis6
21 0 621293 9 19.284077 klis6
22 0 111021 0 45.749702 klis6
22 0 145644 1 44.29042 klis6
22 0 110694 2 42.42413 klis6
22 0 109807 3 42.122353 klis6
22 0 2811845 4 41.224026 klis6
22 0 104572 5 40.98371 klis6
22 0 145903 6 40.4561 klis6
22 0 112737 7 40.255955 klis6
22 0 112880 8 40.224564 klis6
22 0 111517 9 40.08318 klis6
23 0 112257 0 15.96849 klis6
23 0 4162535 1 14.901168 klis6
23 0 118449 2 14.08323 klis6
23 0 107645 3 13.366778 klis6
23 0 137736 4 12.970149 klis6
23 0 2810525 5 12.561378 klis6
23 0 2811847 6 12.561378 klis6
23 0 108393 7 12.513577 klis6
23 0 110391 8 12.444517 klis6
23 0 145738 9 12.313154 klis6
24 0 2804671 0 24.054039 klis6
24 0 182558 1 21.414377 klis6
24 0 2801435 2 19.953236 klis6
24 0 145635 3 17.666079 klis6
24 0 1738 4 17.393986 klis6
24 0 4162535 5 16.803513 klis6
24 0 616433 6 16.777512 klis6
24 0 149007 7 16.419586 klis6
24 0 820895 8 16.233038 klis6
24 0 3217476 9 16.095154 klis6
25 0 112345 0 28.603529 klis6
25 0 3211503 1 27.542356 klis6
25 0 112616 2 24.12738 klis6
25 0 108632 3 21.600084 klis6
25 0 118021 4 21.428986 klis6
25 0 109416 5 20.161852 klis6
25 0 108129 6 20.144737 klis6
25 0 101911 7 19.64025 klis6
25 0 107574 8 19.327446 klis6
25 0 95952 9 18.536043 klis6
26 0 145758 0 38.491146 klis6
26 0 118026 1 36.836098 klis6
26 0 117872 2 36.798645 klis6
26 0 112324 3 36.6033 klis6
26 0 118070 4 35.15528 klis6
26 0 110086 5 34.943268 klis6
26 0 112724 6 34.43756 klis6
26 0 112616 7 34.247612 klis6
26 0 112045 8 34.141052 klis6
26 0 111103 9 33.69299 klis6
27 0 4157382 0 37.049294 klis6
27 0 4157405 1 37.049294 klis6
27 0 112346 2 29.033457 klis6
27 0 111141 3 28.916656 klis6
27 0 110384 4 28.647478 klis6
27 0 112071 5 26.030577 klis6
27 0 110706 6 24.635923 klis6
27 0 110320 7 23.86665 klis6
27 0 118475 8 22.583467 klis6
27 0 620673 9 22.478712 klis6
28 0 4157382 0 51.723316 klis6
28 0 4157405 1 51.723316 klis6
28 0 112346 2 37.379208 klis6
28 0 111141 3 32.382805 klis6
28 0 112523 4 31.13579 klis6
28 0 217703 5 30.808165 klis6
28 0 107063 6 28.039255 klis6
28 0 2679557 7 27.619417 klis6
28 0 110384 8 26.621775 klis6
28 0 106130 9 26.116844 klis6
29 0 4151826 0 18.81982 klis6
29 0 145843 1 18.44656 klis6
29 0 112620 2 18.421389 klis6
29 0 118044 3 17.726372 klis6
29 0 145726 4 17.402279 klis6
29 0 112173 5 17.14911 klis6
29 0 145632 6 17.118694 klis6
29 0 99464 7 17.09281 klis6
29 0 118351 8 17.07815 klis6
29 0 118053 9 16.976448 klis6
30 0 145841 0 34.348328 klis6
30 0 205788 1 33.104816 klis6
30 0 218921 2 30.666014 klis6
30 0 145708 3 29.584103 klis6
30 0 145916 4 28.65171 klis6
30 0 118117 5 27.792276 klis6
30 0 137739 6 26.996292 klis6
30 0 118343 7 26.508411 klis6
30 0 145843 8 26.334314 klis6
30 0 148795 9 26.149565 klis6
31 0 145925 0 33.021618 klis6
31 0 148797 1 29.698526 klis6
31 0 3207859 2 29.352121 klis6
31 0 145857 3 28.098953 klis6
31 0 616433 4 27.808586 klis6
31 0 137003 5 27.112452 klis6
31 0 118412 6 27.041811 klis6
31 0 902267 7 26.20167 klis6
31 0 902771 8 24.414375 klis6
31 0 903985 9 24.414375 klis6
32 0 110561 0 17.605682 klis6
32 0 118458 1 17.232042 klis6
32 0 112329 2 16.645613 klis6
32 0 118139 3 16.510672 klis6
32 0 118499 4 16.436342 klis6
32 0 118321 5 16.372631 klis6
32 0 118023 6 16.368294 klis6
32 0 109450 7 16.36018 klis6
32 0 118303 8 16.06073 klis6
32 0 109505 9 16.00581 klis6
33 0 2809767 0 25.124147 klis6
33 0 2811850 1 25.124147 klis6
33 0 2676594 2 20.52662 klis6
33 0 2675753 3 20.195152 klis6
33 0 2679204 4 20.195152 klis6
33 0 112728 5 19.48381 klis6
33 0 118302 6 18.443155 klis6
33 0 110667 7 17.543411 klis6
33 0 111702 8 17.399698 klis6
33 0 108583 9 17.343597 klis6
34 0 2676594 0 76.3603 klis6
34 0 2675753 1 75.8892 klis6
34 0 2679204 2 75.8892 klis6
34 0 2809767 3 74.32238 klis6
34 0 2811850 4 74.32238 klis6
34 0 136994 5 38.089417 klis6
34 0 137727 6 37.60263 klis6
34 0 121158 7 37.38522 klis6
34 0 3216389 8 32.992493 klis6
34 0 112325 9 32.603504 klis6
35 0 3205767 0 28.986101 klis6
35 0 932061 1 26.841448 klis6
35 0 118329 2 25.515318 klis6
35 0 821306 3 25.391005 klis6
35 0 3203656 4 24.759039 klis6
35 0 3206414 5 24.759039 klis6
35 0 213843 6 23.38802 klis6
35 0 214063 7 23.38802 klis6
35 0 214467 8 23.38802 klis6
35 0 112747 9 23.285538 klis6
36 0 131163 0 27.92031 klis6
36 0 105224 1 27.530872 klis6
36 0 112259 2 27.494726 klis6
36 0 118187 3 27.239124 klis6
36 0 110101 4 25.91375 klis6
36 0 118070 5 25.812517 klis6
36 0 118234 6 25.744352 klis6
36 0 109923 7 25.715553 klis6
36 0 111777 8 25.4294 klis6
36 0 213843 9 25.282198 klis6
37 0 4151829 0 32.45425 klis6
37 0 145731 1 30.105515 klis6
37 0 111982 2 29.230583 klis6
37 0 145855 3 28.6953 klis6
37 0 112910 4 28.492964 klis6
37 0 110742 5 26.929028 klis6
37 0 118269 6 26.574026 klis6
37 0 103870 7 26.209831 klis6
37 0 111420 8 25.71438 klis6
37 0 106658 9 25.258436 klis6
38 0 118269 0 57.199978 klis6
38 0 1993216 1 51.398163 klis6
38 0 145731 2 50.769318 klis6
38 0 112910 3 49.69087 klis6
38 0 4151829 4 48.629013 klis6
38 0 145855 5 47.870922 klis6
38 0 112887 6 45.152657 klis6
38 0 145629 7 43.138985 klis6
38 0 112292 8 42.00486 klis6
38 0 111420 9 41.48416 klis6
39 0 112568 0 18.312471 klis6
39 0 95048 1 16.94788 klis6
39 0 111432 2 16.671238 klis6
39 0 102086 3 16.661673 klis6
39 0 112420 4 15.843653 klis6
39 0 105058 5 15.730431 klis6
39 0 112855 6 15.228204 klis6
39 0 112936 7 15.145217 klis6
39 0 105200 8 15.01436 klis6
39 0 95897 9 14.937361 klis6
40 0 931120 0 21.700785 klis6
40 0 145943 1 20.753553 klis6
40 0 2810526 2 17.973892 klis6
40 0 112348 3 16.968016 klis6
40 0 3171723 4 16.830187 klis6
40 0 149007 5 16.744293 klis6
40 0 3170727 6 16.515676 klis6
40 0 2769807 7 16.496931 klis6
40 0 4161363 8 16.087883 klis6
40 0 102656 9 16.085537 klis6
41 0 109186 0 32.00182 klis6
41 0 112585 1 31.118708 klis6
41 0 111198 2 29.417614 klis6
41 0 110132 3 29.244343 klis6
41 0 2810525 4 27.100792 klis6
41 0 2811847 5 27.100792 klis6
41 0 112440 6 26.837273 klis6
41 0 111254 7 26.749006 klis6
41 0 110075 8 26.503332 klis6
41 0 111891 9 25.239777 klis6
42 0 112924 0 33.68357 klis6
42 0 3189783 1 31.997456 klis6
42 0 137003 2 31.065454 klis6
42 0 3177199 3 30.891037 klis6
42 0 117864 4 30.647179 klis6
42 0 3171724 5 30.378725 klis6
42 0 3177200 6 30.378725 klis6
42 0 218927 7 28.990004 klis6
42 0 118299 8 28.180075 klis6
42 0 108480 9 27.855995 klis6
43 0 103735 0 14.1915455 klis6
43 0 112348 1 13.7904825 klis6
43 0 4154604 2 13.527428 klis6
43 0 111100 3 13.012497 klis6
43 0 118298 4 12.8897705 klis6
43 0 103366 5 12.409687 klis6
43 0 117899 6 12.332481 klis6
43 0 106707 7 12.143575 klis6
43 0 108846 8 11.958652 klis6
43 0 110519 9 11.944014 klis6
44 0 183480 0 17.718508 klis6
44 0 1738 1 16.728598 klis6
44 0 2781925 2 16.17035 klis6
44 0 91444 3 15.469518 klis6
44 0 2812587 4 14.830181 klis6
44 0 2959748 5 14.830181 klis6
44 0 109329 6 14.602888 klis6
44 0 112144 7 14.599311 klis6
44 0 2672209 8 14.588797 klis6
44 0 2657779 9 14.588797 klis6
45 0 111754 0 21.906027 klis6
45 0 3181481 1 21.825691 klis6
45 0 112309 2 21.429594 klis6
45 0 118496 3 21.381441 klis6
45 0 127691 4 20.312082 klis6
45 0 130159 5 20.312082 klis6
45 0 112319 6 20.302277 klis6
45 0 107663 7 20.150084 klis6
45 0 104281 8 19.931036 klis6
45 0 110434 9 19.903996 klis6
46 0 2804673 0 29.492926 klis6
46 0 145772 1 27.15998 klis6
46 0 618680 2 24.88485 klis6
46 0 866024 3 24.294657 klis6
46 0 858802 4 24.294657 klis6
46 0 118453 5 24.13208 klis6
46 0 1269289 6 23.46343 klis6
46 0 623145 7 23.307459 klis6
46 0 137740 8 23.17745 klis6
46 0 145792 9 22.91234 klis6
47 0 2674861 0 30.718306 klis6
47 0 2675754 1 30.718306 klis6
47 0 108545 2 25.80308 klis6
47 0 142882 3 23.420116 klis6
47 0 105417 4 23.2933 klis6
47 0 111362 5 23.109003 klis6
47 0 121149 6 23.076128 klis6
47 0 96147 7 23.073984 klis6
47 0 118218 8 22.793858 klis6
47 0 96287 9 22.713825 klis6
48 0 2674861 0 23.63326 klis6
48 0 2675754 1 23.63326 klis6
48 0 103019 2 22.623022 klis6
48 0 112422 3 19.023443 klis6
48 0 117984 4 18.903957 klis6
48 0 103020 5 18.659458 klis6
48 0 99428 6 18.556707 klis6
48 0 107451 7 18.479944 klis6
48 0 108041 8 18.207088 klis6
48 0 96287 9 18.205881 klis6
49 0 4162535 0 25.741312 klis6
49 0 101852 1 20.192204 klis6
49 0 2672535 2 19.396492 klis6
49 0 95414 3 19.097727 klis6
49 0 90620 4 19.047028 klis6
49 0 1957917 5 17.643578 klis6
49 0 93031 6 17.414299 klis6
49 0 95551 7 17.108564 klis6
49 0 95847 8 15.5008335 klis6
49 0 94493 9 15.231848 klis6
50 0 118203 0 24.527052 klis6
50 0 109776 1 24.149734 klis6
50 0 112733 2 24.037016 klis6
50 0 118449 3 23.847458 klis6
50 0 110763 4 23.339724 klis6
50 0 117950 5 23.144962 klis6
50 0 112933 6 22.911947 klis6
50 0 110268 7 22.5635 klis6
50 0 111953 8 22.521505 klis6
50 0 109932 9 22.344355 klis6
51 0 145849 0 11.670228 klis6
51 0 109715 1 11.654159 klis6
51 0 1741 2 11.2986965 klis6
51 0 112867 3 11.160378 klis6
51 0 107587 4 11.034416 klis6
51 0 127913 5 11.026271 klis6
51 0 107254 6 10.93933 klis6
51 0 145791 7 10.796401 klis6
51 0 109466 8 10.776106 klis6
51 0 2808293 9 10.769122 klis6
52 0 107187 0 19.301907 klis6
52 0 137750 1 18.268873 klis6
52 0 111908 2 17.813305 klis6
52 0 95361 3 17.217598 klis6
52 0 802399 4 17.022717 klis6
52 0 112665 5 16.348614 klis6
52 0 97465 6 16.234007 klis6
52 0 91148 7 16.152855 klis6
52 0 109733 8 16.03655 klis6
52 0 85111 9 15.944949 klis6
53 0 625711 0 31.231352 klis6
53 0 872994 1 27.981867 klis6
53 0 621045 2 25.863998 klis6
53 0 112573 3 25.04278 klis6
53 0 145635 4 24.902746 klis6
53 0 2655591 5 24.736818 klis6
53 0 145628 6 24.256859 klis6
53 0 112126 7 24.047073 klis6
53 0 118357 8 24.037096 klis6
53 0 111545 9 23.673716 klis6
54 0 616862 0 31.507786 klis6
54 0 145884 1 31.057232 klis6
54 0 216733 2 29.645601 klis6
54 0 2358 3 29.406431 klis6
54 0 2808291 4 29.217886 klis6
54 0 931123 5 29.061783 klis6
54 0 931614 6 28.539682 klis6
54 0 1744 7 28.451466 klis6
54 0 145632 8 28.429077 klis6
54 0 205788 9 28.186222 klis6
55 0 4154603 0 53.56446 klis6
55 0 110774 1 45.96738 klis6
55 0 111261 2 44.81287 klis6
55 0 111420 3 43.76871 klis6
55 0 118269 4 42.153393 klis6
55 0 112910 5 38.227226 klis6
55 0 145731 6 37.313847 klis6
55 0 110021 7 33.878017 klis6
55 0 145855 8 31.860128 klis6
55 0 111982 9 31.780893 klis6
56 0 4154603 0 30.69702 klis6
56 0 145855 1 28.39239 klis6
56 0 145629 2 25.50338 klis6
56 0 110021 3 24.74234 klis6
56 0 107743 4 23.881021 klis6
56 0 118269 5 23.75595 klis6
56 0 108548 6 23.628244 klis6
56 0 109215 7 23.362335 klis6
56 0 112460 8 23.070627 klis6
56 0 110736 9 22.985697 klis6
57 0 147953 0 9.5584135 klis6
57 0 148480 1 9.5584135 klis6
57 0 3209687 2 9.114741 klis6
57 0 145907 3 9.101161 klis6
57 0 799990 4 9.065226 klis6
57 0 145745 5 8.927701 klis6
57 0 145772 6 8.847823 klis6
57 0 117908 7 8.710756 klis6
57 0 149287 8 8.666624 klis6
57 0 2804673 9 8.6442375 klis6
58 0 118467 0 18.4168 klis6
58 0 105181 1 18.22628 klis6
58 0 821305 2 17.94934 klis6
58 0 105233 3 17.733343 klis6
58 0 109329 4 17.62943 klis6
58 0 117867 5 17.427807 klis6
58 0 145881 6 17.17951 klis6
58 0 112458 7 17.150122 klis6
58 0 117884 8 17.125252 klis6
58 0 112776 9 17.117117 klis6
59 0 2788983 0 49.344913 klis6
59 0 4170685 1 48.749844 klis6
59 0 931614 2 47.98431 klis6
59 0 130158 3 47.937286 klis6
59 0 112824 4 46.84728 klis6
59 0 145627 5 44.31781 klis6
59 0 145856 6 43.442436 klis6
59 0 111736 7 42.721855 klis6
59 0 112905 8 42.407883 klis6
59 0 145901 9 41.90757 klis6
60 0 931614 0 47.062088 klis6
60 0 118257 1 43.46933 klis6
60 0 127905 2 43.411205 klis6
60 0 145856 3 41.82001 klis6
60 0 109810 4 41.32309 klis6
60 0 118334 5 41.27722 klis6
60 0 110510 6 41.14755 klis6
60 0 3195891 7 40.25118 klis6
60 0 130158 8 38.9274 klis6
60 0 621195 9 38.672085 klis6
61 0 2812210 0 54.93374 klis6
61 0 145743 1 52.71596 klis6
61 0 219815 2 52.305885 klis6
61 0 145923 3 50.71735 klis6
61 0 218457 4 46.656773 klis6
61 0 3195092 5 44.96514 klis6
61 0 1732 6 44.939495 klis6
61 0 2620704 7 41.247616 klis6
61 0 1087955 8 40.90321 klis6
61 0 218132 9 39.34575 klis6
62 0 219512 0 26.412674 klis6
62 0 118045 1 25.37872 klis6
62 0 218921 2 24.175907 klis6
62 0 899483 3 23.841818 klis6
62 0 148795 4 23.516026 klis6
62 0 205788 5 23.43196 klis6
62 0 802770 6 23.391205 klis6
62 0 118381 7 23.38339 klis6
62 0 145843 8 22.968885 klis6
62 0 902771 9 22.904259 klis6
63 0 97274 0 9.496572 klis6
63 0 1095862 1 9.34216 klis6
63 0 106208 2 9.294259 klis6
63 0 97873 3 9.211398 klis6
63 0 1332352 4 9.143631 klis6
63 0 96019 5 9.137589 klis6
63 0 97779 6 9.115475 klis6
63 0 105496 7 9.102873 klis6
63 0 102072 8 9.084072 klis6
63 0 96350 9 8.933567 klis6
64 0 2758568 0 41.945385 klis6
64 0 145895 1 35.93517 klis6
64 0 110645 2 31.659288 klis6
64 0 102061 3 30.87306 klis6
64 0 111082 4 28.674097 klis6
64 0 109773 5 27.718924 klis6
64 0 93425 6 26.432253 klis6
64 0 111051 7 26.141838 klis6
64 0 150540 8 25.629148 klis6
64 0 111936 9 25.137663 klis6
65 0 118123 0 17.882418 klis6
65 0 145867 1 12.054789 klis6
65 0 4151825 2 11.963813 klis6
65 0 112016 3 11.822202 klis6
65 0 112935 4 11.681237 klis6
65 0 111285 5 11.524932 klis6
65 0 106786 6 11.189704 klis6
65 0 122242 7 11.172175 klis6
65 0 118284 8 11.169746 klis6
65 0 111838 9 11.16005 klis6
66 0 3211501 0 37.596973 klis6
66 0 145867 1 35.74419 klis6
66 0 111632 2 33.08981 klis6
66 0 112935 3 29.167713 klis6
66 0 112547 4 25.946564 klis6
66 0 118495 5 25.286106 klis6
66 0 112106 6 24.981998 klis6
66 0 218667 7 21.43086 klis6
66 0 112409 8 21.236835 klis6
66 0 618680 9 20.74815 klis6
67 0 867645 0 19.49274 klis6
67 0 118296 1 17.11538 klis6
67 0 145635 2 16.505901 klis6
67 0 2959744 3 16.483776 klis6
67 0 855518 4 16.483776 klis6
67 0 104779 5 16.026297 klis6
67 0 112891 6 16.018194 klis6
67 0 110753 7 15.905676 klis6
67 0 112044 8 15.790297 klis6
67 0 104487 9 15.732811 klis6
68 0 106508 0 27.253033 klis6
68 0 101413 1 27.052006 klis6
68 0 104523 2 25.697964 klis6
68 0 110905 3 25.609829 klis6
68 0 111559 4 25.026224 klis6
68 0 106483 5 24.737318 klis6
68 0 106062 6 24.556519 klis6
68 0 145696 7 23.94484 klis6
68 0 111239 8 23.65581 klis6
68 0 106445 9 23.566591 klis6
69 0 109510 0 25.183693 klis6
69 0 112881 1 23.868359 klis6
69 0 799975 2 23.83022 klis6
69 0 111438 3 23.755241 klis6
69 0 146552 4 23.648067 klis6
69 0 799995 5 23.621756 klis6
69 0 110829 6 23.580566 klis6
69 0 145642 7 23.392675 klis6
69 0 117927 8 23.280348 klis6
69 0 109542 9 23.206223 klis6
70 0 111709 0 37.170326 klis6
70 0 118111 1 35.10919 klis6
70 0 112534 2 33.80767 klis6
70 0 145739 3 31.633047 klis6
70 0 1087961 4 30.85318 klis6
70 0 118080 5 30.758139 klis6
70 0 117961 6 29.909536 klis6
70 0 118317 7 29.809666 klis6
70 0 866022 8 29.540709 klis6
70 0 117859 9 29.518684 klis6
71 0 112904 0 29.007145 klis6
71 0 118052 1 28.880621 klis6
71 0 118234 2 26.793884 klis6
71 0 110331 3 26.351002 klis6
71 0 111103 4 24.774788 klis6
71 0 118005 5 24.408342 klis6
71 0 88325 6 24.18618 klis6
71 0 145121 7 23.42184 klis6
71 0 112914 8 23.370916 klis6
71 0 92189 9 23.3337 klis6
72 0 112904 0 26.639877 klis6
72 0 3189783 1 25.726046 klis6
72 0 118052 2 24.928085 klis6
72 0 2654533 3 24.356276 klis6
72 0 2654756 4 24.356276 klis6
72 0 88166 5 23.932005 klis6
72 0 112797 6 23.788248 klis6
72 0 145121 7 23.702873 klis6
72 0 112914 8 23.696886 klis6
72 0 118234 9 23.5346 klis6
73 0 2804674 0 30.688442 klis6
73 0 145624 1 30.268276 klis6
73 0 1087954 2 29.649176 klis6
73 0 118043 3 29.315994 klis6
73 0 111425 4 26.68302 klis6
73 0 118162 5 26.012938 klis6
73 0 145638 6 25.912775 klis6
73 0 110692 7 24.613106 klis6
73 0 109931 8 23.969322 klis6
73 0 868383 9 23.485903 klis6
74 0 2804674 0 24.989532 klis6
74 0 112774 1 23.747702 klis6
74 0 108616 2 23.129114 klis6
74 0 218667 3 22.79719 klis6
74 0 110398 4 22.728209 klis6
74 0 219734 5 22.693031 klis6
74 0 3183079 6 22.49375 klis6
74 0 103459 7 22.476995 klis6
74 0 110798 8 22.326115 klis6
74 0 127908 9 21.976898 klis6
75 0 145826 0 35.146614 klis6
75 0 104252 1 34.691616 klis6
75 0 2657927 2 34.614098 klis6
75 0 112347 3 33.956654 klis6
75 0 103814 4 33.74693 klis6
75 0 101254 5 33.406708 klis6
75 0 2674861 6 32.739918 klis6
75 0 2675754 7 32.739918 klis6
75 0 2681318 8 32.471504 klis6
75 0 99541 9 32.215084 klis6
76 0 1740 0 31.32683 klis6
76 0 108900 1 31.03643 klis6
76 0 145652 2 28.22632 klis6
76 0 145799 3 27.782478 klis6
76 0 112222 4 27.681479 klis6
76 0 111508 5 27.186922 klis6
76 0 106490 6 26.44941 klis6
76 0 2670966 7 26.181105 klis6
76 0 2679833 8 26.143698 klis6
76 0 2680440 9 26.143698 klis6
77 0 104355 0 24.214134 klis6
77 0 111455 1 23.137655 klis6
77 0 112626 2 22.836191 klis6
77 0 111610 3 22.405642 klis6
77 0 97242 4 21.970724 klis6
77 0 112726 5 21.344234 klis6
77 0 95933 6 21.100714 klis6
77 0 109535 7 20.819256 klis6
77 0 112646 8 20.814537 klis6
77 0 1087693 9 20.3975 klis6
78 0 2812588 0 42.917618 klis6
78 0 799976 1 38.819107 klis6
78 0 105155 2 37.53575 klis6
78 0 117899 3 37.01228 klis6
78 0 145632 4 36.699284 klis6
78 0 111717 5 36.615017 klis6
78 0 4162111 6 35.935966 klis6
78 0 104784 7 34.821926 klis6
78 0 111271 8 34.62953 klis6
78 0 118022 9 34.37611 klis6
79 0 111009 0 51.797123 klis6
79 0 118143 1 47.72112 klis6
79 0 111470 2 44.922363 klis6
79 0 2680438 3 37.800602 klis6
79 0 110221 4 30.403172 klis6
79 0 3171728 5 25.11552 klis6
79 0 118375 6 22.063374 klis6
79 0 106568 7 21.154139 klis6
79 0 3214776 8 20.384409 klis6
79 0 903979 9 19.80607 klis6
80 0 108900 0 22.871862 klis6
80 0 101679 1 22.369352 klis6
80 0 98551 2 21.394426 klis6
80 0 111502 3 21.195452 klis6
80 0 149285 4 20.387844 klis6
80 0 118143 5 20.326633 klis6
80 0 4106441 6 20.270287 klis6
80 0 106490 7 20.270267 klis6
80 0 118513 8 20.021902 klis6
80 0 111043 9 19.982864 klis6
81 0 112260 0 14.467059 klis6
81 0 111914 1 14.365977 klis6
81 0 799991 2 14.031406 klis6
81 0 4157383 3 13.766644 klis6
81 0 111418 4 13.600147 klis6
81 0 802791 5 13.536948 klis6
81 0 118373 6 12.998174 klis6
81 0 110864 7 12.9530735 klis6
81 0 92459 8 12.861944 klis6
81 0 118045 9 12.842518 klis6
82 0 118392 0 18.372719 klis6
82 0 95854 1 18.127705 klis6
82 0 112869 2 17.576729 klis6
82 0 104132 3 17.467237 klis6
82 0 2773182 4 17.409851 klis6
82 0 105931 5 17.296066 klis6
82 0 85588 6 17.256493 klis6
82 0 112803 7 17.245958 klis6
82 0 88165 8 17.21581 klis6
82 0 85671 9 17.159351 klis6
83 0 145859 0 54.685863 klis6
83 0 111333 1 39.8049 klis6
83 0 111194 2 38.98191 klis6
83 0 111151 3 38.285374 klis6
83 0 111246 4 37.70968 klis6
83 0 111103 5 37.586926 klis6
83 0 112372 6 37.1415 klis6
83 0 111664 7 36.51285 klis6
83 0 111663 8 36.50037 klis6
83 0 820896 9 35.364357 klis6
84 0 145859 0 51.605125 klis6
84 0 111151 1 48.874268 klis6
84 0 111664 2 47.214153 klis6
84 0 110361 3 45.830208 klis6
84 0 122251 4 44.97526 klis6
84 0 109893 5 44.536827 klis6
84 0 108164 6 44.49758 klis6
84 0 800858 7 44.274 klis6
84 0 112922 8 44.240665 klis6
84 0 109200 9 44.190605 klis6
85 0 802973 0 37.04011 klis6
85 0 803271 1 37.04011 klis6
85 0 2959737 2 37.04011 klis6
85 0 108530 3 31.863115 klis6
85 0 137749 4 31.54434 klis6
85 0 218925 5 29.651596 klis6
85 0 219734 6 28.88003 klis6
85 0 124465 7 28.32198 klis6
85 0 118446 8 27.116896 klis6
85 0 112326 9 27.091192 klis6
86 0 3171724 0 35.77909 klis6
86 0 3177199 1 35.77909 klis6
86 0 3177200 2 35.77909 klis6
86 0 3205766 3 30.061878 klis6
86 0 3195092 4 29.870771 klis6
86 0 802973 5 25.224188 klis6
86 0 803271 6 25.224188 klis6
86 0 2959737 7 25.224188 klis6
86 0 3171728 8 24.609602 klis6
86 0 3170730 9 23.712502 klis6
87 0 143378 0 28.577051 klis6
87 0 112807 1 24.332727 klis6
87 0 111170 2 24.082523 klis6
87 0 3007018 3 23.598885 klis6
87 0 104480 4 23.224152 klis6
87 0 111446 5 22.578955 klis6
87 0 1088038 6 21.979034 klis6
87 0 112080 7 21.629084 klis6
87 0 112746 8 21.556705 klis6
87 0 149653 9 21.529842 klis6
88 0 625833 0 23.886047 klis6
88 0 145122 1 23.13486 klis6
88 0 182991 2 22.299225 klis6
88 0 625711 3 21.844511 klis6
88 0 111170 4 21.767082 klis6
88 0 181012 5 21.665361 klis6
88 0 182992 6 21.589464 klis6
88 0 130159 7 21.539268 klis6
88 0 145839 8 21.354149 klis6
88 0 145897 9 21.341093 klis6
89 0 4151822 0 98.058914 klis6
89 0 2812588 1 83.76365 klis6
89 0 4162110 2 76.64362 klis6
89 0 2770446 3 71.60781 klis6
89 0 145817 4 47.725594 klis6
89 0 145647 5 45.17921 klis6
89 0 134747 6 40.535004 klis6
89 0 145954 7 40.504852 klis6
89 0 111029 8 38.799644 klis6
89 0 4106440 9 36.618774 klis6
90 0 145626 0 15.972317 klis6
90 0 109643 1 15.576975 klis6
90 0 109921 2 15.332136 klis6
90 0 118054 3 15.09806 klis6
90 0 109079 4 14.825268 klis6
90 0 118420 5 14.735971 klis6
90 0 2620698 6 14.454952 klis6
90 0 109080 7 14.1673975 klis6
90 0 109776 8 14.104048 klis6
90 0 109016 9 13.997266 klis6
91 0 3212514 0 51.164635 klis6
91 0 219097 1 37.495544 klis6
91 0 145892 2 34.371597 klis6
91 0 145785 3 33.918625 klis6
91 0 856791 4 33.620758 klis6
91 0 1087959 5 33.38348 klis6
91 0 110032 6 32.747124 klis6
91 0 109043 7 31.15093 klis6
91 0 624280 8 30.950657 klis6
91 0 118507 9 30.572912 klis6
92 0 3212514 0 22.30285 klis6
92 0 2675751 1 18.129253 klis6
92 0 112241 2 16.980436 klis6
92 0 99392 3 16.623505 klis6
92 0 111828 4 16.448206 klis6
92 0 111820 5 16.303621 klis6
92 0 118454 6 15.984888 klis6
92 0 118105 7 15.967368 klis6
92 0 109857 8 15.930526 klis6
92 0 109818 9 15.767852 klis6
93 0 110877 0 76.44808 klis6
93 0 130158 1 76.08101 klis6
93 0 118334 2 73.31508 klis6
93 0 118107 3 71.0246 klis6
93 0 110200 4 69.21803 klis6
93 0 4151827 5 66.72515 klis6
93 0 109610 6 66.55709 klis6
93 0 2788983 7 63.314144 klis6
93 0 931614 8 62.617046 klis6
93 0 110248 9 61.39478 klis6
94 0 931614 0 86.02187 klis6
94 0 3195891 1 78.44755 klis6
94 0 4151827 2 70.324425 klis6
94 0 2788983 3 64.88255 klis6
94 0 2743641 4 63.558376 klis6
94 0 2959756 5 63.558376 klis6
94 0 145901 6 57.25456 klis6
94 0 130158 7 55.36156 klis6
94 0 117874 8 50.660095 klis6
94 0 118334 9 50.65834 klis6
95 0 107232 0 25.511929 klis6
95 0 108555 1 24.628204 klis6
95 0 105495 2 23.385622 klis6
95 0 107794 3 23.005714 klis6
95 0 109444 4 20.903059 klis6
95 0 111385 5 19.589493 klis6
95 0 107475 6 19.55009 klis6
95 0 108161 7 19.142044 klis6
95 0 96212 8 18.884882 klis6
95 0 112750 9 18.853712 klis6
96 0 91505 0 14.513922 klis6
96 0 104330 1 14.500528 klis6
96 0 108330 2 14.441683 klis6
96 0 2650505 3 14.308059 klis6
96 0 91961 4 14.272933 klis6
96 0 89763 5 14.052608 klis6
96 0 104523 6 13.9822235 klis6
96 0 86280 7 13.948533 klis6
96 0 91215 8 13.856528 klis6
96 0 108711 9 13.794442 klis6
97 0 112101 0 30.412092 klis6
97 0 111922 1 20.135822 klis6
97 0 136993 2 18.347078 klis6
97 0 100203 3 16.592978 klis6
97 0 118444 4 16.340412 klis6
97 0 118281 5 15.672082 klis6
97 0 118198 6 15.2211685 klis6
97 0 118379 7 15.1368265 klis6
97 0 105412 8 14.897517 klis6
97 0 109607 9 14.372288 klis6
98 0 110996 0 22.359592 klis6
98 0 2655591 1 21.367535 klis6
98 0 145903 2 20.852167 klis6
98 0 2676593 3 20.617311 klis6
98 0 118061 4 20.615095 klis6
98 0 117902 5 20.606312 klis6
98 0 145822 6 20.225698 klis6
98 0 103809 7 20.183598 klis6
98 0 145788 8 20.135439 klis6
98 0 134732 9 20.03474 klis6
99 0 112267 0 50.982147 klis6
99 0 111884 1 36.321915 klis6
99 0 110552 2 34.47976 klis6
99 0 118121 3 30.084253 klis6
99 0 109976 4 29.80457 klis6
99 0 104759 5 26.650015 klis6
99 0 110578 6 26.44057 klis6
99 0 109673 7 25.961718 klis6
99 0 145914 8 25.657883 klis6
99 0 112723 9 23.215302 klis6
100 0 112267 0 64.09722 klis6
100 0 110552 1 57.73574 klis6
100 0 102981 2 45.6723 klis6
100 0 111886 3 42.615135 klis6
100 0 105252 4 42.152084 klis6
100 0 91843 5 42.120323 klis6
100 0 111884 6 40.433277 klis6
100 0 100701 7 40.334106 klis6
100 0 110098 8 40.320942 klis6
100 0 101561 9 40.03121 klis6
