1 0 112795 0 45.997543 klis10
1 0 111116 1 44.685417 klis10
1 0 219732 2 42.80862 klis10
1 0 2649076 3 42.47188 klis10
1 0 219733 4 42.42615 klis10
1 0 220342 5 42.42615 klis10
1 0 112924 6 42.336983 klis10
1 0 149702 7 40.86427 klis10
1 0 110370 8 40.59142 klis10
1 0 112436 9 40.187515 klis10
2 0 4170684 0 26.289684 klis10
2 0 2644673 1 23.928026 klis10
2 0 145692 2 21.598959 klis10
2 0 104571 3 21.181957 klis10
2 0 149006 4 20.746653 klis10
2 0 112423 5 20.59299 klis10
2 0 110134 6 20.089493 klis10
2 0 109466 7 20.031912 klis10
2 0 108555 8 19.687725 klis10
2 0 112930 9 19.547976 klis10
3 0 3162143 0 58.08828 klis10
3 0 215496 1 57.388615 klis10
3 0 215694 2 57.388615 klis10
3 0 2959735 3 57.387573 klis10
3 0 118029 4 56.498325 klis10
3 0 112212 5 55.493004 klis10
3 0 118475 6 53.078224 klis10
3 0 149007 7 53.04712 klis10
3 0 130157 8 52.74784 klis10
3 0 111091 9 52.638668 klis10
4 0 215496 0 78.51556 klis10
4 0 215694 1 78.46863 klis10
4 0 2959735 2 78.466545 klis10
4 0 149007 3 77.83755 klis10
4 0 118029 4 66.43524 klis10
4 0 623142 5 64.67627 klis10
4 0 3162143 6 63.881626 klis10
4 0 107492 7 63.861015 klis10
4 0 145890 8 63.356716 klis10
4 0 145821 9 63.189262 klis10
5 0 183480 0 54.24168 klis10
5 0 111789 1 50.9538 klis10
5 0 110056 2 49.352757 klis10
5 0 2672209 3 49.082474 klis10
5 0 2657779 4 49.082474 klis10
5 0 118174 5 49.054565 klis10
5 0 108089 6 48.600628 klis10
5 0 117911 7 45.526253 klis10
5 0 108088 8 45.369293 klis10
5 0 118217 9 43.601387 klis10
6 0 117932 0 34.428032 klis10
6 0 2811844 1 32.857452 klis10
6 0 2959750 2 32.857452 klis10
6 0 118174 3 24.634197 klis10
6 0 110883 4 24.496233 klis10
6 0 2672209 5 24.03218 klis10
6 0 2657779 6 24.03218 klis10
6 0 111789 7 23.966541 klis10
6 0 109004 8 23.890882 klis10
6 0 108449 9 23.77592 klis10
7 0 147531 0 48.544144 klis10
7 0 2672535 1 47.42779 klis10
7 0 145715 2 47.40004 klis10
7 0 134749 3 46.8728 klis10
7 0 2655591 4 46.177666 klis10
7 0 217512 5 46.09181 klis10
7 0 145713 6 45.496582 klis10
7 0 214949 7 45.267002 klis10
7 0 215071 8 45.267002 klis10
7 0 3195892 9 44.743046 klis10
8 0 146981 0 26.482069 klis10
8 0 2760668 1 25.078667 klis10
8 0 145911 2 25.066242 klis10
8 0 2771248 3 24.905802 klis10
8 0 104034 4 23.400154 klis10
8 0 182991 5 22.975664 klis10
8 0 820904 6 22.846846 klis10
8 0 2812587 7 22.362389 klis10
8 0 2959748 8 22.362389 klis10
8 0 145859 9 22.235659 klis10
9 0 112641 0 74.54048 klis10
9 0 2675751 1 73.05902 klis10
9 0 118212 2 71.4812 klis10
9 0 111694 3 71.35919 klis10
9 0 109720 4 70.18981 klis10
9 0 118011 5 69.745705 klis10
9 0 127923 6 68.59303 klis10
9 0 111191 7 66.25887 klis10
9 0 127887 8 65.22543 klis10
9 0 118318 9 63.508286 klis10
10 0 112931 0 53.787395 klis10
10 0 145715 1 53.197773 klis10
10 0 112423 2 52.65001 klis10
10 0 121163 3 49.949142 klis10
10 0 111500 4 49.768017 klis10
10 0 147531 5 49.577206 klis10
10 0 214949 6 48.991653 klis10
10 0 215071 7 48.991653 klis10
10 0 112094 8 48.91695 klis10
10 0 145713 9 48.24009 klis10
11 0 110800 0 34.92234 klis10
11 0 1747 1 34.50358 klis10
11 0 873668 2 34.214645 klis10
11 0 107553 3 34.018517 klis10
11 0 931123 4 33.784866 klis10
11 0 145960 5 33.490982 klis10
11 0 2809767 6 33.18622 klis10
11 0 2811850 7 33.18622 klis10
11 0 620560 8 32.90442 klis10
11 0 2959744 9 32.838078 klis10
12 0 2672535 0 43.504704 klis10
12 0 809121 1 32.330067 klis10
12 0 3153112 2 31.058426 klis10
12 0 109096 3 29.413738 klis10
12 0 107099 4 28.765854 klis10
12 0 621195 5 28.761112 klis10
12 0 621270 6 28.761112 klis10
12 0 3207860 7 28.36689 klis10
12 0 109248 8 27.856691 klis10
12 0 2154 9 27.719555 klis10
13 0 802973 0 77.79762 klis10
13 0 803271 1 77.79762 klis10
13 0 2959737 2 77.79762 klis10
13 0 2642828 3 76.419395 klis10
13 0 2812588 4 70.61394 klis10
13 0 145967 5 68.077705 klis10
13 0 2959730 6 67.57916 klis10
13 0 802770 7 66.70046 klis10
13 0 146553 8 64.71228 klis10
13 0 146790 9 64.71208 klis10
14 0 2812588 0 45.118725 klis10
14 0 614392 1 45.0464 klis10
14 0 614485 2 45.0464 klis10
14 0 124715 3 43.775654 klis10
14 0 145958 4 39.82296 klis10
14 0 145967 5 39.65656 klis10
14 0 145632 6 39.646694 klis10
14 0 145965 7 39.41126 klis10
14 0 110496 8 38.21155 klis10
14 0 105886 9 37.85605 klis10
15 0 2812588 0 62.78596 klis10
15 0 4162111 1 51.33763 klis10
15 0 4015951 2 48.52188 klis10
15 0 4151822 3 47.8356 klis10
15 0 3207858 4 47.293102 klis10
15 0 3199501 5 44.970684 klis10
15 0 4106440 6 44.622616 klis10
15 0 3177196 7 43.31042 klis10
15 0 2806207 8 42.794937 klis10
15 0 2810525 9 42.198833 klis10
16 0 2812588 0 54.654766 klis10
16 0 4151822 1 50.281284 klis10
16 0 2770446 2 46.261806 klis10
16 0 2155 3 45.516983 klis10
16 0 2771249 4 43.696426 klis10
16 0 121146 5 40.22479 klis10
16 0 145817 6 40.099995 klis10
16 0 134747 7 39.65229 klis10
16 0 150540 8 39.385952 klis10
16 0 145647 9 38.957153 klis10
17 0 117987 0 31.107822 klis10
17 0 118230 1 30.97623 klis10
17 0 117968 2 30.24213 klis10
17 0 111302 3 30.063995 klis10
17 0 118125 4 30.015942 klis10
17 0 2672535 5 29.221962 klis10
17 0 110593 6 29.214897 klis10
17 0 1087697 7 29.186924 klis10
17 0 110810 8 28.926521 klis10
17 0 145119 9 28.594429 klis10
18 0 148484 0 75.726425 klis10
18 0 145664 1 62.8728 klis10
18 0 105382 2 62.703102 klis10
18 0 110600 3 62.646683 klis10
18 0 110810 4 62.233624 klis10
18 0 137739 5 62.113705 klis10
18 0 111880 6 61.622597 klis10
18 0 620566 7 61.407177 klis10
18 0 4161362 8 61.36417 klis10
18 0 3209687 9 61.33794 klis10
19 0 104895 0 19.659561 klis10
19 0 111219 1 18.026587 klis10
19 0 105721 2 17.971272 klis10
19 0 106639 3 17.8521 klis10
19 0 112557 4 17.76752 klis10
19 0 110694 5 17.62952 klis10
19 0 117867 6 17.517921 klis10
19 0 109097 7 17.476862 klis10
19 0 111880 8 17.410685 klis10
19 0 620671 9 17.317682 klis10
20 0 118243 0 32.26322 klis10
20 0 108538 1 30.671806 klis10
20 0 866023 2 30.266846 klis10
20 0 136996 3 30.08268 klis10
20 0 111727 4 29.808884 klis10
20 0 118043 5 29.440393 klis10
20 0 111433 6 29.119081 klis10
20 0 626454 7 29.117722 klis10
20 0 111198 8 29.103855 klis10
20 0 106282 9 29.020767 klis10
21 0 2659300 0 40.67312 klis10
21 0 118371 1 39.496662 klis10
21 0 112777 2 36.994694 klis10
21 0 117890 3 36.746548 klis10
21 0 145925 4 36.55804 klis10
21 0 867657 5 36.459263 klis10
21 0 112846 6 35.78762 klis10
21 0 112799 7 35.697525 klis10
21 0 2795279 8 34.796745 klis10
21 0 111858 9 34.76495 klis10
22 0 111021 0 84.54248 klis10
22 0 145644 1 81.10661 klis10
22 0 112737 2 81.07964 klis10
22 0 109807 3 77.14172 klis10
22 0 145788 4 76.583855 klis10
22 0 873660 5 75.943565 klis10
22 0 112880 6 75.813 klis10
22 0 111517 7 75.02173 klis10
22 0 118416 8 74.84285 klis10
22 0 145903 9 74.17797 klis10
23 0 112257 0 21.756836 klis10
23 0 118449 1 19.572596 klis10
23 0 4162535 2 19.437204 klis10
23 0 2810525 3 18.149937 klis10
23 0 2811847 4 18.149937 klis10
23 0 137736 5 17.93666 klis10
23 0 111610 6 17.366291 klis10
23 0 145738 7 17.250048 klis10
23 0 3153112 8 17.18315 klis10
23 0 107645 9 17.01797 klis10
24 0 2804671 0 30.29592 klis10
24 0 182558 1 29.698597 klis10
24 0 2801435 2 28.835203 klis10
24 0 2654754 3 28.115475 klis10
24 0 802408 4 28.015839 klis10
24 0 625711 5 27.801199 klis10
24 0 145635 6 27.017954 klis10
24 0 3217476 7 26.724718 klis10
24 0 798626 8 26.621357 klis10
24 0 217512 9 26.55781 klis10
25 0 112345 0 40.39872 klis10
25 0 3211503 1 39.36091 klis10
25 0 112616 2 37.632893 klis10
25 0 118021 3 33.297905 klis10
25 0 101911 4 31.499458 klis10
25 0 108632 5 30.282568 klis10
25 0 107971 6 30.092628 klis10
25 0 97004 7 28.705822 klis10
25 0 134732 8 28.510563 klis10
25 0 108129 9 28.497501 klis10
26 0 117872 0 56.775055 klis10
26 0 118026 1 55.901928 klis10
26 0 112324 2 55.247875 klis10
26 0 145758 3 55.05186 klis10
26 0 112616 4 54.128525 klis10
26 0 112045 5 53.26256 klis10
26 0 112724 6 53.005344 klis10
26 0 111056 7 52.265423 klis10
26 0 127910 8 51.632492 klis10
26 0 112259 9 50.50842 klis10
27 0 4157405 0 45.25447 klis10
27 0 4157382 1 45.252296 klis10
27 0 111141 2 36.99459 klis10
27 0 112346 3 36.859886 klis10
27 0 110384 4 35.572598 klis10
27 0 112071 5 33.646507 klis10
27 0 110706 6 32.22843 klis10
27 0 110320 7 32.083458 klis10
27 0 118475 8 30.333822 klis10
27 0 620673 9 29.652294 klis10
28 0 4157382 0 74.05623 klis10
28 0 4157405 1 74.05623 klis10
28 0 112346 2 57.002342 klis10
28 0 112523 3 52.6194 klis10
28 0 111141 4 51.93395 klis10
28 0 217703 5 49.48361 klis10
28 0 112308 6 47.858994 klis10
28 0 107063 7 44.906506 klis10
28 0 2679557 8 44.052643 klis10
28 0 110384 9 42.34706 klis10
29 0 112620 0 33.08625 klis10
29 0 205788 1 30.933466 klis10
29 0 4151826 2 30.8259 klis10
29 0 145726 3 30.664484 klis10
29 0 111471 4 30.622921 klis10
29 0 145632 5 30.50982 klis10
29 0 626206 6 30.137995 klis10
29 0 145843 7 30.05118 klis10
29 0 118351 8 29.65272 klis10
29 0 3195890 9 29.613733 klis10
30 0 145841 0 63.00688 klis10
30 0 205788 1 60.518482 klis10
30 0 218921 2 59.6962 klis10
30 0 145708 3 57.662197 klis10
30 0 118117 4 56.988384 klis10
30 0 137739 5 55.752167 klis10
30 0 145843 6 54.776173 klis10
30 0 145761 7 53.796333 klis10
30 0 626206 8 53.251713 klis10
30 0 118343 9 52.73278 klis10
31 0 145925 0 55.01833 klis10
31 0 148797 1 54.424072 klis10
31 0 118412 2 49.820625 klis10
31 0 137003 3 48.648083 klis10
31 0 145857 4 48.22628 klis10
31 0 130146 5 48.039135 klis10
31 0 616433 6 47.47474 klis10
31 0 3207859 7 46.753296 klis10
31 0 117966 8 46.338116 klis10
31 0 2784695 9 46.12171 klis10
32 0 110561 0 25.556269 klis10
32 0 112329 1 24.631067 klis10
32 0 118458 2 24.50253 klis10
32 0 118499 3 23.763945 klis10
32 0 118023 4 23.590437 klis10
32 0 118455 5 23.416126 klis10
32 0 109450 6 23.38201 klis10
32 0 118139 7 23.079195 klis10
32 0 112836 8 23.059175 klis10
32 0 130162 9 22.91486 klis10
33 0 2809767 0 32.725983 klis10
33 0 2811850 1 32.725983 klis10
33 0 2676594 2 27.076948 klis10
33 0 2675753 3 26.602392 klis10
33 0 2679204 4 26.602392 klis10
33 0 112728 5 26.02868 klis10
33 0 118302 6 24.613617 klis10
33 0 110382 7 24.421005 klis10
33 0 182991 8 24.204945 klis10
33 0 110667 9 24.046747 klis10
34 0 2676594 0 98.28736 klis10
34 0 2809767 1 97.42894 klis10
34 0 2811850 2 97.42894 klis10
34 0 2675753 3 97.42061 klis10
34 0 2679204 4 97.42061 klis10
34 0 136994 5 56.30254 klis10
34 0 137727 6 51.611134 klis10
34 0 112325 7 51.309967 klis10
34 0 121158 8 50.832214 klis10
34 0 145870 9 46.78749 klis10
35 0 932061 0 37.759357 klis10
35 0 118329 1 36.119576 klis10
35 0 3205767 2 36.10086 klis10
35 0 149005 3 35.620754 klis10
35 0 821306 4 35.386177 klis10
35 0 109586 5 34.515533 klis10
35 0 112268 6 33.91416 klis10
35 0 213843 7 33.900578 klis10
35 0 214063 8 33.900578 klis10
35 0 214467 9 33.900578 klis10
36 0 109923 0 45.11885 klis10
36 0 112259 1 45.100105 klis10
36 0 131163 2 44.23248 klis10
36 0 109703 3 42.978203 klis10
36 0 112069 4 42.907 klis10
36 0 118234 5 42.777378 klis10
36 0 213843 6 42.595074 klis10
36 0 214063 7 42.595074 klis10
36 0 214467 8 42.595074 klis10
36 0 110599 9 42.205418 klis10
37 0 4151829 0 45.28705 klis10
37 0 145731 1 43.076054 klis10
37 0 112910 2 42.403503 klis10
37 0 111982 3 40.503067 klis10
37 0 118269 4 38.875294 klis10
37 0 110742 5 38.663933 klis10
37 0 110774 6 38.298927 klis10
37 0 111420 7 37.73544 klis10
37 0 103870 8 37.51767 klis10
37 0 145855 9 37.1383 klis10
38 0 118269 0 75.40705 klis10
38 0 1993216 1 68.78747 klis10
38 0 4151829 2 66.14543 klis10
38 0 112910 3 65.78752 klis10
38 0 145855 4 65.26682 klis10
38 0 112887 5 63.34539 klis10
38 0 145731 6 62.79997 klis10
38 0 112292 7 61.372765 klis10
38 0 145629 8 60.804443 klis10
38 0 111264 9 58.46152 klis10
39 0 102086 0 24.953531 klis10
39 0 112568 1 24.795803 klis10
39 0 2674861 2 24.414402 klis10
39 0 2675754 3 24.414402 klis10
39 0 111432 4 23.828089 klis10
39 0 111502 5 23.250586 klis10
39 0 112420 6 23.06305 klis10
39 0 118182 7 22.722298 klis10
39 0 112855 8 22.607128 klis10
39 0 105058 9 22.600723 klis10
40 0 931120 0 27.399002 klis10
40 0 145943 1 27.090025 klis10
40 0 112348 2 24.120508 klis10
40 0 2810526 3 23.859524 klis10
40 0 149007 4 22.873777 klis10
40 0 3170727 5 22.803518 klis10
40 0 2769807 6 22.762527 klis10
40 0 3171723 7 22.534523 klis10
40 0 945737 8 22.271152 klis10
40 0 932059 9 22.271152 klis10
41 0 112585 0 41.27364 klis10
41 0 109186 1 40.428062 klis10
41 0 110132 2 38.86986 klis10
41 0 111198 3 38.008003 klis10
41 0 110075 4 37.28 klis10
41 0 111891 5 36.779736 klis10
41 0 112924 6 36.328014 klis10
41 0 111254 7 35.482952 klis10
41 0 112440 8 35.23067 klis10
41 0 112833 9 34.044483 klis10
42 0 112924 0 52.143787 klis10
42 0 3189783 1 51.625298 klis10
42 0 137003 2 50.247913 klis10
42 0 3177199 3 50.05942 klis10
42 0 117864 4 50.038685 klis10
42 0 118131 5 49.573524 klis10
42 0 3171724 6 49.547108 klis10
42 0 3177200 7 49.547108 klis10
42 0 145632 8 49.25647 klis10
42 0 112810 9 49.237133 klis10
43 0 2680590 0 23.869875 klis10
43 0 2959745 1 23.869875 klis10
43 0 112920 2 23.582027 klis10
43 0 112305 3 21.959843 klis10
43 0 118113 4 21.555696 klis10
43 0 94717 5 21.274797 klis10
43 0 100926 6 21.008335 klis10
43 0 103735 7 20.971802 klis10
43 0 93137 8 20.963911 klis10
43 0 90079 9 20.816343 klis10
44 0 183480 0 28.477135 klis10
44 0 2781925 1 27.342436 klis10
44 0 802408 2 27.172035 klis10
44 0 145674 3 25.341654 klis10
44 0 112144 4 25.03353 klis10
44 0 117953 5 25.022896 klis10
44 0 110162 6 24.899303 klis10
44 0 145903 7 24.58026 klis10
44 0 109329 8 24.5425 klis10
44 0 2672209 9 24.535915 klis10
45 0 3181481 0 28.56097 klis10
45 0 112309 1 27.149784 klis10
45 0 118496 2 27.136114 klis10
45 0 111754 3 26.599747 klis10
45 0 145755 4 26.463577 klis10
45 0 130159 5 26.085932 klis10
45 0 127691 6 26.084854 klis10
45 0 110757 7 26.067368 klis10
45 0 107663 8 25.686502 klis10
45 0 106592 9 25.507252 klis10
46 0 2804673 0 43.656837 klis10
46 0 145772 1 41.059643 klis10
46 0 866024 2 38.392303 klis10
46 0 858802 3 38.392303 klis10
46 0 623145 4 35.933693 klis10
46 0 618680 5 35.658516 klis10
46 0 3204917 6 35.09395 klis10
46 0 1269289 7 34.48442 klis10
46 0 137725 8 34.138924 klis10
46 0 118452 9 33.530388 klis10
47 0 2674861 0 42.847775 klis10
47 0 2675754 1 42.847775 klis10
47 0 121149 2 36.71789 klis10
47 0 108545 3 36.47216 klis10
47 0 96147 4 35.782978 klis10
47 0 111362 5 35.65401 klis10
47 0 118218 6 35.120193 klis10
47 0 105417 7 34.598892 klis10
47 0 142882 8 34.277664 klis10
47 0 103019 9 33.954105 klis10
48 0 2674861 0 35.51393 klis10
48 0 2675754 1 35.51393 klis10
48 0 103019 2 30.14507 klis10
48 0 108041 3 30.06381 klis10
48 0 112422 4 29.899038 klis10
48 0 107451 5 28.787563 klis10
48 0 109625 6 27.283554 klis10
48 0 103201 7 26.9009 klis10
48 0 104182 8 26.817768 klis10
48 0 1116658 9 26.682638 klis10
49 0 4162535 0 34.475117 klis10
49 0 2672535 1 27.509727 klis10
49 0 95414 2 24.503885 klis10
49 0 101852 3 24.053967 klis10
49 0 90620 4 22.797724 klis10
49 0 93031 5 21.967508 klis10
49 0 1957917 6 21.505419 klis10
49 0 145626 7 21.450497 klis10
49 0 95551 8 21.002361 klis10
49 0 87007 9 20.745775 klis10
50 0 112733 0 32.424694 klis10
50 0 109776 1 32.20505 klis10
50 0 118203 2 31.998743 klis10
50 0 118449 3 31.714113 klis10
50 0 111953 4 30.525492 klis10
50 0 112671 5 30.455421 klis10
50 0 117950 6 30.43938 klis10
50 0 183479 7 30.421911 klis10
50 0 110763 8 30.36591 klis10
50 0 112606 9 30.351013 klis10
51 0 1741 0 12.799715 klis10
51 0 109715 1 12.79327 klis10
51 0 145791 2 12.592452 klis10
51 0 109466 3 12.415705 klis10
51 0 112867 4 12.1768055 klis10
51 0 2808293 5 12.10856 klis10
51 0 107254 6 11.955757 klis10
51 0 127913 7 11.8041315 klis10
51 0 145849 8 11.670228 klis10
51 0 103299 9 11.617933 klis10
52 0 112770 0 36.00448 klis10
52 0 112931 1 29.236263 klis10
52 0 110974 2 29.162045 klis10
52 0 112293 3 29.074526 klis10
52 0 112802 4 28.672676 klis10
52 0 111908 5 28.508305 klis10
52 0 110236 6 28.435541 klis10
52 0 854177 7 28.408976 klis10
52 0 118076 8 28.349611 klis10
52 0 802399 9 28.285875 klis10
53 0 625711 0 42.663734 klis10
53 0 872994 1 39.28804 klis10
53 0 621045 2 38.14576 klis10
53 0 112573 3 37.58713 klis10
53 0 145628 4 36.498577 klis10
53 0 145635 5 36.461884 klis10
53 0 118357 6 35.69224 klis10
53 0 112206 7 35.5768 klis10
53 0 1754 8 34.878128 klis10
53 0 112728 9 34.704998 klis10
54 0 205788 0 44.15463 klis10
54 0 145632 1 43.70246 klis10
54 0 216733 2 43.367672 klis10
54 0 616862 3 42.856777 klis10
54 0 1744 4 42.43563 klis10
54 0 2358 5 42.381218 klis10
54 0 145884 6 42.067867 klis10
54 0 145626 7 41.964638 klis10
54 0 931614 8 41.931564 klis10
54 0 2670965 9 41.606857 klis10
55 0 4154603 0 93.88243 klis10
55 0 145731 1 70.500145 klis10
55 0 110774 2 69.12131 klis10
55 0 111261 3 65.7989 klis10
55 0 145855 4 60.45646 klis10
55 0 111420 5 58.718117 klis10
55 0 118269 6 58.399494 klis10
55 0 110021 7 53.710945 klis10
55 0 112910 8 51.490913 klis10
55 0 111982 9 47.467506 klis10
56 0 4154603 0 44.76873 klis10
56 0 145855 1 37.4418 klis10
56 0 145629 2 35.783195 klis10
56 0 2959741 3 33.603275 klis10
56 0 931616 4 33.603275 klis10
56 0 2677564 5 33.204693 klis10
56 0 2678135 6 33.204693 klis10
56 0 145731 7 31.220623 klis10
56 0 2679558 8 30.65723 klis10
56 0 2811845 9 29.019957 klis10
57 0 145907 0 13.091988 klis10
57 0 145745 1 13.085828 klis10
57 0 147953 2 12.778311 klis10
57 0 148480 3 12.778311 klis10
57 0 110355 4 12.651692 klis10
57 0 2804673 5 12.624093 klis10
57 0 145772 6 12.540744 klis10
57 0 112802 7 12.511717 klis10
57 0 3209687 8 12.459825 klis10
57 0 799986 9 12.308776 klis10
58 0 118467 0 28.6968 klis10
58 0 821305 1 28.598925 klis10
58 0 2811845 2 27.469158 klis10
58 0 117867 3 27.196285 klis10
58 0 106152 4 27.04569 klis10
58 0 117832 5 26.98371 klis10
58 0 112458 6 26.977972 klis10
58 0 145804 7 26.877663 klis10
58 0 118282 8 26.791246 klis10
58 0 2672207 9 26.779242 klis10
59 0 2788983 0 87.014824 klis10
59 0 4170685 1 85.61211 klis10
59 0 145627 2 80.945015 klis10
59 0 931614 3 79.720215 klis10
59 0 112824 4 78.93237 klis10
59 0 112905 5 77.77743 klis10
59 0 130158 6 77.60724 klis10
59 0 117968 7 77.47276 klis10
59 0 118037 8 77.32998 klis10
59 0 111736 9 75.85217 klis10
60 0 931614 0 61.41557 klis10
60 0 127905 1 57.616917 klis10
60 0 118257 2 57.36486 klis10
60 0 109810 3 55.42806 klis10
60 0 110510 4 55.279064 klis10
60 0 145856 5 55.190277 klis10
60 0 3195891 6 54.922 klis10
60 0 118334 7 54.79295 klis10
60 0 109949 8 52.09875 klis10
60 0 109706 9 51.474056 klis10
61 0 2812210 0 77.56184 klis10
61 0 145923 1 72.53508 klis10
61 0 219815 2 72.321175 klis10
61 0 145743 3 70.39467 klis10
61 0 218457 4 68.39702 klis10
61 0 3195092 5 66.29467 klis10
61 0 1732 6 66.239914 klis10
61 0 1087955 7 60.9716 klis10
61 0 2620704 8 58.29949 klis10
61 0 218132 9 57.339912 klis10
62 0 110091 0 36.244495 klis10
62 0 117832 1 36.13928 klis10
62 0 802770 2 35.94002 klis10
62 0 118381 3 35.697197 klis10
62 0 118188 4 35.647964 klis10
62 0 205788 5 35.447178 klis10
62 0 218921 6 35.359158 klis10
62 0 118045 7 34.957024 klis10
62 0 219512 8 34.93805 klis10
62 0 145708 9 34.878597 klis10
63 0 97274 0 12.286164 klis10
63 0 97779 1 12.185162 klis10
63 0 106208 2 12.102031 klis10
63 0 96019 3 11.97773 klis10
63 0 1332352 4 11.942256 klis10
63 0 1095862 5 11.883057 klis10
63 0 102072 6 11.769755 klis10
63 0 105496 7 11.76599 klis10
63 0 96350 8 11.761386 klis10
63 0 97873 9 11.663698 klis10
64 0 2758568 0 54.994377 klis10
64 0 145895 1 48.343857 klis10
64 0 110645 2 43.767616 klis10
64 0 102061 3 39.948963 klis10
64 0 109773 4 39.380272 klis10
64 0 111051 5 39.20464 klis10
64 0 111082 6 38.906445 klis10
64 0 110542 7 37.48986 klis10
64 0 111936 8 37.349022 klis10
64 0 150540 9 36.685635 klis10
65 0 118123 0 25.394444 klis10
65 0 112677 1 16.492966 klis10
65 0 111285 2 15.671227 klis10
65 0 145867 3 15.570523 klis10
65 0 112016 4 15.542758 klis10
65 0 112935 5 15.275963 klis10
65 0 111051 6 15.038713 klis10
65 0 4151825 7 14.853498 klis10
65 0 122242 8 14.605646 klis10
65 0 111838 9 14.368086 klis10
66 0 3211501 0 53.008682 klis10
66 0 145867 1 51.60137 klis10
66 0 111632 2 50.573936 klis10
66 0 112935 3 42.585117 klis10
66 0 112547 4 40.807564 klis10
66 0 112106 5 40.719772 klis10
66 0 121170 6 36.620506 klis10
66 0 110251 7 35.732742 klis10
66 0 111803 8 35.060516 klis10
66 0 110645 9 34.32403 klis10
67 0 867645 0 29.527975 klis10
67 0 103093 1 25.0998 klis10
67 0 145800 2 24.928947 klis10
67 0 145635 3 24.561466 klis10
67 0 145664 4 24.346361 klis10
67 0 110753 5 24.334658 klis10
67 0 104194 6 24.258774 klis10
67 0 102083 7 24.066866 klis10
67 0 88797 8 23.877499 klis10
67 0 106757 9 23.868473 klis10
68 0 103675 0 53.21366 klis10
68 0 100945 1 48.201447 klis10
68 0 106930 2 44.97434 klis10
68 0 106483 3 44.92663 klis10
68 0 104522 4 44.88749 klis10
68 0 103678 5 44.315765 klis10
68 0 99167 6 44.078835 klis10
68 0 2455531 7 44.05752 klis10
68 0 99090 8 43.92352 klis10
68 0 103093 9 43.45916 klis10
69 0 112719 0 33.681786 klis10
69 0 117927 1 33.40997 klis10
69 0 118363 2 33.390945 klis10
69 0 111438 3 33.372227 klis10
69 0 799975 4 33.149857 klis10
69 0 109510 5 33.093628 klis10
69 0 118098 6 32.997425 klis10
69 0 112881 7 32.900944 klis10
69 0 799995 8 32.586327 klis10
69 0 127899 9 32.50183 klis10
70 0 118111 0 47.06873 klis10
70 0 111709 1 46.77909 klis10
70 0 112534 2 45.326256 klis10
70 0 118080 3 42.41278 klis10
70 0 117961 4 41.083504 klis10
70 0 117927 5 40.852394 klis10
70 0 1087961 6 40.70335 klis10
70 0 118317 7 40.400063 klis10
70 0 117859 8 40.15761 klis10
70 0 118379 9 39.60425 klis10
71 0 118052 0 47.078224 klis10
71 0 112904 1 46.590355 klis10
71 0 118234 2 43.861107 klis10
71 0 110331 3 43.12703 klis10
71 0 112914 4 41.023926 klis10
71 0 118005 5 40.24593 klis10
71 0 111103 6 39.039833 klis10
71 0 112311 7 38.705666 klis10
71 0 108303 8 38.659863 klis10
71 0 112324 9 38.54596 klis10
72 0 118052 0 36.93286 klis10
72 0 112904 1 36.652824 klis10
72 0 117979 2 35.256 klis10
72 0 109721 3 35.027634 klis10
72 0 3189783 4 34.863377 klis10
72 0 112311 5 34.44401 klis10
72 0 118234 6 34.231815 klis10
72 0 112914 7 34.18366 klis10
72 0 2654533 8 34.15547 klis10
72 0 2654756 9 34.15547 klis10
73 0 2804674 0 41.814518 klis10
73 0 1087954 1 40.018917 klis10
73 0 145624 2 39.90263 klis10
73 0 118043 3 39.376167 klis10
73 0 111425 4 37.701252 klis10
73 0 145638 5 36.724987 klis10
73 0 110692 6 36.638885 klis10
73 0 868383 7 35.29801 klis10
73 0 145881 8 34.5322 klis10
73 0 137725 9 33.65041 klis10
74 0 2804674 0 36.021465 klis10
74 0 112774 1 35.88688 klis10
74 0 218667 2 34.386433 klis10
74 0 108616 3 34.327915 klis10
74 0 219734 4 33.036068 klis10
74 0 3183079 5 33.016212 klis10
74 0 110798 6 32.842213 klis10
74 0 127908 7 32.66495 klis10
74 0 110398 8 32.233204 klis10
74 0 103459 9 31.951797 klis10
75 0 118226 0 66.90925 klis10
75 0 112347 1 63.105026 klis10
75 0 106659 2 60.20159 klis10
75 0 2678134 3 59.34748 klis10
75 0 111291 4 59.188103 klis10
75 0 2672210 5 58.817158 klis10
75 0 2654755 6 58.817158 klis10
75 0 111557 7 58.601326 klis10
75 0 110362 8 58.582912 klis10
75 0 110779 9 58.123997 klis10
76 0 1740 0 47.85186 klis10
76 0 108900 1 46.512848 klis10
76 0 145799 2 45.673397 klis10
76 0 118390 3 45.52665 klis10
76 0 2679833 4 45.418026 klis10
76 0 2680440 5 45.418026 klis10
76 0 111945 6 44.936615 klis10
76 0 111508 7 44.875786 klis10
76 0 145652 8 44.375195 klis10
76 0 150540 9 43.648575 klis10
77 0 104355 0 36.495995 klis10
77 0 112626 1 34.85713 klis10
77 0 111455 2 34.53504 klis10
77 0 111610 3 34.190044 klis10
77 0 112646 4 33.61359 klis10
77 0 97242 5 32.905235 klis10
77 0 112693 6 32.291233 klis10
77 0 110223 7 32.274117 klis10
77 0 108605 8 31.653728 klis10
77 0 109535 9 31.43584 klis10
78 0 2812588 0 67.74544 klis10
78 0 145632 1 66.656555 klis10
78 0 117899 2 64.20206 klis10
78 0 111717 3 63.318947 klis10
78 0 799976 4 63.199337 klis10
78 0 112485 5 62.96939 klis10
78 0 111250 6 62.460175 klis10
78 0 118022 7 61.407837 klis10
78 0 122258 8 60.934704 klis10
78 0 111092 9 60.89033 klis10
79 0 111009 0 71.0305 klis10
79 0 118143 1 66.51989 klis10
79 0 111470 2 62.03386 klis10
79 0 2680438 3 52.659874 klis10
79 0 110221 4 47.843914 klis10
79 0 3171728 5 44.303513 klis10
79 0 903979 6 36.948654 klis10
79 0 902768 7 36.948654 klis10
79 0 118375 8 35.405495 klis10
79 0 106328 9 34.803936 klis10
80 0 108900 0 39.000717 klis10
80 0 2679833 1 37.378834 klis10
80 0 2680440 2 37.378834 klis10
80 0 149285 3 37.185593 klis10
80 0 112738 4 36.481228 klis10
80 0 98551 5 35.23903 klis10
80 0 4106441 6 34.8553 klis10
80 0 142889 7 34.4665 klis10
80 0 118376 8 34.412502 klis10
80 0 111502 9 34.39647 klis10
81 0 112260 0 20.864632 klis10
81 0 4157383 1 20.821564 klis10
81 0 799991 2 20.705845 klis10
81 0 118373 3 20.611856 klis10
81 0 3209687 4 20.295006 klis10
81 0 145881 5 20.184166 klis10
81 0 111914 6 20.09861 klis10
81 0 148484 7 20.042326 klis10
81 0 118091 8 19.534052 klis10
81 0 118188 9 19.530481 klis10
82 0 821305 0 28.13815 klis10
82 0 112869 1 27.74648 klis10
82 0 105931 2 27.377205 klis10
82 0 104132 3 27.281189 klis10
82 0 112305 4 26.794714 klis10
82 0 104194 5 26.713266 klis10
82 0 112292 6 26.639341 klis10
82 0 111106 7 26.5244 klis10
82 0 112803 8 26.47235 klis10
82 0 117837 9 26.45096 klis10
83 0 145859 0 78.774605 klis10
83 0 111151 1 59.313934 klis10
83 0 111246 2 58.251114 klis10
83 0 111194 3 57.715786 klis10
83 0 111664 4 57.12304 klis10
83 0 111103 5 56.336884 klis10
83 0 111663 6 56.266216 klis10
83 0 137746 7 55.953243 klis10
83 0 820896 8 55.78751 klis10
83 0 109894 9 53.495747 klis10
84 0 145859 0 75.69386 klis10
84 0 111151 1 69.902824 klis10
84 0 111664 2 67.82434 klis10
84 0 110361 3 67.662895 klis10
84 0 109200 4 66.23784 klis10
84 0 800858 5 66.125404 klis10
84 0 109893 6 64.73376 klis10
84 0 122251 7 64.30422 klis10
84 0 110473 8 64.09021 klis10
84 0 110731 9 63.915638 klis10
85 0 802973 0 58.953728 klis10
85 0 803271 1 58.953728 klis10
85 0 2959737 2 58.953728 klis10
85 0 137749 3 51.307186 klis10
85 0 150543 4 48.426548 klis10
85 0 2959732 5 48.426548 klis10
85 0 146553 6 47.96394 klis10
85 0 146790 7 47.96394 klis10
85 0 111586 8 46.775375 klis10
85 0 218925 9 46.12075 klis10
86 0 3171724 0 48.462143 klis10
86 0 3177199 1 48.462143 klis10
86 0 3177200 2 48.462143 klis10
86 0 3195092 3 41.836475 klis10
86 0 3205766 4 37.36277 klis10
86 0 802973 5 36.43846 klis10
86 0 803271 6 36.43846 klis10
86 0 2959737 7 36.43846 klis10
86 0 3170730 8 35.070835 klis10
86 0 3177197 9 35.070835 klis10
87 0 143378 0 40.240925 klis10
87 0 112807 1 38.727127 klis10
87 0 112746 2 38.29953 klis10
87 0 112080 3 37.469715 klis10
87 0 111170 4 36.810707 klis10
87 0 136998 5 36.392204 klis10
87 0 118109 6 36.27906 klis10
87 0 117899 7 34.814476 klis10
87 0 111186 8 34.27337 klis10
87 0 1088038 9 34.075264 klis10
88 0 625833 0 35.904755 klis10
88 0 145122 1 35.834373 klis10
88 0 111170 2 34.738174 klis10
88 0 130159 3 34.28591 klis10
88 0 182991 4 34.07699 klis10
88 0 625711 5 33.943222 klis10
88 0 127691 6 33.831802 klis10
88 0 147529 7 33.55254 klis10
88 0 145770 8 33.543343 klis10
88 0 182992 9 33.188152 klis10
89 0 4151822 0 129.57007 klis10
89 0 2812588 1 115.774925 klis10
89 0 4162110 2 95.0189 klis10
89 0 2770446 3 93.85405 klis10
89 0 145817 4 70.38002 klis10
89 0 145647 5 66.65463 klis10
89 0 4106440 6 65.784676 klis10
89 0 145954 7 63.645245 klis10
89 0 134747 8 62.114048 klis10
89 0 111029 9 60.202534 klis10
90 0 145626 0 18.24007 klis10
90 0 109643 1 18.059114 klis10
90 0 109921 2 17.77049 klis10
90 0 118054 3 17.559464 klis10
90 0 118420 4 17.250887 klis10
90 0 109079 5 17.12165 klis10
90 0 2620698 6 16.893915 klis10
90 0 109776 7 16.632711 klis10
90 0 109080 8 16.504326 klis10
90 0 109016 9 16.35744 klis10
91 0 3212514 0 65.290085 klis10
91 0 219097 1 50.758373 klis10
91 0 145892 2 48.947025 klis10
91 0 145785 3 47.05103 klis10
91 0 1087959 4 47.029285 klis10
91 0 856791 5 46.12431 klis10
91 0 110032 6 45.977325 klis10
91 0 624280 7 44.94511 klis10
91 0 118507 8 43.67625 klis10
91 0 109043 9 43.250854 klis10
92 0 3212514 0 26.905886 klis10
92 0 2675751 1 20.718681 klis10
92 0 4162936 2 19.818466 klis10
92 0 109818 3 19.781258 klis10
92 0 111820 4 19.7048 klis10
92 0 111828 5 19.674215 klis10
92 0 109857 6 19.475721 klis10
92 0 111694 7 19.304749 klis10
92 0 112241 8 18.807932 klis10
92 0 111191 9 18.745813 klis10
93 0 110877 0 100.19508 klis10
93 0 118107 1 96.86826 klis10
93 0 118334 2 96.501785 klis10
93 0 130158 3 95.99535 klis10
93 0 109610 4 89.23948 klis10
93 0 4151827 5 87.32039 klis10
93 0 110248 6 85.96727 klis10
93 0 931614 7 85.16771 klis10
93 0 2788983 8 84.91067 klis10
93 0 110200 9 83.920685 klis10
94 0 931614 0 116.75858 klis10
94 0 3195891 1 102.957214 klis10
94 0 4151827 2 101.114006 klis10
94 0 2788983 3 95.91371 klis10
94 0 130158 4 82.50197 klis10
94 0 145901 5 81.143585 klis10
94 0 117874 6 78.33828 klis10
94 0 118107 7 77.685265 klis10
94 0 118334 8 77.55184 klis10
94 0 118129 9 77.31636 klis10
95 0 107232 0 32.153606 klis10
95 0 108555 1 30.857721 klis10
95 0 105495 2 29.85877 klis10
95 0 107794 3 26.724403 klis10
95 0 107475 4 26.162403 klis10
95 0 111385 5 24.758978 klis10
95 0 108161 6 24.15177 klis10
95 0 101863 7 24.150982 klis10
95 0 112765 8 23.938934 klis10
95 0 112343 9 23.816784 klis10
96 0 104330 0 19.185762 klis10
96 0 91961 1 18.871696 klis10
96 0 91505 2 18.858837 klis10
96 0 2650505 3 18.688366 klis10
96 0 104523 4 18.67131 klis10
96 0 86280 5 18.460608 klis10
96 0 108711 6 18.311138 klis10
96 0 106657 7 18.21592 klis10
96 0 108330 8 18.20992 klis10
96 0 2959738 9 18.147528 klis10
97 0 112101 0 45.22711 klis10
97 0 111922 1 35.744267 klis10
97 0 136993 2 31.044418 klis10
97 0 118379 3 26.531609 klis10
97 0 2806208 4 26.419971 klis10
97 0 2808294 5 26.419971 klis10
97 0 134751 6 25.904207 klis10
97 0 145822 7 25.732664 klis10
97 0 105412 8 25.491266 klis10
97 0 109772 9 25.423445 klis10
98 0 2655591 0 34.06924 klis10
98 0 103809 1 32.939964 klis10
98 0 145903 2 32.89201 klis10
98 0 145822 3 32.758045 klis10
98 0 117902 4 32.492283 klis10
98 0 118148 5 32.035583 klis10
98 0 2676593 6 31.900383 klis10
98 0 110146 7 31.643341 klis10
98 0 117832 8 31.614964 klis10
98 0 110996 9 31.607428 klis10
99 0 112267 0 60.537724 klis10
99 0 111884 1 46.39245 klis10
99 0 110552 2 45.38547 klis10
99 0 118121 3 40.468094 klis10
99 0 109976 4 39.18285 klis10
99 0 104759 5 36.534935 klis10
99 0 110578 6 36.227367 klis10
99 0 145914 7 34.338123 klis10
99 0 109673 8 33.940487 klis10
99 0 112723 9 32.90578 klis10
100 0 112267 0 94.54314 klis10
100 0 110552 1 84.481674 klis10
100 0 111884 2 67.71901 klis10
100 0 111886 3 66.64251 klis10
100 0 102981 4 63.08801 klis10
100 0 112723 5 62.88173 klis10
100 0 110098 6 61.40735 klis10
100 0 109678 7 60.594635 klis10
100 0 112227 8 59.86626 klis10
100 0 109633 9 59.351974 klis10
