1 0 112795 0 41.35885 klis8
1 0 111116 1 39.38373 klis8
1 0 219732 2 37.00834 klis8
1 0 2649076 3 36.90288 klis8
1 0 219733 4 36.43413 klis8
1 0 220342 5 36.43413 klis8
1 0 112924 6 35.850178 klis8
1 0 149702 7 35.148613 klis8
1 0 110370 8 34.723007 klis8
1 0 112436 9 34.38791 klis8
2 0 4170684 0 24.71504 klis8
2 0 2644673 1 22.235964 klis8
2 0 145692 2 20.135988 klis8
2 0 149006 3 19.684845 klis8
2 0 104571 4 19.55825 klis8
2 0 112423 5 19.115366 klis8
2 0 110134 6 18.7398 klis8
2 0 109466 7 18.364809 klis8
2 0 108555 8 18.24508 klis8
2 0 103549 9 18.202808 klis8
3 0 3162143 0 54.33096 klis8
3 0 215496 1 53.63919 klis8
3 0 215694 2 53.63919 klis8
3 0 2959735 3 53.63815 klis8
3 0 118029 4 53.220577 klis8
3 0 112212 5 51.724754 klis8
3 0 118475 6 49.28734 klis8
3 0 149007 7 49.18477 klis8
3 0 117892 8 49.171547 klis8
3 0 111091 9 49.04307 klis8
4 0 215496 0 68.320274 klis8
4 0 215694 1 68.273346 klis8
4 0 2959735 2 68.27126 klis8
4 0 149007 3 66.05126 klis8
4 0 623142 4 55.74497 klis8
4 0 118029 5 53.67479 klis8
4 0 111920 6 53.07268 klis8
4 0 3162143 7 52.77162 klis8
4 0 145821 8 51.533035 klis8
4 0 107492 9 51.134483 klis8
5 0 183480 0 45.970695 klis8
5 0 111789 1 42.360817 klis8
5 0 110056 2 40.959145 klis8
5 0 118174 3 40.48506 klis8
5 0 108089 4 40.425743 klis8
5 0 2672209 5 40.405838 klis8
5 0 2657779 6 40.405838 klis8
5 0 117911 7 36.910706 klis8
5 0 108088 8 36.66168 klis8
5 0 118217 9 36.120132 klis8
6 0 117932 0 31.197987 klis8
6 0 2811844 1 30.329208 klis8
6 0 2959750 2 30.329208 klis8
6 0 108449 3 22.054926 klis8
6 0 109573 4 21.162947 klis8
6 0 110883 5 21.103992 klis8
6 0 118174 6 20.868126 klis8
6 0 105790 7 20.526777 klis8
6 0 109004 8 20.459377 klis8
6 0 111789 9 20.411163 klis8
7 0 147531 0 41.610054 klis8
7 0 145715 1 39.87114 klis8
7 0 2672535 2 39.851395 klis8
7 0 110932 3 39.39743 klis8
7 0 134749 4 38.438183 klis8
7 0 145713 5 38.335323 klis8
7 0 214949 6 38.30118 klis8
7 0 215071 7 38.30118 klis8
7 0 217512 8 38.04076 klis8
7 0 2655591 9 37.70207 klis8
8 0 146981 0 21.913483 klis8
8 0 145911 1 20.267214 klis8
8 0 104034 2 19.868105 klis8
8 0 2771248 3 19.552805 klis8
8 0 182991 4 19.499392 klis8
8 0 2760668 5 19.298178 klis8
8 0 820904 6 18.639456 klis8
8 0 2812587 7 18.036873 klis8
8 0 2959748 8 18.036873 klis8
8 0 2654532 9 18.034626 klis8
9 0 112641 0 64.58757 klis8
9 0 2675751 1 64.03024 klis8
9 0 109720 2 60.43529 klis8
9 0 127923 3 60.3163 klis8
9 0 118212 4 59.823498 klis8
9 0 111694 5 58.921864 klis8
9 0 118011 6 58.75365 klis8
9 0 127887 7 58.06874 klis8
9 0 110543 8 57.292107 klis8
9 0 111191 9 55.32088 klis8
10 0 145715 0 49.438858 klis8
10 0 112931 1 48.773476 klis8
10 0 112423 2 48.706635 klis8
10 0 121163 3 45.21454 klis8
10 0 111500 4 44.96039 klis8
10 0 112094 5 44.634377 klis8
10 0 214949 6 44.260757 klis8
10 0 215071 7 44.260757 klis8
10 0 147531 8 44.145035 klis8
10 0 145713 9 43.32693 klis8
11 0 873668 0 29.459835 klis8
11 0 931123 1 29.189453 klis8
11 0 110800 2 28.981928 klis8
11 0 1747 3 28.806671 klis8
11 0 107553 4 28.218601 klis8
11 0 2743678 5 28.184702 klis8
11 0 212830 6 27.634686 klis8
11 0 2750102 7 27.571146 klis8
11 0 620560 8 27.398756 klis8
11 0 2959744 9 27.235268 klis8
12 0 2672535 0 36.76376 klis8
12 0 809121 1 25.822071 klis8
12 0 3153112 2 24.919666 klis8
12 0 3207860 3 24.830938 klis8
12 0 109248 4 23.817404 klis8
12 0 621195 5 23.562222 klis8
12 0 621270 6 23.562222 klis8
12 0 2812586 7 23.17777 klis8
12 0 109096 8 22.798056 klis8
12 0 2680438 9 22.391668 klis8
13 0 802973 0 65.71378 klis8
13 0 803271 1 65.71378 klis8
13 0 2959737 2 65.71378 klis8
13 0 2642828 3 64.55703 klis8
13 0 145967 4 59.022728 klis8
13 0 2812588 5 58.158245 klis8
13 0 2959730 6 56.53028 klis8
13 0 802770 7 53.58728 klis8
13 0 614392 8 53.44776 klis8
13 0 614485 9 53.44776 klis8
14 0 614392 0 39.062675 klis8
14 0 614485 1 39.062675 klis8
14 0 2812588 2 38.825565 klis8
14 0 124715 3 37.40408 klis8
14 0 145958 4 33.681164 klis8
14 0 145967 5 33.582897 klis8
14 0 145632 6 33.218113 klis8
14 0 145965 7 33.16741 klis8
14 0 3199501 8 33.010075 klis8
14 0 110496 9 32.10454 klis8
15 0 2812588 0 55.31487 klis8
15 0 4162111 1 45.6111 klis8
15 0 4015951 2 43.775852 klis8
15 0 3207858 3 42.130123 klis8
15 0 4151822 4 41.25503 klis8
15 0 3199501 5 40.20059 klis8
15 0 4106440 6 39.47539 klis8
15 0 3177196 7 37.398228 klis8
15 0 2806207 8 36.845478 klis8
15 0 4151821 9 36.36489 klis8
16 0 2812588 0 44.93801 klis8
16 0 4151822 1 42.010014 klis8
16 0 2770446 2 40.799454 klis8
16 0 2155 3 40.170574 klis8
16 0 2771249 4 36.36015 klis8
16 0 134747 5 33.981087 klis8
16 0 121146 6 32.991493 klis8
16 0 145817 7 32.201653 klis8
16 0 145647 8 31.204142 klis8
16 0 145966 9 31.159513 klis8
17 0 118230 0 23.189392 klis8
17 0 118125 1 23.08241 klis8
17 0 117987 2 22.978718 klis8
17 0 111302 3 22.964188 klis8
17 0 2672535 4 22.892803 klis8
17 0 110593 5 22.78432 klis8
17 0 117968 6 22.730614 klis8
17 0 110810 7 22.402765 klis8
17 0 105591 8 22.187403 klis8
17 0 145639 9 22.139818 klis8
18 0 148484 0 64.764565 klis8
18 0 110810 1 53.18188 klis8
18 0 145664 2 53.16225 klis8
18 0 620566 3 52.009552 klis8
18 0 110600 4 51.8813 klis8
18 0 145763 5 51.877293 klis8
18 0 105382 6 51.80542 klis8
18 0 111880 7 51.73742 klis8
18 0 118507 8 51.726524 klis8
18 0 3209687 9 51.712627 klis8
19 0 106639 0 15.619338 klis8
19 0 104895 1 15.555479 klis8
19 0 109180 2 15.449481 klis8
19 0 111880 3 14.921834 klis8
19 0 112557 4 14.900501 klis8
19 0 110692 5 14.848532 klis8
19 0 620671 6 14.824262 klis8
19 0 93820 7 14.748582 klis8
19 0 117867 8 14.652828 klis8
19 0 112921 9 14.613421 klis8
20 0 118243 0 26.555685 klis8
20 0 626454 1 24.560755 klis8
20 0 108538 2 24.417505 klis8
20 0 866023 3 23.838884 klis8
20 0 136996 4 23.66782 klis8
20 0 111343 5 23.558937 klis8
20 0 118043 6 23.498228 klis8
20 0 106282 7 23.37931 klis8
20 0 111727 8 23.35531 klis8
20 0 118358 9 23.321201 klis8
21 0 2659300 0 35.175064 klis8
21 0 118371 1 32.86431 klis8
21 0 112777 2 32.463245 klis8
21 0 112799 3 30.992228 klis8
21 0 145925 4 30.844368 klis8
21 0 867657 5 30.763987 klis8
21 0 117890 6 30.158941 klis8
21 0 112846 7 30.050999 klis8
21 0 2795279 8 29.50401 klis8
21 0 118055 9 28.857315 klis8
22 0 111021 0 69.60953 klis8
22 0 145644 1 68.723015 klis8
22 0 109807 2 65.37276 klis8
22 0 112737 3 64.64387 klis8
22 0 111517 4 63.500114 klis8
22 0 145788 5 62.78986 klis8
22 0 110694 6 61.41351 klis8
22 0 112880 7 61.296333 klis8
22 0 117852 8 60.377968 klis8
22 0 873660 9 60.059006 klis8
23 0 112257 0 20.019007 klis8
23 0 4162535 1 18.551195 klis8
23 0 118449 2 18.005817 klis8
23 0 137736 3 16.73973 klis8
23 0 2810525 4 16.672497 klis8
23 0 2811847 5 16.672497 klis8
23 0 3153112 6 16.028645 klis8
23 0 145738 7 15.982131 klis8
23 0 111610 8 15.83212 klis8
23 0 107645 9 15.52817 klis8
24 0 2804671 0 25.593662 klis8
24 0 182558 1 24.939974 klis8
24 0 2801435 2 24.383673 klis8
24 0 802408 3 24.358051 klis8
24 0 2654754 4 23.543848 klis8
24 0 3217476 5 23.13694 klis8
24 0 625711 6 22.633495 klis8
24 0 616433 7 22.613913 klis8
24 0 145635 8 22.316128 klis8
24 0 820895 9 21.687426 klis8
25 0 112345 0 36.19 klis8
25 0 3211503 1 35.643272 klis8
25 0 112616 2 32.993916 klis8
25 0 118021 3 29.358068 klis8
25 0 101911 4 26.692173 klis8
25 0 108632 5 26.28899 klis8
25 0 108129 6 25.078014 klis8
25 0 107971 7 25.00817 klis8
25 0 112217 8 24.974836 klis8
25 0 109416 9 24.734587 klis8
26 0 145758 0 49.724056 klis8
26 0 117872 1 49.33292 klis8
26 0 112324 2 48.735096 klis8
26 0 118026 3 48.210682 klis8
26 0 112616 4 46.304523 klis8
26 0 112045 5 46.00751 klis8
26 0 111056 6 44.940605 klis8
26 0 112724 7 44.69711 klis8
26 0 118070 8 44.23692 klis8
26 0 111103 9 43.71711 klis8
27 0 4157382 0 40.941902 klis8
27 0 4157405 1 40.941902 klis8
27 0 111141 2 32.401047 klis8
27 0 112346 3 32.353214 klis8
27 0 110384 4 31.652958 klis8
27 0 112071 5 29.16105 klis8
27 0 110706 6 27.772673 klis8
27 0 110320 7 27.257545 klis8
27 0 118475 8 25.906527 klis8
27 0 620673 9 25.250912 klis8
28 0 4157382 0 64.317535 klis8
28 0 4157405 1 64.317535 klis8
28 0 112346 2 47.293144 klis8
28 0 111141 3 42.36823 klis8
28 0 112523 4 41.86135 klis8
28 0 217703 5 40.197685 klis8
28 0 112308 6 37.522663 klis8
28 0 107063 7 35.6471 klis8
28 0 110384 8 35.443 klis8
28 0 2679557 9 34.922077 klis8
29 0 112620 0 29.932459 klis8
29 0 4151826 1 28.119543 klis8
29 0 205788 2 27.815601 klis8
29 0 111471 3 27.747898 klis8
29 0 145726 4 27.178177 klis8
29 0 145632 5 27.168684 klis8
29 0 145843 6 27.092148 klis8
29 0 626206 7 26.91338 klis8
29 0 118351 8 26.71292 klis8
29 0 109622 9 26.357983 klis8
30 0 145841 0 54.605328 klis8
30 0 205788 1 50.937485 klis8
30 0 218921 2 48.70505 klis8
30 0 118117 3 48.347084 klis8
30 0 145708 4 48.0162 klis8
30 0 137739 5 46.24968 klis8
30 0 145843 6 45.671993 klis8
30 0 145916 7 45.656155 klis8
30 0 118343 8 45.108093 klis8
30 0 148795 9 45.07944 klis8
31 0 145925 0 41.883278 klis8
31 0 148797 1 41.24891 klis8
31 0 118412 2 38.44778 klis8
31 0 145857 3 36.84192 klis8
31 0 137003 4 36.074802 klis8
31 0 3207859 5 35.70725 klis8
31 0 136995 6 35.2752 klis8
31 0 130146 7 35.018974 klis8
31 0 616433 8 33.972965 klis8
31 0 112252 9 33.78735 klis8
32 0 110561 0 22.315786 klis8
32 0 118458 1 22.244005 klis8
32 0 112329 2 21.176321 klis8
32 0 118139 3 21.102997 klis8
32 0 118023 4 21.05749 klis8
32 0 109505 5 20.753689 klis8
32 0 118499 6 20.703144 klis8
32 0 112836 7 20.669468 klis8
32 0 109450 8 20.649933 klis8
32 0 118455 9 20.544584 klis8
33 0 2809767 0 29.521025 klis8
33 0 2811850 1 29.521025 klis8
33 0 2676594 2 24.018345 klis8
33 0 2675753 3 23.603035 klis8
33 0 2679204 4 23.603035 klis8
33 0 112728 5 23.043673 klis8
33 0 118302 6 21.947737 klis8
33 0 110667 7 21.483236 klis8
33 0 110382 8 21.452223 klis8
33 0 108583 9 21.067581 klis8
34 0 2809767 0 89.84493 klis8
34 0 2811850 1 89.84493 klis8
34 0 2676594 2 89.007866 klis8
34 0 2675753 3 88.240906 klis8
34 0 2679204 4 88.240906 klis8
34 0 136994 5 50.320515 klis8
34 0 137727 6 48.159046 klis8
34 0 112325 7 45.92134 klis8
34 0 121158 8 43.650078 klis8
34 0 145870 9 42.456287 klis8
35 0 3205767 0 32.83876 klis8
35 0 932061 1 31.735695 klis8
35 0 118329 2 30.742254 klis8
35 0 821306 3 30.686037 klis8
35 0 149005 4 29.61579 klis8
35 0 213843 5 28.860737 klis8
35 0 214063 6 28.860737 klis8
35 0 214467 7 28.860737 klis8
35 0 3203656 8 28.312645 klis8
35 0 3206414 9 28.312645 klis8
36 0 112259 0 38.628624 klis8
36 0 109923 1 37.187057 klis8
36 0 213843 2 36.736546 klis8
36 0 214063 3 36.736546 klis8
36 0 214467 4 36.736546 klis8
36 0 110599 5 35.979008 klis8
36 0 131163 6 35.537373 klis8
36 0 118234 7 35.05099 klis8
36 0 105224 8 34.711018 klis8
36 0 112069 9 34.051178 klis8
37 0 4151829 0 38.876072 klis8
37 0 112910 1 37.005604 klis8
37 0 145731 2 35.021122 klis8
37 0 111982 3 33.993 klis8
37 0 110742 4 33.404697 klis8
37 0 111420 5 32.378246 klis8
37 0 118269 6 32.26836 klis8
37 0 103870 7 32.204742 klis8
37 0 108863 8 32.198475 klis8
37 0 145855 9 32.1918 klis8
38 0 118269 0 67.45026 klis8
38 0 1993216 1 63.475533 klis8
38 0 145731 2 58.183956 klis8
38 0 112910 3 57.503216 klis8
38 0 4151829 4 57.295086 klis8
38 0 145855 5 56.99606 klis8
38 0 112887 6 54.9504 klis8
38 0 112292 7 53.37254 klis8
38 0 145629 8 52.09211 klis8
38 0 111264 9 51.57916 klis8
39 0 112568 0 23.383678 klis8
39 0 111502 1 22.85464 klis8
39 0 102086 2 22.744747 klis8
39 0 112420 3 22.663942 klis8
39 0 2674861 4 22.193712 klis8
39 0 2675754 5 22.193712 klis8
39 0 111432 6 22.145638 klis8
39 0 105058 7 21.83596 klis8
39 0 118182 8 21.199877 klis8
39 0 2959744 9 20.975353 klis8
40 0 931120 0 23.198149 klis8
40 0 145943 1 22.472105 klis8
40 0 2810526 2 19.928375 klis8
40 0 112348 3 19.264627 klis8
40 0 3171723 4 19.01391 klis8
40 0 2769807 5 18.784796 klis8
40 0 149007 6 18.559246 klis8
40 0 3170727 7 18.036171 klis8
40 0 945737 8 18.034983 klis8
40 0 932059 9 18.034983 klis8
41 0 109186 0 37.219948 klis8
41 0 112585 1 37.059574 klis8
41 0 110132 2 35.14121 klis8
41 0 111198 3 34.52776 klis8
41 0 110075 4 33.53001 klis8
41 0 111891 5 32.635376 klis8
41 0 111254 6 32.42344 klis8
41 0 112924 7 32.074272 klis8
41 0 2810525 8 31.58102 klis8
41 0 2811847 9 31.58102 klis8
42 0 112924 0 41.729477 klis8
42 0 3189783 1 39.38108 klis8
42 0 137003 2 38.942646 klis8
42 0 117864 3 38.739105 klis8
42 0 3177199 4 38.04752 klis8
42 0 118131 5 37.564896 klis8
42 0 3171724 6 37.535206 klis8
42 0 3177200 7 37.535206 klis8
42 0 112810 8 36.976162 klis8
42 0 118299 9 36.67702 klis8
43 0 112920 0 18.964554 klis8
43 0 2680590 1 18.962698 klis8
43 0 2959745 2 18.962698 klis8
43 0 103366 3 17.218006 klis8
43 0 112305 4 17.056086 klis8
43 0 90079 5 16.985462 klis8
43 0 106707 6 16.9636 klis8
43 0 110519 7 16.876478 klis8
43 0 103735 8 16.84546 klis8
43 0 118113 9 16.826918 klis8
44 0 183480 0 24.128996 klis8
44 0 802408 1 23.049864 klis8
44 0 2781925 2 22.660572 klis8
44 0 145674 3 20.788181 klis8
44 0 109329 4 20.68455 klis8
44 0 110162 5 20.64019 klis8
44 0 111968 6 20.37717 klis8
44 0 112144 7 20.258183 klis8
44 0 104158 8 20.046171 klis8
44 0 1087605 9 20.046171 klis8
45 0 3181481 0 25.451859 klis8
45 0 118496 1 24.155527 klis8
45 0 112309 2 23.833424 klis8
45 0 111754 3 23.697285 klis8
45 0 145755 4 23.083921 klis8
45 0 110757 5 23.079386 klis8
45 0 127691 6 23.044909 klis8
45 0 130159 7 23.044909 klis8
45 0 107663 8 22.592762 klis8
45 0 101076 9 22.446115 klis8
46 0 2804673 0 36.190376 klis8
46 0 145772 1 34.1466 klis8
46 0 866024 2 31.443956 klis8
46 0 858802 3 31.443956 klis8
46 0 618680 4 29.765627 klis8
46 0 1269289 5 29.51145 klis8
46 0 623145 6 29.217966 klis8
46 0 3204917 7 28.60074 klis8
46 0 137740 8 27.654264 klis8
46 0 137725 9 27.310316 klis8
47 0 2674861 0 36.593727 klis8
47 0 2675754 1 36.593727 klis8
47 0 108545 2 30.986649 klis8
47 0 121149 3 29.530802 klis8
47 0 111362 4 29.345716 klis8
47 0 118218 5 28.797852 klis8
47 0 105417 6 28.705057 klis8
47 0 96147 7 28.608913 klis8
47 0 142882 8 28.159283 klis8
47 0 103019 9 27.204378 klis8
48 0 2674861 0 32.713657 klis8
48 0 2675754 1 32.713657 klis8
48 0 103019 2 27.174458 klis8
48 0 112422 3 26.861198 klis8
48 0 108041 4 26.796564 klis8
48 0 107451 5 26.092827 klis8
48 0 109625 6 24.291317 klis8
48 0 117984 7 24.215221 klis8
48 0 104182 8 24.170063 klis8
48 0 96287 9 24.016895 klis8
49 0 4162535 0 29.769228 klis8
49 0 95414 1 22.731606 klis8
49 0 2672535 2 22.648598 klis8
49 0 101852 3 22.351141 klis8
49 0 90620 4 20.888159 klis8
49 0 93031 5 20.71794 klis8
49 0 1957917 6 19.802515 klis8
49 0 95551 7 18.414417 klis8
49 0 89388 8 18.19849 klis8
49 0 102376 9 17.923265 klis8
50 0 112733 0 29.413437 klis8
50 0 118203 1 29.265886 klis8
50 0 109776 2 29.006565 klis8
50 0 118449 3 28.762518 klis8
50 0 110763 4 27.730768 klis8
50 0 111953 5 27.553627 klis8
50 0 112606 6 27.538816 klis8
50 0 183479 7 27.401423 klis8
50 0 117996 8 27.380825 klis8
50 0 117950 9 27.197136 klis8
51 0 145849 0 11.670228 klis8
51 0 109715 1 11.654159 klis8
51 0 1741 2 11.2986965 klis8
51 0 112867 3 11.160378 klis8
51 0 107587 4 11.034416 klis8
51 0 127913 5 11.026271 klis8
51 0 107254 6 10.93933 klis8
51 0 145791 7 10.796401 klis8
51 0 109466 8 10.776106 klis8
51 0 2808293 9 10.769122 klis8
52 0 112770 0 27.774641 klis8
52 0 91094 1 24.046919 klis8
52 0 86293 2 23.868423 klis8
52 0 87549 3 23.658306 klis8
52 0 89717 4 22.549095 klis8
52 0 85452 5 22.380024 klis8
52 0 91913 6 22.189323 klis8
52 0 2477913 7 21.880661 klis8
52 0 91418 8 21.880661 klis8
52 0 90634 9 21.842554 klis8
53 0 625711 0 37.70952 klis8
53 0 872994 1 34.18134 klis8
53 0 621045 2 32.641964 klis8
53 0 112573 3 32.246273 klis8
53 0 145635 4 31.982393 klis8
53 0 145628 5 31.634068 klis8
53 0 112206 6 30.560596 klis8
53 0 118357 7 30.327679 klis8
53 0 2655591 8 30.116722 klis8
53 0 112640 9 30.045595 klis8
54 0 205788 0 37.403557 klis8
54 0 145632 1 36.44284 klis8
54 0 216733 2 36.015244 klis8
54 0 931123 3 36.00772 klis8
54 0 931614 4 35.99567 klis8
54 0 616862 5 35.91068 klis8
54 0 2358 6 35.641003 klis8
54 0 145884 7 35.523132 klis8
54 0 145626 8 35.276783 klis8
54 0 1744 9 35.057068 klis8
55 0 4154603 0 85.706764 klis8
55 0 145731 1 63.77472 klis8
55 0 111261 2 59.564587 klis8
55 0 110774 3 59.546326 klis8
55 0 145855 4 54.554386 klis8
55 0 118269 5 52.51791 klis8
55 0 111420 6 51.987946 klis8
55 0 110021 7 47.946808 klis8
55 0 112910 8 46.062675 klis8
55 0 111982 9 39.637978 klis8
56 0 4154603 0 41.865887 klis8
56 0 145855 1 34.194946 klis8
56 0 145629 2 32.81727 klis8
56 0 2959741 3 30.157185 klis8
56 0 931616 4 30.157185 klis8
56 0 2677564 5 29.871822 klis8
56 0 2678135 6 29.871822 klis8
56 0 145731 7 27.913626 klis8
56 0 2679558 8 27.61991 klis8
56 0 2811845 9 25.727028 klis8
57 0 145907 0 11.489927 klis8
57 0 145745 1 11.393122 klis8
57 0 147953 2 11.254984 klis8
57 0 148480 3 11.254984 klis8
57 0 2804673 4 11.093848 klis8
57 0 110355 5 11.078581 klis8
57 0 145772 6 10.920686 klis8
57 0 112802 7 10.793517 klis8
57 0 3209687 8 10.760067 klis8
57 0 799986 9 10.597248 klis8
58 0 118467 0 24.367058 klis8
58 0 821305 1 23.577976 klis8
58 0 2811845 2 22.810568 klis8
58 0 2671725 3 22.782902 klis8
58 0 2672207 4 22.756649 klis8
58 0 118282 5 22.687057 klis8
58 0 106152 6 22.483946 klis8
58 0 145881 7 22.262327 klis8
58 0 117832 8 22.191206 klis8
58 0 112077 9 22.178715 klis8
59 0 2788983 0 75.409225 klis8
59 0 4170685 1 75.10474 klis8
59 0 145627 2 69.27706 klis8
59 0 931614 3 69.02483 klis8
59 0 112824 4 68.41928 klis8
59 0 130158 5 67.205315 klis8
59 0 112905 6 66.55695 klis8
59 0 2672208 7 65.827896 klis8
59 0 2670794 8 65.827896 klis8
59 0 117968 9 65.21598 klis8
60 0 931614 0 55.515396 klis8
60 0 118257 1 52.54742 klis8
60 0 127905 2 52.131203 klis8
60 0 145856 3 50.54117 klis8
60 0 118334 4 50.361202 klis8
60 0 110510 5 50.194275 klis8
60 0 109810 6 49.881477 klis8
60 0 3195891 7 48.90673 klis8
60 0 621195 8 47.669518 klis8
60 0 621270 9 47.669518 klis8
61 0 2812210 0 68.41577 klis8
61 0 145743 1 65.540634 klis8
61 0 219815 2 64.19583 klis8
61 0 145923 3 63.348896 klis8
61 0 218457 4 58.54665 klis8
61 0 3195092 5 57.837234 klis8
61 0 1732 6 56.85473 klis8
61 0 1087955 7 52.769005 klis8
61 0 2620704 8 50.699497 klis8
61 0 218132 9 48.554752 klis8
62 0 110091 0 30.474752 klis8
62 0 117832 1 30.161423 klis8
62 0 219512 2 30.107819 klis8
62 0 118045 3 29.506603 klis8
62 0 802770 4 29.18135 klis8
62 0 118381 5 28.866266 klis8
62 0 118188 6 28.701862 klis8
62 0 205788 7 28.633394 klis8
62 0 218921 8 28.623465 klis8
62 0 137739 9 28.507391 klis8
63 0 97274 0 12.278889 klis8
63 0 97779 1 12.177547 klis8
63 0 106208 2 12.094651 klis8
63 0 96019 3 11.970431 klis8
63 0 1332352 4 11.934937 klis8
63 0 1095862 5 11.876561 klis8
63 0 102072 6 11.762625 klis8
63 0 105496 7 11.759068 klis8
63 0 96350 8 11.753965 klis8
63 0 97873 9 11.656462 klis8
64 0 2758568 0 51.39398 klis8
64 0 145895 1 43.351143 klis8
64 0 110645 2 39.902313 klis8
64 0 102061 3 37.748802 klis8
64 0 109773 4 35.590664 klis8
64 0 111082 5 34.64266 klis8
64 0 110542 6 34.123375 klis8
64 0 111051 7 33.978474 klis8
64 0 111936 8 33.04717 klis8
64 0 1745 9 32.799946 klis8
65 0 118123 0 23.634132 klis8
65 0 112677 1 14.765429 klis8
65 0 111285 2 13.946826 klis8
65 0 112016 3 13.846302 klis8
65 0 145867 4 13.816968 klis8
65 0 112935 5 13.60833 klis8
65 0 111051 6 13.291323 klis8
65 0 4151825 7 13.121343 klis8
65 0 122242 8 12.956097 klis8
65 0 111838 9 12.657526 klis8
66 0 3211501 0 47.069164 klis8
66 0 145867 1 44.9341 klis8
66 0 111632 2 43.491592 klis8
66 0 112935 3 36.072594 klis8
66 0 112106 4 34.881767 klis8
66 0 112547 5 34.84668 klis8
66 0 121170 6 30.332724 klis8
66 0 110251 7 30.001299 klis8
66 0 118495 8 29.625664 klis8
66 0 218667 9 28.537352 klis8
67 0 867645 0 27.107079 klis8
67 0 145800 1 22.837332 klis8
67 0 103093 2 22.462568 klis8
67 0 102083 3 21.98178 klis8
67 0 145664 4 21.883163 klis8
67 0 104194 5 21.61482 klis8
67 0 145635 6 21.602201 klis8
67 0 1087847 7 21.496555 klis8
67 0 106757 8 21.335297 klis8
67 0 2959738 9 21.148518 klis8
68 0 103675 0 42.097908 klis8
68 0 100945 1 35.957554 klis8
68 0 106483 2 33.68561 klis8
68 0 104522 3 33.281105 klis8
68 0 111559 4 32.604767 klis8
68 0 105646 5 32.53072 klis8
68 0 103678 6 32.3844 klis8
68 0 106445 7 32.225468 klis8
68 0 99167 8 32.22308 klis8
68 0 2455531 9 32.201767 klis8
69 0 112719 0 30.93488 klis8
69 0 111438 1 30.884172 klis8
69 0 117927 2 30.795975 klis8
69 0 799975 3 30.666712 klis8
69 0 118363 4 30.555824 klis8
69 0 112881 5 30.516087 klis8
69 0 109510 6 29.977364 klis8
69 0 799995 7 29.922747 klis8
69 0 118098 8 29.907127 klis8
69 0 118458 9 29.670465 klis8
70 0 111709 0 42.805695 klis8
70 0 118111 1 42.580814 klis8
70 0 112534 2 40.63903 klis8
70 0 118080 3 38.159157 klis8
70 0 117961 4 36.678837 klis8
70 0 117927 5 36.564735 klis8
70 0 1087961 6 36.534176 klis8
70 0 117859 7 36.296722 klis8
70 0 118317 8 35.879158 klis8
70 0 118379 9 35.4212 klis8
71 0 118052 0 38.18513 klis8
71 0 112904 1 38.106583 klis8
71 0 118234 2 34.656017 klis8
71 0 110331 3 34.334785 klis8
71 0 118005 4 32.905685 klis8
71 0 111103 5 31.885775 klis8
71 0 145121 6 31.788986 klis8
71 0 112914 7 31.735474 klis8
71 0 88325 8 31.51093 klis8
71 0 108303 9 30.615667 klis8
72 0 112904 0 30.84938 klis8
72 0 118052 1 30.002846 klis8
72 0 3189783 2 29.053204 klis8
72 0 117979 3 28.606394 klis8
72 0 112914 4 28.548922 klis8
72 0 118234 5 27.766682 klis8
72 0 112797 6 27.6594 klis8
72 0 109721 7 27.555458 klis8
72 0 112311 8 27.145092 klis8
72 0 112823 9 27.111792 klis8
73 0 2804674 0 38.63725 klis8
73 0 145624 1 38.179123 klis8
73 0 1087954 2 37.371162 klis8
73 0 118043 3 37.09186 klis8
73 0 110692 4 35.268707 klis8
73 0 111425 5 34.199474 klis8
73 0 145638 6 34.034092 klis8
73 0 868383 7 32.760063 klis8
73 0 145881 8 31.597813 klis8
73 0 109931 9 31.49421 klis8
74 0 2804674 0 32.38508 klis8
74 0 112774 1 32.204388 klis8
74 0 108616 2 30.880814 klis8
74 0 218667 3 30.737566 klis8
74 0 110398 4 30.571812 klis8
74 0 3183079 5 29.947432 klis8
74 0 110798 6 29.910109 klis8
74 0 219734 7 29.651506 klis8
74 0 127908 8 29.304012 klis8
74 0 103459 9 28.996935 klis8
75 0 118226 0 51.134205 klis8
75 0 112347 1 50.05494 klis8
75 0 2678134 2 47.749714 klis8
75 0 111291 3 45.468513 klis8
75 0 110362 4 45.283665 klis8
75 0 104252 5 44.79111 klis8
75 0 2674861 6 44.62867 klis8
75 0 2675754 7 44.62867 klis8
75 0 106659 8 44.29441 klis8
75 0 103814 9 43.904675 klis8
76 0 1740 0 38.5671 klis8
76 0 108900 1 36.469727 klis8
76 0 145799 2 36.153297 klis8
76 0 118390 3 36.009384 klis8
76 0 2679833 4 35.308125 klis8
76 0 2680440 5 35.308125 klis8
76 0 111508 6 35.16455 klis8
76 0 145652 7 34.84946 klis8
76 0 111945 8 34.535233 klis8
76 0 150540 9 32.965683 klis8
77 0 104355 0 33.21913 klis8
77 0 111455 1 31.770624 klis8
77 0 112626 2 31.454437 klis8
77 0 111610 3 30.856897 klis8
77 0 112646 4 30.347378 klis8
77 0 97242 5 29.766905 klis8
77 0 110223 6 29.457516 klis8
77 0 112693 7 28.981571 klis8
77 0 108605 8 28.53422 klis8
77 0 109535 9 28.489502 klis8
78 0 2812588 0 56.468273 klis8
78 0 145632 1 54.380096 klis8
78 0 117899 2 54.127495 klis8
78 0 799976 3 53.26587 klis8
78 0 118022 4 52.939316 klis8
78 0 111717 5 52.58781 klis8
78 0 117968 6 52.30141 klis8
78 0 112485 7 50.434036 klis8
78 0 111250 8 50.14348 klis8
78 0 105155 9 49.974094 klis8
79 0 111009 0 63.540897 klis8
79 0 118143 1 59.109055 klis8
79 0 111470 2 55.19006 klis8
79 0 2680438 3 45.76741 klis8
79 0 110221 4 40.69265 klis8
79 0 3171728 5 37.305923 klis8
79 0 118375 6 29.960789 klis8
79 0 903979 7 29.40593 klis8
79 0 902768 8 29.40593 klis8
79 0 106328 9 28.335379 klis8
80 0 108900 0 32.840176 klis8
80 0 149285 1 32.09859 klis8
80 0 4106441 2 30.744152 klis8
80 0 2679833 3 30.337608 klis8
80 0 2680440 4 30.337608 klis8
80 0 98551 5 30.076797 klis8
80 0 111502 6 29.725176 klis8
80 0 112738 7 29.009272 klis8
80 0 3189783 8 28.633793 klis8
80 0 145804 9 28.265556 klis8
81 0 118373 0 18.160915 klis8
81 0 112260 1 17.881277 klis8
81 0 4157383 2 17.842237 klis8
81 0 799991 3 17.452438 klis8
81 0 111914 4 17.413988 klis8
81 0 110073 5 17.017326 klis8
81 0 3209687 6 16.775108 klis8
81 0 145881 7 16.696049 klis8
81 0 111418 8 16.587273 klis8
81 0 802791 9 16.508785 klis8
82 0 821305 0 25.20357 klis8
82 0 112869 1 24.775085 klis8
82 0 105931 2 24.517612 klis8
82 0 95854 3 24.33144 klis8
82 0 112305 4 24.26396 klis8
82 0 88165 5 24.05122 klis8
82 0 111106 6 24.037779 klis8
82 0 104132 7 23.968082 klis8
82 0 112292 8 23.76611 klis8
82 0 137740 9 23.665482 klis8
83 0 145859 0 69.87187 klis8
83 0 111194 1 51.566475 klis8
83 0 111151 2 51.222843 klis8
83 0 111246 3 49.83075 klis8
83 0 111664 4 49.19069 klis8
83 0 111103 5 48.358284 klis8
83 0 137746 6 47.96504 klis8
83 0 111663 7 47.955227 klis8
83 0 111333 8 46.953117 klis8
83 0 820896 9 46.91933 klis8
84 0 145859 0 66.81079 klis8
84 0 111151 1 61.83031 klis8
84 0 111664 2 59.90891 klis8
84 0 110361 3 59.017883 klis8
84 0 109200 4 58.577293 klis8
84 0 800858 5 57.271397 klis8
84 0 109893 6 57.269215 klis8
84 0 110731 7 56.44336 klis8
84 0 110473 8 56.297626 klis8
84 0 122251 9 56.153473 klis8
85 0 802973 0 46.881397 klis8
85 0 803271 1 46.881397 klis8
85 0 2959737 2 46.881397 klis8
85 0 137749 3 40.72107 klis8
85 0 218925 4 40.1546 klis8
85 0 150543 5 36.60743 klis8
85 0 2959732 6 36.60743 klis8
85 0 111586 7 36.394924 klis8
85 0 107663 8 36.38329 klis8
85 0 146553 9 36.158546 klis8
86 0 3171724 0 42.417747 klis8
86 0 3177199 1 42.417747 klis8
86 0 3177200 2 42.417747 klis8
86 0 3195092 3 35.982727 klis8
86 0 3205766 4 31.440325 klis8
86 0 802973 5 30.23592 klis8
86 0 803271 6 30.23592 klis8
86 0 2959737 7 30.23592 klis8
86 0 3170730 8 29.204866 klis8
86 0 3177197 9 29.204866 klis8
87 0 143378 0 35.927643 klis8
87 0 112807 1 32.730392 klis8
87 0 111170 2 31.43369 klis8
87 0 112080 3 31.240942 klis8
87 0 112746 4 31.023523 klis8
87 0 136998 5 30.639418 klis8
87 0 1088038 6 29.526333 klis8
87 0 118109 7 29.194407 klis8
87 0 117899 8 28.573017 klis8
87 0 111885 9 28.298424 klis8
88 0 625833 0 31.00309 klis8
88 0 145122 1 30.739977 klis8
88 0 625711 2 29.717855 klis8
88 0 111170 3 29.578642 klis8
88 0 130159 4 28.786957 klis8
88 0 181012 5 28.6486 klis8
88 0 127691 6 28.38035 klis8
88 0 182991 7 28.333685 klis8
88 0 145770 8 28.166058 klis8
88 0 145839 9 28.144514 klis8
89 0 4151822 0 117.83792 klis8
89 0 2812588 1 103.80695 klis8
89 0 4162110 2 85.73229 klis8
89 0 2770446 3 83.894295 klis8
89 0 145817 4 60.924904 klis8
89 0 145647 5 58.20085 klis8
89 0 4106440 6 57.001602 klis8
89 0 145954 7 55.716812 klis8
89 0 134747 8 54.461422 klis8
89 0 111029 9 51.888313 klis8
90 0 145626 0 18.238026 klis8
90 0 109643 1 18.056898 klis8
90 0 109921 2 17.768366 klis8
90 0 118054 3 17.557247 klis8
90 0 118420 4 17.24871 klis8
90 0 109079 5 17.119562 klis8
90 0 2620698 6 16.891777 klis8
90 0 109776 7 16.6305 klis8
90 0 109080 8 16.502155 klis8
90 0 109016 9 16.355274 klis8
91 0 3212514 0 61.559315 klis8
91 0 219097 1 46.869984 klis8
91 0 145892 2 44.832882 klis8
91 0 856791 3 43.004402 klis8
91 0 145785 4 42.803013 klis8
91 0 1087959 5 42.631413 klis8
91 0 110032 6 41.395184 klis8
91 0 624280 7 40.825512 klis8
91 0 118507 8 39.33092 klis8
91 0 109043 9 38.827194 klis8
92 0 3212514 0 25.21055 klis8
92 0 2675751 1 19.018795 klis8
92 0 111820 2 18.477795 klis8
92 0 109857 3 17.962934 klis8
92 0 109818 4 17.85297 klis8
92 0 111694 5 17.837534 klis8
92 0 111828 6 17.832375 klis8
92 0 4162936 7 17.797117 klis8
92 0 112241 8 17.618961 klis8
92 0 111191 9 17.089996 klis8
93 0 110877 0 89.545105 klis8
93 0 130158 1 85.96565 klis8
93 0 118334 2 85.33324 klis8
93 0 118107 3 85.21894 klis8
93 0 110200 4 80.41033 klis8
93 0 109610 5 79.15997 klis8
93 0 4151827 6 75.82533 klis8
93 0 110248 7 75.63037 klis8
93 0 2788983 8 73.982895 klis8
93 0 112905 9 73.0694 klis8
94 0 931614 0 103.6123 klis8
94 0 3195891 1 91.906136 klis8
94 0 4151827 2 88.86916 klis8
94 0 2788983 3 84.02685 klis8
94 0 145901 4 73.85875 klis8
94 0 130158 5 71.35503 klis8
94 0 2743641 6 67.51107 klis8
94 0 2959756 7 67.51107 klis8
94 0 117874 8 66.883026 klis8
94 0 111736 9 66.26837 klis8
95 0 107232 0 30.574362 klis8
95 0 108555 1 29.353718 klis8
95 0 105495 2 28.265926 klis8
95 0 107794 3 25.112415 klis8
95 0 107475 4 24.552048 klis8
95 0 111385 5 23.200035 klis8
95 0 108161 6 22.607574 klis8
95 0 101863 7 22.561064 klis8
95 0 112765 8 22.32228 klis8
95 0 112343 9 22.22983 klis8
96 0 104330 0 15.980582 klis8
96 0 91505 1 15.960861 klis8
96 0 108330 2 15.878629 klis8
96 0 2650505 3 15.679788 klis8
96 0 91961 4 15.628405 klis8
96 0 104523 5 15.324359 klis8
96 0 91215 6 15.319069 klis8
96 0 89763 7 15.266711 klis8
96 0 108711 8 15.17508 klis8
96 0 97017 9 15.11034 klis8
97 0 112101 0 38.260315 klis8
97 0 111922 1 30.16641 klis8
97 0 136993 2 23.85527 klis8
97 0 105412 3 21.79424 klis8
97 0 109772 4 19.87465 klis8
97 0 2806208 5 19.682356 klis8
97 0 2808294 6 19.682356 klis8
97 0 104379 7 19.066221 klis8
97 0 145822 8 18.844875 klis8
97 0 118379 9 18.70828 klis8
98 0 2655591 0 30.148756 klis8
98 0 145903 1 28.80924 klis8
98 0 2676593 2 28.71321 klis8
98 0 103809 3 28.427444 klis8
98 0 145822 4 28.307688 klis8
98 0 117902 5 28.273203 klis8
98 0 110156 6 27.502295 klis8
98 0 2811845 7 27.497356 klis8
98 0 108783 8 27.48072 klis8
98 0 3181481 9 27.47289 klis8
99 0 112267 0 55.80073 klis8
99 0 111884 1 41.490402 klis8
99 0 110552 2 40.783577 klis8
99 0 118121 3 35.63912 klis8
99 0 109976 4 35.190224 klis8
99 0 104759 5 31.73943 klis8
99 0 110578 6 31.72298 klis8
99 0 145914 7 29.703445 klis8
99 0 109673 8 28.798376 klis8
99 0 112723 9 28.080105 klis8
100 0 112267 0 85.12079 klis8
100 0 110552 1 70.608894 klis8
100 0 102981 2 56.339428 klis8
100 0 111884 3 56.234726 klis8
100 0 111886 4 52.18197 klis8
100 0 112723 5 50.922966 klis8
100 0 91843 6 50.477707 klis8
100 0 105252 7 49.894054 klis8
100 0 110098 8 49.286304 klis8
100 0 109633 9 49.176563 klis8
