1 0 112795 0 42.88719 klis9
1 0 111116 1 41.713585 klis9
1 0 2649076 2 39.474907 klis9
1 0 219732 3 39.46209 klis9
1 0 219733 4 39.34808 klis9
1 0 220342 5 39.34808 klis9
1 0 112924 6 39.056652 klis9
1 0 149702 7 37.78028 klis9
1 0 110370 8 37.373623 klis9
1 0 112436 9 37.109077 klis9
2 0 4170684 0 24.717237 klis9
2 0 2644673 1 22.238184 klis9
2 0 145692 2 20.138178 klis9
2 0 149006 3 19.68697 klis9
2 0 104571 4 19.560413 klis9
2 0 112423 5 19.117582 klis9
2 0 110134 6 18.741924 klis9
2 0 109466 7 18.366964 klis9
2 0 108555 8 18.247244 klis9
2 0 103549 9 18.205023 klis9
3 0 3162143 0 56.67033 klis9
3 0 215496 1 55.949013 klis9
3 0 215694 2 55.949013 klis9
3 0 2959735 3 55.94797 klis9
3 0 118029 4 55.712303 klis9
3 0 112212 5 54.145294 klis9
3 0 118475 6 51.72624 klis9
3 0 149007 7 51.59958 klis9
3 0 117892 8 51.457333 klis9
3 0 111091 9 51.313133 klis9
4 0 215496 0 73.45 klis9
4 0 215694 1 73.40307 klis9
4 0 2959735 2 73.400986 klis9
4 0 149007 3 71.995476 klis9
4 0 118029 4 60.808556 klis9
4 0 623142 5 60.568302 klis9
4 0 107492 6 58.501713 klis9
4 0 145890 7 58.26894 klis9
4 0 3162143 8 58.14382 klis9
4 0 145821 9 58.13109 klis9
5 0 183480 0 51.054176 klis9
5 0 111789 1 47.730526 klis9
5 0 110056 2 45.96911 klis9
5 0 118174 3 45.78939 klis9
5 0 2672209 4 45.70366 klis9
5 0 2657779 5 45.70366 klis9
5 0 108089 6 45.423042 klis9
5 0 108088 7 42.3072 klis9
5 0 117911 8 42.13328 klis9
5 0 118217 9 40.96235 klis9
6 0 117932 0 32.711 klis9
6 0 2811844 1 31.12672 klis9
6 0 2959750 2 31.12672 klis9
6 0 118174 3 22.918701 klis9
6 0 110883 4 22.759403 klis9
6 0 109004 5 22.319094 klis9
6 0 2672209 6 22.284174 klis9
6 0 2657779 7 22.284174 klis9
6 0 111789 8 22.26493 klis9
6 0 108449 9 22.054926 klis9
7 0 147531 0 45.11515 klis9
7 0 145715 1 44.988266 klis9
7 0 2672535 2 44.145935 klis9
7 0 134749 3 43.47684 klis9
7 0 217512 4 42.847477 klis9
7 0 2655591 5 42.753796 klis9
7 0 110932 6 42.399063 klis9
7 0 214949 7 42.342243 klis9
7 0 215071 8 42.342243 klis9
7 0 145713 9 42.282875 klis9
8 0 146981 0 25.108334 klis9
8 0 2771248 1 23.642681 klis9
8 0 2760668 2 23.540327 klis9
8 0 145911 3 23.413275 klis9
8 0 104034 4 21.818722 klis9
8 0 820904 5 21.576767 klis9
8 0 182991 6 21.492453 klis9
8 0 2812587 7 20.77425 klis9
8 0 2959748 8 20.77425 klis9
8 0 145903 9 20.722578 klis9
9 0 112641 0 71.79957 klis9
9 0 2675751 1 69.4552 klis9
9 0 118212 2 68.36197 klis9
9 0 111694 3 67.63825 klis9
9 0 109720 4 66.99874 klis9
9 0 118011 5 66.163666 klis9
9 0 127923 6 65.20733 klis9
9 0 111191 7 62.972878 klis9
9 0 127887 8 61.839764 klis9
9 0 112230 9 61.83968 klis9
10 0 145715 0 50.122204 klis9
10 0 112931 1 50.060856 klis9
10 0 112423 2 49.175903 klis9
10 0 121163 3 46.469242 klis9
10 0 111500 4 46.36902 klis9
10 0 147531 5 45.842655 klis9
10 0 112094 6 45.61455 klis9
10 0 214949 7 45.4797 klis9
10 0 215071 8 45.4797 klis9
10 0 145713 9 44.812325 klis9
11 0 110800 0 31.95338 klis9
11 0 873668 1 31.671492 klis9
11 0 1747 2 31.599518 klis9
11 0 107553 3 31.165781 klis9
11 0 931123 4 30.956167 klis9
11 0 145960 5 30.676975 klis9
11 0 2809767 6 30.244955 klis9
11 0 2811850 7 30.244955 klis9
11 0 620560 8 30.083422 klis9
11 0 2959744 9 29.9491 klis9
12 0 2672535 0 40.442184 klis9
12 0 809121 1 29.525806 klis9
12 0 3153112 2 28.304901 klis9
12 0 621195 3 27.129929 klis9
12 0 621270 4 27.129929 klis9
12 0 109096 5 26.343636 klis9
12 0 3207860 6 26.211689 klis9
12 0 2812586 7 25.678436 klis9
12 0 107099 8 25.61034 klis9
12 0 109248 9 24.911905 klis9
13 0 802973 0 73.53382 klis9
13 0 803271 1 73.53382 klis9
13 0 2959737 2 73.53382 klis9
13 0 2642828 3 71.65712 klis9
13 0 2812588 4 65.8393 klis9
13 0 145967 5 65.220856 klis9
13 0 2959730 6 63.499313 klis9
13 0 614392 7 61.346565 klis9
13 0 614485 8 61.346565 klis9
13 0 802770 9 61.16664 klis9
14 0 614392 0 41.86729 klis9
14 0 614485 1 41.86729 klis9
14 0 2812588 2 41.799408 klis9
14 0 124715 3 40.435604 klis9
14 0 145958 4 36.70958 klis9
14 0 145967 5 36.66029 klis9
14 0 145632 6 36.42895 klis9
14 0 145965 7 36.083942 klis9
14 0 105886 8 34.84129 klis9
14 0 110496 9 34.815804 klis9
15 0 2812588 0 60.985973 klis9
15 0 4162111 1 49.63605 klis9
15 0 4015951 2 47.184032 klis9
15 0 4151822 3 46.029285 klis9
15 0 3207858 4 45.842194 klis9
15 0 3199501 5 43.210686 klis9
15 0 4106440 6 42.956062 klis9
15 0 3177196 7 41.531067 klis9
15 0 2806207 8 41.043003 klis9
15 0 2810525 9 40.4056 klis9
16 0 2812588 0 48.780106 klis9
16 0 4151822 1 44.93216 klis9
16 0 2770446 2 40.799454 klis9
16 0 2155 3 40.170574 klis9
16 0 2771249 4 38.648514 klis9
16 0 134747 5 35.69751 klis9
16 0 121146 6 35.66957 klis9
16 0 145817 7 35.178806 klis9
16 0 3209687 8 34.063793 klis9
16 0 620561 9 33.930145 klis9
17 0 117987 0 27.511763 klis9
17 0 118230 1 27.422321 klis9
17 0 118125 2 27.252594 klis9
17 0 117968 3 26.914505 klis9
17 0 111302 4 26.890984 klis9
17 0 110810 5 26.785694 klis9
17 0 2672535 6 26.404554 klis9
17 0 2496261 7 26.18857 klis9
17 0 110593 8 25.959763 klis9
17 0 112848 9 25.694464 klis9
18 0 148484 0 70.6989 klis9
18 0 145664 1 58.59385 klis9
18 0 110810 2 58.274906 klis9
18 0 105382 3 58.158226 klis9
18 0 110600 4 58.129692 klis9
18 0 3209687 5 57.542988 klis9
18 0 620566 6 57.182514 klis9
18 0 112128 7 57.121876 klis9
18 0 111880 8 56.9539 klis9
18 0 137739 9 56.8863 klis9
19 0 104895 0 18.445457 klis9
19 0 111219 1 16.83115 klis9
19 0 105721 2 16.667395 klis9
19 0 106639 3 16.410723 klis9
19 0 112557 4 16.354673 klis9
19 0 110694 5 16.248205 klis9
19 0 117867 6 16.216694 klis9
19 0 109097 7 16.131027 klis9
19 0 108562 8 16.054703 klis9
19 0 104474 9 16.05278 klis9
20 0 118243 0 29.3857 klis9
20 0 108538 1 27.646223 klis9
20 0 866023 2 27.243967 klis9
20 0 626454 3 27.169634 klis9
20 0 136996 4 26.95467 klis9
20 0 111727 5 26.899475 klis9
20 0 118043 6 26.459606 klis9
20 0 111198 7 26.26448 klis9
20 0 106282 8 26.176214 klis9
20 0 111433 9 26.158964 klis9
21 0 2659300 0 37.340324 klis9
21 0 118371 1 36.21829 klis9
21 0 112777 2 33.99635 klis9
21 0 867657 3 33.721573 klis9
21 0 145925 4 33.57081 klis9
21 0 117890 5 33.398903 klis9
21 0 112846 6 32.90418 klis9
21 0 112799 7 32.728672 klis9
21 0 111858 8 31.7112 klis9
21 0 2795279 9 31.547426 klis9
22 0 111021 0 79.31884 klis9
22 0 145644 1 77.40741 klis9
22 0 112737 2 76.4096 klis9
22 0 109807 3 73.165245 klis9
22 0 145788 4 72.364944 klis9
22 0 112880 5 71.22305 klis9
22 0 873660 6 71.13634 klis9
22 0 111517 7 70.71064 klis9
22 0 117852 8 69.69585 klis9
22 0 118416 9 69.52155 klis9
23 0 112257 0 20.021132 klis9
23 0 4162535 1 18.553373 klis9
23 0 118449 2 18.007973 klis9
23 0 137736 3 16.741856 klis9
23 0 2810525 4 16.674658 klis9
23 0 2811847 5 16.674658 klis9
23 0 3153112 6 16.030785 klis9
23 0 145738 7 15.98429 klis9
23 0 111610 8 15.83419 klis9
23 0 107645 9 15.530266 klis9
24 0 2804671 0 27.837353 klis9
24 0 182558 1 27.064346 klis9
24 0 2801435 2 26.241928 klis9
24 0 802408 3 25.989986 klis9
24 0 2654754 4 25.22781 klis9
24 0 616433 5 25.048613 klis9
24 0 625711 6 24.88049 klis9
24 0 3217476 7 24.652592 klis9
24 0 145635 8 24.350002 klis9
24 0 798626 9 23.903679 klis9
25 0 112345 0 39.000668 klis9
25 0 3211503 1 37.96285 klis9
25 0 112616 2 36.08001 klis9
25 0 118021 3 32.07691 klis9
25 0 101911 4 30.077065 klis9
25 0 108632 5 29.686773 klis9
25 0 107971 6 28.783455 klis9
25 0 108129 7 27.39759 klis9
25 0 97004 8 27.39653 klis9
25 0 134732 9 27.35936 klis9
26 0 117872 0 53.267117 klis9
26 0 118026 1 52.24529 klis9
26 0 112324 2 52.016075 klis9
26 0 145758 3 51.962063 klis9
26 0 112616 4 50.891438 klis9
26 0 112045 5 50.37488 klis9
26 0 112724 6 49.79247 klis9
26 0 111056 7 48.96813 klis9
26 0 127910 8 48.21949 klis9
26 0 118052 9 47.559433 klis9
27 0 4157382 0 42.501877 klis9
27 0 4157405 1 42.501877 klis9
27 0 112346 2 34.151943 klis9
27 0 111141 3 34.03238 klis9
27 0 110384 4 32.675617 klis9
27 0 112071 5 30.825998 klis9
27 0 110706 6 29.275629 klis9
27 0 110320 7 28.98791 klis9
27 0 118475 8 27.416569 klis9
27 0 620673 9 26.774239 klis9
28 0 4157382 0 69.52401 klis9
28 0 4157405 1 69.52401 klis9
28 0 112346 2 52.89653 klis9
28 0 111141 3 47.997097 klis9
28 0 112523 4 47.659756 klis9
28 0 217703 5 45.794136 klis9
28 0 112308 6 43.18494 klis9
28 0 107063 7 40.706497 klis9
28 0 110384 8 40.3327 klis9
28 0 2679557 9 39.621086 klis9
29 0 112620 0 31.629267 klis9
29 0 205788 1 29.43716 klis9
29 0 4151826 2 29.34521 klis9
29 0 111471 3 29.153666 klis9
29 0 145726 4 29.023222 klis9
29 0 145632 5 28.928455 klis9
29 0 145843 6 28.728909 klis9
29 0 626206 7 28.657307 klis9
29 0 118351 8 28.110382 klis9
29 0 3195890 9 27.978048 klis9
30 0 145841 0 60.31391 klis9
30 0 205788 1 56.13282 klis9
30 0 218921 2 54.76877 klis9
30 0 145708 3 53.55892 klis9
30 0 118117 4 52.76569 klis9
30 0 137739 5 52.284943 klis9
30 0 145843 6 50.868366 klis9
30 0 626206 7 50.247242 klis9
30 0 145761 8 50.09145 klis9
30 0 112704 9 50.028156 klis9
31 0 145925 0 47.218517 klis9
31 0 148797 1 46.974815 klis9
31 0 118412 2 42.349335 klis9
31 0 137003 3 41.72694 klis9
31 0 145857 4 41.2007 klis9
31 0 130146 5 40.541702 klis9
31 0 616433 6 39.615746 klis9
31 0 3207859 7 39.206665 klis9
31 0 117966 8 39.0665 klis9
31 0 2784695 9 38.760017 klis9
32 0 110561 0 24.006063 klis9
32 0 118458 1 22.937895 klis9
32 0 112329 2 22.80316 klis9
32 0 118499 3 22.21212 klis9
32 0 118023 4 22.206093 klis9
32 0 109450 5 22.045383 klis9
32 0 118455 6 21.953142 klis9
32 0 118139 7 21.694853 klis9
32 0 118321 8 21.534092 klis9
32 0 112836 9 21.388182 klis9
33 0 2809767 0 31.285364 klis9
33 0 2811850 1 31.285364 klis9
33 0 2676594 2 25.77761 klis9
33 0 2675753 3 25.357521 klis9
33 0 2679204 4 25.357521 klis9
33 0 112728 5 24.762924 klis9
33 0 118302 6 23.646479 klis9
33 0 110667 7 23.162918 klis9
33 0 110382 8 23.099968 klis9
33 0 182991 9 22.563576 klis9
34 0 2676594 0 94.79608 klis9
34 0 2809767 1 94.27238 klis9
34 0 2811850 2 94.27238 klis9
34 0 2675753 3 93.98038 klis9
34 0 2679204 4 93.98038 klis9
34 0 136994 5 52.913403 klis9
34 0 137727 6 48.159046 klis9
34 0 121158 7 47.88181 klis9
34 0 112325 8 47.876953 klis9
34 0 145870 9 44.472084 klis9
35 0 932061 0 34.549805 klis9
35 0 3205767 1 32.83876 klis9
35 0 118329 2 32.599678 klis9
35 0 149005 3 32.411236 klis9
35 0 821306 4 31.755245 klis9
35 0 109586 5 30.885447 klis9
35 0 112268 6 30.51461 klis9
35 0 213843 7 30.436611 klis9
35 0 214063 8 30.436611 klis9
35 0 214467 9 30.436611 klis9
36 0 112259 0 41.41844 klis9
36 0 109923 1 40.831573 klis9
36 0 131163 2 40.109364 klis9
36 0 213843 3 39.405304 klis9
36 0 214063 4 39.405304 klis9
36 0 214467 5 39.405304 klis9
36 0 112069 6 39.2886 klis9
36 0 110599 7 39.141895 klis9
36 0 109703 8 38.334656 klis9
36 0 118234 9 38.266537 klis9
37 0 4151829 0 42.35732 klis9
37 0 112910 1 40.547554 klis9
37 0 145731 2 39.134 klis9
37 0 111982 3 37.996056 klis9
37 0 110742 4 36.330463 klis9
37 0 118269 5 35.883556 klis9
37 0 111420 6 35.862213 klis9
37 0 110774 7 35.730583 klis9
37 0 145855 8 35.434917 klis9
37 0 103870 9 35.273403 klis9
38 0 118269 0 73.676216 klis9
38 0 1993216 1 67.12228 klis9
38 0 4151829 2 64.38181 klis9
38 0 112910 3 64.03308 klis9
38 0 145855 4 63.53477 klis9
38 0 112887 5 61.644005 klis9
38 0 145731 6 61.078094 klis9
38 0 112292 7 59.63328 klis9
38 0 145629 8 59.07658 klis9
38 0 111264 9 56.7318 klis9
39 0 112568 0 23.383678 klis9
39 0 111502 1 22.85464 klis9
39 0 102086 2 22.744747 klis9
39 0 112420 3 22.663942 klis9
39 0 2674861 4 22.193712 klis9
39 0 2675754 5 22.193712 klis9
39 0 111432 6 22.145638 klis9
39 0 105058 7 21.83596 klis9
39 0 118182 8 21.199877 klis9
39 0 2959744 9 20.975353 klis9
40 0 931120 0 25.975988 klis9
40 0 145943 1 25.52217 klis9
40 0 2810526 2 22.55731 klis9
40 0 112348 3 22.522696 klis9
40 0 2769807 4 21.460316 klis9
40 0 3171723 5 21.261898 klis9
40 0 149007 6 21.25969 klis9
40 0 3170727 7 21.194168 klis9
40 0 945737 8 20.868666 klis9
40 0 932059 9 20.868666 klis9
41 0 112585 0 41.27149 klis9
41 0 109186 1 40.425907 klis9
41 0 110132 2 38.86778 klis9
41 0 111198 3 38.005814 klis9
41 0 110075 4 37.27783 klis9
41 0 111891 5 36.777596 klis9
41 0 112924 6 36.32595 klis9
41 0 111254 7 35.48078 klis9
41 0 112440 8 35.22854 klis9
41 0 112833 9 34.04238 klis9
42 0 112924 0 48.48415 klis9
42 0 3189783 1 47.343723 klis9
42 0 137003 2 46.695248 klis9
42 0 117864 3 46.187794 klis9
42 0 118131 4 45.875004 klis9
42 0 3177199 5 45.79817 klis9
42 0 112810 6 45.58239 klis9
42 0 3171724 7 45.285854 klis9
42 0 3177200 8 45.285854 klis9
42 0 145632 9 45.14472 klis9
43 0 2680590 0 21.47459 klis9
43 0 2959745 1 21.47459 klis9
43 0 112920 2 21.391735 klis9
43 0 112305 3 19.523613 klis9
43 0 118113 4 19.272263 klis9
43 0 90079 5 19.269476 klis9
43 0 110519 6 18.835854 klis9
43 0 94717 7 18.81445 klis9
43 0 101403 8 18.71471 klis9
43 0 103366 9 18.624891 klis9
44 0 183480 0 25.86969 klis9
44 0 802408 1 24.414503 klis9
44 0 2781925 2 24.35468 klis9
44 0 145674 3 22.793007 klis9
44 0 109329 4 22.507061 klis9
44 0 110162 5 22.273289 klis9
44 0 104158 6 22.016495 klis9
44 0 1087605 7 22.016495 klis9
44 0 117953 8 21.94429 klis9
44 0 112144 9 21.932346 klis9
45 0 3181481 0 27.15831 klis9
45 0 118496 1 25.800259 klis9
45 0 112309 2 25.522898 klis9
45 0 111754 3 25.445213 klis9
45 0 145755 4 24.846304 klis9
45 0 130159 5 24.81392 klis9
45 0 127691 6 24.812843 klis9
45 0 110757 7 24.799402 klis9
45 0 107663 8 24.181383 klis9
45 0 106592 9 23.969854 klis9
46 0 2804673 0 38.67561 klis9
46 0 145772 1 36.342243 klis9
46 0 866024 2 33.418915 klis9
46 0 858802 3 33.418915 klis9
46 0 618680 4 31.54217 klis9
46 0 1269289 5 31.235504 klis9
46 0 623145 6 31.181112 klis9
46 0 3204917 7 30.52193 klis9
46 0 137725 8 29.674816 klis9
46 0 137740 9 29.575455 klis9
47 0 2674861 0 39.48594 klis9
47 0 2675754 1 39.48594 klis9
47 0 108545 2 32.9373 klis9
47 0 121149 3 32.86486 klis9
47 0 96147 4 32.468025 klis9
47 0 111362 5 32.37571 klis9
47 0 105417 6 32.17114 klis9
47 0 118218 7 31.732607 klis9
47 0 142882 8 30.964418 klis9
47 0 103019 9 30.821514 klis9
48 0 2674861 0 34.2965 klis9
48 0 2675754 1 34.2965 klis9
48 0 103019 2 28.813816 klis9
48 0 108041 3 28.46686 klis9
48 0 112422 4 28.404703 klis9
48 0 107451 5 27.363005 klis9
48 0 109625 6 25.858961 klis9
48 0 103201 7 25.404413 klis9
48 0 104182 8 25.354067 klis9
48 0 1116658 9 25.188251 klis9
49 0 4162535 0 34.47294 klis9
49 0 2672535 1 27.507538 klis9
49 0 95414 2 24.50178 klis9
49 0 101852 3 24.052082 klis9
49 0 90620 4 22.795559 klis9
49 0 93031 5 21.965353 klis9
49 0 1957917 6 21.503456 klis9
49 0 145626 7 21.448452 klis9
49 0 95551 8 21.00045 klis9
49 0 87007 9 20.74356 klis9
50 0 112733 0 30.961096 klis9
50 0 118449 1 30.645294 klis9
50 0 118203 2 30.598925 klis9
50 0 109776 3 30.522942 klis9
50 0 117950 4 29.244843 klis9
50 0 110763 5 29.236855 klis9
50 0 111953 6 29.14073 klis9
50 0 183479 7 29.061653 klis9
50 0 112671 8 29.039148 klis9
50 0 112606 9 28.944233 klis9
51 0 1741 0 12.799715 klis9
51 0 109715 1 12.79327 klis9
51 0 145791 2 12.592452 klis9
51 0 109466 3 12.415705 klis9
51 0 112867 4 12.1768055 klis9
51 0 2808293 5 12.10856 klis9
51 0 107254 6 11.955757 klis9
51 0 127913 7 11.8041315 klis9
51 0 145849 8 11.670228 klis9
51 0 103299 9 11.617933 klis9
52 0 112770 0 33.173653 klis9
52 0 110974 1 26.197943 klis9
52 0 85452 2 26.143333 klis9
52 0 112931 3 26.12498 klis9
52 0 112293 4 26.052664 klis9
52 0 110236 5 25.633698 klis9
52 0 112802 6 25.415035 klis9
52 0 118076 7 25.361767 klis9
52 0 91094 8 25.31492 klis9
52 0 111908 9 25.281666 klis9
53 0 625711 0 39.468925 klis9
53 0 872994 1 35.90256 klis9
53 0 621045 2 34.39532 klis9
53 0 112573 3 34.000942 klis9
53 0 145635 4 33.706547 klis9
53 0 145628 5 33.376778 klis9
53 0 112206 6 32.304794 klis9
53 0 118357 7 32.058193 klis9
53 0 2655591 8 31.85817 klis9
53 0 112640 9 31.768705 klis9
54 0 205788 0 39.239826 klis9
54 0 216733 1 38.988075 klis9
54 0 145632 2 38.809338 klis9
54 0 2358 3 38.027164 klis9
54 0 931614 4 37.90127 klis9
54 0 145884 5 37.541412 klis9
54 0 1744 6 37.487743 klis9
54 0 616862 7 37.468056 klis9
54 0 2670965 8 37.06885 klis9
54 0 145807 9 37.007317 klis9
55 0 4154603 0 89.27295 klis9
55 0 145731 1 65.46455 klis9
55 0 110774 2 63.741383 klis9
55 0 111261 3 60.976707 klis9
55 0 145855 4 56.108814 klis9
55 0 111420 5 53.701683 klis9
55 0 118269 6 53.614708 klis9
55 0 110021 7 48.666508 klis9
55 0 112910 8 46.062675 klis9
55 0 111982 9 42.682568 klis9
56 0 4154603 0 43.017273 klis9
56 0 145855 1 35.714195 klis9
56 0 145629 2 34.060307 klis9
56 0 2959741 3 31.844887 klis9
56 0 931616 4 31.844887 klis9
56 0 2677564 5 31.451563 klis9
56 0 2678135 6 31.451563 klis9
56 0 145731 7 29.503548 klis9
56 0 2679558 8 28.929857 klis9
56 0 2811845 9 27.29961 klis9
57 0 145907 0 11.489927 klis9
57 0 145745 1 11.393122 klis9
57 0 147953 2 11.254984 klis9
57 0 148480 3 11.254984 klis9
57 0 2804673 4 11.093848 klis9
57 0 110355 5 11.078581 klis9
57 0 145772 6 10.920686 klis9
57 0 112802 7 10.793517 klis9
57 0 3209687 8 10.760067 klis9
57 0 799986 9 10.597248 klis9
58 0 118467 0 27.031853 klis9
58 0 821305 1 26.944477 klis9
58 0 2811845 2 25.870554 klis9
58 0 117867 3 25.453138 klis9
58 0 117832 4 25.376352 klis9
58 0 106152 5 25.36626 klis9
58 0 145804 6 25.31868 klis9
58 0 118282 7 25.25609 klis9
58 0 145881 8 25.198093 klis9
58 0 112458 9 25.193466 klis9
59 0 2788983 0 83.010895 klis9
59 0 4170685 1 82.095024 klis9
59 0 145627 2 76.58537 klis9
59 0 931614 3 75.5066 klis9
59 0 112824 4 74.327774 klis9
59 0 112905 5 74.05817 klis9
59 0 130158 6 73.565796 klis9
59 0 117968 7 72.78032 klis9
59 0 118037 8 72.61674 klis9
59 0 111736 9 71.521935 klis9
60 0 931614 0 58.80886 klis9
60 0 127905 1 55.619305 klis9
60 0 118257 2 55.26305 klis9
60 0 110510 3 53.772186 klis9
60 0 118334 4 53.6608 klis9
60 0 145856 5 53.038982 klis9
60 0 109810 6 52.849895 klis9
60 0 3195891 7 52.556427 klis9
60 0 109949 8 50.831017 klis9
60 0 621195 9 50.340126 klis9
61 0 2812210 0 74.43792 klis9
61 0 219815 1 69.84046 klis9
61 0 145923 2 68.86044 klis9
61 0 145743 3 67.274254 klis9
61 0 218457 4 64.417915 klis9
61 0 3195092 5 63.690983 klis9
61 0 1732 6 62.18517 klis9
61 0 1087955 7 58.499252 klis9
61 0 2620704 8 55.74433 klis9
61 0 218132 9 53.817413 klis9
62 0 110091 0 35.17784 klis9
62 0 117832 1 34.67035 klis9
62 0 802770 2 34.12746 klis9
62 0 118381 3 34.00146 klis9
62 0 118188 4 33.95891 klis9
62 0 219512 5 33.811516 klis9
62 0 218921 6 33.676388 klis9
62 0 205788 7 33.614105 klis9
62 0 145708 8 33.305336 klis9
62 0 137739 9 33.129227 klis9
63 0 97274 0 12.278889 klis9
63 0 97779 1 12.177547 klis9
63 0 106208 2 12.094651 klis9
63 0 96019 3 11.970431 klis9
63 0 1332352 4 11.934937 klis9
63 0 1095862 5 11.876561 klis9
63 0 102072 6 11.762625 klis9
63 0 105496 7 11.759068 klis9
63 0 96350 8 11.753965 klis9
63 0 97873 9 11.656462 klis9
64 0 2758568 0 53.92948 klis9
64 0 145895 1 47.2853 klis9
64 0 110645 2 42.734474 klis9
64 0 102061 3 39.04782 klis9
64 0 109773 4 38.360493 klis9
64 0 111051 5 38.18346 klis9
64 0 111082 6 37.84446 klis9
64 0 110542 7 36.509827 klis9
64 0 111936 8 36.37626 klis9
64 0 150540 9 35.610733 klis9
65 0 118123 0 25.392317 klis9
65 0 112677 1 16.490902 klis9
65 0 111285 2 15.669049 klis9
65 0 145867 3 15.568397 klis9
65 0 112016 4 15.540676 klis9
65 0 112935 5 15.273837 klis9
65 0 111051 6 15.036508 klis9
65 0 4151825 7 14.851296 klis9
65 0 122242 8 14.603481 klis9
65 0 111838 9 14.365953 klis9
66 0 3211501 0 50.138985 klis9
66 0 145867 1 48.58016 klis9
66 0 111632 2 47.190277 klis9
66 0 112935 3 39.410656 klis9
66 0 112547 4 37.867973 klis9
66 0 112106 5 37.43611 klis9
66 0 121170 6 33.841377 klis9
66 0 110251 7 32.619648 klis9
66 0 111803 8 31.876062 klis9
66 0 110645 9 31.355999 klis9
67 0 867645 0 28.279015 klis9
67 0 145800 1 24.292402 klis9
67 0 103093 2 24.167633 klis9
67 0 102083 3 23.732914 klis9
67 0 104194 4 23.470665 klis9
67 0 145664 5 23.29564 klis9
67 0 145635 6 23.273027 klis9
67 0 1087847 7 23.243847 klis9
67 0 106757 8 22.936308 klis9
67 0 2959738 9 22.511131 klis9
68 0 103675 0 49.804195 klis9
68 0 100945 1 43.66568 klis9
68 0 104522 2 41.23064 klis9
68 0 106483 3 40.411198 klis9
68 0 106930 4 40.051865 klis9
68 0 103678 5 40.00421 klis9
68 0 99167 6 39.90026 klis9
68 0 2455531 7 39.87895 klis9
68 0 104523 8 39.2513 klis9
68 0 105646 9 39.10081 klis9
69 0 112719 0 30.943758 klis9
69 0 111438 1 30.893536 klis9
69 0 117927 2 30.805408 klis9
69 0 799975 3 30.675945 klis9
69 0 118363 4 30.565382 klis9
69 0 112881 5 30.52521 klis9
69 0 109510 6 29.986633 klis9
69 0 799995 7 29.932098 klis9
69 0 118098 8 29.91676 klis9
69 0 118458 9 29.67985 klis9
70 0 118111 0 45.64212 klis9
70 0 111709 1 45.455936 klis9
70 0 112534 2 43.693344 klis9
70 0 118080 3 41.07697 klis9
70 0 117927 4 39.46816 klis9
70 0 1087961 5 39.431637 klis9
70 0 117961 6 39.334965 klis9
70 0 118317 7 39.012497 klis9
70 0 117859 8 38.786133 klis9
70 0 118379 9 38.15515 klis9
71 0 118052 0 42.528267 klis9
71 0 112904 1 42.42867 klis9
71 0 110331 2 39.313828 klis9
71 0 118234 3 39.16406 klis9
71 0 118005 4 36.48328 klis9
71 0 112914 5 36.23254 klis9
71 0 111103 6 35.78465 klis9
71 0 112324 7 34.574673 klis9
71 0 145121 8 34.445618 klis9
71 0 108303 9 33.972733 klis9
72 0 112904 0 34.424187 klis9
72 0 118052 1 33.792633 klis9
72 0 117979 2 33.137592 klis9
72 0 112914 3 32.33007 klis9
72 0 109721 4 32.027897 klis9
72 0 3189783 5 32.005634 klis9
72 0 118234 6 31.706816 klis9
72 0 112311 7 31.54077 klis9
72 0 2654533 8 31.152681 klis9
72 0 2654756 9 31.152681 klis9
73 0 2804674 0 41.442646 klis9
73 0 1087954 1 40.016857 klis9
73 0 145624 2 39.543537 klis9
73 0 118043 3 39.374077 klis9
73 0 111425 4 37.03638 klis9
73 0 145638 5 36.72288 klis9
73 0 110692 6 36.365566 klis9
73 0 868383 7 35.295765 klis9
73 0 145881 8 34.530098 klis9
73 0 137725 9 33.648663 klis9
74 0 2804674 0 34.296005 klis9
74 0 112774 1 34.177845 klis9
74 0 218667 2 32.663685 klis9
74 0 108616 3 32.612667 klis9
74 0 219734 4 31.326954 klis9
74 0 3183079 5 31.291628 klis9
74 0 110798 6 31.184141 klis9
74 0 127908 7 30.962334 klis9
74 0 110398 8 30.571812 klis9
74 0 103459 9 30.355797 klis9
75 0 118226 0 61.038174 klis9
75 0 112347 1 56.374733 klis9
75 0 106659 2 55.312523 klis9
75 0 105212 3 55.18337 klis9
75 0 2678134 4 55.061085 klis9
75 0 111557 5 54.787067 klis9
75 0 110779 6 54.2227 klis9
75 0 110362 7 53.86302 klis9
75 0 111291 8 53.408245 klis9
75 0 104252 9 53.157047 klis9
76 0 1740 0 43.704758 klis9
76 0 108900 1 42.22058 klis9
76 0 118390 2 41.06622 klis9
76 0 145799 3 41.043518 klis9
76 0 111508 4 40.80396 klis9
76 0 2679833 5 40.766747 klis9
76 0 2680440 6 40.766747 klis9
76 0 111945 7 40.54559 klis9
76 0 145652 8 39.94562 klis9
76 0 150540 9 38.899532 klis9
77 0 104355 0 34.898563 klis9
77 0 112626 1 33.300117 klis9
77 0 111455 2 33.00014 klis9
77 0 111610 3 32.630745 klis9
77 0 112646 4 32.029335 klis9
77 0 97242 5 31.273724 klis9
77 0 110223 6 30.778646 klis9
77 0 112693 7 30.74205 klis9
77 0 108605 8 30.053087 klis9
77 0 109535 9 29.86377 klis9
78 0 2812588 0 62.313976 klis9
78 0 145632 1 61.38309 klis9
78 0 117899 2 60.29584 klis9
78 0 799976 3 59.0392 klis9
78 0 111717 4 58.925705 klis9
78 0 111250 5 57.2547 klis9
78 0 112485 6 57.226044 klis9
78 0 111092 7 56.788273 klis9
78 0 118022 8 56.58685 klis9
78 0 105155 9 55.924595 klis9
79 0 111009 0 69.30773 klis9
79 0 118143 1 64.77174 klis9
79 0 111470 2 60.426094 klis9
79 0 2680438 3 50.945004 klis9
79 0 110221 4 46.201263 klis9
79 0 3171728 5 42.606693 klis9
79 0 903979 6 35.23866 klis9
79 0 902768 7 35.23866 klis9
79 0 118375 8 33.69704 klis9
79 0 106328 9 33.14443 klis9
80 0 108900 0 35.928818 klis9
80 0 149285 1 34.805046 klis9
80 0 2679833 2 34.247944 klis9
80 0 2680440 3 34.247944 klis9
80 0 98551 4 34.078945 klis9
80 0 4106441 5 33.214546 klis9
80 0 112738 6 32.73517 klis9
80 0 111502 7 32.01725 klis9
80 0 102890 8 31.209726 klis9
80 0 100961 9 31.192448 klis9
81 0 118373 0 19.551338 klis9
81 0 112260 1 19.345835 klis9
81 0 799991 2 19.129072 klis9
81 0 4157383 3 18.988497 klis9
81 0 145881 4 18.721382 klis9
81 0 3209687 5 18.584707 klis9
81 0 148484 6 18.481604 klis9
81 0 111914 7 18.260223 klis9
81 0 3181481 8 18.034279 klis9
81 0 802791 9 17.961758 klis9
82 0 821305 0 26.76409 klis9
82 0 112869 1 26.304064 klis9
82 0 105931 2 25.900173 klis9
82 0 104132 3 25.773268 klis9
82 0 112305 4 25.309269 klis9
82 0 112292 5 25.228704 klis9
82 0 104194 6 25.226395 klis9
82 0 111106 7 25.037428 klis9
82 0 117837 8 25.018625 klis9
82 0 112803 9 24.975136 klis9
83 0 145859 0 74.0597 klis9
83 0 111151 1 54.599487 klis9
83 0 111246 2 53.558437 klis9
83 0 111194 3 53.090588 klis9
83 0 111664 4 52.902046 klis9
83 0 111103 5 52.072258 klis9
83 0 111663 6 51.83796 klis9
83 0 137746 7 51.414425 klis9
83 0 820896 8 51.295807 klis9
83 0 122251 9 48.86008 klis9
84 0 145859 0 70.97896 klis9
84 0 111151 1 65.18838 klis9
84 0 111664 2 63.603344 klis9
84 0 110361 3 63.287945 klis9
84 0 109200 4 62.03642 klis9
84 0 800858 5 61.547142 klis9
84 0 109893 6 60.647873 klis9
84 0 122251 7 60.19072 klis9
84 0 110473 8 60.14224 klis9
84 0 110731 9 59.512188 klis9
85 0 802973 0 55.22664 klis9
85 0 803271 1 55.22664 klis9
85 0 2959737 2 55.22664 klis9
85 0 137749 3 47.183712 klis9
85 0 150543 4 44.19215 klis9
85 0 2959732 5 44.19215 klis9
85 0 146553 6 43.74053 klis9
85 0 146790 7 43.74053 klis9
85 0 218925 8 42.63154 klis9
85 0 111586 9 42.539375 klis9
86 0 3171724 0 46.715496 klis9
86 0 3177199 1 46.715496 klis9
86 0 3177200 2 46.715496 klis9
86 0 3195092 3 40.13169 klis9
86 0 3205766 4 35.655624 klis9
86 0 802973 5 34.68296 klis9
86 0 803271 6 34.68296 klis9
86 0 2959737 7 34.68296 klis9
86 0 3170730 8 33.314663 klis9
86 0 3177197 9 33.314663 klis9
87 0 143378 0 39.452507 klis9
87 0 112807 1 36.22274 klis9
87 0 136998 2 34.97973 klis9
87 0 112746 3 34.923615 klis9
87 0 111170 4 34.451443 klis9
87 0 112080 5 34.323765 klis9
87 0 118109 6 33.271652 klis9
87 0 117899 7 32.56136 klis9
87 0 111186 8 32.04663 klis9
87 0 1088038 9 30.953346 klis9
88 0 625833 0 34.022194 klis9
88 0 145122 1 33.66465 klis9
88 0 625711 2 32.659054 klis9
88 0 111170 3 32.566357 klis9
88 0 182991 4 31.915003 klis9
88 0 130159 5 31.786905 klis9
88 0 127691 6 31.379221 klis9
88 0 145770 7 31.348425 klis9
88 0 147529 8 31.226831 klis9
88 0 145839 9 31.184498 klis9
89 0 4151822 0 123.46471 klis9
89 0 2812588 1 109.599884 klis9
89 0 4162110 2 90.12229 klis9
89 0 2770446 3 89.93324 klis9
89 0 145817 4 65.72589 klis9
89 0 4106440 5 62.6996 klis9
89 0 145647 6 60.363514 klis9
89 0 145954 7 59.629852 klis9
89 0 111029 8 57.543392 klis9
89 0 134747 9 56.955967 klis9
90 0 145626 0 18.24007 klis9
90 0 109643 1 18.059114 klis9
90 0 109921 2 17.77049 klis9
90 0 118054 3 17.559464 klis9
90 0 118420 4 17.250887 klis9
90 0 109079 5 17.12165 klis9
90 0 2620698 6 16.893915 klis9
90 0 109776 7 16.632711 klis9
90 0 109080 8 16.504326 klis9
90 0 109016 9 16.35744 klis9
91 0 3212514 0 62.779682 klis9
91 0 219097 1 48.287003 klis9
91 0 145892 2 46.053406 klis9
91 0 856791 3 44.40393 klis9
91 0 145785 4 44.19195 klis9
91 0 1087959 5 44.00225 klis9
91 0 110032 6 42.8828 klis9
91 0 624280 7 42.28409 klis9
91 0 118507 8 40.732693 klis9
91 0 109043 9 40.26425 klis9
92 0 3212514 0 26.903666 klis9
92 0 2675751 1 20.716505 klis9
92 0 4162936 2 19.816256 klis9
92 0 109818 3 19.779089 klis9
92 0 111820 4 19.702543 klis9
92 0 111828 5 19.672152 klis9
92 0 109857 6 19.473564 klis9
92 0 111694 7 19.302534 klis9
92 0 112241 8 18.80575 klis9
92 0 111191 9 18.743567 klis9
93 0 110877 0 96.15617 klis9
93 0 118107 1 92.645744 klis9
93 0 118334 2 92.05158 klis9
93 0 130158 3 91.9703 klis9
93 0 109610 4 85.16892 klis9
93 0 4151827 5 82.93461 klis9
93 0 110248 6 82.41595 klis9
93 0 2788983 7 80.69959 klis9
93 0 931614 8 80.69316 klis9
93 0 110200 9 80.4291 klis9
94 0 931614 0 112.28914 klis9
94 0 3195891 1 98.52231 klis9
94 0 4151827 2 96.73346 klis9
94 0 2788983 3 91.70773 klis9
94 0 130158 4 78.48208 klis9
94 0 145901 5 76.96505 klis9
94 0 117874 6 74.52008 klis9
94 0 110248 7 73.68611 klis9
94 0 118107 8 73.46767 klis9
94 0 118334 9 73.10655 klis9
95 0 107232 0 30.576504 klis9
95 0 108555 1 29.355883 klis9
95 0 105495 2 28.268023 klis9
95 0 107794 3 25.114546 klis9
95 0 107475 4 24.554241 klis9
95 0 111385 5 23.20215 klis9
95 0 108161 6 22.609653 klis9
95 0 101863 7 22.562778 klis9
95 0 112765 8 22.324251 klis9
95 0 112343 9 22.231812 klis9
96 0 91505 0 17.967958 klis9
96 0 104330 1 17.951717 klis9
96 0 2650505 2 17.45955 klis9
96 0 91961 3 17.230297 klis9
96 0 86280 4 17.071867 klis9
96 0 104523 5 16.97648 klis9
96 0 2959738 6 16.788885 klis9
96 0 108711 7 16.772305 klis9
96 0 106657 8 16.709707 klis9
96 0 108330 9 16.683237 klis9
97 0 112101 0 43.54009 klis9
97 0 111922 1 34.31388 klis9
97 0 136993 2 29.965822 klis9
97 0 2806208 3 25.24165 klis9
97 0 2808294 4 25.24165 klis9
97 0 118379 5 25.10699 klis9
97 0 145822 6 24.367502 klis9
97 0 134751 7 24.090406 klis9
97 0 109772 8 23.621138 klis9
97 0 105412 9 23.595161 klis9
98 0 2655591 0 30.992998 klis9
98 0 103809 1 30.463606 klis9
98 0 145822 2 29.962645 klis9
98 0 145903 3 29.916857 klis9
98 0 117902 4 29.358744 klis9
98 0 118148 5 29.12628 klis9
98 0 110146 6 29.111235 klis9
98 0 2676593 7 29.043581 klis9
98 0 3181481 8 28.723845 klis9
98 0 110996 9 28.48564 klis9
99 0 112267 0 57.486664 klis9
99 0 111884 1 43.237026 klis9
99 0 110552 2 42.504112 klis9
99 0 118121 3 37.385986 klis9
99 0 109976 4 36.838 klis9
99 0 110578 5 33.44351 klis9
99 0 104759 6 33.327473 klis9
99 0 145914 7 31.444164 klis9
99 0 109673 8 30.500227 klis9
99 0 112723 9 29.769648 klis9
100 0 112267 0 91.68339 klis9
100 0 110552 1 75.29212 klis9
100 0 111884 2 59.687283 klis9
100 0 102981 3 59.67439 klis9
100 0 111886 4 57.904953 klis9
100 0 110098 5 56.260475 klis9
100 0 109633 6 55.9856 klis9
100 0 112723 7 55.179497 klis9
100 0 91843 8 53.310593 klis9
100 0 112227 9 52.75252 klis9
