1 0 112795 0 21.731575 klis3
1 0 112540 1 18.194075 klis3
1 0 110464 2 18.169016 klis3
1 0 219733 3 17.424059 klis3
1 0 220342 4 17.424059 klis3
1 0 799992 5 16.73233 klis3
1 0 110668 6 16.607353 klis3
1 0 118483 7 16.127808 klis3
1 0 219732 8 15.795631 klis3
1 0 110235 9 15.750174 klis3
2 0 104571 0 12.498323 klis3
2 0 145692 1 11.363132 klis3
2 0 104543 2 10.260111 klis3
2 0 108555 3 10.192553 klis3
2 0 4170684 4 10.133535 klis3
2 0 107232 5 10.078937 klis3
2 0 118348 6 10.016153 klis3
2 0 107475 7 10.014966 klis3
2 0 104044 8 9.970714 klis3
2 0 105495 9 9.937759 klis3
3 0 112736 0 12.290453 klis3
3 0 89181 1 12.084068 klis3
3 0 109771 2 11.89289 klis3
3 0 118385 3 11.365604 klis3
3 0 92433 4 11.146368 klis3
3 0 84628 5 10.948088 klis3
3 0 2680591 6 10.867483 klis3
3 0 96398 7 10.803237 klis3
3 0 117871 8 10.793983 klis3
3 0 91276 9 10.735804 klis3
4 0 149007 0 19.27012 klis3
4 0 215496 1 17.880636 klis3
4 0 2959735 2 17.833708 klis3
4 0 215694 3 17.833708 klis3
4 0 4168362 4 16.42614 klis3
4 0 92614 5 15.437606 klis3
4 0 103615 6 15.101699 klis3
4 0 111685 7 14.441101 klis3
4 0 112778 8 14.102606 klis3
4 0 112896 9 13.84289 klis3
5 0 117932 0 19.85145 klis3
5 0 118174 1 19.449692 klis3
5 0 111789 2 18.918926 klis3
5 0 109505 3 16.924274 klis3
5 0 112538 4 16.499195 klis3
5 0 2672209 5 16.141016 klis3
5 0 2657779 6 16.141016 klis3
5 0 183480 7 15.832575 klis3
5 0 109573 8 15.656596 klis3
5 0 110507 9 15.512211 klis3
6 0 99000 0 16.322979 klis3
6 0 110241 1 15.128619 klis3
6 0 110176 2 14.903539 klis3
6 0 2680591 3 14.747696 klis3
6 0 109494 4 14.289702 klis3
6 0 110277 5 13.470503 klis3
6 0 110507 6 13.367933 klis3
6 0 100934 7 13.361851 klis3
6 0 109004 8 13.13077 klis3
6 0 117932 9 12.985719 klis3
7 0 145634 0 15.884083 klis3
7 0 108598 1 15.716774 klis3
7 0 118117 2 15.545435 klis3
7 0 107037 3 14.676443 klis3
7 0 218451 4 14.500143 klis3
7 0 145630 5 14.256906 klis3
7 0 902769 6 14.166568 klis3
7 0 117913 7 14.067698 klis3
7 0 108047 8 13.776196 klis3
7 0 86238 9 13.589566 klis3
8 0 145911 0 17.67008 klis3
8 0 2670643 1 15.036736 klis3
8 0 146981 2 13.676572 klis3
8 0 215806 3 12.424291 klis3
8 0 182991 4 11.980612 klis3
8 0 4104823 5 11.423844 klis3
8 0 2654532 6 11.124536 klis3
8 0 2812587 7 11.088314 klis3
8 0 2959748 8 11.088314 klis3
8 0 145859 9 10.967211 klis3
9 0 112101 0 20.040226 klis3
9 0 91886 1 18.499495 klis3
9 0 109868 2 18.448967 klis3
9 0 109029 3 18.376865 klis3
9 0 105534 4 18.307295 klis3
9 0 866022 5 18.298983 klis3
9 0 85289 6 17.86561 klis3
9 0 105220 7 17.773012 klis3
9 0 117912 8 17.736465 klis3
9 0 106935 9 17.449726 klis3
10 0 112802 0 20.54921 klis3
10 0 121163 1 20.186346 klis3
10 0 111500 2 19.05488 klis3
10 0 2764189 3 18.238417 klis3
10 0 110260 4 17.801388 klis3
10 0 1992989 5 16.901241 klis3
10 0 216735 6 16.316612 klis3
10 0 216806 7 16.316612 klis3
10 0 3183082 8 16.276115 klis3
10 0 112931 9 15.746708 klis3
11 0 2750102 0 14.057257 klis3
11 0 145663 1 13.295367 klis3
11 0 108603 2 13.168404 klis3
11 0 104371 3 12.979399 klis3
11 0 85814 4 12.792254 klis3
11 0 212830 5 12.63405 klis3
11 0 104886 6 12.165902 klis3
11 0 92530 7 12.094967 klis3
11 0 92822 8 12.003468 klis3
11 0 102335 9 12.002369 klis3
12 0 111586 0 13.786292 klis3
12 0 112681 1 12.440665 klis3
12 0 109621 2 12.260751 klis3
12 0 109735 3 12.158814 klis3
12 0 182992 4 11.983347 klis3
12 0 112490 5 11.964136 klis3
12 0 867644 6 11.95221 klis3
12 0 109787 7 11.921366 klis3
12 0 111280 8 11.837673 klis3
12 0 100301 9 11.266842 klis3
13 0 2642828 0 19.87005 klis3
13 0 150542 1 14.749503 klis3
13 0 145967 2 14.115351 klis3
13 0 145971 3 13.632879 klis3
13 0 2959730 4 13.576185 klis3
13 0 4155979 5 13.550902 klis3
13 0 2649076 6 13.50803 klis3
13 0 118383 7 13.329639 klis3
13 0 2641855 8 13.120555 klis3
13 0 802770 9 13.016116 klis3
14 0 109986 0 14.085583 klis3
14 0 105307 1 13.774104 klis3
14 0 108874 2 13.608515 klis3
14 0 108235 3 13.545528 klis3
14 0 109394 4 13.438407 klis3
14 0 108742 5 13.281952 klis3
14 0 106250 6 13.192711 klis3
14 0 108058 7 12.976166 klis3
14 0 3199501 8 12.813359 klis3
14 0 105993 9 12.731029 klis3
15 0 4162111 0 18.68869 klis3
15 0 2812588 1 17.981133 klis3
15 0 4151822 2 16.558218 klis3
15 0 3207858 3 14.801167 klis3
15 0 623242 4 14.146563 klis3
15 0 112479 5 13.086291 klis3
15 0 111271 6 12.991672 klis3
15 0 3199501 7 12.868227 klis3
15 0 4106440 8 12.799654 klis3
15 0 110242 9 12.672532 klis3
16 0 104548 0 14.610036 klis3
16 0 99668 1 14.179499 klis3
16 0 111029 2 13.992955 klis3
16 0 110368 3 13.191826 klis3
16 0 109384 4 13.130945 klis3
16 0 2812588 5 13.086917 klis3
16 0 2770446 6 13.030565 klis3
16 0 3207861 7 12.791535 klis3
16 0 104572 8 12.753354 klis3
16 0 103925 9 12.737806 klis3
17 0 118125 0 11.768427 klis3
17 0 110593 1 11.629245 klis3
17 0 110437 2 11.492497 klis3
17 0 110220 3 11.233764 klis3
17 0 107608 4 11.22082 klis3
17 0 2441473 5 10.876113 klis3
17 0 112819 6 10.825552 klis3
17 0 107416 7 10.433517 klis3
17 0 110999 8 10.42201 klis3
17 0 117909 9 10.341751 klis3
18 0 813289 0 19.703287 klis3
18 0 104346 1 19.41741 klis3
18 0 2679558 2 19.199085 klis3
18 0 104095 3 19.189316 klis3
18 0 1431445 4 19.109274 klis3
18 0 212970 5 18.802666 klis3
18 0 118486 6 18.593502 klis3
18 0 147530 7 18.592396 klis3
18 0 136985 8 18.558615 klis3
18 0 112585 9 18.510906 klis3
19 0 111195 0 7.5128775 klis3
19 0 100736 1 7.4901094 klis3
19 0 100206 2 7.202037 klis3
19 0 101683 3 7.149107 klis3
19 0 104005 4 6.9621296 klis3
19 0 2365719 5 6.9621296 klis3
19 0 109486 6 6.7470856 klis3
19 0 88859 7 6.725339 klis3
19 0 99422 8 6.7071695 klis3
19 0 99782 9 6.7043715 klis3
20 0 99191 0 15.48534 klis3
20 0 94999 1 12.889314 klis3
20 0 108897 2 12.406247 klis3
20 0 105335 3 11.880042 klis3
20 0 95121 4 11.798634 klis3
20 0 98691 5 11.396887 klis3
20 0 118440 6 11.3317 klis3
20 0 105292 7 11.195017 klis3
20 0 3217477 8 11.188628 klis3
20 0 91942 9 11.12825 klis3
21 0 118371 0 16.427982 klis3
21 0 2659300 1 16.339348 klis3
21 0 130139 2 16.017296 klis3
21 0 867657 3 15.506008 klis3
21 0 145747 4 14.958707 klis3
21 0 86383 5 14.469669 klis3
21 0 118055 6 14.462466 klis3
21 0 112766 7 14.092934 klis3
21 0 95292 8 14.030663 klis3
21 0 121159 9 13.951249 klis3
22 0 104572 0 24.984571 klis3
22 0 2646093 1 24.892609 klis3
22 0 110772 2 24.88608 klis3
22 0 111021 3 24.823063 klis3
22 0 102817 4 24.70848 klis3
22 0 112907 5 24.206686 klis3
22 0 101843 6 23.782858 klis3
22 0 103344 7 23.619286 klis3
22 0 858085 8 23.609558 klis3
22 0 104524 9 23.374786 klis3
23 0 146983 0 8.566297 klis3
23 0 4157382 1 7.9352474 klis3
23 0 4157405 2 7.9352474 klis3
23 0 4157406 3 7.9352474 klis3
23 0 109889 4 7.7524514 klis3
23 0 109052 5 7.6837115 klis3
23 0 105435 6 7.680641 klis3
23 0 110391 7 7.680641 klis3
23 0 112533 8 7.4543586 klis3
23 0 110474 9 7.3281317 klis3
24 0 109265 0 14.442261 klis3
24 0 110916 1 11.990857 klis3
24 0 109087 2 11.652939 klis3
24 0 111318 3 11.182396 klis3
24 0 108136 4 10.795138 klis3
24 0 91810 5 10.682856 klis3
24 0 91886 6 10.661748 klis3
24 0 109674 7 10.349133 klis3
24 0 112872 8 10.250752 klis3
24 0 109698 9 10.104764 klis3
25 0 112345 0 16.80325 klis3
25 0 107574 1 15.827393 klis3
25 0 109512 2 14.881119 klis3
25 0 110531 3 13.204184 klis3
25 0 108632 4 13.091451 klis3
25 0 107704 5 12.807078 klis3
25 0 110073 6 12.535847 klis3
25 0 95994 7 12.275047 klis3
25 0 799970 8 12.25798 klis3
25 0 109238 9 12.255064 klis3
26 0 626208 0 20.252634 klis3
26 0 118305 1 17.457489 klis3
26 0 118070 2 16.72503 klis3
26 0 99326 3 14.858722 klis3
26 0 92013 4 14.546805 klis3
26 0 118362 5 14.4524355 klis3
26 0 625709 6 14.005344 klis3
26 0 112853 7 13.810835 klis3
26 0 112676 8 13.632578 klis3
26 0 145779 9 13.141714 klis3
27 0 4157382 0 18.469948 klis3
27 0 4157405 1 18.469948 klis3
27 0 112523 2 14.116619 klis3
27 0 105708 3 14.116541 klis3
27 0 112058 4 13.237387 klis3
27 0 109257 5 13.113662 klis3
27 0 106130 6 12.767468 klis3
27 0 111110 7 12.587908 klis3
27 0 110133 8 12.491781 klis3
27 0 108709 9 12.446238 klis3
28 0 217703 0 19.522821 klis3
28 0 4157382 1 18.6217 klis3
28 0 4157405 2 18.6217 klis3
28 0 612628 3 17.201109 klis3
28 0 616869 4 16.991512 klis3
28 0 2742710 5 16.68799 klis3
28 0 180494 6 16.417568 klis3
28 0 212830 7 15.899969 klis3
28 0 108681 8 15.526036 klis3
28 0 181012 9 15.142631 klis3
29 0 88552 0 10.2580185 klis3
29 0 103682 1 9.581236 klis3
29 0 86225 2 9.304005 klis3
29 0 109805 3 9.163153 klis3
29 0 89446 4 9.09178 klis3
29 0 109427 5 8.954284 klis3
29 0 94075 6 8.919884 klis3
29 0 131153 7 8.912676 klis3
29 0 112347 8 8.895064 klis3
29 0 89402 9 8.855168 klis3
30 0 110964 0 10.918889 klis3
30 0 104548 1 10.720591 klis3
30 0 112682 2 10.369257 klis3
30 0 111360 3 10.322093 klis3
30 0 87632 4 10.286255 klis3
30 0 84887 5 10.177971 klis3
30 0 109010 6 10.173717 klis3
30 0 127904 7 9.956692 klis3
30 0 2812587 8 9.850196 klis3
30 0 2959748 9 9.850196 klis3
31 0 145857 0 16.77328 klis3
31 0 106102 1 15.662151 klis3
31 0 107223 2 15.118664 klis3
31 0 130146 3 14.708359 klis3
31 0 3171727 4 14.561982 klis3
31 0 3177198 5 14.561982 klis3
31 0 3177201 6 14.561982 klis3
31 0 98023 7 13.515041 klis3
31 0 142894 8 13.220645 klis3
31 0 2659300 9 13.148935 klis3
32 0 102047 0 8.799673 klis3
32 0 100537 1 8.794094 klis3
32 0 93402 2 8.746318 klis3
32 0 87041 3 8.2782135 klis3
32 0 104629 4 8.254314 klis3
32 0 91276 5 8.06776 klis3
32 0 92148 6 8.06776 klis3
32 0 103012 7 8.043725 klis3
32 0 118458 8 7.9128666 klis3
32 0 98320 9 7.8147707 klis3
33 0 2676594 0 18.565123 klis3
33 0 2675753 1 18.418695 klis3
33 0 2679204 2 18.418695 klis3
33 0 2809767 3 16.57519 klis3
33 0 2811850 4 16.57519 klis3
33 0 87065 5 12.098461 klis3
33 0 118083 6 11.811861 klis3
33 0 102345 7 11.053609 klis3
33 0 112199 8 11.024083 klis3
33 0 118294 9 10.925055 klis3
34 0 2676594 0 19.682425 klis3
34 0 2675753 1 19.28495 klis3
34 0 2679204 2 19.28495 klis3
34 0 2809767 3 19.06781 klis3
34 0 2811850 4 19.06781 klis3
34 0 112359 5 18.019737 klis3
34 0 134743 6 17.95653 klis3
34 0 90775 7 17.785084 klis3
34 0 112159 8 17.29103 klis3
34 0 145788 9 17.025156 klis3
35 0 118329 0 15.636303 klis3
35 0 932061 1 15.620274 klis3
35 0 821306 2 14.829082 klis3
35 0 112747 3 14.769327 klis3
35 0 118196 4 14.48592 klis3
35 0 108247 5 14.030916 klis3
35 0 110579 6 13.73737 klis3
35 0 145704 7 13.341476 klis3
35 0 2768888 8 13.027188 klis3
35 0 145753 9 13.019808 klis3
36 0 118234 0 17.271532 klis3
36 0 118187 1 15.757478 klis3
36 0 104302 2 14.528917 klis3
36 0 1087900 3 14.450056 klis3
36 0 90106 4 13.723903 klis3
36 0 110425 5 13.529156 klis3
36 0 108282 6 13.357826 klis3
36 0 105448 7 13.301153 klis3
36 0 112324 8 13.280711 klis3
36 0 108194 9 13.261894 klis3
37 0 106658 0 19.902836 klis3
37 0 108530 1 19.821562 klis3
37 0 108863 2 19.685326 klis3
37 0 110925 3 19.408506 klis3
37 0 103870 4 19.396896 klis3
37 0 108456 5 18.804548 klis3
37 0 145731 6 18.708244 klis3
37 0 110774 7 18.630621 klis3
37 0 109251 8 18.578964 klis3
37 0 106825 9 18.543455 klis3
38 0 118269 0 30.050753 klis3
38 0 1993216 1 28.999702 klis3
38 0 4151829 2 28.989151 klis3
38 0 145855 3 28.074402 klis3
38 0 112910 4 27.765932 klis3
38 0 145731 5 27.67676 klis3
38 0 145629 6 25.857958 klis3
38 0 112887 7 25.074589 klis3
38 0 108058 8 24.607538 klis3
38 0 109062 9 24.599573 klis3
39 0 2959744 0 13.011965 klis3
39 0 855518 1 13.011965 klis3
39 0 122254 2 12.962113 klis3
39 0 621044 3 12.934308 klis3
39 0 621090 4 12.934308 klis3
39 0 2959739 5 12.934308 klis3
39 0 103135 6 12.931282 klis3
39 0 103810 7 12.853707 klis3
39 0 118182 8 12.853635 klis3
39 0 111432 9 12.694575 klis3
40 0 931120 0 16.956957 klis3
40 0 145943 1 15.10678 klis3
40 0 2810526 2 13.456747 klis3
40 0 92047 3 12.771536 klis3
40 0 2801430 4 11.659222 klis3
40 0 110621 5 11.379672 klis3
40 0 145866 6 11.226545 klis3
40 0 145964 7 11.18577 klis3
40 0 96968 8 11.039202 klis3
40 0 2642830 9 11.005697 klis3
41 0 109186 0 22.810219 klis3
41 0 2810525 1 22.133127 klis3
41 0 2811847 2 22.133127 klis3
41 0 112585 3 21.201412 klis3
41 0 111198 4 20.737608 klis3
41 0 112257 5 19.978102 klis3
41 0 110075 6 19.787077 klis3
41 0 110132 7 19.245794 klis3
41 0 110635 8 18.384127 klis3
41 0 111254 9 18.365332 klis3
42 0 145959 0 19.60158 klis3
42 0 2150 1 19.023605 klis3
42 0 218927 2 17.94784 klis3
42 0 3177199 3 17.852486 klis3
42 0 145924 4 17.46347 klis3
42 0 3171724 5 17.340172 klis3
42 0 3177200 6 17.340172 klis3
42 0 217512 7 16.62874 klis3
42 0 2804671 8 16.090973 klis3
42 0 145943 9 15.562176 klis3
43 0 1508752 0 7.660825 klis3
43 0 1500655 1 7.606254 klis3
43 0 111839 2 7.5997834 klis3
43 0 145682 3 7.502303 klis3
43 0 4170683 4 7.4118967 klis3
43 0 4154604 5 7.2512994 klis3
43 0 105365 6 7.1239758 klis3
43 0 145926 7 7.0850673 klis3
43 0 104986 8 7.0390444 klis3
43 0 110404 9 7.029752 klis3
44 0 84838 0 11.896477 klis3
44 0 84795 1 11.810311 klis3
44 0 88006 2 11.6441555 klis3
44 0 85262 3 11.558427 klis3
44 0 84759 4 11.5444565 klis3
44 0 85414 5 11.506047 klis3
44 0 85194 6 11.442727 klis3
44 0 117881 7 11.339646 klis3
44 0 84698 8 11.240761 klis3
44 0 101391 9 11.209615 klis3
45 0 144101 0 17.164312 klis3
45 0 127691 1 16.492605 klis3
45 0 130159 2 16.492605 klis3
45 0 3181481 3 15.587917 klis3
45 0 131835 4 15.256687 klis3
45 0 142063 5 15.256687 klis3
45 0 135844 6 15.087404 klis3
45 0 141558 7 15.087404 klis3
45 0 109500 8 15.077042 klis3
45 0 132780 9 15.03465 klis3
46 0 95926 0 9.89237 klis3
46 0 800568 1 9.427947 klis3
46 0 130138 2 9.200362 klis3
46 0 97695 3 9.141095 klis3
46 0 111160 4 9.042074 klis3
46 0 145903 5 8.982304 klis3
46 0 104883 6 8.971368 klis3
46 0 110852 7 8.859382 klis3
46 0 1269289 8 8.851078 klis3
46 0 145877 9 8.836225 klis3
47 0 142874 0 13.843492 klis3
47 0 110105 1 12.824129 klis3
47 0 112043 2 12.793282 klis3
47 0 112165 3 12.453498 klis3
47 0 111803 4 12.204868 klis3
47 0 137732 5 12.144259 klis3
47 0 112842 6 12.104235 klis3
47 0 118440 7 12.074728 klis3
47 0 1087668 8 11.9276705 klis3
47 0 107627 9 11.853093 klis3
48 0 103019 0 15.850835 klis3
48 0 107402 1 14.699524 klis3
48 0 2674861 2 14.027805 klis3
48 0 2675754 3 14.027805 klis3
48 0 107253 4 12.886929 klis3
48 0 117984 5 12.811756 klis3
48 0 145721 6 12.745394 klis3
48 0 105623 7 12.644075 klis3
48 0 109666 8 12.58006 klis3
48 0 106791 9 12.518287 klis3
49 0 4162535 0 15.905843 klis3
49 0 101852 1 13.568776 klis3
49 0 95847 2 12.7042675 klis3
49 0 95551 3 12.206839 klis3
49 0 102376 4 11.844719 klis3
49 0 95414 5 11.840527 klis3
49 0 96476 6 11.573002 klis3
49 0 96570 7 11.573002 klis3
49 0 90620 8 11.13395 klis3
49 0 100794 9 11.061135 klis3
50 0 3209687 0 14.723032 klis3
50 0 110268 1 13.319608 klis3
50 0 112733 2 13.000791 klis3
50 0 183479 3 12.904346 klis3
50 0 118449 4 12.8475895 klis3
50 0 110763 5 12.818841 klis3
50 0 104772 6 12.7403345 klis3
50 0 118203 7 12.687364 klis3
50 0 105591 8 12.582295 klis3
50 0 109776 9 12.508915 klis3
51 0 105627 0 4.240947 klis3
51 0 105387 1 4.2172556 klis3
51 0 1087604 2 4.2120833 klis3
51 0 107803 3 4.204027 klis3
51 0 104733 4 4.182163 klis3
51 0 110963 5 4.182163 klis3
51 0 109119 6 4.1804423 klis3
51 0 108963 7 4.1771 klis3
51 0 97417 8 4.176834 klis3
51 0 104150 9 4.173678 klis3
52 0 137750 0 18.268873 klis3
52 0 802399 1 17.022717 klis3
52 0 112250 2 13.756889 klis3
52 0 112665 3 13.280058 klis3
52 0 103411 4 11.388663 klis3
52 0 112337 5 11.162689 klis3
52 0 92475 6 11.055069 klis3
52 0 213843 7 11.0081415 klis3
52 0 214063 8 11.0081415 klis3
52 0 214467 9 11.0081415 klis3
53 0 625711 0 14.018189 klis3
53 0 872994 1 13.91573 klis3
53 0 112573 2 13.804098 klis3
53 0 1087693 3 13.6800375 klis3
53 0 88434 4 13.642081 klis3
53 0 867644 5 13.527764 klis3
53 0 145628 6 13.14902 klis3
53 0 88610 7 13.109722 klis3
53 0 97225 8 13.0169735 klis3
53 0 90451 9 12.556902 klis3
54 0 931614 0 18.510849 klis3
54 0 148483 1 17.205765 klis3
54 0 931123 2 16.383602 klis3
54 0 145796 3 16.306293 klis3
54 0 616862 4 16.21992 klis3
54 0 145850 5 15.173358 klis3
54 0 145807 6 14.960138 klis3
54 0 145856 7 14.9322 klis3
54 0 205788 8 14.646354 klis3
54 0 145630 9 14.541061 klis3
55 0 118269 0 21.665737 klis3
55 0 110774 1 20.932909 klis3
55 0 109062 2 20.410456 klis3
55 0 111261 3 20.277925 klis3
55 0 4154603 4 19.857357 klis3
55 0 110489 5 18.500017 klis3
55 0 145855 6 18.256348 klis3
55 0 109251 7 18.240225 klis3
55 0 111420 8 17.885723 klis3
55 0 111264 9 17.815378 klis3
56 0 112910 0 21.590902 klis3
56 0 118269 1 20.29137 klis3
56 0 108778 2 18.360874 klis3
56 0 111951 3 17.494904 klis3
56 0 145731 4 16.817806 klis3
56 0 1993216 5 16.713253 klis3
56 0 108118 6 16.247128 klis3
56 0 110691 7 16.141872 klis3
56 0 112887 8 16.085852 klis3
56 0 109215 9 15.911308 klis3
57 0 103899 0 2.2763085 klis3
57 0 110536 1 2.270121 klis3
57 0 92799 2 2.25893 klis3
57 0 103266 3 2.2564023 klis3
57 0 1324195 4 2.2564023 klis3
57 0 111755 5 2.255601 klis3
57 0 111776 6 2.2466912 klis3
57 0 101858 7 2.2449257 klis3
57 0 99578 8 2.237166 klis3
57 0 84951 9 2.2299936 klis3
58 0 94967 0 10.019472 klis3
58 0 103975 1 9.670133 klis3
58 0 92510 2 9.664591 klis3
58 0 105181 3 9.529684 klis3
58 0 106228 4 9.324884 klis3
58 0 97229 5 9.248936 klis3
58 0 98553 6 9.067462 klis3
58 0 118467 7 9.048014 klis3
58 0 97109 8 8.910234 klis3
58 0 101602 9 8.886372 klis3
59 0 111821 0 20.080206 klis3
59 0 93240 1 20.04828 klis3
59 0 86326 2 18.238956 klis3
59 0 130158 3 17.979605 klis3
59 0 104218 4 17.740202 klis3
59 0 94398 5 17.51333 klis3
59 0 94589 6 17.409092 klis3
59 0 111736 7 17.34513 klis3
59 0 2773182 8 17.218534 klis3
59 0 118129 9 17.149353 klis3
60 0 103040 0 13.587444 klis3
60 0 86326 1 12.681472 klis3
60 0 106316 2 12.600011 klis3
60 0 105684 3 12.2336445 klis3
60 0 103283 4 12.19939 klis3
60 0 109132 5 11.904018 klis3
60 0 104775 6 11.877613 klis3
60 0 103019 7 11.840832 klis3
60 0 107257 8 11.750694 klis3
60 0 145637 9 11.585928 klis3
61 0 112435 0 21.10797 klis3
61 0 1732 1 19.305021 klis3
61 0 2657927 2 18.804396 klis3
61 0 145815 3 17.73818 klis3
61 0 118117 4 17.708961 klis3
61 0 112840 5 16.906029 klis3
61 0 145923 6 16.8756 klis3
61 0 145861 7 16.573475 klis3
61 0 3195092 8 15.685013 klis3
61 0 218132 9 15.121155 klis3
62 0 118045 0 11.018549 klis3
62 0 103883 1 11.004928 klis3
62 0 218925 2 10.916371 klis3
62 0 108752 3 10.904822 klis3
62 0 148795 4 10.904179 klis3
62 0 85141 5 10.855312 klis3
62 0 118397 6 10.750212 klis3
62 0 219512 7 10.652323 klis3
62 0 145843 8 10.538591 klis3
62 0 112835 9 10.187553 klis3
63 0 109351 0 3.1721497 klis3
63 0 101530 1 3.1701312 klis3
63 0 109350 2 3.1659715 klis3
63 0 106524 3 3.150756 klis3
63 0 103199 4 3.150756 klis3
63 0 103102 5 3.1483455 klis3
63 0 103350 6 3.1439826 klis3
63 0 104744 7 3.1407442 klis3
63 0 101925 8 3.1337774 klis3
63 0 99627 9 3.1323514 klis3
64 0 2758568 0 24.555977 klis3
64 0 145895 1 20.784557 klis3
64 0 219731 2 18.474274 klis3
64 0 102061 3 17.527018 klis3
64 0 111285 4 16.924673 klis3
64 0 110645 5 16.770779 klis3
64 0 821189 6 16.596863 klis3
64 0 109773 7 14.985979 klis3
64 0 1748 8 14.644304 klis3
64 0 93425 9 14.596804 klis3
65 0 118123 0 8.972188 klis3
65 0 103256 1 8.0609455 klis3
65 0 104995 2 7.8314967 klis3
65 0 103491 3 7.5102077 klis3
65 0 117976 4 7.5102077 klis3
65 0 107490 5 5.35022 klis3
65 0 105721 6 5.35022 klis3
65 0 137731 7 5.35022 klis3
65 0 109747 8 4.90304 klis3
65 0 111979 9 4.8551702 klis3
66 0 145913 0 13.753203 klis3
66 0 3214774 1 13.229503 klis3
66 0 3171727 2 13.205298 klis3
66 0 3177198 3 13.205298 klis3
66 0 3177201 4 13.205298 klis3
66 0 2676591 5 12.68087 klis3
66 0 2679203 6 12.68087 klis3
66 0 944097 7 11.922972 klis3
66 0 932060 8 11.922972 klis3
66 0 3203656 9 11.577982 klis3
67 0 106543 0 13.185937 klis3
67 0 104487 1 11.950584 klis3
67 0 100429 2 11.469856 klis3
67 0 107704 3 11.353814 klis3
67 0 118296 4 11.060915 klis3
67 0 802398 5 11.022864 klis3
67 0 1087669 6 10.920155 klis3
67 0 110753 7 10.757737 klis3
67 0 145635 8 10.647763 klis3
67 0 104779 9 10.633513 klis3
68 0 104573 0 17.940914 klis3
68 0 107106 1 17.708605 klis3
68 0 111559 2 17.63378 klis3
68 0 101413 3 17.511576 klis3
68 0 105405 4 17.334448 klis3
68 0 105646 5 17.310472 klis3
68 0 104523 6 17.299465 klis3
68 0 100699 7 17.275133 klis3
68 0 104554 8 17.075197 klis3
68 0 106445 9 16.839113 klis3
69 0 145642 0 14.12355 klis3
69 0 127899 1 13.208156 klis3
69 0 97460 2 13.0788555 klis3
69 0 110719 3 13.003559 klis3
69 0 104422 4 12.880673 klis3
69 0 799975 5 12.74459 klis3
69 0 97779 6 12.619651 klis3
69 0 89208 7 12.595823 klis3
69 0 112748 8 12.567631 klis3
69 0 142877 9 12.2625475 klis3
70 0 111709 0 19.542694 klis3
70 0 118111 1 16.633656 klis3
70 0 117961 2 16.003284 klis3
70 0 86157 3 15.930847 klis3
70 0 112534 4 14.576807 klis3
70 0 145739 5 13.968221 klis3
70 0 110974 6 13.811723 klis3
70 0 92142 7 13.708773 klis3
70 0 118317 8 13.634729 klis3
70 0 109489 9 13.487797 klis3
71 0 90659 0 13.071763 klis3
71 0 85904 1 12.550155 klis3
71 0 94775 2 12.357868 klis3
71 0 93816 3 12.3061285 klis3
71 0 103020 4 11.823162 klis3
71 0 102820 5 11.531698 klis3
71 0 101122 6 11.382906 klis3
71 0 109924 7 11.2286625 klis3
71 0 104163 8 11.20336 klis3
71 0 97422 9 10.997224 klis3
72 0 100294 0 14.630993 klis3
72 0 118199 1 14.166086 klis3
72 0 109721 2 13.628308 klis3
72 0 105728 3 13.059588 klis3
72 0 88702 4 12.818227 klis3
72 0 95186 5 12.184364 klis3
72 0 97314 6 12.161771 klis3
72 0 145950 7 12.148964 klis3
72 0 3170727 8 12.13037 klis3
72 0 93385 9 12.0392 klis3
73 0 145624 0 22.10037 klis3
73 0 1087954 1 18.230831 klis3
73 0 2804674 2 17.793459 klis3
73 0 118043 3 17.21188 klis3
73 0 812524 4 16.888527 klis3
73 0 111425 5 15.53204 klis3
73 0 621195 6 15.020406 klis3
73 0 621270 7 15.020406 klis3
73 0 108345 8 14.99002 klis3
73 0 2655590 9 14.664251 klis3
74 0 2657927 0 15.214369 klis3
74 0 145674 1 14.365817 klis3
74 0 145907 2 14.349363 klis3
74 0 137725 3 14.111642 klis3
74 0 3217227 4 13.934218 klis3
74 0 1732 5 13.404133 klis3
74 0 145923 6 12.424287 klis3
74 0 103629 7 12.002468 klis3
74 0 145743 8 11.865943 klis3
74 0 122260 9 11.865537 klis3
75 0 109593 0 22.675425 klis3
75 0 108196 1 20.07127 klis3
75 0 109287 2 19.162565 klis3
75 0 104252 3 19.068903 klis3
75 0 107603 4 18.977667 klis3
75 0 112347 5 18.959784 klis3
75 0 104470 6 18.693207 klis3
75 0 108481 7 18.641134 klis3
75 0 106659 8 18.335781 klis3
75 0 109795 9 18.304266 klis3
76 0 112430 0 19.010454 klis3
76 0 108900 1 15.221823 klis3
76 0 112222 2 13.6746435 klis3
76 0 1740 3 13.666041 klis3
76 0 145678 4 13.278959 klis3
76 0 111404 5 13.129931 klis3
76 0 95088 6 12.788732 klis3
76 0 104654 7 12.679731 klis3
76 0 101086 8 12.419332 klis3
76 0 100128 9 12.415657 klis3
77 0 112646 0 18.13851 klis3
77 0 104355 1 18.119455 klis3
77 0 97242 2 17.899918 klis3
77 0 145958 3 17.818684 klis3
77 0 112626 4 17.290422 klis3
77 0 111455 5 17.23096 klis3
77 0 92834 6 17.183874 klis3
77 0 108605 7 17.036264 klis3
77 0 112693 8 17.03169 klis3
77 0 111610 9 16.926956 klis3
78 0 108620 0 24.047552 klis3
78 0 105155 1 23.053194 klis3
78 0 145901 2 22.601238 klis3
78 0 118037 3 21.891453 klis3
78 0 109012 4 21.855925 klis3
78 0 118334 5 21.837963 klis3
78 0 109297 6 21.7133 klis3
78 0 112743 7 21.686426 klis3
78 0 106547 8 21.612629 klis3
78 0 107716 9 21.449265 klis3
79 0 111009 0 18.944519 klis3
79 0 111470 1 18.645302 klis3
79 0 2680438 2 18.06867 klis3
79 0 118143 3 17.034824 klis3
79 0 107800 4 16.453407 klis3
79 0 90662 5 16.315317 klis3
79 0 92582 6 15.385494 klis3
79 0 118352 7 14.784503 klis3
79 0 112454 8 14.469717 klis3
79 0 93173 9 14.211006 klis3
80 0 145871 0 13.587284 klis3
80 0 91984 1 13.356903 klis3
80 0 112664 2 13.281634 klis3
80 0 1100709 3 12.580149 klis3
80 0 94532 4 12.580149 klis3
80 0 94770 5 12.294367 klis3
80 0 106129 6 12.280322 klis3
80 0 91407 7 12.259255 klis3
80 0 110634 8 11.962932 klis3
80 0 94164 9 11.633176 klis3
81 0 93670 0 5.008655 klis3
81 0 100924 1 4.962784 klis3
81 0 102482 2 4.96121 klis3
81 0 89404 3 4.915599 klis3
81 0 111875 4 4.8740435 klis3
81 0 89207 5 4.8551745 klis3
81 0 110806 6 4.849128 klis3
81 0 90444 7 4.8319397 klis3
81 0 102627 8 4.827348 klis3
81 0 99781 9 4.725954 klis3
82 0 104132 0 12.028684 klis3
82 0 112869 1 11.574533 klis3
82 0 95854 2 11.470803 klis3
82 0 88621 3 11.394056 klis3
82 0 2773182 4 11.29399 klis3
82 0 109872 5 11.073585 klis3
82 0 86824 6 11.049778 klis3
82 0 4168363 7 11.019703 klis3
82 0 105739 8 11.013944 klis3
82 0 94767 9 10.929559 klis3
83 0 2150 0 19.466003 klis3
83 0 110834 1 17.201658 klis3
83 0 102250 2 16.313133 klis3
83 0 112372 3 15.5191765 klis3
83 0 109894 4 15.348528 klis3
83 0 145960 5 15.075517 klis3
83 0 111664 6 14.931096 klis3
83 0 109038 7 14.77961 klis3
83 0 111194 8 14.418912 klis3
83 0 85214 9 14.361786 klis3
84 0 111664 0 23.636452 klis3
84 0 109695 1 22.226467 klis3
84 0 110473 2 21.557259 klis3
84 0 109893 3 21.491272 klis3
84 0 110681 4 21.123646 klis3
84 0 108469 5 20.927576 klis3
84 0 109735 6 20.240602 klis3
84 0 122251 7 20.073845 klis3
84 0 111151 8 20.035788 klis3
84 0 107293 9 19.913649 klis3
85 0 111420 0 16.84834 klis3
85 0 109062 1 16.476118 klis3
85 0 110705 2 15.935965 klis3
85 0 110999 3 15.650932 klis3
85 0 110774 4 15.57199 klis3
85 0 109684 5 15.478371 klis3
85 0 107663 6 15.431628 klis3
85 0 105126 7 15.335871 klis3
85 0 109251 8 15.077431 klis3
85 0 111952 9 15.053262 klis3
86 0 820897 0 19.600395 klis3
86 0 2789927 1 19.330046 klis3
86 0 3203623 2 19.007746 klis3
86 0 1748 3 18.802511 klis3
86 0 802973 4 18.14056 klis3
86 0 803271 5 18.14056 klis3
86 0 2959737 6 18.14056 klis3
86 0 3171724 7 17.729462 klis3
86 0 3177199 8 17.729462 klis3
86 0 3177200 9 17.729462 klis3
87 0 104480 0 19.560768 klis3
87 0 104998 1 15.346903 klis3
87 0 106464 2 14.585177 klis3
87 0 85161 3 14.410046 klis3
87 0 143378 4 13.99723 klis3
87 0 3007018 5 12.85809 klis3
87 0 104995 6 12.616873 klis3
87 0 112426 7 12.473506 klis3
87 0 111446 8 12.404573 klis3
87 0 110372 9 12.404573 klis3
88 0 614392 0 11.663403 klis3
88 0 614485 1 11.663403 klis3
88 0 103974 2 9.089769 klis3
88 0 118420 3 8.979868 klis3
88 0 2620698 4 8.951867 klis3
88 0 102791 5 8.887073 klis3
88 0 91206 6 8.722292 klis3
88 0 111328 7 8.675904 klis3
88 0 2645421 8 8.654347 klis3
88 0 110294 9 8.476229 klis3
89 0 4151822 0 26.807255 klis3
89 0 2812588 1 26.531166 klis3
89 0 145817 2 25.436092 klis3
89 0 4162110 3 22.99931 klis3
89 0 145647 4 21.664738 klis3
89 0 2770446 5 21.510138 klis3
89 0 111366 6 21.250183 klis3
89 0 111203 7 20.88762 klis3
89 0 112574 8 20.633022 klis3
89 0 111149 9 20.072277 klis3
90 0 145118 0 8.59889 klis3
90 0 105906 1 8.570732 klis3
90 0 121160 2 8.475559 klis3
90 0 110874 3 8.454456 klis3
90 0 109643 4 8.445614 klis3
90 0 111958 5 8.439409 klis3
90 0 111735 6 8.407157 klis3
90 0 109921 7 8.398931 klis3
90 0 112684 8 8.390171 klis3
90 0 118061 9 8.389041 klis3
91 0 3212514 0 19.08462 klis3
91 0 182991 1 14.185408 klis3
91 0 145880 2 13.798197 klis3
91 0 4157383 3 13.7643795 klis3
91 0 145897 4 13.711846 klis3
91 0 218921 5 13.020304 klis3
91 0 3007018 6 12.82231 klis3
91 0 145785 7 12.69666 klis3
91 0 145911 8 12.625706 klis3
91 0 4162110 9 12.616502 klis3
92 0 3212514 0 15.91941 klis3
92 0 2675751 1 13.451235 klis3
92 0 98116 2 12.586119 klis3
92 0 98779 3 12.520999 klis3
92 0 99392 4 12.519806 klis3
92 0 99791 5 12.307007 klis3
92 0 111828 6 12.0695715 klis3
92 0 95758 7 11.874168 klis3
92 0 98913 8 11.874168 klis3
92 0 118166 9 11.179094 klis3
93 0 118257 0 35.81265 klis3
93 0 931614 1 33.479378 klis3
93 0 107954 2 31.859247 klis3
93 0 110248 3 29.858208 klis3
93 0 110877 4 29.74449 klis3
93 0 109810 5 28.058031 klis3
93 0 2743641 6 27.380884 klis3
93 0 2959756 7 27.380884 klis3
93 0 109610 8 27.016417 klis3
93 0 118334 9 26.99584 klis3
94 0 931614 0 42.943882 klis3
94 0 2743641 1 32.50856 klis3
94 0 2959756 2 32.50856 klis3
94 0 3195891 3 30.304201 klis3
94 0 4151827 4 28.788582 klis3
94 0 107954 5 26.381111 klis3
94 0 118257 6 26.126808 klis3
94 0 145901 7 24.474747 klis3
94 0 145856 8 24.459707 klis3
94 0 2788983 9 23.040684 klis3
95 0 105495 0 15.79277 klis3
95 0 107232 1 15.188705 klis3
95 0 108555 2 15.140663 klis3
95 0 101725 3 13.213425 klis3
95 0 110838 4 13.064241 klis3
95 0 112765 5 12.516175 klis3
95 0 106171 6 12.364742 klis3
95 0 107794 7 12.269243 klis3
95 0 112351 8 12.213329 klis3
95 0 2657927 9 12.206824 klis3
96 0 2009288 0 6.4675837 klis3
96 0 89763 1 6.463993 klis3
96 0 90903 2 6.3242884 klis3
96 0 93588 3 6.2654867 klis3
96 0 100555 4 6.1254926 klis3
96 0 90689 5 6.0396485 klis3
96 0 90657 6 6.002622 klis3
96 0 90605 7 5.7952037 klis3
96 0 95464 8 5.768585 klis3
96 0 91146 9 5.736185 klis3
97 0 112101 0 19.211084 klis3
97 0 111922 1 16.652905 klis3
97 0 136993 2 15.723068 klis3
97 0 100203 3 13.683265 klis3
97 0 104748 4 12.917699 klis3
97 0 118444 5 12.0578165 klis3
97 0 105717 6 11.896392 klis3
97 0 2806208 7 11.444241 klis3
97 0 2808294 8 11.444241 klis3
97 0 122252 9 11.371246 klis3
98 0 96837 0 12.175182 klis3
98 0 95816 1 11.311742 klis3
98 0 84639 2 10.775916 klis3
98 0 96062 3 10.709039 klis3
98 0 85772 4 10.690443 klis3
98 0 4094005 5 10.584697 klis3
98 0 93094 6 10.555095 klis3
98 0 104631 7 10.528115 klis3
98 0 85414 8 10.511856 klis3
98 0 87773 9 10.5067 klis3
99 0 112267 0 33.499325 klis3
99 0 111884 1 26.3944 klis3
99 0 110552 2 23.78785 klis3
99 0 110578 3 22.313799 klis3
99 0 109976 4 22.080029 klis3
99 0 118121 5 19.713606 klis3
99 0 109673 6 19.250252 klis3
99 0 104759 7 18.768198 klis3
99 0 109569 8 16.423653 klis3
99 0 111484 9 16.291988 klis3
100 0 112267 0 37.870537 klis3
100 0 104883 1 33.96835 klis3
100 0 111884 2 30.862307 klis3
100 0 102981 3 30.253088 klis3
100 0 101561 4 30.11776 klis3
100 0 110552 5 29.953232 klis3
100 0 102906 6 29.892975 klis3
100 0 110098 7 29.626242 klis3
100 0 109633 8 28.922195 klis3
100 0 105252 9 28.404066 klis3
