1 0 2649076 0 28.156557 klis5
1 0 219733 1 27.778608 klis5
1 0 220342 2 27.778608 klis5
1 0 112795 3 26.937021 klis5
1 0 111116 4 26.2593 klis5
1 0 219732 5 25.988937 klis5
1 0 97605 6 25.776531 klis5
1 0 105248 7 23.13671 klis5
1 0 101572 8 22.81374 klis5
1 0 110370 9 22.637712 klis5
2 0 4170684 0 16.69679 klis5
2 0 149006 1 14.188802 klis5
2 0 150540 2 14.179644 klis5
2 0 104571 3 14.068739 klis5
2 0 145692 4 13.994251 klis5
2 0 2644673 5 13.426561 klis5
2 0 3203658 6 12.765458 klis5
2 0 2678465 7 12.53961 klis5
2 0 108555 8 12.226607 klis5
2 0 104543 9 12.119196 klis5
3 0 3162143 0 37.926308 klis5
3 0 215496 1 37.716736 klis5
3 0 215694 2 37.716736 klis5
3 0 2959735 3 37.715694 klis5
3 0 118029 4 36.65278 klis5
3 0 112212 5 36.08856 klis5
3 0 118475 6 35.085804 klis5
3 0 145821 7 34.75329 klis5
3 0 145683 8 34.610115 klis5
3 0 130157 9 34.51935 klis5
4 0 215496 0 35.28102 klis5
4 0 2959735 1 35.234093 klis5
4 0 215694 2 35.234093 klis5
4 0 149007 3 33.443413 klis5
4 0 4168362 4 26.705896 klis5
4 0 623142 5 25.254036 klis5
4 0 117890 6 25.080214 klis5
4 0 145925 7 24.704792 klis5
4 0 92614 8 24.558613 klis5
4 0 205788 9 24.54381 klis5
5 0 183480 0 35.223793 klis5
5 0 110056 1 31.934004 klis5
5 0 111789 2 29.628696 klis5
5 0 2672209 3 29.102232 klis5
5 0 2657779 4 29.102232 klis5
5 0 108089 5 27.745481 klis5
5 0 118174 6 26.597868 klis5
5 0 108088 7 26.411266 klis5
5 0 118217 8 26.310194 klis5
5 0 109301 9 25.143036 klis5
6 0 117932 0 28.060896 klis5
6 0 2811844 1 24.8074 klis5
6 0 2959750 2 24.8074 klis5
6 0 108449 3 18.619713 klis5
6 0 105790 4 17.355091 klis5
6 0 2680591 5 16.71312 klis5
6 0 99000 6 16.322979 klis5
6 0 107601 7 15.780747 klis5
6 0 110883 8 15.608285 klis5
6 0 110241 9 15.128619 klis5
7 0 2676593 0 21.843775 klis5
7 0 2773182 1 21.638382 klis5
7 0 149008 2 21.47779 klis5
7 0 130162 3 21.153257 klis5
7 0 108837 4 20.881386 klis5
7 0 108384 5 20.85604 klis5
7 0 107037 6 20.436882 klis5
7 0 855656 7 20.40991 klis5
7 0 2655591 8 20.330643 klis5
7 0 219733 9 20.289919 klis5
8 0 145911 0 19.245897 klis5
8 0 182991 1 16.058775 klis5
8 0 146981 2 16.012074 klis5
8 0 2670643 3 15.036736 klis5
8 0 2760668 4 14.712949 klis5
8 0 215806 5 14.507471 klis5
8 0 2654532 6 14.469028 klis5
8 0 145859 7 14.311491 klis5
8 0 820904 8 13.95021 klis5
8 0 2812587 9 13.698889 klis5
9 0 106935 0 27.36736 klis5
9 0 108413 1 25.95521 klis5
9 0 109193 2 25.9289 klis5
9 0 111828 3 25.912289 klis5
9 0 108539 4 25.897009 klis5
9 0 2675751 5 25.216867 klis5
9 0 108380 6 24.74289 klis5
9 0 118189 7 24.537306 klis5
9 0 118467 8 24.439741 klis5
9 0 3211502 9 24.254538 klis5
10 0 145715 0 36.90317 klis5
10 0 112931 1 36.738247 klis5
10 0 112423 2 35.056984 klis5
10 0 111500 3 34.191017 klis5
10 0 112094 4 33.767685 klis5
10 0 121163 5 33.186275 klis5
10 0 147531 6 32.36568 klis5
10 0 145713 7 31.468803 klis5
10 0 214949 8 31.123117 klis5
10 0 215071 9 31.123117 klis5
11 0 212830 0 22.151775 klis5
11 0 873668 1 21.527216 klis5
11 0 931123 2 19.980768 klis5
11 0 2750102 3 19.589176 klis5
11 0 107553 4 19.427475 klis5
11 0 620560 5 18.659101 klis5
11 0 1750 6 18.48352 klis5
11 0 111145 7 18.423357 klis5
11 0 104371 8 18.388458 klis5
11 0 811228 9 18.09786 klis5
12 0 2672535 0 23.615654 klis5
12 0 105909 1 17.741205 klis5
12 0 809121 2 17.437992 klis5
12 0 111280 3 17.011362 klis5
12 0 109248 4 16.481 klis5
12 0 109096 5 15.527518 klis5
12 0 105662 6 15.494282 klis5
12 0 3207860 7 15.274168 klis5
12 0 621195 8 15.1418495 klis5
12 0 621270 9 15.1418495 klis5
13 0 2642828 0 42.680378 klis5
13 0 802973 1 37.872086 klis5
13 0 803271 2 37.872086 klis5
13 0 2959737 3 37.872086 klis5
13 0 145967 4 35.3857 klis5
13 0 2959730 5 33.352657 klis5
13 0 4106440 6 28.943562 klis5
13 0 2812588 7 28.917442 klis5
13 0 3170728 8 28.755865 klis5
13 0 4162111 9 27.327314 klis5
14 0 614392 0 29.354233 klis5
14 0 614485 1 29.354233 klis5
14 0 124715 2 29.19526 klis5
14 0 2812588 3 27.723484 klis5
14 0 145958 4 27.303415 klis5
14 0 3199501 5 26.89013 klis5
14 0 145967 6 26.81578 klis5
14 0 4151817 7 23.808655 klis5
14 0 112316 8 23.093327 klis5
14 0 145966 9 22.714115 klis5
15 0 2812588 0 37.145557 klis5
15 0 4162111 1 31.167355 klis5
15 0 4015951 2 30.754368 klis5
15 0 4106440 3 30.107086 klis5
15 0 3207858 4 29.017605 klis5
15 0 4151821 5 28.127533 klis5
15 0 4151822 6 27.822313 klis5
15 0 3199501 7 27.084667 klis5
15 0 4162534 8 26.457956 klis5
15 0 3177196 9 25.012785 klis5
16 0 2155 0 33.782642 klis5
16 0 2770446 1 32.91633 klis5
16 0 4151822 2 32.40449 klis5
16 0 2812588 3 32.301983 klis5
16 0 2771249 4 27.318592 klis5
16 0 177420 5 25.906643 klis5
16 0 3203658 6 25.816372 klis5
16 0 2756231 7 25.508291 klis5
16 0 180494 8 23.659891 klis5
16 0 111913 9 23.40666 klis5
17 0 2441473 0 17.04751 klis5
17 0 118125 1 16.855642 klis5
17 0 111302 2 16.587807 klis5
17 0 110593 3 16.586948 klis5
17 0 2672535 4 15.724363 klis5
17 0 107416 5 15.390884 klis5
17 0 2810523 6 15.163526 klis5
17 0 3183080 7 14.785458 klis5
17 0 3203655 8 14.67017 klis5
17 0 112819 9 14.668544 klis5
18 0 148484 0 44.10343 klis5
18 0 105979 1 34.434025 klis5
18 0 136985 2 34.081234 klis5
18 0 799991 3 33.906097 klis5
18 0 110600 4 33.28573 klis5
18 0 112260 5 33.11459 klis5
18 0 108913 6 33.079163 klis5
18 0 110810 7 33.057556 klis5
18 0 118507 8 32.610027 klis5
18 0 145663 9 32.32029 klis5
19 0 104895 0 12.2033 klis5
19 0 99101 1 11.977055 klis5
19 0 93820 2 11.910401 klis5
19 0 109180 3 11.570535 klis5
19 0 91001 4 11.387796 klis5
19 0 101977 5 11.302579 klis5
19 0 103133 6 11.246549 klis5
19 0 1087906 7 11.232393 klis5
19 0 104313 8 11.232393 klis5
19 0 107661 9 10.961003 klis5
20 0 109032 0 17.085747 klis5
20 0 108897 1 16.551308 klis5
20 0 99191 2 15.48534 klis5
20 0 147528 3 14.922929 klis5
20 0 118358 4 14.828316 klis5
20 0 96619 5 14.492905 klis5
20 0 117972 6 14.4492855 klis5
20 0 111343 7 14.445899 klis5
20 0 104935 8 14.349755 klis5
20 0 112554 9 14.075134 klis5
21 0 2659300 0 22.41762 klis5
21 0 867657 1 21.598303 klis5
21 0 112777 2 20.826935 klis5
21 0 118371 3 20.730833 klis5
21 0 112846 4 19.891647 klis5
21 0 621293 5 19.284077 klis5
21 0 112799 6 18.969837 klis5
21 0 145747 7 18.846056 klis5
21 0 145925 8 18.40379 klis5
21 0 117890 9 18.254768 klis5
22 0 111021 0 36.69153 klis5
22 0 112907 1 35.25164 klis5
22 0 2811845 2 34.04324 klis5
22 0 112773 3 33.898228 klis5
22 0 145644 4 33.54547 klis5
22 0 110694 5 33.499184 klis5
22 0 111020 6 33.377625 klis5
22 0 145903 7 32.78726 klis5
22 0 104572 8 32.38036 klis5
22 0 112838 9 32.3734 klis5
23 0 110548 0 11.29932 klis5
23 0 4162535 1 11.242826 klis5
23 0 107645 2 11.1185875 klis5
23 0 112257 3 10.666633 klis5
23 0 111424 4 10.548331 klis5
23 0 134751 5 10.271623 klis5
23 0 145738 6 10.23785 klis5
23 0 112256 7 10.094657 klis5
23 0 108837 8 9.870416 klis5
23 0 110598 9 9.841068 klis5
24 0 2804671 0 16.943476 klis5
24 0 182558 1 16.142616 klis5
24 0 109265 2 15.6203 klis5
24 0 2801435 3 15.402562 klis5
24 0 112257 4 14.923964 klis5
24 0 1738 5 14.507806 klis5
24 0 89186 6 13.741943 klis5
24 0 118044 7 13.644029 klis5
24 0 111318 8 13.457766 klis5
24 0 137736 9 13.131675 klis5
25 0 112345 0 26.872982 klis5
25 0 3211503 1 25.81181 klis5
25 0 112616 2 22.636063 klis5
25 0 108632 3 19.764399 klis5
25 0 118021 4 19.490086 klis5
25 0 107574 5 19.327446 klis5
25 0 109416 6 19.145357 klis5
25 0 101911 7 18.567442 klis5
25 0 108129 8 18.41419 klis5
25 0 109512 9 17.138578 klis5
26 0 145758 0 32.983925 klis5
26 0 118026 1 32.06031 klis5
26 0 118070 2 31.163671 klis5
26 0 110086 3 30.311129 klis5
26 0 112324 4 30.201622 klis5
26 0 117872 5 28.215767 klis5
26 0 111056 6 28.172993 klis5
26 0 127910 7 28.036478 klis5
26 0 626208 8 27.916481 klis5
26 0 112045 9 26.905386 klis5
27 0 4157382 0 31.909943 klis5
27 0 4157405 1 31.909943 klis5
27 0 112346 2 24.89706 klis5
27 0 111141 3 24.22417 klis5
27 0 110384 4 23.965284 klis5
27 0 620673 5 20.72712 klis5
27 0 112071 6 20.654469 klis5
27 0 110320 7 20.097107 klis5
27 0 110706 8 19.548803 klis5
27 0 145787 9 19.110243 klis5
28 0 4157382 0 45.338623 klis5
28 0 4157405 1 45.338623 klis5
28 0 112346 2 30.34045 klis5
28 0 217703 3 28.736197 klis5
28 0 111141 4 28.19929 klis5
28 0 2679557 5 25.36374 klis5
28 0 112523 6 24.205555 klis5
28 0 107063 7 22.57328 klis5
28 0 101222 8 22.373283 klis5
28 0 110384 9 21.386967 klis5
29 0 103885 0 15.365053 klis5
29 0 106228 1 14.23893 klis5
29 0 2678467 2 13.847849 klis5
29 0 2679202 3 13.847849 klis5
29 0 2959746 4 13.847849 klis5
29 0 112424 5 13.560509 klis5
29 0 121149 6 13.460961 klis5
29 0 4151826 7 13.447325 klis5
29 0 112349 8 13.376797 klis5
29 0 2671724 9 13.370913 klis5
30 0 111507 0 20.143833 klis5
30 0 2795279 1 20.021778 klis5
30 0 111240 2 19.712275 klis5
30 0 118117 3 19.468863 klis5
30 0 109220 4 19.344738 klis5
30 0 107081 5 19.215015 klis5
30 0 109607 6 19.087988 klis5
30 0 145745 7 19.079155 klis5
30 0 111559 8 18.989851 klis5
30 0 107450 9 18.805393 klis5
31 0 142894 0 21.653772 klis5
31 0 145857 1 21.635883 klis5
31 0 136995 2 20.568668 klis5
31 0 799995 3 20.002851 klis5
31 0 118412 4 19.965843 klis5
31 0 137003 5 19.88455 klis5
31 0 2784695 6 19.683453 klis5
31 0 3171727 7 19.425938 klis5
31 0 3177198 8 19.425938 klis5
31 0 3177201 9 19.425938 klis5
32 0 112329 0 16.645613 klis5
32 0 118499 1 16.436342 klis5
32 0 110561 2 16.428198 klis5
32 0 118321 3 16.372631 klis5
32 0 118458 4 16.237722 klis5
32 0 118139 5 16.116982 klis5
32 0 109092 6 15.788803 klis5
32 0 118455 7 15.754987 klis5
32 0 118023 8 15.644588 klis5
32 0 112850 9 15.384579 klis5
33 0 2809767 0 23.692467 klis5
33 0 2811850 1 23.692467 klis5
33 0 2676594 2 19.797617 klis5
33 0 2675753 3 19.527246 klis5
33 0 2679204 4 19.527246 klis5
33 0 112728 5 18.929398 klis5
33 0 118302 6 17.025223 klis5
33 0 108583 7 16.722265 klis5
33 0 111702 8 16.608234 klis5
33 0 112771 9 16.03236 klis5
34 0 2676594 0 60.551365 klis5
34 0 2675753 1 59.769905 klis5
34 0 2679204 2 59.769905 klis5
34 0 2809767 3 49.161366 klis5
34 0 2811850 4 49.161366 klis5
34 0 121158 5 27.245844 klis5
34 0 137727 6 25.978386 klis5
34 0 130155 7 25.895826 klis5
34 0 112159 8 24.527573 klis5
34 0 109299 9 24.38516 klis5
35 0 821306 0 24.391342 klis5
35 0 932061 1 24.107025 klis5
35 0 3205767 2 22.72538 klis5
35 0 3203656 3 21.539665 klis5
35 0 3206414 4 21.539665 klis5
35 0 112747 5 21.07921 klis5
35 0 118329 6 21.026388 klis5
35 0 218927 7 20.869667 klis5
35 0 213843 8 20.22889 klis5
35 0 214063 9 20.22889 klis5
36 0 118187 0 25.738241 klis5
36 0 111777 1 25.4294 klis5
36 0 112259 2 24.78217 klis5
36 0 131163 3 23.919239 klis5
36 0 118234 4 23.726505 klis5
36 0 213843 5 23.69666 klis5
36 0 214063 6 23.69666 klis5
36 0 214467 7 23.69666 klis5
36 0 109923 8 23.33715 klis5
36 0 110101 9 22.629618 klis5
37 0 4151829 0 28.166286 klis5
37 0 145731 1 25.083054 klis5
37 0 111982 2 24.917004 klis5
37 0 145855 3 24.581049 klis5
37 0 112910 4 24.201832 klis5
37 0 118269 5 23.59127 klis5
37 0 110742 6 22.345037 klis5
37 0 108527 7 21.570543 klis5
37 0 103870 8 21.477537 klis5
37 0 145629 9 21.116766 klis5
38 0 118269 0 52.375824 klis5
38 0 145731 1 47.403656 klis5
38 0 1993216 2 46.75146 klis5
38 0 4151829 3 44.928032 klis5
38 0 145855 4 44.49285 klis5
38 0 112910 5 43.96799 klis5
38 0 112887 6 42.539547 klis5
38 0 145629 7 41.28231 klis5
38 0 112292 8 39.179543 klis5
38 0 111982 9 38.35684 klis5
39 0 112568 0 18.312471 klis5
39 0 95048 1 16.94788 klis5
39 0 111432 2 16.671238 klis5
39 0 102086 3 16.661673 klis5
39 0 112420 4 15.843653 klis5
39 0 105058 5 15.730431 klis5
39 0 112855 6 15.228204 klis5
39 0 112936 7 15.145217 klis5
39 0 105200 8 15.01436 klis5
39 0 95897 9 14.937361 klis5
40 0 145943 0 20.753553 klis5
40 0 931120 1 20.233707 klis5
40 0 2810526 2 15.656141 klis5
40 0 3171723 3 15.470141 klis5
40 0 112348 4 15.058987 klis5
40 0 2781925 5 14.755902 klis5
40 0 212970 6 14.655841 klis5
40 0 2801430 7 14.603825 klis5
40 0 2769807 8 14.54197 klis5
40 0 3170727 9 14.35275 klis5
41 0 109186 0 30.930468 klis5
41 0 112585 1 29.844963 klis5
41 0 111198 2 28.051342 klis5
41 0 110132 3 27.325567 klis5
41 0 112440 4 26.215097 klis5
41 0 2810525 5 26.07379 klis5
41 0 2811847 6 26.07379 klis5
41 0 110075 7 25.401875 klis5
41 0 111254 8 25.377668 klis5
41 0 111891 9 23.557405 klis5
42 0 112924 0 26.033888 klis5
42 0 145943 1 25.593283 klis5
42 0 3189783 2 25.049591 klis5
42 0 3177199 3 24.513021 klis5
42 0 134735 4 24.429562 klis5
42 0 137003 5 24.377865 klis5
42 0 3171724 6 24.00071 klis5
42 0 3177200 7 24.00071 klis5
42 0 145630 8 23.668608 klis5
42 0 145901 9 23.273252 klis5
43 0 108846 0 11.958652 klis5
43 0 106883 1 11.569008 klis5
43 0 134725 2 11.049845 klis5
43 0 110556 3 10.908411 klis5
43 0 145873 4 10.671561 klis5
43 0 103735 5 10.554098 klis5
43 0 105745 6 10.386426 klis5
43 0 111100 7 10.272504 klis5
43 0 145880 8 10.227671 klis5
43 0 111622 9 10.166033 klis5
44 0 183480 0 17.718508 klis5
44 0 1738 1 16.728598 klis5
44 0 91444 2 15.469518 klis5
44 0 4172499 3 13.768893 klis5
44 0 2781925 4 12.8227625 klis5
44 0 145919 5 12.169422 klis5
44 0 84838 6 11.896477 klis5
44 0 84795 7 11.810311 klis5
44 0 2804673 8 11.807352 klis5
44 0 620672 9 11.804978 klis5
45 0 3181481 0 21.825691 klis5
45 0 112309 1 21.429594 klis5
45 0 111754 2 20.450834 klis5
45 0 107663 3 20.150084 klis5
45 0 118496 4 20.007147 klis5
45 0 109214 5 19.505001 klis5
45 0 101076 6 18.894253 klis5
45 0 109679 7 18.887339 klis5
45 0 110434 8 18.529701 klis5
45 0 137005 9 18.519932 klis5
46 0 2804673 0 22.71495 klis5
46 0 145772 1 22.020594 klis5
46 0 866024 2 18.589348 klis5
46 0 858802 3 18.589348 klis5
46 0 618680 4 17.650372 klis5
46 0 118453 5 17.550789 klis5
46 0 623145 6 17.47137 klis5
46 0 3204917 7 17.394426 klis5
46 0 1269289 8 16.163752 klis5
46 0 137740 9 15.974472 klis5
47 0 2674861 0 25.192299 klis5
47 0 2675754 1 25.192299 klis5
47 0 108545 2 21.762783 klis5
47 0 96147 3 20.85239 klis5
47 0 145664 4 20.134106 klis5
47 0 102840 5 19.604443 klis5
47 0 103019 6 19.450235 klis5
47 0 99342 7 19.417536 klis5
47 0 118218 8 19.221855 klis5
47 0 110105 9 19.069942 klis5
48 0 103019 0 22.623022 klis5
48 0 2674861 1 20.490532 klis5
48 0 2675754 2 20.490532 klis5
48 0 103020 3 18.659458 klis5
48 0 103902 4 17.394823 klis5
48 0 145721 5 16.099356 klis5
48 0 107402 6 16.046394 klis5
48 0 99342 7 15.928012 klis5
48 0 104110 8 15.806242 klis5
48 0 96061 9 15.739543 klis5
49 0 4162535 0 23.316319 klis5
49 0 101852 1 20.192204 klis5
49 0 95414 2 19.097727 klis5
49 0 90620 3 19.047028 klis5
49 0 1957917 4 17.643578 klis5
49 0 95551 5 17.108564 klis5
49 0 2672535 6 17.09603 klis5
49 0 95847 7 15.5008335 klis5
49 0 94853 8 15.160664 klis5
49 0 93031 9 14.776625 klis5
50 0 118203 0 20.814182 klis5
50 0 118449 1 20.655085 klis5
50 0 112733 2 20.621523 klis5
50 0 110763 3 20.565985 klis5
50 0 109776 4 20.173868 klis5
50 0 111953 5 19.799032 klis5
50 0 109932 6 19.301039 klis5
50 0 112933 7 19.179728 klis5
50 0 112606 8 19.150524 klis5
50 0 183479 9 19.059898 klis5
51 0 145901 0 8.289229 klis5
51 0 103217 1 7.984836 klis5
51 0 903973 2 7.9671288 klis5
51 0 3216389 3 7.8680506 klis5
51 0 108307 4 7.8490906 klis5
51 0 105045 5 7.81569 klis5
51 0 109627 6 7.7836647 klis5
51 0 106181 7 7.6781216 klis5
51 0 4170685 8 7.655094 klis5
51 0 111276 9 7.6383386 klis5
52 0 137750 0 18.268873 klis5
52 0 107187 1 18.123026 klis5
52 0 111908 2 17.813305 klis5
52 0 95361 3 17.217598 klis5
52 0 802399 4 17.022717 klis5
52 0 112665 5 16.348614 klis5
52 0 97465 6 16.234007 klis5
52 0 109733 7 16.03655 klis5
52 0 92777 8 15.596849 klis5
52 0 110222 9 15.251992 klis5
53 0 625711 0 25.43857 klis5
53 0 112573 1 24.287994 klis5
53 0 872994 2 22.999987 klis5
53 0 104615 3 22.41151 klis5
53 0 112728 4 21.487232 klis5
53 0 112206 5 21.211348 klis5
53 0 112640 6 21.10169 klis5
53 0 145635 7 21.05747 klis5
53 0 2655591 8 21.004663 klis5
53 0 127915 9 20.953974 klis5
54 0 616862 0 29.594713 klis5
54 0 145884 1 28.717983 klis5
54 0 216733 2 26.664402 klis5
54 0 2358 3 26.577238 klis5
54 0 1744 4 26.070261 klis5
54 0 931614 5 25.995485 klis5
54 0 2808291 6 25.846823 klis5
54 0 931123 7 25.59125 klis5
54 0 145626 8 25.550627 klis5
54 0 145632 9 25.445845 klis5
55 0 4154603 0 40.019966 klis5
55 0 110774 1 34.981735 klis5
55 0 111420 2 33.927135 klis5
55 0 111261 3 33.735073 klis5
55 0 118269 4 31.028238 klis5
55 0 145855 5 30.782587 klis5
55 0 110021 6 30.487713 klis5
55 0 109062 7 29.93286 klis5
55 0 145731 8 28.578194 klis5
55 0 111952 9 28.256248 klis5
56 0 4154603 0 29.689491 klis5
56 0 145855 1 27.197124 klis5
56 0 110021 2 24.264347 klis5
56 0 145629 3 24.030804 klis5
56 0 109215 4 23.362335 klis5
56 0 118269 5 23.277958 klis5
56 0 107743 6 23.25643 klis5
56 0 108548 7 22.574696 klis5
56 0 108118 8 22.556046 klis5
56 0 110736 9 22.39389 klis5
57 0 91749 0 6.124057 klis5
57 0 87224 1 6.0493712 klis5
57 0 97178 2 6.0429945 klis5
57 0 86920 3 6.0305424 klis5
57 0 138003 4 6.0275846 klis5
57 0 117992 5 6.018356 klis5
57 0 86805 6 5.98843 klis5
57 0 87202 7 5.981516 klis5
57 0 121160 8 5.7541595 klis5
57 0 102646 9 5.7217784 klis5
58 0 118467 0 18.4168 klis5
58 0 105181 1 18.22628 klis5
58 0 821305 2 17.186834 klis5
58 0 117884 3 17.125252 klis5
58 0 112376 4 16.844917 klis5
58 0 118282 5 16.83724 klis5
58 0 145709 6 16.591867 klis5
58 0 145804 7 16.561321 klis5
58 0 117867 8 16.422102 klis5
58 0 798626 9 16.367405 klis5
59 0 4170685 0 42.759598 klis5
59 0 2788983 1 41.523376 klis5
59 0 111736 2 38.734085 klis5
59 0 130158 3 38.182243 klis5
59 0 145627 4 37.88568 klis5
59 0 931614 5 36.07435 klis5
59 0 2672208 6 35.667336 klis5
59 0 2670794 7 35.667336 klis5
59 0 118037 8 35.302555 klis5
59 0 112824 9 35.09386 klis5
60 0 931614 0 31.537628 klis5
60 0 109706 1 29.108538 klis5
60 0 145856 2 27.509262 klis5
60 0 107182 3 27.429556 klis5
60 0 109810 4 25.687681 klis5
60 0 118257 5 24.57441 klis5
60 0 107954 6 23.769669 klis5
60 0 106027 7 23.072357 klis5
60 0 112629 8 23.020836 klis5
60 0 110248 9 22.16675 klis5
61 0 2812210 0 48.865074 klis5
61 0 219815 1 48.089962 klis5
61 0 145743 2 47.82224 klis5
61 0 145923 3 47.80799 klis5
61 0 218457 4 45.941208 klis5
61 0 1732 5 44.939495 klis5
61 0 3195092 6 39.928986 klis5
61 0 218132 7 39.34575 klis5
61 0 903971 8 35.758183 klis5
61 0 2959742 9 35.758183 klis5
62 0 219512 0 19.999887 klis5
62 0 218925 1 18.050163 klis5
62 0 118045 2 18.014648 klis5
62 0 117872 3 17.884916 klis5
62 0 148795 4 17.86221 klis5
62 0 902771 5 17.622166 klis5
62 0 903985 6 17.622166 klis5
62 0 802770 7 17.602419 klis5
62 0 205788 8 17.411602 klis5
62 0 183478 9 17.3525 klis5
63 0 103199 0 5.7240906 klis5
63 0 104180 1 5.6355934 klis5
63 0 104259 2 5.627675 klis5
63 0 103896 3 5.6003933 klis5
63 0 106276 4 5.57936 klis5
63 0 103102 5 5.5497293 klis5
63 0 103836 6 5.541914 klis5
63 0 104744 7 5.540636 klis5
63 0 103657 8 5.5146456 klis5
63 0 102072 9 5.509755 klis5
64 0 2758568 0 37.383587 klis5
64 0 145895 1 32.8277 klis5
64 0 102061 2 28.617498 klis5
64 0 110645 3 27.731562 klis5
64 0 111082 4 24.586533 klis5
64 0 109773 5 24.364893 klis5
64 0 93425 6 23.869467 klis5
64 0 1745 7 22.774744 klis5
64 0 821189 8 22.765924 klis5
64 0 111936 9 22.426153 klis5
65 0 118123 0 8.972188 klis5
65 0 103256 1 8.0609455 klis5
65 0 111084 2 7.8617835 klis5
65 0 104995 3 7.8314967 klis5
65 0 103491 4 7.5102077 klis5
65 0 117976 5 7.5102077 klis5
65 0 1088038 6 6.9637375 klis5
65 0 101622 7 6.9637375 klis5
65 0 91175 8 6.9637375 klis5
65 0 96649 9 6.9637375 klis5
66 0 3211501 0 37.596973 klis5
66 0 145867 1 33.717724 klis5
66 0 111632 2 30.964891 klis5
66 0 112935 3 26.951029 klis5
66 0 118495 4 25.286106 klis5
66 0 112106 5 24.005983 klis5
66 0 112547 6 23.125628 klis5
66 0 218667 7 21.43086 klis5
66 0 112409 8 21.236835 klis5
66 0 108438 9 20.51089 klis5
67 0 867645 0 17.135149 klis5
67 0 91394 1 15.1554575 klis5
67 0 118296 2 14.840974 klis5
67 0 145635 3 14.100364 klis5
67 0 104779 4 14.086115 klis5
67 0 2959744 5 14.074984 klis5
67 0 855518 6 14.074984 klis5
67 0 96006 7 13.952604 klis5
67 0 112891 8 13.770604 klis5
67 0 112044 9 13.682557 klis5
68 0 867657 0 21.822702 klis5
68 0 111559 1 20.901443 klis5
68 0 105405 2 20.385838 klis5
68 0 104573 3 20.04039 klis5
68 0 101413 4 20.007639 klis5
68 0 104523 5 19.85519 klis5
68 0 2758569 6 19.674946 klis5
68 0 106445 7 19.58237 klis5
68 0 2671725 8 19.551666 klis5
68 0 2672207 9 19.551666 klis5
69 0 149289 0 21.52429 klis5
69 0 145642 1 20.898415 klis5
69 0 118431 2 20.642607 klis5
69 0 118400 3 20.532911 klis5
69 0 109420 4 20.357674 klis5
69 0 109862 5 20.275051 klis5
69 0 111927 6 20.019686 klis5
69 0 131149 7 19.88001 klis5
69 0 105538 8 19.850887 klis5
69 0 104422 9 19.825096 klis5
70 0 111709 0 30.271269 klis5
70 0 118111 1 28.447989 klis5
70 0 112534 2 26.65542 klis5
70 0 145739 3 24.57364 klis5
70 0 117961 4 24.556463 klis5
70 0 118317 5 24.22113 klis5
70 0 1087961 6 23.8584 klis5
70 0 117859 7 23.492632 klis5
70 0 92142 8 23.4028 klis5
70 0 118080 9 23.39937 klis5
71 0 118052 0 21.203955 klis5
71 0 112904 1 21.202454 klis5
71 0 145121 2 20.465721 klis5
71 0 112914 3 20.414797 klis5
71 0 110331 4 20.391273 klis5
71 0 85063 5 19.665335 klis5
71 0 118234 6 19.445337 klis5
71 0 92189 7 19.031757 klis5
71 0 88517 8 18.760075 klis5
71 0 88325 9 18.7559 klis5
72 0 108624 0 21.87743 klis5
72 0 112904 1 21.781322 klis5
72 0 118052 2 21.19631 klis5
72 0 3189783 3 21.008862 klis5
72 0 112797 4 20.997059 klis5
72 0 2654533 5 20.577946 klis5
72 0 2654756 6 20.577946 klis5
72 0 103775 7 20.15784 klis5
72 0 88803 8 19.945656 klis5
72 0 118234 9 19.64074 klis5
73 0 2804674 0 27.45429 klis5
73 0 1087954 1 27.274504 klis5
73 0 145624 2 26.881956 klis5
73 0 118043 3 25.988762 klis5
73 0 118162 4 24.182016 klis5
73 0 111425 5 23.954033 klis5
73 0 145638 6 23.041832 klis5
73 0 109931 7 21.110304 klis5
73 0 112637 8 20.87856 klis5
73 0 110692 9 20.854717 klis5
74 0 2804674 0 24.989532 klis5
74 0 110398 1 22.728209 klis5
74 0 112774 2 22.66387 klis5
74 0 3183079 3 22.49375 klis5
74 0 110798 4 21.983639 klis5
74 0 218667 5 21.973404 klis5
74 0 108616 6 21.922749 klis5
74 0 219734 7 21.915426 klis5
74 0 103459 8 21.852417 klis5
74 0 127908 9 21.347336 klis5
75 0 112347 0 31.14152 klis5
75 0 145826 1 29.874517 klis5
75 0 109593 2 29.345589 klis5
75 0 104252 3 29.228848 klis5
75 0 108372 4 28.76961 klis5
75 0 110779 5 28.367573 klis5
75 0 118226 6 28.210075 klis5
75 0 103513 7 27.97422 klis5
75 0 106659 8 27.9022 klis5
75 0 111742 9 26.966454 klis5
76 0 2670966 0 23.341105 klis5
76 0 112307 1 22.378582 klis5
76 0 1740 2 21.93941 klis5
76 0 3203656 3 21.303293 klis5
76 0 3206414 4 21.303293 klis5
76 0 149653 5 20.705587 klis5
76 0 145652 6 20.496645 klis5
76 0 145799 7 20.477987 klis5
76 0 108900 8 20.30508 klis5
76 0 112430 9 19.799461 klis5
77 0 104355 0 21.212805 klis5
77 0 97242 1 20.714247 klis5
77 0 112626 2 20.453901 klis5
77 0 111455 3 20.32431 klis5
77 0 112646 4 19.52746 klis5
77 0 111610 5 19.404312 klis5
77 0 110594 6 18.985212 klis5
77 0 109535 7 18.889376 klis5
77 0 108605 8 18.724438 klis5
77 0 109635 9 18.715668 klis5
78 0 799976 0 32.73039 klis5
78 0 2812588 1 32.017212 klis5
78 0 111717 2 30.360435 klis5
78 0 117899 3 29.734528 klis5
78 0 118196 4 29.479704 klis5
78 0 145901 5 29.312323 klis5
78 0 118037 6 28.732422 klis5
78 0 122258 7 28.312471 klis5
78 0 616862 8 28.18622 klis5
78 0 105155 9 27.545311 klis5
79 0 111009 0 45.971413 klis5
79 0 118143 1 42.152805 klis5
79 0 111470 2 41.331253 klis5
79 0 2680438 3 34.51554 klis5
79 0 110221 4 26.370882 klis5
79 0 106568 5 21.154139 klis5
79 0 903979 6 19.80607 klis5
79 0 902768 7 19.80607 klis5
79 0 106328 8 19.52602 klis5
79 0 3171728 9 19.294239 klis5
80 0 86753 0 19.117912 klis5
80 0 106490 1 18.654083 klis5
80 0 91984 2 18.61056 klis5
80 0 86130 3 18.55011 klis5
80 0 90161 4 18.312769 klis5
80 0 102890 5 18.078213 klis5
80 0 108900 6 17.675728 klis5
80 0 87991 7 17.39206 klis5
80 0 90297 8 17.322458 klis5
80 0 101030 9 17.29601 klis5
81 0 94052 0 9.684127 klis5
81 0 85415 1 9.496747 klis5
81 0 93027 2 9.454584 klis5
81 0 94334 3 9.423555 klis5
81 0 95813 4 9.403078 klis5
81 0 95854 5 9.159222 klis5
81 0 90934 6 9.131029 klis5
81 0 94555 7 9.0492 klis5
81 0 92639 8 8.853054 klis5
81 0 112204 9 8.794332 klis5
82 0 2773182 0 16.392992 klis5
82 0 118392 1 16.357191 klis5
82 0 95854 2 16.179962 klis5
82 0 112869 3 16.02143 klis5
82 0 85588 4 15.95202 klis5
82 0 104132 5 15.813489 klis5
82 0 4168363 6 15.6356535 klis5
82 0 88165 7 15.5678835 klis5
82 0 85671 8 15.4693365 klis5
82 0 105931 9 15.4470415 klis5
83 0 145859 0 33.13145 klis5
83 0 145680 1 22.860264 klis5
83 0 2678133 2 21.79486 klis5
83 0 110706 3 20.375847 klis5
83 0 112540 4 19.957659 klis5
83 0 2150 5 19.466003 klis5
83 0 145870 6 19.443012 klis5
83 0 3217422 7 19.093609 klis5
83 0 3217423 8 19.093609 klis5
83 0 3217226 9 19.086205 klis5
84 0 145859 0 33.79336 klis5
84 0 111151 1 31.4153 klis5
84 0 111664 2 29.743858 klis5
84 0 112922 3 29.349394 klis5
84 0 109695 4 29.18611 klis5
84 0 110731 5 28.720291 klis5
84 0 109893 6 28.674034 klis5
84 0 110361 7 28.513672 klis5
84 0 110473 8 28.110523 klis5
84 0 108164 9 27.638481 klis5
85 0 802973 0 32.328682 klis5
85 0 803271 1 32.328682 klis5
85 0 2959737 2 32.328682 klis5
85 0 137749 3 28.796467 klis5
85 0 124465 4 28.32198 klis5
85 0 112326 5 27.091192 klis5
85 0 218925 6 26.305935 klis5
85 0 108530 7 26.104708 klis5
85 0 107663 8 25.425947 klis5
85 0 110145 9 25.391577 klis5
86 0 3171724 0 34.28702 klis5
86 0 3177199 1 34.28702 klis5
86 0 3177200 2 34.28702 klis5
86 0 3205766 3 28.712267 klis5
86 0 3195092 4 28.564966 klis5
86 0 802973 5 23.649935 klis5
86 0 803271 6 23.649935 klis5
86 0 2959737 7 23.649935 klis5
86 0 3171728 8 23.004118 klis5
86 0 3170730 9 22.257383 klis5
87 0 143378 0 23.36023 klis5
87 0 104480 1 21.294117 klis5
87 0 104998 2 19.729889 klis5
87 0 112807 3 19.502337 klis5
87 0 3007018 4 19.357708 klis5
87 0 111170 5 19.275114 klis5
87 0 1088038 6 18.374723 klis5
87 0 111182 7 18.082096 klis5
87 0 111446 8 17.963154 klis5
87 0 110616 9 17.347279 klis5
88 0 625833 0 20.387497 klis5
88 0 143378 1 19.489384 klis5
88 0 181012 2 19.198254 klis5
88 0 112335 3 19.0984 klis5
88 0 145839 4 19.054367 klis5
88 0 145897 5 18.796211 klis5
88 0 182991 6 18.740858 klis5
88 0 134723 7 18.708199 klis5
88 0 111170 8 18.595242 klis5
88 0 3007018 9 18.361916 klis5
89 0 4151822 0 63.090897 klis5
89 0 2812588 1 55.471752 klis5
89 0 145817 2 47.725594 klis5
89 0 4162110 3 46.597786 klis5
89 0 145647 4 45.17921 klis5
89 0 2770446 5 43.229958 klis5
89 0 134747 6 40.535004 klis5
89 0 145954 7 40.504852 klis5
89 0 111029 8 38.799644 klis5
89 0 112726 9 33.98001 klis5
90 0 109643 0 14.954502 klis5
90 0 118054 1 14.839445 klis5
90 0 109921 2 14.55677 klis5
90 0 109079 3 14.202795 klis5
90 0 109080 4 14.1673975 klis5
90 0 109776 5 14.104048 klis5
90 0 145626 6 13.919313 klis5
90 0 107840 7 13.750744 klis5
90 0 145697 8 13.6663065 klis5
90 0 108400 9 13.228932 klis5
91 0 3212514 0 42.525158 klis5
91 0 145892 1 31.140453 klis5
91 0 145785 2 29.668825 klis5
91 0 219097 3 29.026272 klis5
91 0 624280 4 28.218298 klis5
91 0 856791 5 27.372278 klis5
91 0 145873 6 25.43708 klis5
91 0 182991 7 24.554853 klis5
91 0 145880 8 24.458876 klis5
91 0 1087959 9 22.97933 klis5
92 0 3212514 0 19.90862 klis5
92 0 2675751 1 17.687262 klis5
92 0 111828 2 16.009714 klis5
92 0 99392 3 15.076517 klis5
92 0 118454 4 14.982995 klis5
92 0 118431 5 14.863746 klis5
92 0 1087692 6 14.842462 klis5
92 0 112241 7 14.694116 klis5
92 0 112859 8 14.589323 klis5
92 0 4162936 9 14.588366 klis5
93 0 110877 0 59.489845 klis5
93 0 118334 1 57.129684 klis5
93 0 130158 2 56.386097 klis5
93 0 118107 3 53.915604 klis5
93 0 110200 4 53.14215 klis5
93 0 4151827 5 46.944702 klis5
93 0 109610 6 46.873356 klis5
93 0 118257 7 45.701916 klis5
93 0 931614 8 44.940685 klis5
93 0 110248 9 44.555843 klis5
94 0 931614 0 72.182106 klis5
94 0 3195891 1 62.410583 klis5
94 0 4151827 2 57.0577 klis5
94 0 2743641 3 55.162273 klis5
94 0 2959756 4 55.162273 klis5
94 0 2788983 5 51.70026 klis5
94 0 130158 6 44.362656 klis5
94 0 145901 7 42.912754 klis5
94 0 118334 8 39.050915 klis5
94 0 118257 9 37.761375 klis5
95 0 107232 0 23.408318 klis5
95 0 105495 1 23.385622 klis5
95 0 108555 2 22.869799 klis5
95 0 107794 3 19.990084 klis5
95 0 109444 4 19.144653 klis5
95 0 112750 5 18.853712 klis5
95 0 96226 6 18.63855 klis5
95 0 108161 7 18.168343 klis5
95 0 111385 8 18.160957 klis5
95 0 101863 9 17.810738 klis5
96 0 110076 0 11.237741 klis5
96 0 110184 1 10.4957695 klis5
96 0 145769 2 10.446563 klis5
96 0 112724 3 10.2746105 klis5
96 0 111987 4 10.239395 klis5
96 0 91505 5 10.099478 klis5
96 0 118070 6 10.045922 klis5
96 0 118368 7 10.009389 klis5
96 0 118483 8 10.001165 klis5
96 0 111937 9 9.997623 klis5
97 0 112101 0 27.176037 klis5
97 0 111922 1 19.363482 klis5
97 0 136993 2 17.580854 klis5
97 0 100203 3 16.592978 klis5
97 0 118379 4 14.370602 klis5
97 0 110907 5 13.72068 klis5
97 0 2806208 6 13.482879 klis5
97 0 2808294 7 13.482879 klis5
97 0 621044 8 13.378346 klis5
97 0 621090 9 13.378346 klis5
98 0 2811845 0 19.34728 klis5
98 0 117902 1 19.28359 klis5
98 0 104227 2 17.857033 klis5
98 0 118061 3 17.744665 klis5
98 0 112342 4 17.474117 klis5
98 0 118148 5 17.399298 klis5
98 0 112398 6 17.224335 klis5
98 0 107162 7 17.051142 klis5
98 0 112607 8 16.995533 klis5
98 0 2769806 9 16.973877 klis5
99 0 112267 0 45.73584 klis5
99 0 111884 1 31.348022 klis5
99 0 110552 2 29.809446 klis5
99 0 109976 3 26.109743 klis5
99 0 118121 4 24.835127 klis5
99 0 110578 5 24.22663 klis5
99 0 104759 6 23.228987 klis5
99 0 145914 7 22.167097 klis5
99 0 109673 8 22.003262 klis5
99 0 112723 9 20.932142 klis5
100 0 112267 0 56.22333 klis5
100 0 110552 1 49.570545 klis5
100 0 102981 2 41.435043 klis5
100 0 91843 3 38.97854 klis5
100 0 104883 4 38.24034 klis5
100 0 110098 5 37.970417 klis5
100 0 100701 6 37.929245 klis5
100 0 111886 7 37.163353 klis5
100 0 101561 8 36.948055 klis5
100 0 111884 9 35.217907 klis5
