1 0 110021 0 5.8096905 klis1
1 0 102905 1 5.7569265 klis1
1 0 106190 2 5.7360277 klis1
1 0 97938 3 5.7004247 klis1
1 0 102717 4 5.6818156 klis1
1 0 1500655 5 5.6785827 klis1
1 0 104465 6 5.654384 klis1
1 0 104212 7 5.6488047 klis1
1 0 110464 8 5.6351013 klis1
1 0 118443 9 5.626664 klis1
2 0 108555 0 10.192553 klis1
2 0 4170684 1 10.133535 klis1
2 0 107232 2 10.078937 klis1
2 0 118348 3 10.016153 klis1
2 0 107475 4 10.014966 klis1
2 0 104044 5 9.970714 klis1
2 0 105495 6 9.937759 klis1
2 0 2644673 7 9.921711 klis1
2 0 104209 8 9.913892 klis1
2 0 106171 9 9.875465 klis1
3 0 107922 0 1.0332248 klis1
3 0 110739 1 1.0184364 klis1
3 0 84643 2 1.0134081 klis1
3 0 84745 3 1.0125781 klis1
3 0 93138 4 1.0107942 klis1
3 0 117902 5 1.0100052 klis1
3 0 109968 6 1.0097444 klis1
3 0 100157 7 1.0067792 klis1
3 0 106062 8 1.0060594 klis1
3 0 107634 9 1.0060433 klis1
4 0 94143 0 2.9595652 klis1
4 0 90957 1 2.9581788 klis1
4 0 99639 2 2.949304 klis1
4 0 91542 3 2.9160135 klis1
4 0 105637 4 2.8821461 klis1
4 0 91596 5 2.8774471 klis1
4 0 107196 6 2.8481607 klis1
4 0 102185 7 2.8458836 klis1
4 0 1206937 8 2.8353007 klis1
4 0 97859 9 2.81878 klis1
5 0 103899 0 2.2763085 klis1
5 0 110536 1 2.270121 klis1
5 0 92799 2 2.25893 klis1
5 0 103266 3 2.2564023 klis1
5 0 1324195 4 2.2564023 klis1
5 0 111755 5 2.255601 klis1
5 0 111776 6 2.2466912 klis1
5 0 101858 7 2.2449257 klis1
5 0 99578 8 2.237166 klis1
5 0 84951 9 2.2299936 klis1
6 0 90700 0 3.7337956 klis1
6 0 99957 1 3.730588 klis1
6 0 107691 2 3.7251453 klis1
6 0 118402 3 3.7234004 klis1
6 0 112349 4 3.7231166 klis1
6 0 94395 5 3.7221148 klis1
6 0 89304 6 3.7202892 klis1
6 0 104875 7 3.7145772 klis1
6 0 88941 8 3.7143235 klis1
6 0 92657 9 3.7142203 klis1
7 0 96282 0 3.398293 klis1
7 0 92370 1 3.3609235 klis1
7 0 98742 2 3.3563547 klis1
7 0 110015 3 3.3486342 klis1
7 0 96801 4 3.3483214 klis1
7 0 98278 5 3.3478777 klis1
7 0 94476 6 3.3454318 klis1
7 0 100758 7 3.3361664 klis1
7 0 85625 8 3.3288858 klis1
7 0 96830 9 3.305914 klis1
8 0 111999 0 5.7801595 klis1
8 0 92125 1 5.5772886 klis1
8 0 89108 2 5.5278306 klis1
8 0 96735 3 5.5034795 klis1
8 0 98356 4 5.4316244 klis1
8 0 88329 5 5.4192386 klis1
8 0 145970 6 5.355158 klis1
8 0 107232 7 5.283754 klis1
8 0 112605 8 5.24725 klis1
8 0 103503 9 5.231186 klis1
9 0 107922 0 1.0332248 klis1
9 0 110739 1 1.0184364 klis1
9 0 84643 2 1.0134081 klis1
9 0 84745 3 1.0125781 klis1
9 0 93138 4 1.0107942 klis1
9 0 117902 5 1.0100052 klis1
9 0 109968 6 1.0097444 klis1
9 0 100157 7 1.0067792 klis1
9 0 106062 8 1.0060594 klis1
9 0 107634 9 1.0060433 klis1
10 0 88265 0 4.8203697 klis1
10 0 117992 1 4.660249 klis1
10 0 2808290 2 4.5590453 klis1
10 0 91411 3 4.5244665 klis1
10 0 86920 4 4.4599195 klis1
10 0 94484 5 4.4144573 klis1
10 0 95063 6 4.394527 klis1
10 0 89589 7 4.361111 klis1
10 0 87202 8 4.33951 klis1
10 0 138003 9 4.2741947 klis1
11 0 104940 0 6.327766 klis1
11 0 116686 1 6.279892 klis1
11 0 97364 2 6.2785435 klis1
11 0 118457 3 6.250098 klis1
11 0 96873 4 6.222108 klis1
11 0 2620774 5 6.2124834 klis1
11 0 86503 6 6.191493 klis1
11 0 107870 7 6.165704 klis1
11 0 99424 8 6.1582313 klis1
11 0 86804 9 6.1288433 klis1
12 0 118343 0 2.5985858 klis1
12 0 84995 1 2.592161 klis1
12 0 93067 2 2.591894 klis1
12 0 93555 3 2.5909293 klis1
12 0 91902 4 2.5900066 klis1
12 0 94959 5 2.5821805 klis1
12 0 96596 6 2.5821805 klis1
12 0 110305 7 2.5714915 klis1
12 0 92106 8 2.5709388 klis1
12 0 94286 9 2.5681946 klis1
13 0 104921 0 2.9003701 klis1
13 0 111881 1 2.8761013 klis1
13 0 112140 2 2.872925 klis1
13 0 106023 3 2.8679814 klis1
13 0 109765 4 2.8664007 klis1
13 0 105444 5 2.8507674 klis1
13 0 107414 6 2.8502567 klis1
13 0 111108 7 2.8480048 klis1
13 0 110922 8 2.8430789 klis1
13 0 104205 9 2.8394327 klis1
14 0 4170683 0 2.8197424 klis1
14 0 109129 1 2.7619798 klis1
14 0 107211 2 2.7546387 klis1
14 0 109786 3 2.752825 klis1
14 0 117837 4 2.7404208 klis1
14 0 117902 5 2.7286282 klis1
14 0 219815 6 2.7254791 klis1
14 0 142887 7 2.7187626 klis1
14 0 100612 8 2.717171 klis1
14 0 110825 9 2.709956 klis1
15 0 86086 0 2.8307338 klis1
15 0 2351745 1 2.8139935 klis1
15 0 91009 2 2.8139935 klis1
15 0 84990 3 2.8130503 klis1
15 0 91334 4 2.8120651 klis1
15 0 87943 5 2.811947 klis1
15 0 93110 6 2.8074095 klis1
15 0 88191 7 2.8016155 klis1
15 0 86736 8 2.8016036 klis1
15 0 89175 9 2.8004289 klis1
16 0 110429 0 4.1851254 klis1
16 0 91737 1 4.1577435 klis1
16 0 105146 2 4.133846 klis1
16 0 3170730 3 4.1093307 klis1
16 0 3177197 4 4.1093307 klis1
16 0 625832 5 4.0969467 klis1
16 0 626055 6 4.0969467 klis1
16 0 110775 7 4.095636 klis1
16 0 89241 8 4.084119 klis1
16 0 100898 9 4.0796866 klis1
17 0 92658 0 2.2379036 klis1
17 0 94692 1 2.2325873 klis1
17 0 96910 2 2.192289 klis1
17 0 107211 3 2.1793742 klis1
17 0 112466 4 2.1753075 klis1
17 0 103374 5 2.1706407 klis1
17 0 90066 6 2.1706407 klis1
17 0 92081 7 2.1685936 klis1
17 0 111422 8 2.1482828 klis1
17 0 105139 9 2.1482828 klis1
18 0 107922 0 1.0332248 klis1
18 0 110739 1 1.0184364 klis1
18 0 84643 2 1.0134081 klis1
18 0 84745 3 1.0125781 klis1
18 0 93138 4 1.0107942 klis1
18 0 117902 5 1.0100052 klis1
18 0 109968 6 1.0097444 klis1
18 0 100157 7 1.0067792 klis1
18 0 106062 8 1.0060594 klis1
18 0 107634 9 1.0060433 klis1
19 0 92051 0 5.7900934 klis1
19 0 93391 1 5.4366975 klis1
19 0 92052 2 5.1557574 klis1
19 0 97478 3 5.1557574 klis1
19 0 99507 4 5.1557574 klis1
19 0 96303 5 5.0416956 klis1
19 0 99295 6 5.0416956 klis1
19 0 100736 7 4.974018 klis1
19 0 100502 8 4.974018 klis1
19 0 88230 9 4.962276 klis1
20 0 117930 0 7.34749 klis1
20 0 101948 1 7.3367205 klis1
20 0 103335 2 7.334498 klis1
20 0 110818 3 7.3318086 klis1
20 0 111199 4 7.2643776 klis1
20 0 137730 5 7.260793 klis1
20 0 136964 6 7.240958 klis1
20 0 105522 7 7.2289352 klis1
20 0 100021 8 7.2137713 klis1
20 0 104117 9 7.180637 klis1
21 0 95616 0 5.70256 klis1
21 0 109088 1 5.5965705 klis1
21 0 1746 2 5.543749 klis1
21 0 109080 3 5.5104623 klis1
21 0 108848 4 5.481083 klis1
21 0 110869 5 5.466453 klis1
21 0 1116266 6 5.4467382 klis1
21 0 109617 7 5.441886 klis1
21 0 111493 8 5.411804 klis1
21 0 104178 9 5.39192 klis1
22 0 107922 0 2.2515569 klis1
22 0 117992 1 2.2367115 klis1
22 0 105616 2 2.217814 klis1
22 0 105615 3 2.207479 klis1
22 0 103263 4 2.2017348 klis1
22 0 145878 5 2.200663 klis1
22 0 103277 6 2.196047 klis1
22 0 112140 7 2.185309 klis1
22 0 2680590 8 2.1798458 klis1
22 0 2959745 9 2.1798458 klis1
23 0 111993 0 6.5769267 klis1
23 0 111907 1 6.251806 klis1
23 0 111897 2 6.039617 klis1
23 0 109052 3 5.8800097 klis1
23 0 105583 4 5.8576207 klis1
23 0 110835 5 5.8167424 klis1
23 0 109809 6 5.7635326 klis1
23 0 110953 7 5.737127 klis1
23 0 112346 8 5.6567445 klis1
23 0 109191 9 5.6567445 klis1
24 0 109265 0 10.812226 klis1
24 0 2620844 1 9.897321 klis1
24 0 112872 2 9.847843 klis1
24 0 109698 3 9.701855 klis1
24 0 111318 4 9.465267 klis1
24 0 110916 5 9.147123 klis1
24 0 109674 6 8.632004 klis1
24 0 94605 7 8.256744 klis1
24 0 108136 8 8.01464 klis1
24 0 94035 9 7.161041 klis1
25 0 85515 0 5.2982106 klis1
25 0 105008 1 5.23575 klis1
25 0 112826 2 5.1741843 klis1
25 0 111419 3 5.141733 klis1
25 0 108891 4 5.139298 klis1
25 0 95011 5 5.1017137 klis1
25 0 108731 6 5.0927916 klis1
25 0 91968 7 5.0927916 klis1
25 0 136985 8 5.09277 klis1
25 0 111572 9 5.083202 klis1
26 0 112035 0 3.4075217 klis1
26 0 108548 1 3.3956394 klis1
26 0 105316 2 3.3689513 klis1
26 0 105190 3 3.3449955 klis1
26 0 105189 4 3.3158693 klis1
26 0 104686 5 3.3138092 klis1
26 0 108117 6 3.3138092 klis1
26 0 109882 7 3.310968 klis1
26 0 108115 8 3.29009 klis1
26 0 1755 9 3.2796962 klis1
27 0 112058 0 6.101286 klis1
27 0 131641 1 6.098373 klis1
27 0 110988 2 5.7841325 klis1
27 0 112088 3 5.5577536 klis1
27 0 108519 4 5.5365915 klis1
27 0 117851 5 5.5148363 klis1
27 0 105701 6 5.385208 klis1
27 0 112606 7 5.365674 klis1
27 0 112856 8 5.251371 klis1
27 0 108237 9 5.251371 klis1
28 0 107922 0 3.986621 klis1
28 0 109846 1 3.9256449 klis1
28 0 104207 2 3.8891897 klis1
28 0 101588 3 3.8887262 klis1
28 0 101232 4 3.8876257 klis1
28 0 102483 5 3.8736148 klis1
28 0 110523 6 3.8586404 klis1
28 0 100954 7 3.852695 klis1
28 0 108976 8 3.8525414 klis1
28 0 106125 9 3.8485787 klis1
29 0 90973 0 2.7313914 klis1
29 0 96273 1 2.7199125 klis1
29 0 86089 2 2.7192252 klis1
29 0 100365 3 2.7122912 klis1
29 0 88842 4 2.700965 klis1
29 0 98456 5 2.6918235 klis1
29 0 93452 6 2.6675155 klis1
29 0 90457 7 2.6602066 klis1
29 0 95375 8 2.6466625 klis1
29 0 89577 9 2.6413705 klis1
30 0 105502 0 0.27821743 klis1
30 0 109968 1 0.276003 klis1
30 0 100157 2 0.27534887 klis1
30 0 111742 3 0.27463812 klis1
30 0 93119 4 0.27297834 klis1
30 0 4154238 5 0.2713401 klis1
30 0 84581 6 0.27120632 klis1
30 0 100918 7 0.2696898 klis1
30 0 131142 8 0.26948336 klis1
30 0 84745 9 0.2693027 klis1
31 0 104124 0 5.260687 klis1
31 0 107820 1 5.2546268 klis1
31 0 89709 2 5.2425866 klis1
31 0 110887 3 5.2399964 klis1
31 0 104335 4 5.228724 klis1
31 0 104774 5 5.2260485 klis1
31 0 145906 6 5.2227154 klis1
31 0 112077 7 5.2154346 klis1
31 0 1087611 8 5.208325 klis1
31 0 110827 9 5.2075815 klis1
32 0 111240 0 6.083941 klis1
32 0 112836 1 6.0364532 klis1
32 0 111557 2 6.0362706 klis1
32 0 112834 3 5.997994 klis1
32 0 112329 4 5.9628644 klis1
32 0 100302 5 5.900346 klis1
32 0 109099 6 5.896973 klis1
32 0 104629 7 5.889984 klis1
32 0 117924 8 5.863589 klis1
32 0 112748 9 5.8629045 klis1
33 0 100193 0 4.8509307 klis1
33 0 98610 1 4.797474 klis1
33 0 802408 2 4.686318 klis1
33 0 104772 3 4.6783967 klis1
33 0 219511 4 4.587499 klis1
33 0 219616 5 4.587499 klis1
33 0 111913 6 4.495122 klis1
33 0 105691 7 4.410533 klis1
33 0 95011 8 4.3850436 klis1
33 0 94325 9 4.3850436 klis1
34 0 4170683 0 2.8197424 klis1
34 0 109129 1 2.7619798 klis1
34 0 107211 2 2.7546387 klis1
34 0 109786 3 2.752825 klis1
34 0 117837 4 2.7404208 klis1
34 0 117902 5 2.7286282 klis1
34 0 219815 6 2.7254791 klis1
34 0 142887 7 2.7187626 klis1
34 0 100612 8 2.717171 klis1
34 0 110825 9 2.709956 klis1
35 0 111276 0 5.093492 klis1
35 0 110784 1 5.0805464 klis1
35 0 111324 2 5.059869 klis1
35 0 99970 3 5.056161 klis1
35 0 932061 4 5.0408893 klis1
35 0 112087 5 5.010243 klis1
35 0 110987 6 4.9734025 klis1
35 0 100828 7 4.964666 klis1
35 0 118254 8 4.9619045 klis1
35 0 111379 9 4.9616895 klis1
36 0 103971 0 2.5889113 klis1
36 0 112878 1 2.5818405 klis1
36 0 100157 2 2.579913 klis1
36 0 110601 3 2.57584 klis1
36 0 109595 4 2.5694594 klis1
36 0 110877 5 2.5583413 klis1
36 0 112869 6 2.5560548 klis1
36 0 109810 7 2.552934 klis1
36 0 108773 8 2.552467 klis1
36 0 106493 9 2.5501773 klis1
37 0 102316 0 2.8619087 klis1
37 0 101829 1 2.847497 klis1
37 0 102995 2 2.8277416 klis1
37 0 101883 3 2.8177843 klis1
37 0 102195 4 2.816667 klis1
37 0 103715 5 2.8122964 klis1
37 0 112166 6 2.8119326 klis1
37 0 94102 7 2.8101513 klis1
37 0 100867 8 2.8073597 klis1
37 0 101930 9 2.8067446 klis1
38 0 145844 0 3.394095 klis1
38 0 109655 1 3.3804648 klis1
38 0 100092 2 3.3188863 klis1
38 0 105505 3 3.28783 klis1
38 0 100612 4 3.2836325 klis1
38 0 96672 5 3.2783244 klis1
38 0 104890 6 3.2692509 klis1
38 0 100113 7 3.2551243 klis1
38 0 103568 8 3.2417555 klis1
38 0 103428 9 3.2163439 klis1
39 0 103899 0 2.2763085 klis1
39 0 110536 1 2.270121 klis1
39 0 92799 2 2.25893 klis1
39 0 103266 3 2.2564023 klis1
39 0 1324195 4 2.2564023 klis1
39 0 111755 5 2.255601 klis1
39 0 111776 6 2.2466912 klis1
39 0 101858 7 2.2449257 klis1
39 0 99578 8 2.237166 klis1
39 0 84951 9 2.2299936 klis1
40 0 3183079 0 3.9463363 klis1
40 0 112528 1 3.8507972 klis1
40 0 92637 2 3.8437107 klis1
40 0 98095 3 3.826607 klis1
40 0 145706 4 3.823963 klis1
40 0 92259 5 3.822416 klis1
40 0 92195 6 3.8116517 klis1
40 0 106154 7 3.8038685 klis1
40 0 93347 8 3.7952354 klis1
40 0 95692 9 3.7952354 klis1
41 0 103158 0 4.6658087 klis1
41 0 90521 1 4.577057 klis1
41 0 105621 2 4.574027 klis1
41 0 110067 3 4.564564 klis1
41 0 110527 4 4.5632033 klis1
41 0 109762 5 4.561725 klis1
41 0 112072 6 4.5548368 klis1
41 0 117918 7 4.5548368 klis1
41 0 110991 8 4.5546584 klis1
41 0 110340 9 4.5492215 klis1
42 0 89444 0 2.3140378 klis1
42 0 100191 1 2.308051 klis1
42 0 90304 2 2.3037047 klis1
42 0 90697 3 2.2747335 klis1
42 0 103320 4 2.2486045 klis1
42 0 86224 5 2.2475774 klis1
42 0 86473 6 2.245458 klis1
42 0 86502 7 2.245458 klis1
42 0 103572 8 2.2349315 klis1
42 0 87857 9 2.2285109 klis1
43 0 106761 0 5.2739058 klis1
43 0 110196 1 5.2431965 klis1
43 0 108846 2 5.138241 klis1
43 0 130155 3 5.0532174 klis1
43 0 111645 4 4.988113 klis1
43 0 106935 5 4.961633 klis1
43 0 112936 6 4.942484 klis1
43 0 104304 7 4.9125094 klis1
43 0 103595 8 4.8917613 klis1
43 0 2789927 9 4.8917613 klis1
44 0 107106 0 2.4404695 klis1
44 0 91728 1 2.4341846 klis1
44 0 90609 2 2.3814423 klis1
44 0 101357 3 2.369537 klis1
44 0 105229 4 2.3484037 klis1
44 0 103081 5 2.344089 klis1
44 0 104408 6 2.3336637 klis1
44 0 106882 7 2.332908 klis1
44 0 93186 8 2.3254116 klis1
44 0 84820 9 2.3210325 klis1
45 0 3214780 0 3.4472277 klis1
45 0 111381 1 3.435058 klis1
45 0 112070 2 3.4314954 klis1
45 0 98555 3 3.4247534 klis1
45 0 104883 4 3.4229732 klis1
45 0 118302 5 3.4211745 klis1
45 0 1087960 6 3.419773 klis1
45 0 112536 7 3.4191399 klis1
45 0 206097 8 3.415388 klis1
45 0 118447 9 3.4116278 klis1
46 0 107922 0 1.0332248 klis1
46 0 110739 1 1.0184364 klis1
46 0 84643 2 1.0134081 klis1
46 0 84745 3 1.0125781 klis1
46 0 93138 4 1.0107942 klis1
46 0 117902 5 1.0100052 klis1
46 0 109968 6 1.0097444 klis1
46 0 100157 7 1.0067792 klis1
46 0 106062 8 1.0060594 klis1
46 0 107634 9 1.0060433 klis1
47 0 117986 0 2.1550317 klis1
47 0 118362 1 2.139827 klis1
47 0 1087909 2 2.138398 klis1
47 0 104318 3 2.1379068 klis1
47 0 108717 4 2.1288636 klis1
47 0 91344 5 2.1249418 klis1
47 0 109353 6 2.1195645 klis1
47 0 92787 7 2.1181357 klis1
47 0 109354 8 2.1111777 klis1
47 0 109355 9 2.1111777 klis1
48 0 107922 0 2.2515569 klis1
48 0 117992 1 2.2367115 klis1
48 0 105616 2 2.217814 klis1
48 0 105615 3 2.207479 klis1
48 0 103263 4 2.2017348 klis1
48 0 145878 5 2.200663 klis1
48 0 103277 6 2.196047 klis1
48 0 112140 7 2.185309 klis1
48 0 2680590 8 2.1798458 klis1
48 0 2959745 9 2.1798458 klis1
49 0 111834 0 2.6056712 klis1
49 0 110901 1 2.5638041 klis1
49 0 102189 2 2.5387716 klis1
49 0 111100 3 2.5287051 klis1
49 0 110636 4 2.501155 klis1
49 0 112448 5 2.5010808 klis1
49 0 108932 6 2.4993613 klis1
49 0 110611 7 2.4909027 klis1
49 0 109156 8 2.4762287 klis1
49 0 106431 9 2.4663055 klis1
50 0 85022 0 1.9232855 klis1
50 0 2620885 1 1.9024222 klis1
50 0 1088006 2 1.9011021 klis1
50 0 95689 3 1.900082 klis1
50 0 84621 4 1.8912838 klis1
50 0 93864 5 1.8905634 klis1
50 0 94383 6 1.8873426 klis1
50 0 105445 7 1.8798802 klis1
50 0 110453 8 1.8762243 klis1
50 0 110726 9 1.8762243 klis1
51 0 105627 0 4.240947 klis1
51 0 105387 1 4.2172556 klis1
51 0 1087604 2 4.2120833 klis1
51 0 107803 3 4.204027 klis1
51 0 104733 4 4.182163 klis1
51 0 110963 5 4.182163 klis1
51 0 109119 6 4.1804423 klis1
51 0 108963 7 4.1771 klis1
51 0 97417 8 4.176834 klis1
51 0 104150 9 4.173678 klis1
52 0 112463 0 4.8144703 klis1
52 0 118411 1 4.783536 klis1
52 0 112093 2 4.721438 klis1
52 0 102999 3 4.6885357 klis1
52 0 104419 4 4.6717615 klis1
52 0 105008 5 4.6543975 klis1
52 0 111195 6 4.638773 klis1
52 0 110297 7 4.6336203 klis1
52 0 118156 8 4.610751 klis1
52 0 98985 9 4.5727057 klis1
53 0 2656036 0 3.1405747 klis1
53 0 105489 1 3.1121883 klis1
53 0 92928 2 3.1021955 klis1
53 0 103611 3 3.1013815 klis1
53 0 98543 4 3.093449 klis1
53 0 95081 5 3.0916817 klis1
53 0 95898 6 3.0825608 klis1
53 0 99870 7 3.0702477 klis1
53 0 97680 8 3.0497646 klis1
53 0 94950 9 3.0418239 klis1
54 0 105352 0 3.6758873 klis1
54 0 103710 1 3.674226 klis1
54 0 112611 2 3.6685152 klis1
54 0 117949 3 3.668461 klis1
54 0 108227 4 3.6514583 klis1
54 0 111359 5 3.6489582 klis1
54 0 118099 6 3.6489582 klis1
54 0 96059 7 3.6436574 klis1
54 0 1283337 8 3.6413813 klis1
54 0 89709 9 3.63642 klis1
55 0 4170683 0 3.8066697 klis1
55 0 118269 1 3.804875 klis1
55 0 96194 2 3.79771 klis1
55 0 799969 3 3.796542 klis1
55 0 101334 4 3.7817085 klis1
55 0 112864 5 3.7705812 klis1
55 0 88201 6 3.766605 klis1
55 0 101394 7 3.7644894 klis1
55 0 112538 8 3.7611718 klis1
55 0 111261 9 3.7597024 klis1
56 0 2679558 0 6.2804656 klis1
56 0 145731 1 6.2303476 klis1
56 0 112910 2 6.1668878 klis1
56 0 145629 3 6.052159 klis1
56 0 118269 4 5.8889656 klis1
56 0 4154603 5 5.8220477 klis1
56 0 110765 6 5.8205166 klis1
56 0 112453 7 5.7823396 klis1
56 0 107973 8 5.716858 klis1
56 0 145855 9 5.716441 klis1
57 0 103899 0 2.2763085 klis1
57 0 110536 1 2.270121 klis1
57 0 92799 2 2.25893 klis1
57 0 103266 3 2.2564023 klis1
57 0 1324195 4 2.2564023 klis1
57 0 111755 5 2.255601 klis1
57 0 111776 6 2.2466912 klis1
57 0 101858 7 2.2449257 klis1
57 0 99578 8 2.237166 klis1
57 0 84951 9 2.2299936 klis1
58 0 85765 0 2.5919 klis1
58 0 102610 1 2.590001 klis1
58 0 99578 2 2.5827074 klis1
58 0 87509 3 2.552082 klis1
58 0 110081 4 2.5147357 klis1
58 0 84898 5 2.5147357 klis1
58 0 89022 6 2.5047927 klis1
58 0 85545 7 2.4939694 klis1
58 0 100336 8 2.4871998 klis1
58 0 85958 9 2.4809504 klis1
59 0 103971 0 2.5889113 klis1
59 0 112878 1 2.5818405 klis1
59 0 100157 2 2.579913 klis1
59 0 110601 3 2.57584 klis1
59 0 109595 4 2.5694594 klis1
59 0 110877 5 2.5583413 klis1
59 0 112869 6 2.5560548 klis1
59 0 109810 7 2.552934 klis1
59 0 108773 8 2.552467 klis1
59 0 106493 9 2.5501773 klis1
60 0 100157 0 2.2377887 klis1
60 0 109968 1 2.233095 klis1
60 0 109706 2 2.1659284 klis1
60 0 111740 3 2.1576152 klis1
60 0 145900 4 2.1548839 klis1
60 0 100041 5 2.1506495 klis1
60 0 112521 6 2.1463685 klis1
60 0 205202 7 2.144468 klis1
60 0 112926 8 2.1405957 klis1
60 0 99775 9 2.1389086 klis1
61 0 107922 0 1.0332248 klis1
61 0 110739 1 1.0184364 klis1
61 0 84643 2 1.0134081 klis1
61 0 84745 3 1.0125781 klis1
61 0 93138 4 1.0107942 klis1
61 0 117902 5 1.0100052 klis1
61 0 109968 6 1.0097444 klis1
61 0 100157 7 1.0067792 klis1
61 0 106062 8 1.0060594 klis1
61 0 107634 9 1.0060433 klis1
62 0 100157 0 6.173887 klis1
62 0 3195890 1 6.0478787 klis1
62 0 219512 2 6.0424767 klis1
62 0 93403 3 6.00449 klis1
62 0 112704 4 5.956648 klis1
62 0 99555 5 5.9076853 klis1
62 0 105395 6 5.872566 klis1
62 0 899483 7 5.8677397 klis1
62 0 118366 8 5.862921 klis1
62 0 99130 9 5.8310986 klis1
63 0 109351 0 3.1721497 klis1
63 0 101530 1 3.1701312 klis1
63 0 109350 2 3.1659715 klis1
63 0 106524 3 3.150756 klis1
63 0 103199 4 3.150756 klis1
63 0 103102 5 3.1483455 klis1
63 0 103350 6 3.1439826 klis1
63 0 104744 7 3.1407442 klis1
63 0 101925 8 3.1337774 klis1
63 0 99627 9 3.1323514 klis1
64 0 145895 0 9.359712 klis1
64 0 219731 1 9.286984 klis1
64 0 1748 2 7.3616652 klis1
64 0 2145 3 7.2103143 klis1
64 0 149007 4 6.8622184 klis1
64 0 147951 5 6.6592054 klis1
64 0 3171728 6 6.6592054 klis1
64 0 146985 7 6.6258717 klis1
64 0 2959731 8 6.6258717 klis1
64 0 801976 9 6.4205136 klis1
65 0 112168 0 3.817087 klis1
65 0 112193 1 3.625758 klis1
65 0 111162 2 3.5634596 klis1
65 0 112255 3 3.5388865 klis1
65 0 105905 4 3.5171196 klis1
65 0 117889 5 3.5169287 klis1
65 0 111371 6 3.5134683 klis1
65 0 109416 7 3.472384 klis1
65 0 104640 8 3.472384 klis1
65 0 112022 9 3.4194355 klis1
66 0 101206 0 5.2286925 klis1
66 0 92803 1 5.227831 klis1
66 0 86142 2 5.126266 klis1
66 0 1101108 3 5.116099 klis1
66 0 87291 4 5.100859 klis1
66 0 93978 5 5.096548 klis1
66 0 95833 6 5.096548 klis1
66 0 116343 7 5.0923314 klis1
66 0 85214 8 5.089304 klis1
66 0 87965 9 5.082812 klis1
67 0 102316 0 2.8619087 klis1
67 0 101829 1 2.847497 klis1
67 0 102995 2 2.8277416 klis1
67 0 101883 3 2.8177843 klis1
67 0 102195 4 2.816667 klis1
67 0 103715 5 2.8122964 klis1
67 0 112166 6 2.8119326 klis1
67 0 94102 7 2.8101513 klis1
67 0 100867 8 2.8073597 klis1
67 0 101930 9 2.8067446 klis1
68 0 95754 0 4.1735806 klis1
68 0 98672 1 4.1385703 klis1
68 0 98248 2 4.075296 klis1
68 0 95172 3 4.041231 klis1
68 0 98411 4 4.034035 klis1
68 0 99616 5 4.0300913 klis1
68 0 90830 6 4.026053 klis1
68 0 95975 7 4.0086884 klis1
68 0 107106 8 4.000069 klis1
68 0 111102 9 3.9698412 klis1
69 0 96830 0 4.8416004 klis1
69 0 103857 1 4.7224107 klis1
69 0 112932 2 4.7063875 klis1
69 0 1101269 3 4.6925654 klis1
69 0 108577 4 4.6925654 klis1
69 0 108576 5 4.680873 klis1
69 0 145663 6 4.661916 klis1
69 0 802398 7 4.620505 klis1
69 0 106976 8 4.5542846 klis1
69 0 98487 9 4.5262413 klis1
70 0 85190 0 3.205845 klis1
70 0 85859 1 3.1907713 klis1
70 0 86315 2 3.1803 klis1
70 0 106402 3 3.174919 klis1
70 0 89404 4 3.1602738 klis1
70 0 112167 5 3.1536868 klis1
70 0 93670 6 3.1524975 klis1
70 0 85352 7 3.1459322 klis1
70 0 100859 8 3.143633 klis1
70 0 85824 9 3.1281223 klis1
71 0 88561 0 3.7705097 klis1
71 0 4104822 1 3.7705097 klis1
71 0 4154602 2 3.7617445 klis1
71 0 92896 3 3.7302675 klis1
71 0 118411 4 3.7290876 klis1
71 0 88245 5 3.7290876 klis1
71 0 101195 6 3.723753 klis1
71 0 91657 7 3.7062 klis1
71 0 91388 8 3.6701589 klis1
71 0 205203 9 3.66456 klis1
72 0 92503 0 6.274566 klis1
72 0 91399 1 6.1427636 klis1
72 0 95615 2 6.0817432 klis1
72 0 92848 3 6.079715 klis1
72 0 97834 4 5.9841433 klis1
72 0 91429 5 5.977367 klis1
72 0 89763 6 5.946623 klis1
72 0 91094 7 5.912159 klis1
72 0 104490 8 5.8795075 klis1
72 0 99800 9 5.841014 klis1
73 0 103160 0 5.6803536 klis1
73 0 107421 1 5.585815 klis1
73 0 100159 2 5.571271 klis1
73 0 103038 3 5.551719 klis1
73 0 104922 4 5.3915806 klis1
73 0 92677 5 5.377367 klis1
73 0 85273 6 5.3456893 klis1
73 0 110793 7 5.335714 klis1
73 0 1525943 8 5.332669 klis1
73 0 99037 9 5.332669 klis1
74 0 103899 0 2.2763085 klis1
74 0 110536 1 2.270121 klis1
74 0 92799 2 2.25893 klis1
74 0 103266 3 2.2564023 klis1
74 0 1324195 4 2.2564023 klis1
74 0 111755 5 2.255601 klis1
74 0 111776 6 2.2466912 klis1
74 0 101858 7 2.2449257 klis1
74 0 99578 8 2.237166 klis1
74 0 84951 9 2.2299936 klis1
75 0 105502 0 0.27821743 klis1
75 0 109968 1 0.276003 klis1
75 0 100157 2 0.27534887 klis1
75 0 111742 3 0.27463812 klis1
75 0 93119 4 0.27297834 klis1
75 0 4154238 5 0.2713401 klis1
75 0 84581 6 0.27120632 klis1
75 0 100918 7 0.2696898 klis1
75 0 131142 8 0.26948336 klis1
75 0 84745 9 0.2693027 klis1
76 0 89444 0 2.3140378 klis1
76 0 100191 1 2.308051 klis1
76 0 90304 2 2.3037047 klis1
76 0 90697 3 2.2747335 klis1
76 0 103320 4 2.2486045 klis1
76 0 86224 5 2.2475774 klis1
76 0 86473 6 2.245458 klis1
76 0 86502 7 2.245458 klis1
76 0 103572 8 2.2349315 klis1
76 0 87857 9 2.2285109 klis1
77 0 103899 0 2.2763085 klis1
77 0 110536 1 2.270121 klis1
77 0 92799 2 2.25893 klis1
77 0 103266 3 2.2564023 klis1
77 0 1324195 4 2.2564023 klis1
77 0 111755 5 2.255601 klis1
77 0 111776 6 2.2466912 klis1
77 0 101858 7 2.2449257 klis1
77 0 99578 8 2.237166 klis1
77 0 84951 9 2.2299936 klis1
78 0 111834 0 2.6056712 klis1
78 0 110901 1 2.5638041 klis1
78 0 102189 2 2.5387716 klis1
78 0 111100 3 2.5287051 klis1
78 0 110636 4 2.501155 klis1
78 0 112448 5 2.5010808 klis1
78 0 108932 6 2.4993613 klis1
78 0 110611 7 2.4909027 klis1
78 0 109156 8 2.4762287 klis1
78 0 106431 9 2.4663055 klis1
79 0 101886 0 5.5474687 klis1
79 0 95940 1 5.5432725 klis1
79 0 95505 2 5.5311923 klis1
79 0 96431 3 5.5236664 klis1
79 0 109018 4 5.5087485 klis1
79 0 97401 5 5.5061765 klis1
79 0 118411 6 5.50191 klis1
79 0 99231 7 5.50191 klis1
79 0 110329 8 5.488194 klis1
79 0 103394 9 5.488182 klis1
80 0 101017 0 4.109639 klis1
80 0 87646 1 4.0321293 klis1
80 0 89127 2 4.0321293 klis1
80 0 93571 3 4.029156 klis1
80 0 89578 4 4.022071 klis1
80 0 90244 5 4.022071 klis1
80 0 84637 6 4.021468 klis1
80 0 91357 7 4.0164967 klis1
80 0 1327338 8 4.01559 klis1
80 0 84758 9 4.01236 klis1
81 0 92658 0 2.2379036 klis1
81 0 94692 1 2.2325873 klis1
81 0 96910 2 2.192289 klis1
81 0 107211 3 2.1793742 klis1
81 0 112466 4 2.1753075 klis1
81 0 103374 5 2.1706407 klis1
81 0 90066 6 2.1706407 klis1
81 0 92081 7 2.1685936 klis1
81 0 111422 8 2.1482828 klis1
81 0 105139 9 2.1482828 klis1
82 0 100234 0 3.6710908 klis1
82 0 101011 1 3.6248798 klis1
82 0 100233 2 3.6146748 klis1
82 0 111238 3 3.5086265 klis1
82 0 107257 4 3.4775014 klis1
82 0 118467 5 3.4722025 klis1
82 0 118246 6 3.4638443 klis1
82 0 96625 7 3.4499369 klis1
82 0 95854 8 3.436296 klis1
82 0 108492 9 3.4361115 klis1
83 0 111246 0 7.0666203 klis1
83 0 112303 1 7.0646987 klis1
83 0 85582 2 7.0638123 klis1
83 0 122251 3 7.0242004 klis1
83 0 110439 4 7.019061 klis1
83 0 112259 5 7.0122147 klis1
83 0 111207 6 6.9973807 klis1
83 0 112713 7 6.987949 klis1
83 0 111663 8 6.9720893 klis1
83 0 110714 9 6.965216 klis1
84 0 108974 0 6.564396 klis1
84 0 99003 1 6.5365233 klis1
84 0 85004 2 6.507629 klis1
84 0 104713 3 6.441749 klis1
84 0 90147 4 6.404561 klis1
84 0 96929 5 6.390983 klis1
84 0 616869 6 6.381792 klis1
84 0 85178 7 6.3658996 klis1
84 0 107865 8 6.35685 klis1
84 0 85189 9 6.3531895 klis1
85 0 105120 0 3.1914701 klis1
85 0 86836 1 3.1784134 klis1
85 0 92239 2 3.168199 klis1
85 0 108003 3 3.161274 klis1
85 0 90802 4 3.136914 klis1
85 0 91429 5 3.1352613 klis1
85 0 100888 6 3.1303442 klis1
85 0 112248 7 3.1283185 klis1
85 0 93018 8 3.1260118 klis1
85 0 93189 9 3.1185966 klis1
86 0 145844 0 3.394095 klis1
86 0 109655 1 3.3804648 klis1
86 0 100092 2 3.3188863 klis1
86 0 105505 3 3.28783 klis1
86 0 100612 4 3.2836325 klis1
86 0 96672 5 3.2783244 klis1
86 0 104890 6 3.2692509 klis1
86 0 100113 7 3.2551243 klis1
86 0 103568 8 3.2417555 klis1
86 0 103428 9 3.2163439 klis1
87 0 99867 0 4.0205245 klis1
87 0 110970 1 3.9826021 klis1
87 0 94559 2 3.9814265 klis1
87 0 2680437 3 3.976633 klis1
87 0 95279 4 3.9528217 klis1
87 0 89665 5 3.9387248 klis1
87 0 1088006 6 3.9269836 klis1
87 0 90425 7 3.923458 klis1
87 0 109288 8 3.919907 klis1
87 0 89723 9 3.910814 klis1
88 0 105229 0 3.3543713 klis1
88 0 86303 1 3.3004618 klis1
88 0 95193 2 3.259998 klis1
88 0 90563 3 3.2104716 klis1
88 0 91233 4 3.1830158 klis1
88 0 98136 5 3.1797795 klis1
88 0 95646 6 3.1546538 klis1
88 0 85396 7 3.141354 klis1
88 0 85011 8 3.1331315 klis1
88 0 99372 9 3.1331315 klis1
89 0 4170683 0 2.8197424 klis1
89 0 109129 1 2.7619798 klis1
89 0 107211 2 2.7546387 klis1
89 0 109786 3 2.752825 klis1
89 0 117837 4 2.7404208 klis1
89 0 117902 5 2.7286282 klis1
89 0 219815 6 2.7254791 klis1
89 0 142887 7 2.7187626 klis1
89 0 100612 8 2.717171 klis1
89 0 110825 9 2.709956 klis1
90 0 110874 0 6.55748 klis1
90 0 118061 1 6.5306664 klis1
90 0 121160 2 6.520422 klis1
90 0 111958 3 6.492559 klis1
90 0 145118 4 6.4832683 klis1
90 0 110047 5 6.4831853 klis1
90 0 111780 6 6.455716 klis1
90 0 105906 7 6.454892 klis1
90 0 110905 8 6.44405 klis1
90 0 110557 9 6.393846 klis1
91 0 118343 0 2.5985858 klis1
91 0 84995 1 2.592161 klis1
91 0 93067 2 2.591894 klis1
91 0 93555 3 2.5909293 klis1
91 0 91902 4 2.5900066 klis1
91 0 94959 5 2.5821805 klis1
91 0 96596 6 2.5821805 klis1
91 0 110305 7 2.5714915 klis1
91 0 92106 8 2.5709388 klis1
91 0 94286 9 2.5681946 klis1
92 0 111820 0 10.829281 klis1
92 0 118454 1 10.74454 klis1
92 0 118105 2 10.693512 klis1
92 0 145782 3 10.685656 klis1
92 0 1087692 4 10.598236 klis1
92 0 3212514 5 10.5830145 klis1
92 0 109818 6 10.568823 klis1
92 0 112439 7 10.552558 klis1
92 0 118212 8 10.526228 klis1
92 0 111278 9 10.515114 klis1
93 0 105352 0 3.6758873 klis1
93 0 103710 1 3.674226 klis1
93 0 112611 2 3.6685152 klis1
93 0 117949 3 3.668461 klis1
93 0 108227 4 3.6514583 klis1
93 0 111359 5 3.6489582 klis1
93 0 118099 6 3.6489582 klis1
93 0 96059 7 3.6436574 klis1
93 0 1283337 8 3.6413813 klis1
93 0 89709 9 3.63642 klis1
94 0 105352 0 3.6758873 klis1
94 0 103710 1 3.674226 klis1
94 0 112611 2 3.6685152 klis1
94 0 117949 3 3.668461 klis1
94 0 108227 4 3.6514583 klis1
94 0 111359 5 3.6489582 klis1
94 0 118099 6 3.6489582 klis1
94 0 96059 7 3.6436574 klis1
94 0 1283337 8 3.6413813 klis1
94 0 89709 9 3.63642 klis1
95 0 85022 0 1.9232855 klis1
95 0 2620885 1 1.9024222 klis1
95 0 1088006 2 1.9011021 klis1
95 0 95689 3 1.900082 klis1
95 0 84621 4 1.8912838 klis1
95 0 93864 5 1.8905634 klis1
95 0 94383 6 1.8873426 klis1
95 0 105445 7 1.8798802 klis1
95 0 110453 8 1.8762243 klis1
95 0 110726 9 1.8762243 klis1
96 0 103183 0 2.668828 klis1
96 0 89441 1 2.657808 klis1
96 0 91961 2 2.6568508 klis1
96 0 104102 3 2.652682 klis1
96 0 94075 4 2.6501107 klis1
96 0 107211 5 2.644053 klis1
96 0 91960 6 2.6426175 klis1
96 0 91653 7 2.640479 klis1
96 0 102754 8 2.6353378 klis1
96 0 103113 9 2.6295128 klis1
97 0 108419 0 6.173379 klis1
97 0 142899 1 6.128676 klis1
97 0 109479 2 6.118493 klis1
97 0 110217 3 6.0986466 klis1
97 0 1087666 4 6.0885744 klis1
97 0 111110 5 6.080377 klis1
97 0 104664 6 6.071633 klis1
97 0 108712 7 6.0624266 klis1
97 0 104895 8 6.0444207 klis1
97 0 112192 9 6.0419908 klis1
98 0 99578 0 2.7196486 klis1
98 0 3197367 1 2.6967127 klis1
98 0 2810527 2 2.6918168 klis1
98 0 2811848 3 2.6918168 klis1
98 0 105709 4 2.6916833 klis1
98 0 813020 5 2.6818097 klis1
98 0 142894 6 2.6801822 klis1
98 0 111912 7 2.6767607 klis1
98 0 148798 8 2.6668205 klis1
98 0 118498 9 2.6638873 klis1
99 0 108366 0 4.9465537 klis1
99 0 95196 1 4.9378834 klis1
99 0 104023 2 4.9249625 klis1
99 0 105316 3 4.923699 klis1
99 0 118503 4 4.9185486 klis1
99 0 118481 5 4.900501 klis1
99 0 103257 6 4.8978715 klis1
99 0 101621 7 4.894442 klis1
99 0 104202 8 4.8917613 klis1
99 0 96562 9 4.8849416 klis1
100 0 105502 0 0.27821743 klis1
100 0 109968 1 0.276003 klis1
100 0 100157 2 0.27534887 klis1
100 0 111742 3 0.27463812 klis1
100 0 93119 4 0.27297834 klis1
100 0 4154238 5 0.2713401 klis1
100 0 84581 6 0.27120632 klis1
100 0 100918 7 0.2696898 klis1
100 0 131142 8 0.26948336 klis1
100 0 84745 9 0.2693027 klis1
