1 0 3204919 0 112.277374 plmp10_5
1 0 2649076 1 105.63326 plmp10_5
1 0 149702 2 98.75602 plmp10_5
1 0 3177197 3 97.49033 plmp10_5
1 0 3170730 4 97.354324 plmp10_5
1 0 4164893 5 96.94493 plmp10_5
1 0 2812210 6 96.39148 plmp10_5
1 0 219733 7 96.35217 plmp10_5
1 0 220342 8 96.35217 plmp10_5
1 0 2809767 9 95.8996 plmp10_5
2 0 103631 0 103.91418 plmp10_5
2 0 145692 1 102.711205 plmp10_5
2 0 103549 2 99.874176 plmp10_5
2 0 104671 3 97.03523 plmp10_5
2 0 108555 4 96.298416 plmp10_5
2 0 104571 5 95.48121 plmp10_5
2 0 96850 6 90.151855 plmp10_5
2 0 4170684 7 88.77384 plmp10_5
2 0 105116 8 88.614006 plmp10_5
2 0 93789 9 87.63448 plmp10_5
3 0 3162143 0 136.56036 plmp10_5
3 0 215496 1 126.20295 plmp10_5
3 0 215694 2 126.20295 plmp10_5
3 0 2959735 3 126.20191 plmp10_5
3 0 118475 4 124.82588 plmp10_5
3 0 130157 5 121.34828 plmp10_5
3 0 145890 6 120.67766 plmp10_5
3 0 903973 7 119.43071 plmp10_5
3 0 118248 8 119.32328 plmp10_5
3 0 117907 9 118.72028 plmp10_5
4 0 215694 0 253.91814 plmp10_5
4 0 2959735 1 253.91606 plmp10_5
4 0 215496 2 253.89957 plmp10_5
4 0 3162143 3 228.24362 plmp10_5
4 0 118029 4 215.9472 plmp10_5
4 0 623142 5 207.7866 plmp10_5
4 0 149007 6 205.97212 plmp10_5
4 0 903973 7 193.07463 plmp10_5
4 0 145890 8 172.20087 plmp10_5
4 0 78783 9 170.15425 plmp10_5
5 0 2672209 0 92.413124 plmp10_5
5 0 2657779 1 92.413124 plmp10_5
5 0 145652 2 92.0234 plmp10_5
5 0 1740 3 88.94686 plmp10_5
5 0 110831 4 88.12413 plmp10_5
5 0 112708 5 85.97542 plmp10_5
5 0 110056 6 85.685425 plmp10_5
5 0 183480 7 85.26074 plmp10_5
5 0 131163 8 81.72727 plmp10_5
5 0 118217 9 79.98915 plmp10_5
6 0 110654 0 153.42155 plmp10_5
6 0 110056 1 128.05392 plmp10_5
6 0 183480 2 115.95094 plmp10_5
6 0 111258 3 104.258255 plmp10_5
6 0 3203656 4 99.69265 plmp10_5
6 0 3206414 5 99.69265 plmp10_5
6 0 111114 6 97.316696 plmp10_5
6 0 117932 7 92.57048 plmp10_5
6 0 110789 8 90.862274 plmp10_5
6 0 111661 9 83.62147 plmp10_5
7 0 2672535 0 64.53282 plmp10_5
7 0 134749 1 64.09812 plmp10_5
7 0 219733 2 63.836514 plmp10_5
7 0 220342 3 63.836514 plmp10_5
7 0 118511 4 63.070427 plmp10_5
7 0 147531 5 63.058434 plmp10_5
7 0 110315 6 61.270668 plmp10_5
7 0 2655591 7 61.25964 plmp10_5
7 0 3195892 8 60.97114 plmp10_5
7 0 106775 9 60.8651 plmp10_5
8 0 134749 0 138.79488 plmp10_5
8 0 112174 1 136.38376 plmp10_5
8 0 145715 2 123.20369 plmp10_5
8 0 145868 3 122.03086 plmp10_5
8 0 112834 4 119.05891 plmp10_5
8 0 147531 5 117.00879 plmp10_5
8 0 2678467 6 113.756386 plmp10_5
8 0 2679202 7 113.756386 plmp10_5
8 0 2959746 8 113.756386 plmp10_5
8 0 110932 9 112.77209 plmp10_5
9 0 2675751 0 148.76434 plmp10_5
9 0 854177 1 139.19284 plmp10_5
9 0 147530 2 134.40826 plmp10_5
9 0 112931 3 131.19379 plmp10_5
9 0 118317 4 130.50621 plmp10_5
9 0 127923 5 129.38074 plmp10_5
9 0 118212 6 129.28207 plmp10_5
9 0 112641 7 129.07898 plmp10_5
9 0 2679557 8 128.51761 plmp10_5
9 0 145678 9 127.15421 plmp10_5
10 0 111500 0 172.56367 plmp10_5
10 0 118087 1 157.89497 plmp10_5
10 0 112423 2 157.73753 plmp10_5
10 0 147531 3 156.79031 plmp10_5
10 0 214949 4 156.64426 plmp10_5
10 0 215071 5 156.64426 plmp10_5
10 0 112657 6 156.50797 plmp10_5
10 0 112800 7 149.98946 plmp10_5
10 0 112293 8 149.25667 plmp10_5
10 0 118511 9 148.83028 plmp10_5
11 0 2810524 0 97.878784 plmp10_5
11 0 2811846 1 97.878784 plmp10_5
11 0 217512 2 93.70657 plmp10_5
11 0 2809767 3 92.589066 plmp10_5
11 0 2811850 4 92.589066 plmp10_5
11 0 4151830 5 89.64245 plmp10_5
11 0 150541 6 89.5871 plmp10_5
11 0 145960 7 89.06355 plmp10_5
11 0 873668 8 88.71599 plmp10_5
11 0 148483 9 87.30789 plmp10_5
12 0 2672535 0 118.71978 plmp10_5
12 0 3153112 1 86.800545 plmp10_5
12 0 3207860 2 85.9197 plmp10_5
12 0 183479 3 85.46858 plmp10_5
12 0 4151830 4 85.35206 plmp10_5
12 0 2809767 5 84.57178 plmp10_5
12 0 2811850 6 84.57178 plmp10_5
12 0 3216389 7 84.422066 plmp10_5
12 0 108766 8 83.66326 plmp10_5
12 0 3211503 9 82.95049 plmp10_5
13 0 2812588 0 122.26881 plmp10_5
13 0 802973 1 110.00013 plmp10_5
13 0 803271 2 110.00013 plmp10_5
13 0 2959737 3 110.00013 plmp10_5
13 0 4162111 4 103.93723 plmp10_5
13 0 108605 5 103.81374 plmp10_5
13 0 150543 6 103.38247 plmp10_5
13 0 2959732 7 103.38227 plmp10_5
13 0 2642828 8 102.66397 plmp10_5
13 0 2959730 9 102.59132 plmp10_5
14 0 2812588 0 77.13143 plmp10_5
14 0 614392 1 74.14554 plmp10_5
14 0 614485 2 74.14554 plmp10_5
14 0 118296 3 70.7907 plmp10_5
14 0 108730 4 70.67981 plmp10_5
14 0 122258 5 69.20833 plmp10_5
14 0 148483 6 69.135345 plmp10_5
14 0 2153 7 69.12453 plmp10_5
14 0 118015 8 69.07746 plmp10_5
14 0 2670965 9 69.00716 plmp10_5
15 0 2812588 0 166.92201 plmp10_5
15 0 4151822 1 148.30853 plmp10_5
15 0 2770446 2 122.91242 plmp10_5
15 0 2809767 3 118.14119 plmp10_5
15 0 2811850 4 118.14119 plmp10_5
15 0 2771249 5 106.46128 plmp10_5
15 0 2809766 6 105.50445 plmp10_5
15 0 2811849 7 105.50445 plmp10_5
15 0 2812210 8 105.2295 plmp10_5
15 0 4170685 9 103.485214 plmp10_5
16 0 4151822 0 149.65428 plmp10_5
16 0 2812588 1 123.0662 plmp10_5
16 0 2770446 2 108.121284 plmp10_5
16 0 145817 3 104.08369 plmp10_5
16 0 3209687 4 100.33509 plmp10_5
16 0 4151830 5 95.43521 plmp10_5
16 0 4151826 6 95.26556 plmp10_5
16 0 2642828 7 94.91479 plmp10_5
16 0 4155979 8 94.45809 plmp10_5
16 0 3170728 9 93.48409 plmp10_5
17 0 4161362 0 71.55361 plmp10_5
17 0 148484 1 70.64438 plmp10_5
17 0 111122 2 70.22289 plmp10_5
17 0 620566 3 69.65984 plmp10_5
17 0 117987 4 69.63728 plmp10_5
17 0 145865 5 68.52918 plmp10_5
17 0 217512 6 68.39951 plmp10_5
17 0 118230 7 66.51879 plmp10_5
17 0 112076 8 66.02425 plmp10_5
17 0 1751 9 65.84531 plmp10_5
18 0 205712 0 161.69965 plmp10_5
18 0 148484 1 159.53424 plmp10_5
18 0 620566 2 148.21545 plmp10_5
18 0 217512 3 141.8696 plmp10_5
18 0 131156 4 140.87381 plmp10_5
18 0 206097 5 136.96457 plmp10_5
18 0 1753 6 136.59462 plmp10_5
18 0 145635 7 136.46033 plmp10_5
18 0 145664 8 135.33345 plmp10_5
18 0 145119 9 134.37616 plmp10_5
19 0 2654533 0 187.97221 plmp10_5
19 0 2654756 1 187.97221 plmp10_5
19 0 112808 2 141.57716 plmp10_5
19 0 4151826 3 138.45331 plmp10_5
19 0 4172500 4 137.03969 plmp10_5
19 0 219509 5 135.75648 plmp10_5
19 0 2670966 6 134.01257 plmp10_5
19 0 4151825 7 133.86336 plmp10_5
19 0 2760668 8 132.75673 plmp10_5
19 0 2812210 9 132.73602 plmp10_5
20 0 2654533 0 191.70757 plmp10_5
20 0 2654756 1 191.70757 plmp10_5
20 0 4172500 2 135.75868 plmp10_5
20 0 4151825 3 134.86772 plmp10_5
20 0 4151826 4 134.1681 plmp10_5
20 0 219509 5 133.33931 plmp10_5
20 0 112775 6 133.32565 plmp10_5
20 0 2670966 7 132.62798 plmp10_5
20 0 112808 8 131.63838 plmp10_5
20 0 2781925 9 130.25168 plmp10_5
21 0 873660 0 191.39754 plmp10_5
21 0 117890 1 173.83234 plmp10_5
21 0 112799 2 166.88441 plmp10_5
21 0 121159 3 165.4139 plmp10_5
21 0 118081 4 164.07436 plmp10_5
21 0 118416 5 158.63608 plmp10_5
21 0 3181482 6 158.13936 plmp10_5
21 0 2811845 7 156.35577 plmp10_5
21 0 145925 8 154.67468 plmp10_5
21 0 2781925 9 153.28035 plmp10_5
22 0 117890 0 213.62384 plmp10_5
22 0 2659300 1 199.83762 plmp10_5
22 0 112799 2 191.63835 plmp10_5
22 0 118081 3 183.65778 plmp10_5
22 0 118416 4 177.80951 plmp10_5
22 0 145925 5 173.10263 plmp10_5
22 0 121159 6 171.94923 plmp10_5
22 0 112774 7 166.15102 plmp10_5
22 0 145829 8 166.01639 plmp10_5
22 0 2781925 9 164.83022 plmp10_5
23 0 118449 0 122.426186 plmp10_5
23 0 2810525 1 121.16815 plmp10_5
23 0 2811847 2 121.16815 plmp10_5
23 0 2801435 3 119.56159 plmp10_5
23 0 623242 4 113.985634 plmp10_5
23 0 145738 5 111.54445 plmp10_5
23 0 112257 6 111.4738 plmp10_5
23 0 118180 7 110.630455 plmp10_5
23 0 2675750 8 106.00022 plmp10_5
23 0 137736 9 103.719246 plmp10_5
24 0 1738 0 52.319866 plmp10_5
24 0 145778 1 49.519844 plmp10_5
24 0 802408 2 45.16855 plmp10_5
24 0 2790213 3 44.810577 plmp10_5
24 0 2801435 4 43.77552 plmp10_5
24 0 145866 5 43.72862 plmp10_5
24 0 145635 6 43.70259 plmp10_5
24 0 2678133 7 43.530167 plmp10_5
24 0 118449 8 42.783813 plmp10_5
24 0 217512 9 42.7594 plmp10_5
25 0 112616 0 155.9018 plmp10_5
25 0 2655499 1 113.15256 plmp10_5
25 0 110318 2 108.03317 plmp10_5
25 0 3211503 3 100.770164 plmp10_5
25 0 108792 4 96.90567 plmp10_5
25 0 118021 5 96.36764 plmp10_5
25 0 821305 6 96.243576 plmp10_5
25 0 111495 7 90.41027 plmp10_5
25 0 112457 8 88.796974 plmp10_5
25 0 117845 9 88.34183 plmp10_5
26 0 117872 0 155.86949 plmp10_5
26 0 112616 1 140.249 plmp10_5
26 0 112045 2 137.17052 plmp10_5
26 0 118026 3 136.32423 plmp10_5
26 0 112324 4 134.25679 plmp10_5
26 0 111056 5 127.410706 plmp10_5
26 0 4161362 6 126.031906 plmp10_5
26 0 110915 7 125.77986 plmp10_5
26 0 117841 8 124.96926 plmp10_5
26 0 112457 9 124.833435 plmp10_5
27 0 4157405 0 245.58403 plmp10_5
27 0 4157382 1 245.42058 plmp10_5
27 0 112346 2 146.97675 plmp10_5
27 0 111141 3 146.79361 plmp10_5
27 0 112523 4 135.32652 plmp10_5
27 0 3204918 5 124.01587 plmp10_5
27 0 145636 6 121.802086 plmp10_5
27 0 931121 7 120.02407 plmp10_5
27 0 150541 8 118.08589 plmp10_5
27 0 213842 9 117.2338 plmp10_5
28 0 4157382 0 198.94643 plmp10_5
28 0 4157405 1 198.94643 plmp10_5
28 0 112346 2 135.2364 plmp10_5
28 0 111141 3 124.53719 plmp10_5
28 0 931121 4 99.53754 plmp10_5
28 0 145827 5 99.17186 plmp10_5
28 0 110706 6 98.60798 plmp10_5
28 0 112523 7 97.474655 plmp10_5
28 0 118489 8 96.33776 plmp10_5
28 0 931120 9 95.779594 plmp10_5
29 0 4151826 0 53.840054 plmp10_5
29 0 205788 1 53.411034 plmp10_5
29 0 137739 2 52.209545 plmp10_5
29 0 111471 3 51.880875 plmp10_5
29 0 118351 4 50.68698 plmp10_5
29 0 118044 5 50.13353 plmp10_5
29 0 145632 6 49.816677 plmp10_5
29 0 145708 7 49.754253 plmp10_5
29 0 118381 8 49.455597 plmp10_5
29 0 117875 9 49.40629 plmp10_5
30 0 205788 0 162.06952 plmp10_5
30 0 218921 1 145.8306 plmp10_5
30 0 148795 2 136.86647 plmp10_5
30 0 4151826 3 134.31204 plmp10_5
30 0 145841 4 133.00432 plmp10_5
30 0 626206 5 131.1324 plmp10_5
30 0 899483 6 128.86363 plmp10_5
30 0 137739 7 128.36237 plmp10_5
30 0 145761 8 125.70961 plmp10_5
30 0 145708 9 125.38307 plmp10_5
31 0 145925 0 108.10738 plmp10_5
31 0 110561 1 103.32489 plmp10_5
31 0 112486 2 102.738914 plmp10_5
31 0 131149 3 99.28465 plmp10_5
31 0 118023 4 98.89026 plmp10_5
31 0 118458 5 98.50271 plmp10_5
31 0 118353 6 97.437485 plmp10_5
31 0 118061 7 96.05868 plmp10_5
31 0 118501 8 95.84734 plmp10_5
31 0 112781 9 94.631874 plmp10_5
32 0 112329 0 95.16137 plmp10_5
32 0 111434 1 91.54779 plmp10_5
32 0 1728 2 91.50766 plmp10_5
32 0 112850 3 87.21688 plmp10_5
32 0 112447 4 84.38847 plmp10_5
32 0 112090 5 80.8095 plmp10_5
32 0 118455 6 79.17325 plmp10_5
32 0 111596 7 79.06768 plmp10_5
32 0 117853 8 77.01454 plmp10_5
32 0 125839 9 76.22462 plmp10_5
33 0 109535 0 101.55219 plmp10_5
33 0 109532 1 100.76271 plmp10_5
33 0 110795 2 100.07338 plmp10_5
33 0 112485 3 99.48596 plmp10_5
33 0 109935 4 98.2473 plmp10_5
33 0 121158 5 97.2572 plmp10_5
33 0 145870 6 95.53286 plmp10_5
33 0 112808 7 95.45866 plmp10_5
33 0 802973 8 94.98466 plmp10_5
33 0 803271 9 94.98466 plmp10_5
34 0 2676594 0 296.24216 plmp10_5
34 0 2675753 1 288.62637 plmp10_5
34 0 2679204 2 288.62637 plmp10_5
34 0 2809767 3 217.64407 plmp10_5
34 0 2811850 4 217.64407 plmp10_5
34 0 3216389 5 140.55122 plmp10_5
34 0 121158 6 138.75983 plmp10_5
34 0 112325 7 127.48449 plmp10_5
34 0 130155 8 124.81368 plmp10_5
34 0 625710 9 123.35018 plmp10_5
35 0 821306 0 60.88207 plmp10_5
35 0 205203 1 57.95479 plmp10_5
35 0 213843 2 56.036854 plmp10_5
35 0 214063 3 56.036854 plmp10_5
35 0 214467 4 56.036854 plmp10_5
35 0 102737 5 55.677444 plmp10_5
35 0 118079 6 55.567905 plmp10_5
35 0 218927 7 54.993484 plmp10_5
35 0 134742 8 54.8903 plmp10_5
35 0 2959740 9 54.736835 plmp10_5
36 0 118238 0 115.68234 plmp10_5
36 0 118319 1 114.04726 plmp10_5
36 0 109923 2 113.72449 plmp10_5
36 0 118329 3 107.012794 plmp10_5
36 0 118142 4 105.68461 plmp10_5
36 0 902769 5 103.89528 plmp10_5
36 0 213843 6 102.4729 plmp10_5
36 0 214063 7 102.4729 plmp10_5
36 0 214467 8 102.4729 plmp10_5
36 0 217512 9 101.766045 plmp10_5
37 0 4151829 0 81.70014 plmp10_5
37 0 110774 1 81.47813 plmp10_5
37 0 118269 2 78.521675 plmp10_5
37 0 118290 3 76.15127 plmp10_5
37 0 112133 4 75.95586 plmp10_5
37 0 110742 5 75.95094 plmp10_5
37 0 145731 6 74.46397 plmp10_5
37 0 112910 7 74.38598 plmp10_5
37 0 111982 8 73.800545 plmp10_5
37 0 108863 9 73.7292 plmp10_5
38 0 145855 0 117.81272 plmp10_5
38 0 145731 1 111.020966 plmp10_5
38 0 4151829 2 110.43917 plmp10_5
38 0 118269 3 98.160736 plmp10_5
38 0 1993216 4 90.438416 plmp10_5
38 0 110774 5 86.65635 plmp10_5
38 0 112910 6 86.01266 plmp10_5
38 0 112292 7 83.22882 plmp10_5
38 0 145629 8 82.02651 plmp10_5
38 0 111982 9 81.87234 plmp10_5
39 0 112568 0 101.45545 plmp10_5
39 0 112420 1 90.31961 plmp10_5
39 0 118457 2 85.525345 plmp10_5
39 0 111432 3 82.84602 plmp10_5
39 0 621044 4 80.88923 plmp10_5
39 0 621090 5 80.88923 plmp10_5
39 0 2959739 6 80.88923 plmp10_5
39 0 2959744 7 80.75651 plmp10_5
39 0 855518 8 80.75651 plmp10_5
39 0 2674861 9 79.591866 plmp10_5
40 0 105200 0 142.66875 plmp10_5
40 0 621044 1 130.90065 plmp10_5
40 0 621090 2 130.90065 plmp10_5
40 0 2959739 3 130.90065 plmp10_5
40 0 122254 4 127.49759 plmp10_5
40 0 2959744 5 122.824875 plmp10_5
40 0 855518 6 122.824875 plmp10_5
40 0 108818 7 121.805756 plmp10_5
40 0 1731 8 120.457115 plmp10_5
40 0 104688 9 116.682556 plmp10_5
41 0 112924 0 168.32367 plmp10_5
41 0 2654533 1 149.2253 plmp10_5
41 0 2654756 2 149.2253 plmp10_5
41 0 2811847 3 148.31572 plmp10_5
41 0 2810525 4 148.31102 plmp10_5
41 0 111198 5 147.34729 plmp10_5
41 0 112731 6 142.29619 plmp10_5
41 0 127916 7 140.06 plmp10_5
41 0 112585 8 138.97386 plmp10_5
41 0 111891 9 138.23181 plmp10_5
42 0 2654533 0 166.93907 plmp10_5
42 0 2654756 1 166.93907 plmp10_5
42 0 112924 2 161.49413 plmp10_5
42 0 112585 3 161.3366 plmp10_5
42 0 111198 4 155.81302 plmp10_5
42 0 111891 5 153.97978 plmp10_5
42 0 110132 6 153.85672 plmp10_5
42 0 109352 7 149.03429 plmp10_5
42 0 112731 8 147.37181 plmp10_5
42 0 109186 9 146.87941 plmp10_5
43 0 2680590 0 115.80072 plmp10_5
43 0 2959745 1 115.80072 plmp10_5
43 0 112920 2 105.88625 plmp10_5
43 0 112305 3 105.26409 plmp10_5
43 0 112803 4 97.89272 plmp10_5
43 0 118148 5 94.120186 plmp10_5
43 0 2959749 6 90.06265 plmp10_5
43 0 2812589 7 90.03748 plmp10_5
43 0 2784695 8 87.768166 plmp10_5
43 0 112644 9 87.34323 plmp10_5
44 0 2781925 0 35.643726 plmp10_5
44 0 145903 1 35.566338 plmp10_5
44 0 802408 2 35.525047 plmp10_5
44 0 3213871 3 34.56874 plmp10_5
44 0 183480 4 34.52342 plmp10_5
44 0 118182 5 34.459743 plmp10_5
44 0 92563 6 33.929787 plmp10_5
44 0 111107 7 33.77841 plmp10_5
44 0 109864 8 33.772015 plmp10_5
44 0 111731 9 33.65074 plmp10_5
45 0 3204917 0 200.47743 plmp10_5
45 0 866024 1 178.61562 plmp10_5
45 0 858802 2 178.61562 plmp10_5
45 0 150542 3 171.9001 plmp10_5
45 0 145861 4 166.20525 plmp10_5
45 0 145772 5 165.55554 plmp10_5
45 0 800568 6 165.14966 plmp10_5
45 0 145903 7 162.59065 plmp10_5
45 0 118452 8 159.98987 plmp10_5
45 0 137725 9 159.26543 plmp10_5
46 0 866024 0 309.96115 plmp10_5
46 0 858802 1 309.95084 plmp10_5
46 0 903971 2 220.34564 plmp10_5
46 0 2959742 3 220.34564 plmp10_5
46 0 623145 4 217.76576 plmp10_5
46 0 2804673 5 214.48386 plmp10_5
46 0 3204917 6 212.2903 plmp10_5
46 0 2657927 7 200.84184 plmp10_5
46 0 145861 8 198.26054 plmp10_5
46 0 1732 9 197.18643 plmp10_5
47 0 2674861 0 149.35542 plmp10_5
47 0 2675754 1 149.35542 plmp10_5
47 0 2795703 2 98.91141 plmp10_5
47 0 2797292 3 98.91141 plmp10_5
47 0 2671723 4 97.88423 plmp10_5
47 0 2678133 5 95.93819 plmp10_5
47 0 2790213 6 95.04581 plmp10_5
47 0 626207 7 94.87075 plmp10_5
47 0 148483 8 94.64635 plmp10_5
47 0 2810526 9 94.128395 plmp10_5
48 0 2674861 0 150.41379 plmp10_5
48 0 2675754 1 150.41379 plmp10_5
48 0 3170727 2 96.40823 plmp10_5
48 0 111362 3 93.54672 plmp10_5
48 0 145756 4 88.08969 plmp10_5
48 0 117864 5 87.90494 plmp10_5
48 0 2646093 6 87.891556 plmp10_5
48 0 121149 7 87.09715 plmp10_5
48 0 112867 8 85.91872 plmp10_5
48 0 108375 9 84.851074 plmp10_5
49 0 2810525 0 81.07798 plmp10_5
49 0 2811847 1 81.07798 plmp10_5
49 0 4162535 2 74.3418 plmp10_5
49 0 4151826 3 67.86355 plmp10_5
49 0 3153112 4 64.86121 plmp10_5
49 0 2809767 5 61.438847 plmp10_5
49 0 2811850 6 61.438847 plmp10_5
49 0 2803251 7 61.432888 plmp10_5
49 0 2812210 8 61.356945 plmp10_5
49 0 3181025 9 59.344498 plmp10_5
50 0 3153112 0 111.16978 plmp10_5
50 0 4162535 1 103.75894 plmp10_5
50 0 2810525 2 84.3812 plmp10_5
50 0 2811847 3 84.3812 plmp10_5
50 0 4151826 4 72.58461 plmp10_5
50 0 3181025 5 70.00632 plmp10_5
50 0 3177197 6 66.42476 plmp10_5
50 0 2809767 7 66.21406 plmp10_5
50 0 2811850 8 66.21406 plmp10_5
50 0 3170730 9 65.923004 plmp10_5
51 0 112770 0 101.87904 plmp10_5
51 0 2812589 1 91.40104 plmp10_5
51 0 2959749 2 91.40104 plmp10_5
51 0 78783 3 90.88994 plmp10_5
51 0 616433 4 90.40676 plmp10_5
51 0 145872 5 88.56353 plmp10_5
51 0 3195892 6 84.32264 plmp10_5
51 0 213842 7 83.2587 plmp10_5
51 0 215412 8 81.66191 plmp10_5
51 0 1736 9 80.92812 plmp10_5
52 0 112770 0 70.57956 plmp10_5
52 0 112931 1 66.01997 plmp10_5
52 0 112243 2 61.265774 plmp10_5
52 0 127923 3 57.33808 plmp10_5
52 0 127887 4 57.29465 plmp10_5
52 0 105869 5 57.09303 plmp10_5
52 0 1859075 6 57.062798 plmp10_5
52 0 110753 7 56.397705 plmp10_5
52 0 103302 8 56.29016 plmp10_5
52 0 103145 9 55.431725 plmp10_5
53 0 799985 0 120.177444 plmp10_5
53 0 2808291 1 99.14517 plmp10_5
53 0 148483 2 98.23466 plmp10_5
53 0 2771250 3 95.35898 plmp10_5
53 0 145664 4 94.852234 plmp10_5
53 0 145792 5 94.28849 plmp10_5
53 0 145635 6 92.99312 plmp10_5
53 0 621045 7 91.43709 plmp10_5
53 0 625711 8 91.37652 plmp10_5
53 0 117916 9 90.926506 plmp10_5
54 0 872994 0 145.50948 plmp10_5
54 0 811778 1 130.4412 plmp10_5
54 0 625711 2 119.08904 plmp10_5
54 0 931123 3 113.27422 plmp10_5
54 0 799985 4 103.87342 plmp10_5
54 0 2808291 5 103.568375 plmp10_5
54 0 621045 6 98.93823 plmp10_5
54 0 620566 7 98.812645 plmp10_5
54 0 811777 8 97.75714 plmp10_5
54 0 943668 9 97.14208 plmp10_5
55 0 4154603 0 175.76907 plmp10_5
55 0 118269 1 136.41728 plmp10_5
55 0 145731 2 131.3598 plmp10_5
55 0 145629 3 129.49945 plmp10_5
55 0 145855 4 128.5543 plmp10_5
55 0 110774 5 123.79616 plmp10_5
55 0 111261 6 123.15383 plmp10_5
55 0 111982 7 107.36403 plmp10_5
55 0 118101 8 105.75769 plmp10_5
55 0 112910 9 105.106316 plmp10_5
56 0 4154603 0 247.09573 plmp10_5
56 0 118269 1 183.78133 plmp10_5
56 0 145731 2 174.77983 plmp10_5
56 0 110774 3 162.08095 plmp10_5
56 0 112910 4 160.24492 plmp10_5
56 0 145629 5 157.7111 plmp10_5
56 0 111261 6 154.8565 plmp10_5
56 0 145855 7 145.70035 plmp10_5
56 0 1993216 8 136.52072 plmp10_5
56 0 111420 9 134.97833 plmp10_5
57 0 802408 0 126.560684 plmp10_5
57 0 867644 1 125.65225 plmp10_5
57 0 800569 2 124.14887 plmp10_5
57 0 815320 3 120.96735 plmp10_5
57 0 122254 4 120.645515 plmp10_5
57 0 118297 5 119.97844 plmp10_5
57 0 149585 6 116.35782 plmp10_5
57 0 149649 7 116.35782 plmp10_5
57 0 800859 8 116.13106 plmp10_5
57 0 112324 9 115.41641 plmp10_5
58 0 145735 0 119.837685 plmp10_5
58 0 112467 1 99.56455 plmp10_5
58 0 217702 2 99.08219 plmp10_5
58 0 106179 3 97.70381 plmp10_5
58 0 108547 4 97.53603 plmp10_5
58 0 2672207 5 95.44434 plmp10_5
58 0 2671725 6 95.412025 plmp10_5
58 0 2676592 7 93.10537 plmp10_5
58 0 218133 8 92.20495 plmp10_5
58 0 145815 9 91.86495 plmp10_5
59 0 2788983 0 301.87854 plmp10_5
59 0 4170685 1 277.08963 plmp10_5
59 0 145627 2 249.78923 plmp10_5
59 0 118037 3 248.27205 plmp10_5
59 0 117968 4 246.21625 plmp10_5
59 0 118129 5 240.24086 plmp10_5
59 0 118040 6 226.6241 plmp10_5
59 0 1087691 7 217.30727 plmp10_5
59 0 134735 8 211.69337 plmp10_5
59 0 118422 9 207.84933 plmp10_5
60 0 3195891 0 293.32162 plmp10_5
60 0 2788983 1 288.60645 plmp10_5
60 0 4170685 2 274.97458 plmp10_5
60 0 118129 3 259.34247 plmp10_5
60 0 145627 4 258.96075 plmp10_5
60 0 117968 5 247.33427 plmp10_5
60 0 118334 6 242.26028 plmp10_5
60 0 931614 7 240.78522 plmp10_5
60 0 130158 8 239.52484 plmp10_5
60 0 3191119 9 230.52246 plmp10_5
61 0 2812210 0 173.1462 plmp10_5
61 0 145743 1 169.51205 plmp10_5
61 0 145923 2 163.21536 plmp10_5
61 0 218457 3 152.64236 plmp10_5
61 0 1732 4 138.93884 plmp10_5
61 0 3195092 5 136.75847 plmp10_5
61 0 145815 6 135.67235 plmp10_5
61 0 112854 7 132.58974 plmp10_5
61 0 2657927 8 129.3073 plmp10_5
61 0 112435 9 128.11043 plmp10_5
62 0 2812210 0 92.411255 plmp10_5
62 0 110661 1 77.40146 plmp10_5
62 0 118299 2 76.729256 plmp10_5
62 0 110091 3 76.70666 plmp10_5
62 0 110926 4 73.82359 plmp10_5
62 0 117875 5 70.93517 plmp10_5
62 0 3195092 6 70.01744 plmp10_5
62 0 218457 7 69.55332 plmp10_5
62 0 145810 8 69.05638 plmp10_5
62 0 109077 9 68.876396 plmp10_5
63 0 149702 0 81.15312 plmp10_5
63 0 106985 1 79.318245 plmp10_5
63 0 104521 2 78.82846 plmp10_5
63 0 107685 3 78.731895 plmp10_5
63 0 108539 4 78.05916 plmp10_5
63 0 108111 5 77.264465 plmp10_5
63 0 118148 6 76.61284 plmp10_5
63 0 108538 7 75.90003 plmp10_5
63 0 108713 8 75.75763 plmp10_5
63 0 118011 9 75.10108 plmp10_5
64 0 3205768 0 100.67463 plmp10_5
64 0 2758568 1 95.65331 plmp10_5
64 0 2809766 2 94.44466 plmp10_5
64 0 2811849 3 94.44466 plmp10_5
64 0 3207860 4 87.10539 plmp10_5
64 0 4151827 5 86.64862 plmp10_5
64 0 110645 6 86.13601 plmp10_5
64 0 4170685 7 84.87739 plmp10_5
64 0 106391 8 83.954384 plmp10_5
64 0 118196 9 83.82801 plmp10_5
65 0 118123 0 207.43738 plmp10_5
65 0 150540 1 150.87228 plmp10_5
65 0 3211501 2 146.92238 plmp10_5
65 0 131165 3 143.17348 plmp10_5
65 0 110645 4 141.97041 plmp10_5
65 0 145883 5 140.90457 plmp10_5
65 0 111051 6 140.12427 plmp10_5
65 0 112732 7 136.1014 plmp10_5
65 0 109292 8 136.00284 plmp10_5
65 0 4151825 9 134.98083 plmp10_5
66 0 3211501 0 227.63551 plmp10_5
66 0 145867 1 197.75319 plmp10_5
66 0 4151827 2 174.37885 plmp10_5
66 0 3213872 3 169.41539 plmp10_5
66 0 150540 4 167.8707 plmp10_5
66 0 4151826 5 166.09862 plmp10_5
66 0 802973 6 165.18907 plmp10_5
66 0 803271 7 165.18907 plmp10_5
66 0 2959737 8 165.18907 plmp10_5
66 0 118123 9 165.03743 plmp10_5
67 0 145800 0 195.93954 plmp10_5
67 0 867645 1 182.38681 plmp10_5
67 0 103675 2 132.54279 plmp10_5
67 0 104522 3 121.27967 plmp10_5
67 0 103678 4 114.0369 plmp10_5
67 0 104055 5 109.26878 plmp10_5
67 0 2810526 6 108.566185 plmp10_5
67 0 103916 7 107.890884 plmp10_5
67 0 106757 8 106.70362 plmp10_5
67 0 110330 9 106.591415 plmp10_5
68 0 145800 0 176.52081 plmp10_5
68 0 867645 1 150.69702 plmp10_5
68 0 103093 2 116.60118 plmp10_5
68 0 97584 3 115.29216 plmp10_5
68 0 88704 4 113.31292 plmp10_5
68 0 94177 5 113.10826 plmp10_5
68 0 103675 6 111.85766 plmp10_5
68 0 97893 7 110.904884 plmp10_5
68 0 103678 8 110.185715 plmp10_5
68 0 2810526 9 107.90196 plmp10_5
69 0 3214778 0 151.12299 plmp10_5
69 0 149289 1 148.97836 plmp10_5
69 0 2676593 2 141.8732 plmp10_5
69 0 117859 3 140.7936 plmp10_5
69 0 219733 4 139.58907 plmp10_5
69 0 220342 5 139.58907 plmp10_5
69 0 111709 6 138.97357 plmp10_5
69 0 110996 7 136.00716 plmp10_5
69 0 149006 8 135.71255 plmp10_5
69 0 858289 9 133.6491 plmp10_5
70 0 149289 0 164.9519 plmp10_5
70 0 3214778 1 163.96138 plmp10_5
70 0 2676593 2 163.12071 plmp10_5
70 0 118111 3 154.827 plmp10_5
70 0 149006 4 154.63605 plmp10_5
70 0 219733 5 154.62828 plmp10_5
70 0 220342 6 154.62828 plmp10_5
70 0 2675751 7 151.65266 plmp10_5
70 0 858289 8 151.62982 plmp10_5
70 0 2959743 9 151.61287 plmp10_5
71 0 112914 0 143.23752 plmp10_5
71 0 145121 1 143.22343 plmp10_5
71 0 3189783 2 137.7318 plmp10_5
71 0 118052 3 137.72304 plmp10_5
71 0 118287 4 132.83757 plmp10_5
71 0 2654533 5 132.27362 plmp10_5
71 0 2654756 6 132.27362 plmp10_5
71 0 112904 7 129.57489 plmp10_5
71 0 118005 8 126.28686 plmp10_5
71 0 118234 9 123.02805 plmp10_5
72 0 118052 0 146.87984 plmp10_5
72 0 112914 1 138.32826 plmp10_5
72 0 145121 2 136.85172 plmp10_5
72 0 3189783 3 136.81049 plmp10_5
72 0 112904 4 135.40126 plmp10_5
72 0 118005 5 130.76031 plmp10_5
72 0 118234 6 129.6811 plmp10_5
72 0 2654533 7 129.09276 plmp10_5
72 0 2654756 8 129.09276 plmp10_5
72 0 117979 9 119.617134 plmp10_5
73 0 2804674 0 78.19646 plmp10_5
73 0 110692 1 75.93498 plmp10_5
73 0 108538 2 71.272 plmp10_5
73 0 109931 3 68.66297 plmp10_5
73 0 112206 4 67.6307 plmp10_5
73 0 217514 5 67.45112 plmp10_5
73 0 112573 6 67.061325 plmp10_5
73 0 109935 7 66.98316 plmp10_5
73 0 118043 8 66.8269 plmp10_5
73 0 1087954 9 66.596596 plmp10_5
74 0 2804674 0 108.05864 plmp10_5
74 0 107904 1 98.58979 plmp10_5
74 0 109284 2 96.089424 plmp10_5
74 0 112774 3 92.735596 plmp10_5
74 0 127908 4 89.169304 plmp10_5
74 0 2675749 5 82.60407 plmp10_5
74 0 803268 6 78.784 plmp10_5
74 0 111245 7 77.2499 plmp10_5
74 0 111755 8 77.12584 plmp10_5
74 0 108616 9 76.871994 plmp10_5
75 0 118226 0 117.49356 plmp10_5
75 0 3189783 1 117.09586 plmp10_5
75 0 86460 2 116.8974 plmp10_5
75 0 802770 3 114.951836 plmp10_5
75 0 110964 4 112.80823 plmp10_5
75 0 112398 5 111.83375 plmp10_5
75 0 89728 6 110.71605 plmp10_5
75 0 2675751 7 110.20359 plmp10_5
75 0 90423 8 108.099266 plmp10_5
75 0 112904 9 107.91104 plmp10_5
76 0 2679833 0 127.927315 plmp10_5
76 0 2680440 1 127.927315 plmp10_5
76 0 150540 2 122.82987 plmp10_5
76 0 108900 3 120.759094 plmp10_5
76 0 112919 4 117.951515 plmp10_5
76 0 118298 5 117.24069 plmp10_5
76 0 111945 6 116.70759 plmp10_5
76 0 110964 7 116.31059 plmp10_5
76 0 112738 8 115.63786 plmp10_5
76 0 2670966 9 115.20589 plmp10_5
77 0 2812588 0 165.58076 plmp10_5
77 0 4151822 1 156.00217 plmp10_5
77 0 145817 2 148.00598 plmp10_5
77 0 111029 3 133.61217 plmp10_5
77 0 2770446 4 131.83034 plmp10_5
77 0 111455 5 131.77545 plmp10_5
77 0 134747 6 127.36498 plmp10_5
77 0 112726 7 126.73285 plmp10_5
77 0 145902 8 122.23837 plmp10_5
77 0 111610 9 119.18284 plmp10_5
78 0 2812588 0 69.95193 plmp10_5
78 0 145632 1 68.79665 plmp10_5
78 0 111717 2 65.887245 plmp10_5
78 0 117899 3 65.878654 plmp10_5
78 0 799976 4 65.56657 plmp10_5
78 0 112485 5 65.33434 plmp10_5
78 0 111250 6 64.3456 plmp10_5
78 0 118022 7 63.979828 plmp10_5
78 0 111092 8 63.289158 plmp10_5
78 0 122258 9 63.257523 plmp10_5
79 0 111009 0 172.82674 plmp10_5
79 0 118143 1 160.69241 plmp10_5
79 0 111470 2 146.16615 plmp10_5
79 0 110221 3 127.05919 plmp10_5
79 0 118513 4 97.70694 plmp10_5
79 0 2680438 5 95.75009 plmp10_5
79 0 111964 6 91.17589 plmp10_5
79 0 106328 7 89.75316 plmp10_5
79 0 109626 8 89.4232 plmp10_5
79 0 110183 9 87.08572 plmp10_5
80 0 118143 0 157.47136 plmp10_5
80 0 111009 1 148.26721 plmp10_5
80 0 111470 2 143.58514 plmp10_5
80 0 150540 3 125.999565 plmp10_5
80 0 145859 4 124.49271 plmp10_5
80 0 110221 5 113.92346 plmp10_5
80 0 106328 6 113.36177 plmp10_5
80 0 2672210 7 113.17231 plmp10_5
80 0 2654755 8 113.17231 plmp10_5
80 0 3214776 9 109.64975 plmp10_5
81 0 148484 0 112.951775 plmp10_5
81 0 112440 1 87.9785 plmp10_5
81 0 122253 2 87.22883 plmp10_5
81 0 112867 3 76.907776 plmp10_5
81 0 117841 4 76.68168 plmp10_5
81 0 118445 5 74.69001 plmp10_5
81 0 121157 6 72.877785 plmp10_5
81 0 799981 7 72.09249 plmp10_5
81 0 118368 8 71.99207 plmp10_5
81 0 112616 9 71.712296 plmp10_5
82 0 118368 0 116.12988 plmp10_5
82 0 1726 1 114.350494 plmp10_5
82 0 127900 2 111.38168 plmp10_5
82 0 2803250 3 109.05166 plmp10_5
82 0 216735 4 105.86437 plmp10_5
82 0 216806 5 105.86437 plmp10_5
82 0 799981 6 105.53977 plmp10_5
82 0 145625 7 101.86219 plmp10_5
82 0 118148 8 100.953354 plmp10_5
82 0 118126 9 100.51513 plmp10_5
83 0 145859 0 145.28398 plmp10_5
83 0 112922 1 109.99554 plmp10_5
83 0 137746 2 101.08837 plmp10_5
83 0 111151 3 99.622955 plmp10_5
83 0 111246 4 99.31103 plmp10_5
83 0 109894 5 99.3056 plmp10_5
83 0 145870 6 97.6124 plmp10_5
83 0 110289 7 97.03313 plmp10_5
83 0 111194 8 96.09997 plmp10_5
83 0 111286 9 95.761406 plmp10_5
84 0 145859 0 142.20325 plmp10_5
84 0 112922 1 120.91264 plmp10_5
84 0 111151 2 110.211845 plmp10_5
84 0 800858 3 109.39636 plmp10_5
84 0 109895 4 108.154076 plmp10_5
84 0 109893 5 106.05145 plmp10_5
84 0 107980 6 105.220505 plmp10_5
84 0 109200 7 104.98045 plmp10_5
84 0 110361 8 104.42399 plmp10_5
84 0 122251 9 104.18299 plmp10_5
85 0 2959737 0 220.69911 plmp10_5
85 0 802973 1 219.97478 plmp10_5
85 0 803271 2 219.97478 plmp10_5
85 0 3177199 3 166.51733 plmp10_5
85 0 3171724 4 166.34442 plmp10_5
85 0 3177200 5 166.34442 plmp10_5
85 0 150543 6 159.09303 plmp10_5
85 0 2959732 7 159.09303 plmp10_5
85 0 146553 8 158.4165 plmp10_5
85 0 146790 9 158.4165 plmp10_5
86 0 3177199 0 132.68106 plmp10_5
86 0 3171724 1 132.5873 plmp10_5
86 0 3177200 2 132.5873 plmp10_5
86 0 802973 3 122.70227 plmp10_5
86 0 803271 4 122.70227 plmp10_5
86 0 2959737 5 122.70227 plmp10_5
86 0 3205766 6 117.00585 plmp10_5
86 0 150543 7 113.919304 plmp10_5
86 0 2959732 8 113.919304 plmp10_5
86 0 146553 9 113.244995 plmp10_5
87 0 111170 0 54.280273 plmp10_5
87 0 143378 1 54.27646 plmp10_5
87 0 112807 2 53.97068 plmp10_5
87 0 112746 3 51.532887 plmp10_5
87 0 136998 4 51.3225 plmp10_5
87 0 117987 5 50.087097 plmp10_5
87 0 148483 6 49.549072 plmp10_5
87 0 117899 7 49.53657 plmp10_5
87 0 110760 8 49.33661 plmp10_5
87 0 118109 9 48.517708 plmp10_5
88 0 182992 0 129.36821 plmp10_5
88 0 182991 1 120.64941 plmp10_5
88 0 145897 2 116.85602 plmp10_5
88 0 111170 3 116.48893 plmp10_5
88 0 149653 4 112.9456 plmp10_5
88 0 2654277 5 110.938805 plmp10_5
88 0 625832 6 108.43278 plmp10_5
88 0 626055 7 108.43278 plmp10_5
88 0 625833 8 108.12678 plmp10_5
88 0 112807 9 107.962456 plmp10_5
89 0 4151822 0 216.07965 plmp10_5
89 0 2812588 1 197.06764 plmp10_5
89 0 2770446 2 182.38274 plmp10_5
89 0 145647 3 132.02098 plmp10_5
89 0 4162110 4 128.24306 plmp10_5
89 0 134747 5 125.87564 plmp10_5
89 0 145817 6 124.49989 plmp10_5
89 0 2809767 7 99.61454 plmp10_5
89 0 2811850 8 99.61454 plmp10_5
89 0 802973 9 95.14539 plmp10_5
90 0 4151822 0 248.48528 plmp10_5
90 0 2812588 1 247.88783 plmp10_5
90 0 2770446 2 187.79752 plmp10_5
90 0 145626 3 185.7751 plmp10_5
90 0 137748 4 177.7752 plmp10_5
90 0 118054 5 177.03691 plmp10_5
90 0 130150 6 175.00035 plmp10_5
90 0 626454 7 168.0043 plmp10_5
90 0 3181025 8 163.67696 plmp10_5
90 0 2620698 9 163.5863 plmp10_5
91 0 3212514 0 295.69986 plmp10_5
91 0 145782 1 152.24088 plmp10_5
91 0 1087959 2 148.43625 plmp10_5
91 0 118507 3 146.7423 plmp10_5
91 0 134732 4 144.99057 plmp10_5
91 0 109857 5 142.82722 plmp10_5
91 0 110249 6 142.61035 plmp10_5
91 0 219097 7 141.19746 plmp10_5
91 0 112439 8 141.00313 plmp10_5
91 0 110213 9 138.80388 plmp10_5
92 0 3212514 0 285.06357 plmp10_5
92 0 110249 1 174.86609 plmp10_5
92 0 1087959 2 172.45201 plmp10_5
92 0 118507 3 165.8866 plmp10_5
92 0 110032 4 144.84871 plmp10_5
92 0 110213 5 143.62358 plmp10_5
92 0 109857 6 141.6169 plmp10_5
92 0 134732 7 140.64775 plmp10_5
92 0 134725 8 138.32593 plmp10_5
92 0 112439 9 136.16483 plmp10_5
93 0 145901 0 214.09549 plmp10_5
93 0 118334 1 207.3424 plmp10_5
93 0 117874 2 207.26811 plmp10_5
93 0 118107 3 202.3269 plmp10_5
93 0 112905 4 197.39656 plmp10_5
93 0 112824 5 192.12288 plmp10_5
93 0 130158 6 191.51212 plmp10_5
93 0 118129 7 190.63838 plmp10_5
93 0 110877 8 188.98349 plmp10_5
93 0 117968 9 187.41513 plmp10_5
94 0 145901 0 216.99687 plmp10_5
94 0 931614 1 215.04059 plmp10_5
94 0 117874 2 201.96066 plmp10_5
94 0 2788983 3 193.59187 plmp10_5
94 0 118129 4 185.4233 plmp10_5
94 0 4151827 5 185.10822 plmp10_5
94 0 118334 6 184.73396 plmp10_5
94 0 112905 7 183.48817 plmp10_5
94 0 111736 8 182.59288 plmp10_5
94 0 112824 9 180.34656 plmp10_5
95 0 108555 0 105.770325 plmp10_5
95 0 105495 1 104.75865 plmp10_5
95 0 107232 2 98.012695 plmp10_5
95 0 107475 3 96.32271 plmp10_5
95 0 106171 4 81.05582 plmp10_5
95 0 109444 5 77.352196 plmp10_5
95 0 106073 6 77.33398 plmp10_5
95 0 103631 7 77.00364 plmp10_5
95 0 104571 8 73.321434 plmp10_5
95 0 145692 9 72.88233 plmp10_5
96 0 108555 0 122.113525 plmp10_5
96 0 103631 1 116.868965 plmp10_5
96 0 799986 2 89.90784 plmp10_5
96 0 92746 3 89.39221 plmp10_5
96 0 108493 4 87.48631 plmp10_5
96 0 92705 5 87.31032 plmp10_5
96 0 96850 6 86.97655 plmp10_5
96 0 96542 7 86.074905 plmp10_5
96 0 96359 8 86.03605 plmp10_5
96 0 93739 9 85.91161 plmp10_5
97 0 112101 0 146.58943 plmp10_5
97 0 111922 1 112.79644 plmp10_5
97 0 110718 2 84.48219 plmp10_5
97 0 2655597 3 83.87319 plmp10_5
97 0 2676593 4 83.55568 plmp10_5
97 0 2795279 5 82.9489 plmp10_5
97 0 117959 6 80.3712 plmp10_5
97 0 118111 7 80.29145 plmp10_5
97 0 134749 8 79.8576 plmp10_5
97 0 136993 9 78.288536 plmp10_5
98 0 118148 0 39.389366 plmp10_5
98 0 2655591 1 38.717552 plmp10_5
98 0 118467 2 38.325706 plmp10_5
98 0 134732 3 38.273018 plmp10_5
98 0 109088 4 38.117325 plmp10_5
98 0 145804 5 38.04126 plmp10_5
98 0 117832 6 37.94341 plmp10_5
98 0 2811845 7 37.837276 plmp10_5
98 0 110996 8 37.82768 plmp10_5
98 0 117902 9 37.56896 plmp10_5
99 0 112267 0 131.34192 plmp10_5
99 0 111884 1 103.423 plmp10_5
99 0 110552 2 92.00023 plmp10_5
99 0 112723 3 85.994736 plmp10_5
99 0 110578 4 79.38853 plmp10_5
99 0 145914 5 75.64842 plmp10_5
99 0 109976 6 75.31976 plmp10_5
99 0 118121 7 72.52234 plmp10_5
99 0 109612 8 72.28746 plmp10_5
99 0 110935 9 72.059616 plmp10_5
100 0 112267 0 163.68651 plmp10_5
100 0 110552 1 142.26978 plmp10_5
100 0 111884 2 119.756805 plmp10_5
100 0 111886 3 115.572784 plmp10_5
100 0 109633 4 114.8859 plmp10_5
100 0 110098 5 112.79097 plmp10_5
100 0 110296 6 111.82306 plmp10_5
100 0 109673 7 111.405655 plmp10_5
100 0 112723 8 110.668564 plmp10_5
100 0 111695 9 108.61592 plmp10_5
