1 0 3204919 0 55.079468 plmp4_1
1 0 802972 1 47.88259 plmp4_1
1 0 2649076 2 43.51694 plmp4_1
1 0 2809767 3 43.364014 plmp4_1
1 0 2811850 4 43.364014 plmp4_1
1 0 3177197 5 42.57541 plmp4_1
1 0 3170730 6 42.547787 plmp4_1
1 0 2781925 7 41.689617 plmp4_1
1 0 4164893 8 41.25042 plmp4_1
1 0 4151832 9 39.486626 plmp4_1
2 0 103631 0 52.040916 plmp4_1
2 0 103549 1 45.005642 plmp4_1
2 0 104671 2 43.513718 plmp4_1
2 0 104673 3 41.553875 plmp4_1
2 0 105116 4 40.3237 plmp4_1
2 0 108555 5 40.26729 plmp4_1
2 0 104571 6 39.416378 plmp4_1
2 0 105294 7 37.316628 plmp4_1
2 0 4170684 8 37.272213 plmp4_1
2 0 145692 9 36.824295 plmp4_1
3 0 3162143 0 66.67619 plmp4_1
3 0 145821 1 56.673214 plmp4_1
3 0 215496 2 56.311882 plmp4_1
3 0 215694 3 56.311882 plmp4_1
3 0 2959735 4 56.31084 plmp4_1
3 0 112584 5 55.735943 plmp4_1
3 0 111091 6 55.101532 plmp4_1
3 0 117907 7 54.872593 plmp4_1
3 0 145878 8 53.54311 plmp4_1
3 0 899484 9 53.01712 plmp4_1
4 0 215694 0 135.12173 plmp4_1
4 0 2959735 1 135.11966 plmp4_1
4 0 215496 2 135.10316 plmp4_1
4 0 3162143 3 124.00627 plmp4_1
4 0 623142 4 123.57552 plmp4_1
4 0 118029 5 121.40885 plmp4_1
4 0 149007 6 104.36828 plmp4_1
4 0 903973 7 96.39997 plmp4_1
4 0 812450 8 94.503265 plmp4_1
4 0 78783 9 87.01315 plmp4_1
5 0 145652 0 40.10688 plmp4_1
5 0 110056 1 39.819725 plmp4_1
5 0 1740 2 39.752724 plmp4_1
5 0 110831 3 39.44737 plmp4_1
5 0 2672209 4 37.59408 plmp4_1
5 0 2657779 5 37.59408 plmp4_1
5 0 118360 6 36.948174 plmp4_1
5 0 118217 7 35.481567 plmp4_1
5 0 131163 8 34.72743 plmp4_1
5 0 112708 9 34.406807 plmp4_1
6 0 110654 0 59.035618 plmp4_1
6 0 110056 1 56.957703 plmp4_1
6 0 183480 2 48.616596 plmp4_1
6 0 111258 3 39.611683 plmp4_1
6 0 111114 4 36.780563 plmp4_1
6 0 3203656 5 35.615627 plmp4_1
6 0 3206414 6 35.615627 plmp4_1
6 0 110599 7 35.534542 plmp4_1
6 0 122256 8 35.037582 plmp4_1
6 0 110097 9 33.434822 plmp4_1
7 0 147531 0 33.220383 plmp4_1
7 0 2672535 1 30.187954 plmp4_1
7 0 110932 2 30.054249 plmp4_1
7 0 145715 3 28.946392 plmp4_1
7 0 147530 4 28.93258 plmp4_1
7 0 3195892 5 28.681515 plmp4_1
7 0 145713 6 28.240477 plmp4_1
7 0 2675751 7 27.46728 plmp4_1
7 0 2655591 8 27.360182 plmp4_1
7 0 127913 9 27.020092 plmp4_1
8 0 112174 0 81.32314 plmp4_1
8 0 134749 1 76.573265 plmp4_1
8 0 145868 2 71.69001 plmp4_1
8 0 145715 3 71.281204 plmp4_1
8 0 2678467 4 66.08726 plmp4_1
8 0 2679202 5 66.08726 plmp4_1
8 0 2959746 6 66.08726 plmp4_1
8 0 147531 7 65.33023 plmp4_1
8 0 112834 8 65.184265 plmp4_1
8 0 112748 9 59.38378 plmp4_1
9 0 2675751 0 72.0553 plmp4_1
9 0 127923 1 68.28311 plmp4_1
9 0 127887 2 67.13082 plmp4_1
9 0 118212 3 66.8628 plmp4_1
9 0 118317 4 65.60527 plmp4_1
9 0 109720 5 65.56773 plmp4_1
9 0 118423 6 64.47018 plmp4_1
9 0 112641 7 64.30052 plmp4_1
9 0 118011 8 63.483295 plmp4_1
9 0 118454 9 62.216866 plmp4_1
10 0 147531 0 66.88577 plmp4_1
10 0 118087 1 66.81287 plmp4_1
10 0 112423 2 64.58252 plmp4_1
10 0 111500 3 62.675724 plmp4_1
10 0 112318 4 62.10959 plmp4_1
10 0 134743 5 61.338245 plmp4_1
10 0 145697 6 61.33798 plmp4_1
10 0 118236 7 60.772938 plmp4_1
10 0 112931 8 60.12762 plmp4_1
10 0 118484 9 60.089188 plmp4_1
11 0 873668 0 37.957787 plmp4_1
11 0 4151824 1 35.53364 plmp4_1
11 0 2672535 2 35.268463 plmp4_1
11 0 217512 3 35.022514 plmp4_1
11 0 858288 4 34.309963 plmp4_1
11 0 112152 5 33.845848 plmp4_1
11 0 3214780 6 33.649708 plmp4_1
11 0 108197 7 33.59919 plmp4_1
11 0 111280 8 33.537937 plmp4_1
11 0 110666 9 33.53242 plmp4_1
12 0 2672535 0 50.97002 plmp4_1
12 0 2752078 1 36.18683 plmp4_1
12 0 112024 2 35.33561 plmp4_1
12 0 809121 3 34.085773 plmp4_1
12 0 111905 4 33.952023 plmp4_1
12 0 3207860 5 33.512955 plmp4_1
12 0 145918 6 32.34218 plmp4_1
12 0 127929 7 32.043945 plmp4_1
12 0 109357 8 31.564878 plmp4_1
12 0 105450 9 31.524529 plmp4_1
13 0 145967 0 43.03051 plmp4_1
13 0 4162111 1 42.819897 plmp4_1
13 0 802973 2 41.762074 plmp4_1
13 0 803271 3 41.762074 plmp4_1
13 0 2959737 4 41.762074 plmp4_1
13 0 2642828 5 41.14347 plmp4_1
13 0 2812588 6 40.728294 plmp4_1
13 0 2959730 7 37.531883 plmp4_1
13 0 4106440 8 37.02311 plmp4_1
13 0 150543 9 35.6904 plmp4_1
14 0 2742710 0 31.244242 plmp4_1
14 0 614392 1 30.97628 plmp4_1
14 0 614485 2 30.97628 plmp4_1
14 0 2153 3 28.260073 plmp4_1
14 0 2670965 4 28.070599 plmp4_1
14 0 108765 5 27.423567 plmp4_1
14 0 145931 6 27.184006 plmp4_1
14 0 108730 7 27.110336 plmp4_1
14 0 2641100 8 26.550512 plmp4_1
14 0 145790 9 26.068073 plmp4_1
15 0 2812588 0 88.40471 plmp4_1
15 0 4151822 1 82.66478 plmp4_1
15 0 4171965 2 68.1422 plmp4_1
15 0 2770446 3 58.161983 plmp4_1
15 0 2809767 4 53.368206 plmp4_1
15 0 2811850 5 53.368206 plmp4_1
15 0 2812587 6 51.60002 plmp4_1
15 0 2959748 7 51.60002 plmp4_1
15 0 4106440 8 49.390182 plmp4_1
15 0 2812210 9 48.91292 plmp4_1
16 0 4151822 0 70.42286 plmp4_1
16 0 4171965 1 54.127064 plmp4_1
16 0 4162111 2 42.138237 plmp4_1
16 0 4168362 3 41.838833 plmp4_1
16 0 4161362 4 40.23285 plmp4_1
16 0 4151826 5 39.538513 plmp4_1
16 0 2812588 6 38.768974 plmp4_1
16 0 4162936 7 38.66713 plmp4_1
16 0 4157405 8 38.398727 plmp4_1
16 0 4154603 9 38.047207 plmp4_1
17 0 148484 0 38.03002 plmp4_1
17 0 813289 1 31.211771 plmp4_1
17 0 2672526 2 30.652832 plmp4_1
17 0 2674863 3 30.652832 plmp4_1
17 0 147527 4 29.308544 plmp4_1
17 0 2670966 5 28.275314 plmp4_1
17 0 2742710 6 27.265038 plmp4_1
17 0 145119 7 27.170845 plmp4_1
17 0 3209686 8 27.050201 plmp4_1
17 0 4161362 9 26.864857 plmp4_1
18 0 205712 0 79.09977 plmp4_1
18 0 148484 1 60.16408 plmp4_1
18 0 620566 2 54.01025 plmp4_1
18 0 2795703 3 53.205536 plmp4_1
18 0 2797292 4 53.205536 plmp4_1
18 0 145885 5 51.957134 plmp4_1
18 0 131156 6 50.759995 plmp4_1
18 0 1753 7 49.70899 plmp4_1
18 0 145119 8 48.57885 plmp4_1
18 0 145896 9 48.45697 plmp4_1
19 0 2654533 0 90.07679 plmp4_1
19 0 2654756 1 90.07679 plmp4_1
19 0 4172500 2 60.210083 plmp4_1
19 0 2679558 3 55.919697 plmp4_1
19 0 112775 4 54.390514 plmp4_1
19 0 2654534 5 53.99839 plmp4_1
19 0 118018 6 53.82361 plmp4_1
19 0 2678466 7 51.8135 plmp4_1
19 0 2781925 8 51.71735 plmp4_1
19 0 112808 9 51.612705 plmp4_1
20 0 2654533 0 97.41392 plmp4_1
20 0 2654756 1 97.41392 plmp4_1
20 0 112775 2 61.15503 plmp4_1
20 0 4172500 3 58.929085 plmp4_1
20 0 206098 4 56.780716 plmp4_1
20 0 145121 5 54.31842 plmp4_1
20 0 111022 6 53.06956 plmp4_1
20 0 110085 7 52.012054 plmp4_1
20 0 2678466 8 51.8135 plmp4_1
20 0 110676 9 51.651196 plmp4_1
21 0 873660 0 73.19639 plmp4_1
21 0 867657 1 68.86206 plmp4_1
21 0 117890 2 62.163902 plmp4_1
21 0 2659300 3 59.212463 plmp4_1
21 0 902267 4 55.012817 plmp4_1
21 0 112799 5 53.7179 plmp4_1
21 0 820904 6 52.17693 plmp4_1
21 0 118081 7 50.965942 plmp4_1
21 0 2804673 8 49.793503 plmp4_1
21 0 3181482 9 49.780323 plmp4_1
22 0 2659300 0 108.22732 plmp4_1
22 0 117890 1 88.80271 plmp4_1
22 0 867657 2 72.10173 plmp4_1
22 0 112799 3 71.008644 plmp4_1
22 0 112774 4 65.08132 plmp4_1
22 0 118081 5 62.05532 plmp4_1
22 0 145829 6 60.50922 plmp4_1
22 0 112846 7 58.317387 plmp4_1
22 0 111858 8 56.7589 plmp4_1
22 0 118416 9 56.733322 plmp4_1
23 0 2810525 0 59.726597 plmp4_1
23 0 2811847 1 59.726597 plmp4_1
23 0 1738 2 52.685574 plmp4_1
23 0 118449 3 50.85622 plmp4_1
23 0 2801435 4 46.284405 plmp4_1
23 0 3153112 5 45.93966 plmp4_1
23 0 112257 6 45.136303 plmp4_1
23 0 118180 7 43.80292 plmp4_1
23 0 217512 8 42.07705 plmp4_1
23 0 145738 9 41.38601 plmp4_1
24 0 1738 0 24.555653 plmp4_1
24 0 145778 1 21.9334 plmp4_1
24 0 109265 2 17.084858 plmp4_1
24 0 85289 3 16.394934 plmp4_1
24 0 182558 4 16.142616 plmp4_1
24 0 2678133 5 15.898842 plmp4_1
24 0 2801435 6 15.213977 plmp4_1
24 0 118449 7 14.530398 plmp4_1
24 0 110916 8 14.3256445 plmp4_1
24 0 112872 9 14.164376 plmp4_1
25 0 112616 0 74.7125 plmp4_1
25 0 2655499 1 53.272015 plmp4_1
25 0 3211503 2 40.448963 plmp4_1
25 0 821305 3 38.745785 plmp4_1
25 0 2621067 4 37.83635 plmp4_1
25 0 118021 5 36.56131 plmp4_1
25 0 108792 6 36.124744 plmp4_1
25 0 4104821 7 33.516773 plmp4_1
25 0 117845 8 33.115196 plmp4_1
25 0 110318 9 32.84115 plmp4_1
26 0 117872 0 69.79114 plmp4_1
26 0 112616 1 63.007904 plmp4_1
26 0 118026 2 59.556213 plmp4_1
26 0 145758 3 57.352097 plmp4_1
26 0 112324 4 53.979645 plmp4_1
26 0 112045 5 53.648422 plmp4_1
26 0 112457 6 52.853127 plmp4_1
26 0 117841 7 51.62699 plmp4_1
26 0 127910 8 51.513725 plmp4_1
26 0 112700 9 51.349373 plmp4_1
27 0 4157382 0 116.792274 plmp4_1
27 0 4157405 1 116.792274 plmp4_1
27 0 111141 2 69.11729 plmp4_1
27 0 112346 3 60.00761 plmp4_1
27 0 112523 4 57.274704 plmp4_1
27 0 112792 5 56.47973 plmp4_1
27 0 111061 6 51.96762 plmp4_1
27 0 110384 7 47.320362 plmp4_1
27 0 104758 8 45.243645 plmp4_1
27 0 217703 9 43.974464 plmp4_1
28 0 4157382 0 96.49485 plmp4_1
28 0 4157405 1 96.49485 plmp4_1
28 0 112346 2 71.86205 plmp4_1
28 0 111141 3 57.186626 plmp4_1
28 0 112523 4 43.31623 plmp4_1
28 0 110460 5 42.609623 plmp4_1
28 0 110060 6 41.615437 plmp4_1
28 0 112792 7 41.331554 plmp4_1
28 0 118161 8 40.865734 plmp4_1
28 0 111217 9 40.539616 plmp4_1
29 0 109560 0 25.320536 plmp4_1
29 0 108606 1 23.915266 plmp4_1
29 0 121164 2 23.377514 plmp4_1
29 0 118381 3 23.330006 plmp4_1
29 0 108579 4 23.060871 plmp4_1
29 0 111471 5 22.681498 plmp4_1
29 0 112646 6 22.678394 plmp4_1
29 0 111978 7 22.648514 plmp4_1
29 0 118044 8 22.571913 plmp4_1
29 0 137739 9 22.571327 plmp4_1
30 0 205788 0 89.778206 plmp4_1
30 0 218921 1 74.06293 plmp4_1
30 0 4151826 2 68.374794 plmp4_1
30 0 899483 3 67.855354 plmp4_1
30 0 148795 4 67.30877 plmp4_1
30 0 626206 5 65.281425 plmp4_1
30 0 179213 6 63.9779 plmp4_1
30 0 802770 7 63.743027 plmp4_1
30 0 2642828 8 61.371708 plmp4_1
30 0 145841 9 59.652252 plmp4_1
31 0 118023 0 53.899517 plmp4_1
31 0 2795279 1 51.5077 plmp4_1
31 0 118458 2 46.97053 plmp4_1
31 0 117924 3 46.677597 plmp4_1
31 0 110015 4 45.92846 plmp4_1
31 0 109450 5 45.829918 plmp4_1
31 0 109006 6 45.76481 plmp4_1
31 0 111175 7 44.507244 plmp4_1
31 0 145778 8 44.050285 plmp4_1
31 0 118455 9 43.990883 plmp4_1
32 0 1728 0 53.371986 plmp4_1
32 0 111434 1 49.366035 plmp4_1
32 0 112329 2 48.91408 plmp4_1
32 0 112850 3 46.228424 plmp4_1
32 0 125839 4 46.055172 plmp4_1
32 0 112447 5 44.795013 plmp4_1
32 0 112090 6 43.982708 plmp4_1
32 0 118455 7 43.404972 plmp4_1
32 0 117853 8 42.51772 plmp4_1
32 0 111596 9 42.009804 plmp4_1
33 0 2676594 0 42.357403 plmp4_1
33 0 2675753 1 41.094566 plmp4_1
33 0 2679204 2 41.094566 plmp4_1
33 0 2809767 3 40.1969 plmp4_1
33 0 2811850 4 40.1969 plmp4_1
33 0 112487 5 38.63091 plmp4_1
33 0 145870 6 38.261757 plmp4_1
33 0 112485 7 38.074337 plmp4_1
33 0 112705 8 37.59493 plmp4_1
33 0 1756 9 37.434326 plmp4_1
34 0 2676594 0 153.6873 plmp4_1
34 0 2675753 1 151.28714 plmp4_1
34 0 2679204 2 151.28714 plmp4_1
34 0 2809767 3 121.829094 plmp4_1
34 0 2811850 4 121.829094 plmp4_1
34 0 121158 5 71.3253 plmp4_1
34 0 136994 6 68.71703 plmp4_1
34 0 137727 7 66.84338 plmp4_1
34 0 112325 8 66.63874 plmp4_1
34 0 3216389 9 64.87146 plmp4_1
35 0 821306 0 31.087719 plmp4_1
35 0 2768888 1 30.529167 plmp4_1
35 0 205203 2 29.366987 plmp4_1
35 0 2654532 3 28.506933 plmp4_1
35 0 931124 4 27.690159 plmp4_1
35 0 3181025 5 27.055483 plmp4_1
35 0 625833 6 26.330925 plmp4_1
35 0 623843 7 26.207108 plmp4_1
35 0 2801434 8 25.58684 plmp4_1
35 0 1757 9 25.40468 plmp4_1
36 0 118319 0 41.083454 plmp4_1
36 0 779833 1 39.98992 plmp4_1
36 0 798511 2 39.98992 plmp4_1
36 0 3170730 3 39.751423 plmp4_1
36 0 3177197 4 39.751423 plmp4_1
36 0 218927 5 38.228622 plmp4_1
36 0 2670966 6 38.099037 plmp4_1
36 0 118142 7 37.3988 plmp4_1
36 0 3203656 8 37.083744 plmp4_1
36 0 3206414 9 37.083744 plmp4_1
37 0 4151829 0 36.61553 plmp4_1
37 0 145629 1 33.083046 plmp4_1
37 0 118269 2 30.824677 plmp4_1
37 0 110007 3 29.974524 plmp4_1
37 0 107652 4 29.625416 plmp4_1
37 0 145731 5 29.391901 plmp4_1
37 0 110742 6 28.10005 plmp4_1
37 0 110137 7 28.05763 plmp4_1
37 0 118446 8 27.87195 plmp4_1
37 0 145855 9 27.698631 plmp4_1
38 0 145855 0 79.443886 plmp4_1
38 0 145731 1 72.66823 plmp4_1
38 0 4151829 2 69.898705 plmp4_1
38 0 118269 3 55.701057 plmp4_1
38 0 1993216 4 52.876465 plmp4_1
38 0 111982 5 46.285633 plmp4_1
38 0 112292 6 44.58588 plmp4_1
38 0 112910 7 44.181244 plmp4_1
38 0 111420 8 42.27341 plmp4_1
38 0 110774 9 41.60723 plmp4_1
39 0 112568 0 55.263077 plmp4_1
39 0 112420 1 45.654305 plmp4_1
39 0 118457 2 43.484188 plmp4_1
39 0 130141 3 40.043716 plmp4_1
39 0 111432 4 39.724564 plmp4_1
39 0 621044 5 38.867714 plmp4_1
39 0 621090 6 38.867714 plmp4_1
39 0 2959739 7 38.867714 plmp4_1
39 0 108442 8 38.02179 plmp4_1
39 0 2959744 9 37.816113 plmp4_1
40 0 105200 0 55.10786 plmp4_1
40 0 621044 1 54.214108 plmp4_1
40 0 621090 2 54.214108 plmp4_1
40 0 2959739 3 54.214108 plmp4_1
40 0 2144 4 49.08752 plmp4_1
40 0 118457 5 48.835236 plmp4_1
40 0 122254 6 48.37072 plmp4_1
40 0 104688 7 48.35911 plmp4_1
40 0 1731 8 47.38214 plmp4_1
40 0 2674861 9 46.8785 plmp4_1
41 0 112924 0 56.48326 plmp4_1
41 0 2810525 1 48.96236 plmp4_1
41 0 2811847 2 48.96236 plmp4_1
41 0 145756 3 47.465534 plmp4_1
41 0 112585 4 46.079914 plmp4_1
41 0 2654533 5 44.262295 plmp4_1
41 0 2654756 6 44.262295 plmp4_1
41 0 111198 7 43.969826 plmp4_1
41 0 111254 8 40.852448 plmp4_1
41 0 145662 9 40.76013 plmp4_1
42 0 112585 0 64.56623 plmp4_1
42 0 2654533 1 59.71937 plmp4_1
42 0 2654756 2 59.71937 plmp4_1
42 0 110132 3 52.240112 plmp4_1
42 0 109186 4 52.181396 plmp4_1
42 0 111198 5 49.70506 plmp4_1
42 0 111891 6 49.1115 plmp4_1
42 0 112924 7 46.703053 plmp4_1
42 0 145785 8 45.14389 plmp4_1
42 0 117833 9 44.147488 plmp4_1
43 0 2680590 0 46.580357 plmp4_1
43 0 2959745 1 46.580357 plmp4_1
43 0 112920 2 41.77799 plmp4_1
43 0 121170 3 41.073944 plmp4_1
43 0 112305 4 40.226917 plmp4_1
43 0 101906 5 37.254333 plmp4_1
43 0 104999 6 34.40917 plmp4_1
43 0 99953 7 34.014725 plmp4_1
43 0 2812589 8 33.675884 plmp4_1
43 0 2959749 9 33.675884 plmp4_1
44 0 183480 0 15.76622 plmp4_1
44 0 1755 1 13.915462 plmp4_1
44 0 135284 2 13.729057 plmp4_1
44 0 96678 3 13.351741 plmp4_1
44 0 2781925 4 13.190357 plmp4_1
44 0 92563 5 13.148494 plmp4_1
44 0 99616 6 13.079235 plmp4_1
44 0 91444 7 13.056753 plmp4_1
44 0 145712 8 12.984035 plmp4_1
44 0 92375 9 12.670679 plmp4_1
45 0 3204917 0 81.66696 plmp4_1
45 0 800568 1 73.274254 plmp4_1
45 0 145903 2 70.66285 plmp4_1
45 0 866024 3 68.59687 plmp4_1
45 0 858802 4 68.59687 plmp4_1
45 0 3181481 5 67.956535 plmp4_1
45 0 150542 6 66.14352 plmp4_1
45 0 145861 7 63.50564 plmp4_1
45 0 2808291 8 62.106163 plmp4_1
45 0 626207 9 60.613777 plmp4_1
46 0 866024 0 162.87848 plmp4_1
46 0 858802 1 162.86816 plmp4_1
46 0 623145 2 121.8311 plmp4_1
46 0 3204917 3 118.49835 plmp4_1
46 0 2804673 4 110.12111 plmp4_1
46 0 145861 5 109.4766 plmp4_1
46 0 150542 6 104.970436 plmp4_1
46 0 903971 7 91.99742 plmp4_1
46 0 2959742 8 91.99742 plmp4_1
46 0 618680 9 90.07893 plmp4_1
47 0 2674861 0 73.90059 plmp4_1
47 0 2675754 1 73.90059 plmp4_1
47 0 2672209 2 40.23573 plmp4_1
47 0 2657779 3 40.23573 plmp4_1
47 0 2678133 4 39.908165 plmp4_1
47 0 821305 5 39.78904 plmp4_1
47 0 2671723 6 38.8889 plmp4_1
47 0 903973 7 38.760956 plmp4_1
47 0 4164893 8 38.55126 plmp4_1
47 0 4172500 9 38.095364 plmp4_1
48 0 2674861 0 73.362465 plmp4_1
48 0 2675754 1 73.362465 plmp4_1
48 0 96147 2 38.14701 plmp4_1
48 0 103019 3 36.952023 plmp4_1
48 0 3170727 4 35.425163 plmp4_1
48 0 92421 5 35.33683 plmp4_1
48 0 142882 6 35.269936 plmp4_1
48 0 96612 7 34.54855 plmp4_1
48 0 111362 8 34.39738 plmp4_1
48 0 3204919 9 34.345764 plmp4_1
49 0 2810525 0 53.741833 plmp4_1
49 0 2811847 1 53.741833 plmp4_1
49 0 4162535 2 40.879 plmp4_1
49 0 2812210 3 35.671356 plmp4_1
49 0 4151826 4 33.85167 plmp4_1
49 0 2809767 5 33.758106 plmp4_1
49 0 2811850 6 33.758106 plmp4_1
49 0 2811845 7 32.03796 plmp4_1
49 0 4162110 8 31.959381 plmp4_1
49 0 3153112 9 31.712011 plmp4_1
50 0 3153112 0 68.07512 plmp4_1
50 0 4162535 1 60.74173 plmp4_1
50 0 2810525 2 53.07006 plmp4_1
50 0 2811847 3 53.07006 plmp4_1
50 0 3204917 4 34.527355 plmp4_1
50 0 2789928 5 34.17539 plmp4_1
50 0 3181025 6 34.117607 plmp4_1
50 0 3170730 7 33.85171 plmp4_1
50 0 3177197 8 33.85171 plmp4_1
50 0 3162143 9 32.997498 plmp4_1
51 0 2752078 0 35.930294 plmp4_1
51 0 215412 1 33.07299 plmp4_1
51 0 112770 2 32.72171 plmp4_1
51 0 616869 3 32.204254 plmp4_1
51 0 178546 4 32.078964 plmp4_1
51 0 616433 5 31.53832 plmp4_1
51 0 111908 6 31.176306 plmp4_1
51 0 145872 7 31.050484 plmp4_1
51 0 4170684 8 31.048544 plmp4_1
51 0 149006 9 31.009012 plmp4_1
52 0 112770 0 26.549414 plmp4_1
52 0 103302 1 23.432047 plmp4_1
52 0 112931 2 23.424007 plmp4_1
52 0 112243 3 23.085922 plmp4_1
52 0 802399 4 22.615776 plmp4_1
52 0 84894 5 22.404112 plmp4_1
52 0 112250 6 22.215849 plmp4_1
52 0 112094 7 21.76346 plmp4_1
52 0 98744 8 21.463669 plmp4_1
52 0 112005 9 21.268723 plmp4_1
53 0 799985 0 50.482307 plmp4_1
53 0 2808291 1 48.618652 plmp4_1
53 0 145792 2 45.363003 plmp4_1
53 0 2771250 3 45.133423 plmp4_1
53 0 1744 4 42.278736 plmp4_1
53 0 2655591 5 39.379612 plmp4_1
53 0 145647 6 39.36933 plmp4_1
53 0 145807 7 38.318092 plmp4_1
53 0 145714 8 37.720074 plmp4_1
53 0 148483 9 37.267185 plmp4_1
54 0 872994 0 76.41544 plmp4_1
54 0 811778 1 65.21195 plmp4_1
54 0 811777 2 62.37097 plmp4_1
54 0 943668 3 58.103107 plmp4_1
54 0 616862 4 48.765965 plmp4_1
54 0 931123 5 48.74777 plmp4_1
54 0 2808291 6 46.782658 plmp4_1
54 0 625711 7 46.192245 plmp4_1
54 0 1744 8 45.127243 plmp4_1
54 0 145792 9 42.85298 plmp4_1
55 0 4154603 0 88.54245 plmp4_1
55 0 145855 1 64.7787 plmp4_1
55 0 145731 2 58.525726 plmp4_1
55 0 118269 3 54.618576 plmp4_1
55 0 145629 4 54.491695 plmp4_1
55 0 111261 5 48.642826 plmp4_1
55 0 112910 6 46.32011 plmp4_1
55 0 111420 7 42.960777 plmp4_1
55 0 112292 8 41.86487 plmp4_1
55 0 110774 9 40.06043 plmp4_1
56 0 4154603 0 144.62221 plmp4_1
56 0 145731 1 87.07747 plmp4_1
56 0 112910 2 81.79588 plmp4_1
56 0 118269 3 81.693825 plmp4_1
56 0 145855 4 68.65145 plmp4_1
56 0 145629 5 65.93996 plmp4_1
56 0 110774 6 64.09104 plmp4_1
56 0 1993216 7 62.5476 plmp4_1
56 0 111261 8 61.877293 plmp4_1
56 0 111420 9 59.02038 plmp4_1
57 0 867644 0 40.120945 plmp4_1
57 0 800859 1 39.92348 plmp4_1
57 0 117856 2 39.320385 plmp4_1
57 0 118470 3 37.618217 plmp4_1
57 0 800569 4 36.999466 plmp4_1
57 0 145815 5 36.695923 plmp4_1
57 0 118094 6 35.782135 plmp4_1
57 0 802408 7 35.246094 plmp4_1
57 0 87781 8 35.06914 plmp4_1
57 0 118224 9 34.454685 plmp4_1
58 0 145735 0 68.691284 plmp4_1
58 0 112467 1 45.769238 plmp4_1
58 0 145800 2 44.3896 plmp4_1
58 0 106179 3 42.852573 plmp4_1
58 0 2676592 4 42.661312 plmp4_1
58 0 217702 5 41.647915 plmp4_1
58 0 108547 6 41.310055 plmp4_1
58 0 106848 7 40.370968 plmp4_1
58 0 110330 8 39.29294 plmp4_1
58 0 4172497 9 38.76688 plmp4_1
59 0 2788983 0 160.51152 plmp4_1
59 0 4170685 1 140.11006 plmp4_1
59 0 145627 2 118.17031 plmp4_1
59 0 118037 3 117.687965 plmp4_1
59 0 117968 4 115.57135 plmp4_1
59 0 118040 5 114.3954 plmp4_1
59 0 118129 6 113.6932 plmp4_1
59 0 3205767 7 111.47339 plmp4_1
59 0 1087691 8 105.12332 plmp4_1
59 0 118422 9 104.86754 plmp4_1
60 0 3195891 0 147.08736 plmp4_1
60 0 4170685 1 126.31498 plmp4_1
60 0 2788983 2 119.60593 plmp4_1
60 0 118334 3 118.26862 plmp4_1
60 0 621195 4 115.90536 plmp4_1
60 0 621270 5 115.90536 plmp4_1
60 0 118129 6 112.946175 plmp4_1
60 0 130158 7 108.232315 plmp4_1
60 0 145627 8 103.745605 plmp4_1
60 0 118107 9 103.55831 plmp4_1
61 0 145743 0 77.859375 plmp4_1
61 0 145923 1 75.732086 plmp4_1
61 0 2812210 2 72.05959 plmp4_1
61 0 112854 3 68.57922 plmp4_1
61 0 218457 4 65.82622 plmp4_1
61 0 179213 5 60.35227 plmp4_1
61 0 219815 6 58.82129 plmp4_1
61 0 3195092 7 56.287613 plmp4_1
61 0 1732 8 56.13343 plmp4_1
61 0 145844 9 55.306843 plmp4_1
62 0 2812210 0 38.992954 plmp4_1
62 0 118098 1 31.156172 plmp4_1
62 0 110926 2 30.214066 plmp4_1
62 0 110091 3 28.827623 plmp4_1
62 0 117875 4 28.817417 plmp4_1
62 0 218457 5 28.725706 plmp4_1
62 0 118299 6 28.017092 plmp4_1
62 0 109681 7 27.849567 plmp4_1
62 0 145876 8 27.533209 plmp4_1
62 0 112794 9 27.43628 plmp4_1
63 0 2812589 0 31.849655 plmp4_1
63 0 2959749 1 31.849655 plmp4_1
63 0 112803 2 30.261908 plmp4_1
63 0 118148 3 30.07328 plmp4_1
63 0 112394 4 28.228153 plmp4_1
63 0 117935 5 26.685736 plmp4_1
63 0 3191119 6 26.675816 plmp4_1
63 0 2784695 7 26.260654 plmp4_1
63 0 106985 8 26.205294 plmp4_1
63 0 111250 9 25.526846 plmp4_1
64 0 3205767 0 53.015804 plmp4_1
64 0 3205768 1 46.498566 plmp4_1
64 0 3207860 2 44.0033 plmp4_1
64 0 2758568 3 43.924538 plmp4_1
64 0 3214775 4 41.388115 plmp4_1
64 0 2809766 5 40.899845 plmp4_1
64 0 2811849 6 40.899845 plmp4_1
64 0 3205736 7 39.241802 plmp4_1
64 0 3197367 8 38.990284 plmp4_1
64 0 821189 9 38.524467 plmp4_1
65 0 118123 0 116.148315 plmp4_1
65 0 150540 1 56.716442 plmp4_1
65 0 110645 2 55.76915 plmp4_1
65 0 873668 3 51.120747 plmp4_1
65 0 149286 4 46.92933 plmp4_1
65 0 145867 5 46.909832 plmp4_1
65 0 1750 6 46.34944 plmp4_1
65 0 3211501 7 45.403187 plmp4_1
65 0 111051 8 45.282616 plmp4_1
65 0 112441 9 45.206326 plmp4_1
66 0 3211501 0 103.13508 plmp4_1
66 0 145867 1 92.658104 plmp4_1
66 0 118123 2 79.3715 plmp4_1
66 0 143378 3 73.9673 plmp4_1
66 0 3213872 4 66.28686 plmp4_1
66 0 3214775 5 64.69222 plmp4_1
66 0 3195445 6 64.51965 plmp4_1
66 0 109237 7 64.32019 plmp4_1
66 0 112935 8 61.951122 plmp4_1
66 0 111632 9 58.110493 plmp4_1
67 0 145800 0 116.70975 plmp4_1
67 0 867645 1 110.10651 plmp4_1
67 0 103675 2 60.78352 plmp4_1
67 0 106844 3 48.80956 plmp4_1
67 0 104522 4 47.643887 plmp4_1
67 0 110330 5 47.23215 plmp4_1
67 0 106757 6 46.769215 plmp4_1
67 0 103678 7 46.011787 plmp4_1
67 0 4104822 8 43.830746 plmp4_1
67 0 103916 9 43.805737 plmp4_1
68 0 145800 0 105.06902 plmp4_1
68 0 867645 1 83.91553 plmp4_1
68 0 97893 2 62.65438 plmp4_1
68 0 88704 3 62.280586 plmp4_1
68 0 87585 4 55.52101 plmp4_1
68 0 88756 5 55.384735 plmp4_1
68 0 94177 6 54.112976 plmp4_1
68 0 88819 7 51.251583 plmp4_1
68 0 93847 8 50.966637 plmp4_1
68 0 103093 9 50.50563 plmp4_1
69 0 182558 0 64.591965 plmp4_1
69 0 111709 1 54.833458 plmp4_1
69 0 866022 2 53.956047 plmp4_1
69 0 3214778 3 52.233913 plmp4_1
69 0 3214777 4 51.708736 plmp4_1
69 0 149289 5 50.219753 plmp4_1
69 0 117859 6 49.689503 plmp4_1
69 0 2676593 7 48.03396 plmp4_1
69 0 110068 8 47.995262 plmp4_1
69 0 112534 9 46.93473 plmp4_1
70 0 182558 0 66.12299 plmp4_1
70 0 118111 1 59.191814 plmp4_1
70 0 109835 2 58.84957 plmp4_1
70 0 111709 3 58.703346 plmp4_1
70 0 3214778 4 58.463036 plmp4_1
70 0 112534 5 57.02821 plmp4_1
70 0 866022 6 56.259132 plmp4_1
70 0 149289 7 54.477577 plmp4_1
70 0 112301 8 54.021538 plmp4_1
70 0 3214777 9 53.78038 plmp4_1
71 0 118052 0 70.603874 plmp4_1
71 0 112904 1 65.48757 plmp4_1
71 0 118234 2 61.418034 plmp4_1
71 0 112914 3 60.97127 plmp4_1
71 0 3189783 4 59.859516 plmp4_1
71 0 145121 5 59.822044 plmp4_1
71 0 112823 6 56.378597 plmp4_1
71 0 118005 7 55.047813 plmp4_1
71 0 106096 8 53.005615 plmp4_1
71 0 111103 9 52.04603 plmp4_1
72 0 118052 0 77.83089 plmp4_1
72 0 112904 1 74.727715 plmp4_1
72 0 118234 2 65.67256 plmp4_1
72 0 112914 3 60.92798 plmp4_1
72 0 118005 4 60.777626 plmp4_1
72 0 145121 5 60.552643 plmp4_1
72 0 3189783 6 59.51526 plmp4_1
72 0 112823 7 57.31078 plmp4_1
72 0 117979 8 54.502296 plmp4_1
72 0 111103 9 54.245937 plmp4_1
73 0 2804674 0 24.016907 plmp4_1
73 0 110175 1 22.165901 plmp4_1
73 0 145624 2 21.752186 plmp4_1
73 0 118043 3 20.62218 plmp4_1
73 0 109931 4 20.414295 plmp4_1
73 0 1087954 5 20.317469 plmp4_1
73 0 112600 6 19.890118 plmp4_1
73 0 109750 7 19.724886 plmp4_1
73 0 110540 8 19.717867 plmp4_1
73 0 112637 9 19.63828 plmp4_1
74 0 2804674 0 54.882282 plmp4_1
74 0 109284 1 51.55836 plmp4_1
74 0 107904 2 48.916637 plmp4_1
74 0 112774 3 46.21422 plmp4_1
74 0 2675749 4 45.235317 plmp4_1
74 0 127908 5 40.90903 plmp4_1
74 0 110798 6 39.119972 plmp4_1
74 0 803268 7 38.568253 plmp4_1
74 0 219511 8 38.284306 plmp4_1
74 0 219616 9 38.284306 plmp4_1
75 0 89410 0 57.80806 plmp4_1
75 0 98058 1 57.6426 plmp4_1
75 0 96318 2 56.584805 plmp4_1
75 0 89224 3 56.20306 plmp4_1
75 0 92916 4 55.807537 plmp4_1
75 0 86533 5 52.367123 plmp4_1
75 0 110964 6 51.9252 plmp4_1
75 0 92470 7 47.48785 plmp4_1
75 0 91724 8 47.322433 plmp4_1
75 0 106494 9 47.280117 plmp4_1
76 0 2679833 0 55.173653 plmp4_1
76 0 2680440 1 55.173653 plmp4_1
76 0 110964 2 52.033306 plmp4_1
76 0 2670966 3 48.22115 plmp4_1
76 0 145861 4 45.77643 plmp4_1
76 0 110779 5 45.300133 plmp4_1
76 0 108900 6 45.134876 plmp4_1
76 0 105454 7 44.930927 plmp4_1
76 0 867644 8 43.697857 plmp4_1
76 0 112428 9 43.611214 plmp4_1
77 0 145817 0 77.252686 plmp4_1
77 0 4151822 1 76.28657 plmp4_1
77 0 112726 2 75.48582 plmp4_1
77 0 2812588 3 71.70839 plmp4_1
77 0 134747 4 71.564064 plmp4_1
77 0 2770446 5 68.59471 plmp4_1
77 0 145647 6 67.74626 plmp4_1
77 0 111029 7 62.880795 plmp4_1
77 0 111455 8 61.881638 plmp4_1
77 0 1087693 9 60.16988 plmp4_1
78 0 2812588 0 27.72959 plmp4_1
78 0 145632 1 26.339495 plmp4_1
78 0 110045 2 25.057606 plmp4_1
78 0 112358 3 22.956646 plmp4_1
78 0 118022 4 22.301271 plmp4_1
78 0 109932 5 22.161777 plmp4_1
78 0 112139 6 21.645573 plmp4_1
78 0 903977 7 21.618395 plmp4_1
78 0 902767 8 21.618395 plmp4_1
78 0 799976 9 21.549753 plmp4_1
79 0 111009 0 100.89691 plmp4_1
79 0 118143 1 91.79628 plmp4_1
79 0 111470 2 90.014626 plmp4_1
79 0 110221 3 67.85372 plmp4_1
79 0 2680438 4 67.248695 plmp4_1
79 0 3171728 5 52.0179 plmp4_1
79 0 118513 6 49.940266 plmp4_1
79 0 110183 7 47.92502 plmp4_1
79 0 109626 8 44.55859 plmp4_1
79 0 218665 9 44.1571 plmp4_1
80 0 111009 0 94.145775 plmp4_1
80 0 111470 1 93.905495 plmp4_1
80 0 118143 2 93.810524 plmp4_1
80 0 145859 3 60.963634 plmp4_1
80 0 110221 4 60.647408 plmp4_1
80 0 626054 5 58.755768 plmp4_1
80 0 106328 6 57.860348 plmp4_1
80 0 109342 7 56.86475 plmp4_1
80 0 2672210 8 53.904236 plmp4_1
80 0 2654755 9 53.904236 plmp4_1
81 0 148484 0 56.531124 plmp4_1
81 0 112440 1 43.713898 plmp4_1
81 0 122253 2 36.97219 plmp4_1
81 0 117833 3 33.77581 plmp4_1
81 0 118445 4 32.235325 plmp4_1
81 0 799981 5 30.726448 plmp4_1
81 0 127900 6 27.592756 plmp4_1
81 0 145755 7 27.423792 plmp4_1
81 0 1726 8 27.297113 plmp4_1
81 0 799979 9 26.710667 plmp4_1
82 0 2803250 0 57.554108 plmp4_1
82 0 118368 1 54.353355 plmp4_1
82 0 127900 2 54.207054 plmp4_1
82 0 1726 3 52.23451 plmp4_1
82 0 799981 4 51.476112 plmp4_1
82 0 145865 5 50.601036 plmp4_1
82 0 118126 6 48.930706 plmp4_1
82 0 216735 7 48.342903 plmp4_1
82 0 216806 8 48.342903 plmp4_1
82 0 112292 9 37.70427 plmp4_1
83 0 145859 0 75.178925 plmp4_1
83 0 110289 1 53.412254 plmp4_1
83 0 112922 2 50.551277 plmp4_1
83 0 112368 3 49.982067 plmp4_1
83 0 109894 4 49.11347 plmp4_1
83 0 111333 5 46.446888 plmp4_1
83 0 137746 6 45.497963 plmp4_1
83 0 145870 7 44.553524 plmp4_1
83 0 111286 8 43.812183 plmp4_1
83 0 109038 9 42.69254 plmp4_1
84 0 145859 0 73.949265 plmp4_1
84 0 112922 1 58.938744 plmp4_1
84 0 107293 2 56.17047 plmp4_1
84 0 110289 3 53.820816 plmp4_1
84 0 800858 4 52.592934 plmp4_1
84 0 109894 5 50.190445 plmp4_1
84 0 109895 6 49.399933 plmp4_1
84 0 110681 7 48.647057 plmp4_1
84 0 111286 8 48.358326 plmp4_1
84 0 107980 9 47.060814 plmp4_1
85 0 2959737 0 91.66537 plmp4_1
85 0 802973 1 90.94103 plmp4_1
85 0 803271 2 90.94103 plmp4_1
85 0 3177199 3 68.643234 plmp4_1
85 0 3171724 4 68.47033 plmp4_1
85 0 3177200 5 68.47033 plmp4_1
85 0 3205766 6 53.73965 plmp4_1
85 0 150543 7 50.85395 plmp4_1
85 0 2959732 8 50.85395 plmp4_1
85 0 146553 9 50.71092 plmp4_1
86 0 3205766 0 58.876453 plmp4_1
86 0 3171724 1 57.756577 plmp4_1
86 0 3177199 2 57.756577 plmp4_1
86 0 3177200 3 57.756577 plmp4_1
86 0 802973 4 44.03987 plmp4_1
86 0 803271 5 44.03987 plmp4_1
86 0 2959737 6 44.03987 plmp4_1
86 0 150543 7 42.72912 plmp4_1
86 0 2959732 8 42.72912 plmp4_1
86 0 146553 9 42.222237 plmp4_1
87 0 104480 0 24.605265 plmp4_1
87 0 1088038 1 22.259754 plmp4_1
87 0 106464 2 21.804604 plmp4_1
87 0 110760 3 21.609104 plmp4_1
87 0 110372 4 20.712967 plmp4_1
87 0 111446 5 20.410164 plmp4_1
87 0 112689 6 19.93535 plmp4_1
87 0 104998 7 19.837975 plmp4_1
87 0 136998 8 19.654814 plmp4_1
87 0 143378 9 19.579445 plmp4_1
88 0 182992 0 49.07379 plmp4_1
88 0 182991 1 48.391945 plmp4_1
88 0 625832 2 46.03522 plmp4_1
88 0 626055 3 46.03522 plmp4_1
88 0 145897 4 44.623096 plmp4_1
88 0 149653 5 44.055523 plmp4_1
88 0 145633 6 40.992603 plmp4_1
88 0 625833 7 39.58112 plmp4_1
88 0 2654277 8 39.03139 plmp4_1
88 0 1756 9 38.68636 plmp4_1
89 0 4151822 0 124.63305 plmp4_1
89 0 2770446 1 117.370766 plmp4_1
89 0 2812588 2 101.13337 plmp4_1
89 0 4162110 3 93.68375 plmp4_1
89 0 145817 4 65.196045 plmp4_1
89 0 145647 5 64.484985 plmp4_1
89 0 134747 6 63.806107 plmp4_1
89 0 4162111 7 58.19959 plmp4_1
89 0 145954 8 55.957447 plmp4_1
89 0 219509 9 46.549046 plmp4_1
90 0 4151822 0 122.756546 plmp4_1
90 0 2812588 1 114.62294 plmp4_1
90 0 2770446 2 99.189255 plmp4_1
90 0 145626 3 74.63137 plmp4_1
90 0 111913 4 63.81932 plmp4_1
90 0 118054 5 61.563225 plmp4_1
90 0 130150 6 60.16227 plmp4_1
90 0 626454 7 59.6127 plmp4_1
90 0 2620698 8 58.934208 plmp4_1
90 0 3181025 9 57.57271 plmp4_1
91 0 3212514 0 165.2685 plmp4_1
91 0 110249 1 64.83863 plmp4_1
91 0 145785 2 64.74 plmp4_1
91 0 1087959 3 64.54404 plmp4_1
91 0 109857 4 63.457798 plmp4_1
91 0 145892 5 63.012234 plmp4_1
91 0 118507 6 62.22271 plmp4_1
91 0 219097 7 59.18745 plmp4_1
91 0 145873 8 56.977276 plmp4_1
91 0 856791 9 54.551773 plmp4_1
92 0 3212514 0 161.38608 plmp4_1
92 0 110249 1 73.68826 plmp4_1
92 0 1087959 2 71.51183 plmp4_1
92 0 118507 3 68.145164 plmp4_1
92 0 109857 4 63.457798 plmp4_1
92 0 145892 5 59.026104 plmp4_1
92 0 219097 6 57.252872 plmp4_1
92 0 134732 7 53.586777 plmp4_1
92 0 110213 8 53.539043 plmp4_1
92 0 145785 9 53.536182 plmp4_1
93 0 118334 0 93.46978 plmp4_1
93 0 118107 1 92.183525 plmp4_1
93 0 117874 2 83.80855 plmp4_1
93 0 145901 3 82.945305 plmp4_1
93 0 130158 4 82.552895 plmp4_1
93 0 931614 5 80.059975 plmp4_1
93 0 112824 6 79.02201 plmp4_1
93 0 118129 7 76.771385 plmp4_1
93 0 110877 8 75.72086 plmp4_1
93 0 112905 9 74.32328 plmp4_1
94 0 931614 0 101.13464 plmp4_1
94 0 145901 1 85.17749 plmp4_1
94 0 2788983 2 80.3398 plmp4_1
94 0 117874 3 78.26034 plmp4_1
94 0 118334 4 77.21877 plmp4_1
94 0 118129 5 77.10325 plmp4_1
94 0 3195891 6 74.57204 plmp4_1
94 0 118107 7 74.31317 plmp4_1
94 0 112824 8 72.314064 plmp4_1
94 0 4151827 9 70.7644 plmp4_1
95 0 108555 0 54.283188 plmp4_1
95 0 105495 1 52.55436 plmp4_1
95 0 107232 2 49.272995 plmp4_1
95 0 106171 3 46.908585 plmp4_1
95 0 107475 4 42.79617 plmp4_1
95 0 106073 5 36.47368 plmp4_1
95 0 109444 6 35.74239 plmp4_1
95 0 103631 7 34.907387 plmp4_1
95 0 112750 8 34.613304 plmp4_1
95 0 101111 9 31.880009 plmp4_1
96 0 108555 0 56.799595 plmp4_1
96 0 103631 1 53.2282 plmp4_1
96 0 92705 2 45.993782 plmp4_1
96 0 96341 3 44.77767 plmp4_1
96 0 96542 4 44.73409 plmp4_1
96 0 92746 5 44.23325 plmp4_1
96 0 93739 6 43.19922 plmp4_1
96 0 93395 7 43.18337 plmp4_1
96 0 96359 8 42.525856 plmp4_1
96 0 92672 9 42.520073 plmp4_1
97 0 112101 0 69.902756 plmp4_1
97 0 111922 1 50.836197 plmp4_1
97 0 820748 2 31.159027 plmp4_1
97 0 117959 3 29.8422 plmp4_1
97 0 146554 4 29.37418 plmp4_1
97 0 2655597 5 27.77659 plmp4_1
97 0 2959743 6 26.864225 plmp4_1
97 0 858289 7 26.864225 plmp4_1
97 0 112574 8 26.11446 plmp4_1
97 0 112247 9 24.686848 plmp4_1
98 0 118467 0 21.393318 plmp4_1
98 0 134732 1 20.840046 plmp4_1
98 0 112092 2 19.30439 plmp4_1
98 0 2655591 3 18.604034 plmp4_1
98 0 108100 4 17.885538 plmp4_1
98 0 106593 5 17.632904 plmp4_1
98 0 2676593 6 17.523428 plmp4_1
98 0 110996 7 17.355019 plmp4_1
98 0 112398 8 16.922684 plmp4_1
98 0 118061 9 16.846859 plmp4_1
99 0 112267 0 72.17646 plmp4_1
99 0 111884 1 49.321312 plmp4_1
99 0 110552 2 40.33957 plmp4_1
99 0 145914 3 37.340954 plmp4_1
99 0 118121 4 37.10997 plmp4_1
99 0 109976 5 35.352707 plmp4_1
99 0 112723 6 32.45646 plmp4_1
99 0 104759 7 32.355175 plmp4_1
99 0 110578 8 31.944042 plmp4_1
99 0 854177 9 30.086061 plmp4_1
100 0 112267 0 77.21788 plmp4_1
100 0 111884 1 63.442307 plmp4_1
100 0 110552 2 61.75575 plmp4_1
100 0 108405 3 56.534775 plmp4_1
100 0 102906 4 55.76978 plmp4_1
100 0 109673 5 53.99878 plmp4_1
100 0 110296 6 53.454987 plmp4_1
100 0 112033 7 51.084793 plmp4_1
100 0 111381 8 48.62718 plmp4_1
100 0 104524 9 48.612347 plmp4_1
