1 0 3204919 0 114.20127 plmp10_10
1 0 2649076 1 105.01431 plmp10_10
1 0 149702 2 100.38224 plmp10_10
1 0 3177197 3 99.67515 plmp10_10
1 0 3170730 4 99.53913 plmp10_10
1 0 2812210 5 98.66699 plmp10_10
1 0 4164893 6 98.07011 plmp10_10
1 0 219733 7 96.56908 plmp10_10
1 0 220342 8 96.56908 plmp10_10
1 0 2809767 9 96.17774 plmp10_10
2 0 103631 0 101.719406 plmp10_10
2 0 145692 1 101.6883 plmp10_10
2 0 103549 2 98.143265 plmp10_10
2 0 104671 3 95.91972 plmp10_10
2 0 104571 4 95.28788 plmp10_10
2 0 108555 5 93.74083 plmp10_10
2 0 105116 6 90.55973 plmp10_10
2 0 4170684 7 87.37944 plmp10_10
2 0 96850 8 86.43555 plmp10_10
2 0 93789 9 84.52322 plmp10_10
3 0 3162143 0 137.7921 plmp10_10
3 0 215496 1 128.08939 plmp10_10
3 0 215694 2 128.08939 plmp10_10
3 0 2959735 3 128.08833 plmp10_10
3 0 118475 4 123.562454 plmp10_10
3 0 130157 5 121.29634 plmp10_10
3 0 117959 6 119.06254 plmp10_10
3 0 903973 7 119.05326 plmp10_10
3 0 145821 8 117.47276 plmp10_10
3 0 117907 9 117.13575 plmp10_10
4 0 215694 0 243.43 plmp10_10
4 0 2959735 1 243.42792 plmp10_10
4 0 215496 2 243.3645 plmp10_10
4 0 3162143 3 218.99806 plmp10_10
4 0 118029 4 201.89249 plmp10_10
4 0 903973 5 192.70312 plmp10_10
4 0 149007 6 191.7613 plmp10_10
4 0 623142 7 190.2947 plmp10_10
4 0 145900 8 175.71167 plmp10_10
4 0 145890 9 173.09253 plmp10_10
5 0 145652 0 93.728935 plmp10_10
5 0 1740 1 91.19769 plmp10_10
5 0 110831 2 90.35485 plmp10_10
5 0 2672209 3 86.83298 plmp10_10
5 0 2657779 4 86.83298 plmp10_10
5 0 131163 5 84.09906 plmp10_10
5 0 110056 6 83.82489 plmp10_10
5 0 3214778 7 82.344826 plmp10_10
5 0 112708 8 82.30247 plmp10_10
5 0 118360 9 80.638695 plmp10_10
6 0 110654 0 142.6507 plmp10_10
6 0 110056 1 109.06583 plmp10_10
6 0 3203656 2 102.79195 plmp10_10
6 0 3206414 3 102.79195 plmp10_10
6 0 111258 4 100.9992 plmp10_10
6 0 183480 5 93.615944 plmp10_10
6 0 111114 6 93.43062 plmp10_10
6 0 110789 7 92.26005 plmp10_10
6 0 111661 8 85.0873 plmp10_10
6 0 110097 9 84.038376 plmp10_10
7 0 2672535 0 63.900192 plmp10_10
7 0 219733 1 63.269043 plmp10_10
7 0 220342 2 63.269043 plmp10_10
7 0 134749 3 62.7698 plmp10_10
7 0 118511 4 62.51225 plmp10_10
7 0 147531 5 62.124985 plmp10_10
7 0 3195892 6 61.13003 plmp10_10
7 0 217512 7 61.032722 plmp10_10
7 0 130162 8 60.724106 plmp10_10
7 0 2655591 9 60.643867 plmp10_10
8 0 134749 0 138.31506 plmp10_10
8 0 112174 1 136.6637 plmp10_10
8 0 145868 2 123.87175 plmp10_10
8 0 145715 3 122.11435 plmp10_10
8 0 112834 4 119.36874 plmp10_10
8 0 147531 5 118.147995 plmp10_10
8 0 110932 6 114.01004 plmp10_10
8 0 2678467 7 113.77479 plmp10_10
8 0 2679202 8 113.77479 plmp10_10
8 0 2959746 9 113.77479 plmp10_10
9 0 2675751 0 148.41667 plmp10_10
9 0 854177 1 138.7876 plmp10_10
9 0 147530 2 137.56445 plmp10_10
9 0 112641 3 130.9216 plmp10_10
9 0 118317 4 130.32472 plmp10_10
9 0 2679557 5 129.99033 plmp10_10
9 0 127923 6 128.91907 plmp10_10
9 0 112931 7 128.69748 plmp10_10
9 0 118323 8 128.6621 plmp10_10
9 0 2655498 9 127.827156 plmp10_10
10 0 111500 0 174.19731 plmp10_10
10 0 112423 1 163.95142 plmp10_10
10 0 118087 2 162.15132 plmp10_10
10 0 214949 3 159.63116 plmp10_10
10 0 215071 4 159.63116 plmp10_10
10 0 112657 5 157.77255 plmp10_10
10 0 118511 6 153.9062 plmp10_10
10 0 147531 7 153.7625 plmp10_10
10 0 112293 8 153.12189 plmp10_10
10 0 112800 9 152.32733 plmp10_10
11 0 2810524 0 100.16536 plmp10_10
11 0 2811846 1 100.16536 plmp10_10
11 0 217512 2 97.255264 plmp10_10
11 0 2809767 3 96.37692 plmp10_10
11 0 2811850 4 96.37692 plmp10_10
11 0 145960 5 96.11687 plmp10_10
11 0 4151830 6 95.5371 plmp10_10
11 0 150541 7 94.173706 plmp10_10
11 0 148483 8 94.07975 plmp10_10
11 0 873668 9 89.87374 plmp10_10
12 0 2672535 0 119.10233 plmp10_10
12 0 183479 1 89.961075 plmp10_10
12 0 3211503 2 89.78588 plmp10_10
12 0 3207860 3 89.24371 plmp10_10
12 0 2790213 4 88.38876 plmp10_10
12 0 3181025 5 87.9409 plmp10_10
12 0 2809767 6 87.46917 plmp10_10
12 0 2811850 7 87.46917 plmp10_10
12 0 112490 8 86.73232 plmp10_10
12 0 108766 9 86.633965 plmp10_10
13 0 2812588 0 121.2086 plmp10_10
13 0 802973 1 110.33405 plmp10_10
13 0 803271 2 110.33405 plmp10_10
13 0 2959737 3 110.33405 plmp10_10
13 0 2642828 4 105.12635 plmp10_10
13 0 4162111 5 103.96513 plmp10_10
13 0 150543 6 103.92465 plmp10_10
13 0 2959732 7 103.92445 plmp10_10
13 0 2959730 8 102.95308 plmp10_10
13 0 108605 9 102.69558 plmp10_10
14 0 2812588 0 76.76351 plmp10_10
14 0 614392 1 73.688194 plmp10_10
14 0 614485 2 73.688194 plmp10_10
14 0 118296 3 71.040634 plmp10_10
14 0 2670965 4 69.63986 plmp10_10
14 0 148483 5 68.47391 plmp10_10
14 0 124715 6 68.3149 plmp10_10
14 0 118015 7 68.2135 plmp10_10
14 0 108730 8 67.88167 plmp10_10
14 0 2153 9 67.62186 plmp10_10
15 0 2812588 0 164.9978 plmp10_10
15 0 4151822 1 145.39464 plmp10_10
15 0 2770446 2 122.98559 plmp10_10
15 0 2809767 3 116.84957 plmp10_10
15 0 2811850 4 116.84957 plmp10_10
15 0 2771249 5 108.33176 plmp10_10
15 0 2812210 6 102.92139 plmp10_10
15 0 2809766 7 102.07038 plmp10_10
15 0 2811849 8 102.07038 plmp10_10
15 0 3153112 9 101.27861 plmp10_10
16 0 4151822 0 144.11096 plmp10_10
16 0 2812588 1 118.125244 plmp10_10
16 0 145817 2 106.62929 plmp10_10
16 0 2770446 3 97.39981 plmp10_10
16 0 3209687 4 96.948044 plmp10_10
16 0 134747 5 94.592606 plmp10_10
16 0 111455 6 94.18652 plmp10_10
16 0 4155979 7 92.80352 plmp10_10
16 0 4151826 8 91.77413 plmp10_10
16 0 112061 9 90.612076 plmp10_10
17 0 4161362 0 71.64355 plmp10_10
17 0 148484 1 70.80629 plmp10_10
17 0 111122 2 70.33362 plmp10_10
17 0 620566 3 69.756966 plmp10_10
17 0 117987 4 69.52428 plmp10_10
17 0 145865 5 68.66358 plmp10_10
17 0 217512 6 68.65862 plmp10_10
17 0 118230 7 66.65099 plmp10_10
17 0 112076 8 66.27359 plmp10_10
17 0 1751 9 65.83458 plmp10_10
18 0 205712 0 166.64777 plmp10_10
18 0 148484 1 160.60538 plmp10_10
18 0 620566 2 149.08427 plmp10_10
18 0 217512 3 143.04985 plmp10_10
18 0 206097 4 139.55124 plmp10_10
18 0 1753 5 137.47417 plmp10_10
18 0 145664 6 137.34744 plmp10_10
18 0 820903 7 136.92499 plmp10_10
18 0 145635 8 136.40134 plmp10_10
18 0 131156 9 136.25899 plmp10_10
19 0 2654533 0 186.24829 plmp10_10
19 0 2654756 1 186.24829 plmp10_10
19 0 112808 2 140.58098 plmp10_10
19 0 4151826 3 138.96536 plmp10_10
19 0 4172500 4 137.08862 plmp10_10
19 0 219509 5 136.42018 plmp10_10
19 0 2812210 6 135.50139 plmp10_10
19 0 2781925 7 135.47571 plmp10_10
19 0 112775 8 135.05807 plmp10_10
19 0 4151825 9 134.59158 plmp10_10
20 0 2654533 0 189.98366 plmp10_10
20 0 2654756 1 189.98366 plmp10_10
20 0 112775 2 136.17616 plmp10_10
20 0 4172500 3 135.80762 plmp10_10
20 0 4151825 4 135.59595 plmp10_10
20 0 4151826 5 134.68016 plmp10_10
20 0 219509 6 134.003 plmp10_10
20 0 2781925 7 133.7581 plmp10_10
20 0 2670966 8 133.1597 plmp10_10
20 0 206098 9 132.39482 plmp10_10
21 0 873660 0 200.26846 plmp10_10
21 0 117890 1 182.95108 plmp10_10
21 0 112799 2 176.45241 plmp10_10
21 0 121159 3 172.80344 plmp10_10
21 0 118081 4 171.77924 plmp10_10
21 0 118416 5 166.40726 plmp10_10
21 0 3181482 6 165.60912 plmp10_10
21 0 867657 7 163.22972 plmp10_10
21 0 145925 8 161.91145 plmp10_10
21 0 2811845 9 161.05351 plmp10_10
22 0 117890 0 214.46228 plmp10_10
22 0 2659300 1 199.44809 plmp10_10
22 0 112799 2 195.99844 plmp10_10
22 0 118081 3 187.97368 plmp10_10
22 0 121159 4 182.02594 plmp10_10
22 0 118416 5 181.20642 plmp10_10
22 0 145925 6 180.0884 plmp10_10
22 0 3181482 7 171.93391 plmp10_10
22 0 2811845 8 171.0982 plmp10_10
22 0 2781925 9 171.02263 plmp10_10
23 0 2811847 0 116.65999 plmp10_10
23 0 2810525 1 116.65529 plmp10_10
23 0 118449 2 114.10565 plmp10_10
23 0 2801435 3 109.497505 plmp10_10
23 0 145738 4 107.23572 plmp10_10
23 0 112257 5 106.927505 plmp10_10
23 0 623242 6 105.05131 plmp10_10
23 0 118180 7 103.82752 plmp10_10
23 0 2675750 8 103.48544 plmp10_10
23 0 4162535 9 101.209595 plmp10_10
24 0 1738 0 53.055634 plmp10_10
24 0 145778 1 49.60293 plmp10_10
24 0 802408 2 45.578865 plmp10_10
24 0 2790213 3 44.807667 plmp10_10
24 0 145866 4 44.18696 plmp10_10
24 0 2801435 5 43.906273 plmp10_10
24 0 2678133 6 43.87997 plmp10_10
24 0 145635 7 43.688354 plmp10_10
24 0 118449 8 43.08795 plmp10_10
24 0 217512 9 43.040855 plmp10_10
25 0 112616 0 155.22916 plmp10_10
25 0 2655499 1 111.865616 plmp10_10
25 0 110318 2 107.49927 plmp10_10
25 0 3211503 3 98.26913 plmp10_10
25 0 108792 4 96.74404 plmp10_10
25 0 118021 5 96.44305 plmp10_10
25 0 821305 6 92.68764 plmp10_10
25 0 111495 7 90.646034 plmp10_10
25 0 112457 8 88.039215 plmp10_10
25 0 117845 9 87.806175 plmp10_10
26 0 117872 0 154.75865 plmp10_10
26 0 112616 1 143.38785 plmp10_10
26 0 112045 2 140.17418 plmp10_10
26 0 118026 3 136.09435 plmp10_10
26 0 112324 4 130.88986 plmp10_10
26 0 112457 5 127.81704 plmp10_10
26 0 112259 6 127.51953 plmp10_10
26 0 127910 7 125.00836 plmp10_10
26 0 118052 8 124.26405 plmp10_10
26 0 145779 9 122.87918 plmp10_10
27 0 4157405 0 241.82042 plmp10_10
27 0 4157382 1 241.81825 plmp10_10
27 0 111141 2 149.17744 plmp10_10
27 0 112346 3 147.1256 plmp10_10
27 0 112523 4 132.58066 plmp10_10
27 0 145636 5 124.956924 plmp10_10
27 0 3204918 6 123.2382 plmp10_10
27 0 931121 7 123.12351 plmp10_10
27 0 150541 8 119.56709 plmp10_10
27 0 931120 9 116.75978 plmp10_10
28 0 4157405 0 194.71495 plmp10_10
28 0 4157382 1 194.71278 plmp10_10
28 0 112346 2 138.15741 plmp10_10
28 0 111141 3 127.0582 plmp10_10
28 0 931121 4 103.79725 plmp10_10
28 0 145827 5 102.80502 plmp10_10
28 0 110706 6 100.72062 plmp10_10
28 0 112523 7 99.347565 plmp10_10
28 0 118489 8 99.14178 plmp10_10
28 0 145636 9 98.79463 plmp10_10
29 0 4151826 0 53.19857 plmp10_10
29 0 205788 1 52.621326 plmp10_10
29 0 111471 2 52.51107 plmp10_10
29 0 145632 3 51.53979 plmp10_10
29 0 137739 4 51.20641 plmp10_10
29 0 118351 5 51.011684 plmp10_10
29 0 112620 6 50.804596 plmp10_10
29 0 117875 7 50.06684 plmp10_10
29 0 118400 8 49.575035 plmp10_10
29 0 110984 9 49.29265 plmp10_10
30 0 205788 0 154.91759 plmp10_10
30 0 218921 1 141.95372 plmp10_10
30 0 145841 2 137.68001 plmp10_10
30 0 148795 3 131.25702 plmp10_10
30 0 137739 4 130.89392 plmp10_10
30 0 145761 5 130.02107 plmp10_10
30 0 4151826 6 129.95854 plmp10_10
30 0 145708 7 128.79999 plmp10_10
30 0 112704 8 123.348526 plmp10_10
30 0 626206 9 123.098145 plmp10_10
31 0 145925 0 107.559654 plmp10_10
31 0 110561 1 105.05325 plmp10_10
31 0 112486 2 104.021034 plmp10_10
31 0 118023 3 100.50407 plmp10_10
31 0 118458 4 99.931404 plmp10_10
31 0 131149 5 99.3951 plmp10_10
31 0 118353 6 98.54811 plmp10_10
31 0 112781 7 96.104416 plmp10_10
31 0 118061 8 95.955635 plmp10_10
31 0 112356 9 95.91653 plmp10_10
32 0 112329 0 83.980736 plmp10_10
32 0 1728 1 80.02999 plmp10_10
32 0 111434 2 79.82964 plmp10_10
32 0 112850 3 78.249 plmp10_10
32 0 112447 4 75.93662 plmp10_10
32 0 118455 5 72.0682 plmp10_10
32 0 111596 6 71.6418 plmp10_10
32 0 117963 7 70.43376 plmp10_10
32 0 118139 8 69.28677 plmp10_10
32 0 118427 9 69.11584 plmp10_10
33 0 110795 0 97.26346 plmp10_10
33 0 145870 1 96.55267 plmp10_10
33 0 109532 2 96.491234 plmp10_10
33 0 112485 3 96.39425 plmp10_10
33 0 109535 4 96.21545 plmp10_10
33 0 109935 5 95.191345 plmp10_10
33 0 121158 6 94.50099 plmp10_10
33 0 112808 7 93.895134 plmp10_10
33 0 111863 8 93.20239 plmp10_10
33 0 2809767 9 92.43213 plmp10_10
34 0 2676594 0 301.6087 plmp10_10
34 0 2675753 1 293.84204 plmp10_10
34 0 2679204 2 293.84204 plmp10_10
34 0 2809767 3 217.85948 plmp10_10
34 0 2811850 4 217.85948 plmp10_10
34 0 121158 5 144.67575 plmp10_10
34 0 3216389 6 142.79088 plmp10_10
34 0 112325 7 132.50035 plmp10_10
34 0 130155 8 130.14091 plmp10_10
34 0 625710 9 126.009315 plmp10_10
35 0 821306 0 62.63357 plmp10_10
35 0 102737 1 58.38457 plmp10_10
35 0 145660 2 57.513634 plmp10_10
35 0 134742 3 56.98262 plmp10_10
35 0 213843 4 56.678215 plmp10_10
35 0 214063 5 56.678215 plmp10_10
35 0 214467 6 56.678215 plmp10_10
35 0 2959740 7 55.76848 plmp10_10
35 0 931615 8 55.76848 plmp10_10
35 0 118079 9 55.08603 plmp10_10
36 0 118238 0 116.1709 plmp10_10
36 0 109923 1 115.25997 plmp10_10
36 0 118319 2 114.159805 plmp10_10
36 0 118142 3 108.11912 plmp10_10
36 0 118329 4 107.75185 plmp10_10
36 0 902769 5 105.97348 plmp10_10
36 0 217512 6 105.44515 plmp10_10
36 0 3177197 7 105.18514 plmp10_10
36 0 3170730 8 105.02747 plmp10_10
36 0 213843 9 104.89809 plmp10_10
37 0 4151829 0 80.36187 plmp10_10
37 0 110774 1 79.679504 plmp10_10
37 0 118269 2 75.88964 plmp10_10
37 0 118290 3 74.8192 plmp10_10
37 0 110742 4 74.343666 plmp10_10
37 0 112133 5 73.46671 plmp10_10
37 0 145731 6 72.945366 plmp10_10
37 0 108863 7 71.980865 plmp10_10
37 0 121171 8 71.92835 plmp10_10
37 0 111982 9 71.53035 plmp10_10
38 0 145855 0 116.52732 plmp10_10
38 0 145731 1 111.58242 plmp10_10
38 0 4151829 2 109.45271 plmp10_10
38 0 118269 3 96.113106 plmp10_10
38 0 1993216 4 92.1098 plmp10_10
38 0 110774 5 86.742966 plmp10_10
38 0 112910 6 85.447136 plmp10_10
38 0 111982 7 82.39521 plmp10_10
38 0 112292 8 81.8646 plmp10_10
38 0 111420 9 81.02201 plmp10_10
39 0 112568 0 96.91617 plmp10_10
39 0 112420 1 87.35227 plmp10_10
39 0 118457 2 83.95118 plmp10_10
39 0 111432 3 79.61972 plmp10_10
39 0 2959744 4 76.0912 plmp10_10
39 0 855518 5 76.0912 plmp10_10
39 0 621044 6 75.83465 plmp10_10
39 0 621090 7 75.83465 plmp10_10
39 0 2959739 8 75.83465 plmp10_10
39 0 2674861 9 75.241554 plmp10_10
40 0 105200 0 142.4543 plmp10_10
40 0 621044 1 130.55783 plmp10_10
40 0 621090 2 130.55783 plmp10_10
40 0 2959739 3 130.55783 plmp10_10
40 0 122254 4 127.674225 plmp10_10
40 0 2959744 5 123.34078 plmp10_10
40 0 855518 6 123.34078 plmp10_10
40 0 108818 7 122.227585 plmp10_10
40 0 1731 8 120.63811 plmp10_10
40 0 104688 9 116.56081 plmp10_10
41 0 112924 0 167.60506 plmp10_10
41 0 111198 1 148.744 plmp10_10
41 0 2654533 2 148.33931 plmp10_10
41 0 2654756 3 148.33931 plmp10_10
41 0 2811847 4 146.11555 plmp10_10
41 0 2810525 5 146.11086 plmp10_10
41 0 112731 6 142.30693 plmp10_10
41 0 127916 7 140.8282 plmp10_10
41 0 111891 8 137.61821 plmp10_10
41 0 112585 9 135.94902 plmp10_10
42 0 2654533 0 166.0531 plmp10_10
42 0 2654756 1 166.0531 plmp10_10
42 0 112924 2 160.7755 plmp10_10
42 0 112585 3 158.31177 plmp10_10
42 0 111198 4 157.20973 plmp10_10
42 0 111891 5 153.36618 plmp10_10
42 0 110132 6 152.35677 plmp10_10
42 0 109186 7 149.37228 plmp10_10
42 0 112731 8 147.38254 plmp10_10
42 0 109352 9 145.41603 plmp10_10
43 0 2680590 0 115.893105 plmp10_10
43 0 2959745 1 115.893105 plmp10_10
43 0 112920 2 112.207664 plmp10_10
43 0 112305 3 109.79271 plmp10_10
43 0 112803 4 102.27007 plmp10_10
43 0 118148 5 100.6735 plmp10_10
43 0 2959749 6 96.459404 plmp10_10
43 0 2812589 7 96.434235 plmp10_10
43 0 2784695 8 94.76507 plmp10_10
43 0 112644 9 93.96413 plmp10_10
44 0 3213871 0 35.576443 plmp10_10
44 0 802408 1 35.372948 plmp10_10
44 0 145903 2 35.254543 plmp10_10
44 0 92563 3 35.186077 plmp10_10
44 0 118269 4 34.869392 plmp10_10
44 0 2781925 5 34.397648 plmp10_10
44 0 183480 6 34.282684 plmp10_10
44 0 118182 7 34.00643 plmp10_10
44 0 109864 8 33.988785 plmp10_10
44 0 111107 9 33.974052 plmp10_10
45 0 3204917 0 202.14963 plmp10_10
45 0 866024 1 180.94101 plmp10_10
45 0 858802 2 180.94101 plmp10_10
45 0 150542 3 173.41978 plmp10_10
45 0 145772 4 167.59746 plmp10_10
45 0 800568 5 166.626 plmp10_10
45 0 145861 6 165.7075 plmp10_10
45 0 145903 7 164.73178 plmp10_10
45 0 137725 8 163.71667 plmp10_10
45 0 118452 9 162.57605 plmp10_10
46 0 866024 0 307.92075 plmp10_10
46 0 858802 1 307.91043 plmp10_10
46 0 903971 2 217.39197 plmp10_10
46 0 2959742 3 217.39197 plmp10_10
46 0 623145 4 216.86871 plmp10_10
46 0 2804673 5 212.9525 plmp10_10
46 0 3204917 6 211.51259 plmp10_10
46 0 2657927 7 200.53198 plmp10_10
46 0 150542 8 195.50723 plmp10_10
46 0 1732 9 191.20213 plmp10_10
47 0 2674861 0 143.49074 plmp10_10
47 0 2675754 1 143.49074 plmp10_10
47 0 2790213 2 92.94321 plmp10_10
47 0 2671723 3 92.656166 plmp10_10
47 0 2795703 4 91.950005 plmp10_10
47 0 2797292 5 91.950005 plmp10_10
47 0 2678133 6 91.42622 plmp10_10
47 0 626207 7 90.23362 plmp10_10
47 0 821305 8 89.92199 plmp10_10
47 0 2803251 9 89.13097 plmp10_10
48 0 2674861 0 150.28201 plmp10_10
48 0 2675754 1 150.28201 plmp10_10
48 0 3170727 2 97.74992 plmp10_10
48 0 111362 3 95.98185 plmp10_10
48 0 2646093 4 90.96215 plmp10_10
48 0 117864 5 90.61704 plmp10_10
48 0 145756 6 90.5096 plmp10_10
48 0 112867 7 89.18142 plmp10_10
48 0 96612 8 87.120285 plmp10_10
48 0 110753 9 86.982155 plmp10_10
49 0 2810525 0 80.14377 plmp10_10
49 0 2811847 1 80.14377 plmp10_10
49 0 4162535 2 73.253204 plmp10_10
49 0 4151826 3 66.9453 plmp10_10
49 0 3153112 4 64.56422 plmp10_10
49 0 2809767 5 61.298073 plmp10_10
49 0 2811850 6 61.298073 plmp10_10
49 0 2812210 7 61.04694 plmp10_10
49 0 2803251 8 60.56439 plmp10_10
49 0 3177197 9 58.581825 plmp10_10
50 0 3153112 0 112.73576 plmp10_10
50 0 4162535 1 103.14388 plmp10_10
50 0 2810525 2 84.72304 plmp10_10
50 0 2811847 3 84.72304 plmp10_10
50 0 4151826 4 74.42286 plmp10_10
50 0 3181025 5 70.40528 plmp10_10
50 0 2809767 6 67.68916 plmp10_10
50 0 2811850 7 67.68916 plmp10_10
50 0 3177197 8 66.64118 plmp10_10
50 0 2812210 9 66.62482 plmp10_10
51 0 112770 0 106.09754 plmp10_10
51 0 78783 1 88.96898 plmp10_10
51 0 2812589 2 87.42061 plmp10_10
51 0 2959749 3 87.42061 plmp10_10
51 0 616433 4 86.8458 plmp10_10
51 0 145872 5 83.631935 plmp10_10
51 0 213842 6 82.46211 plmp10_10
51 0 117907 7 82.13075 plmp10_10
51 0 3195892 8 81.94803 plmp10_10
51 0 134749 9 80.00065 plmp10_10
52 0 112770 0 69.61916 plmp10_10
52 0 112931 1 63.08548 plmp10_10
52 0 112243 2 62.98155 plmp10_10
52 0 103302 3 57.08467 plmp10_10
52 0 103145 4 56.80027 plmp10_10
52 0 105869 5 56.7448 plmp10_10
52 0 89354 6 56.204494 plmp10_10
52 0 85451 7 55.34527 plmp10_10
52 0 127923 8 55.197506 plmp10_10
52 0 127887 9 55.154057 plmp10_10
53 0 799985 0 122.08825 plmp10_10
53 0 2808291 1 100.55273 plmp10_10
53 0 148483 2 97.67323 plmp10_10
53 0 145792 3 97.49299 plmp10_10
53 0 145664 4 96.73761 plmp10_10
53 0 2771250 5 95.27174 plmp10_10
53 0 621045 6 92.95238 plmp10_10
53 0 145635 7 92.06084 plmp10_10
53 0 117916 8 91.5595 plmp10_10
53 0 625711 9 91.50634 plmp10_10
54 0 625711 0 123.615685 plmp10_10
54 0 872994 1 119.68524 plmp10_10
54 0 811778 2 119.63285 plmp10_10
54 0 931123 3 117.406654 plmp10_10
54 0 2808291 4 109.11277 plmp10_10
54 0 799985 5 108.91247 plmp10_10
54 0 621045 6 104.66905 plmp10_10
54 0 3195890 7 100.9415 plmp10_10
54 0 3177197 8 99.72866 plmp10_10
54 0 2650505 9 99.375946 plmp10_10
55 0 4154603 0 166.06363 plmp10_10
55 0 145731 1 133.97736 plmp10_10
55 0 118269 2 133.32399 plmp10_10
55 0 145629 3 127.832306 plmp10_10
55 0 145855 4 124.752174 plmp10_10
55 0 111261 5 124.23508 plmp10_10
55 0 110774 6 121.389336 plmp10_10
55 0 112910 7 107.69204 plmp10_10
55 0 111982 8 106.32129 plmp10_10
55 0 111420 9 102.98564 plmp10_10
56 0 4154603 0 230.33676 plmp10_10
56 0 118269 1 176.00728 plmp10_10
56 0 145731 2 175.37143 plmp10_10
56 0 112910 3 158.61775 plmp10_10
56 0 110774 4 157.7188 plmp10_10
56 0 111261 5 157.45215 plmp10_10
56 0 145629 6 153.5383 plmp10_10
56 0 145855 7 142.66971 plmp10_10
56 0 1993216 8 135.60419 plmp10_10
56 0 111420 9 134.493 plmp10_10
57 0 802408 0 124.0292 plmp10_10
57 0 867644 1 120.97189 plmp10_10
57 0 122254 2 120.953125 plmp10_10
57 0 800569 3 120.641205 plmp10_10
57 0 118297 4 120.22254 plmp10_10
57 0 815320 5 117.97509 plmp10_10
57 0 112324 6 117.253136 plmp10_10
57 0 118224 7 116.92923 plmp10_10
57 0 145815 8 116.305145 plmp10_10
57 0 117856 9 115.90025 plmp10_10
58 0 145735 0 118.28248 plmp10_10
58 0 112467 1 104.48195 plmp10_10
58 0 217702 2 103.60387 plmp10_10
58 0 2672207 3 98.40883 plmp10_10
58 0 2671725 4 98.3774 plmp10_10
58 0 106179 5 98.042076 plmp10_10
58 0 108547 6 97.40217 plmp10_10
58 0 2676592 7 96.7471 plmp10_10
58 0 798626 8 94.939224 plmp10_10
58 0 145815 9 94.29091 plmp10_10
59 0 2788983 0 301.58353 plmp10_10
59 0 4170685 1 274.74612 plmp10_10
59 0 145627 2 249.2984 plmp10_10
59 0 118037 3 248.5909 plmp10_10
59 0 117968 4 243.64662 plmp10_10
59 0 118129 5 240.29967 plmp10_10
59 0 118040 6 226.68895 plmp10_10
59 0 1087691 7 215.3433 plmp10_10
59 0 134735 8 210.38795 plmp10_10
59 0 3195891 9 206.44308 plmp10_10
60 0 2788983 0 282.26 plmp10_10
60 0 3195891 1 280.3066 plmp10_10
60 0 4170685 2 265.80856 plmp10_10
60 0 145627 3 260.71497 plmp10_10
60 0 118129 4 260.29056 plmp10_10
60 0 117968 5 248.08482 plmp10_10
60 0 118334 6 244.68376 plmp10_10
60 0 130158 7 242.76422 plmp10_10
60 0 931614 8 233.7591 plmp10_10
60 0 111737 9 229.08147 plmp10_10
61 0 2812210 0 168.23192 plmp10_10
61 0 145743 1 165.1781 plmp10_10
61 0 145923 2 159.06099 plmp10_10
61 0 218457 3 149.08781 plmp10_10
61 0 3195092 4 134.72385 plmp10_10
61 0 1732 5 134.64557 plmp10_10
61 0 145815 6 132.76163 plmp10_10
61 0 112854 7 128.94066 plmp10_10
61 0 1087959 8 125.18853 plmp10_10
61 0 112435 9 124.408394 plmp10_10
62 0 2812210 0 85.312515 plmp10_10
62 0 110091 1 74.59411 plmp10_10
62 0 118381 2 72.12169 plmp10_10
62 0 110661 3 71.7625 plmp10_10
62 0 118299 4 71.69493 plmp10_10
62 0 118188 5 71.41863 plmp10_10
62 0 130161 6 69.66477 plmp10_10
62 0 110926 7 69.31371 plmp10_10
62 0 117875 8 68.784904 plmp10_10
62 0 112485 9 68.76824 plmp10_10
63 0 149702 0 82.96258 plmp10_10
63 0 108111 1 79.9442 plmp10_10
63 0 108713 2 79.56602 plmp10_10
63 0 118148 3 79.45254 plmp10_10
63 0 118011 4 78.633804 plmp10_10
63 0 104521 5 78.61493 plmp10_10
63 0 105001 6 77.59261 plmp10_10
63 0 107685 7 77.454926 plmp10_10
63 0 108539 8 77.42349 plmp10_10
63 0 118318 9 77.253944 plmp10_10
64 0 3205768 0 98.841446 plmp10_10
64 0 2758568 1 92.9222 plmp10_10
64 0 3207860 2 89.482414 plmp10_10
64 0 2809766 3 88.58174 plmp10_10
64 0 2811849 4 88.58174 plmp10_10
64 0 3205736 5 84.739975 plmp10_10
64 0 3205767 6 84.222374 plmp10_10
64 0 106391 7 83.66693 plmp10_10
64 0 3217226 8 82.87955 plmp10_10
64 0 4151826 9 82.40545 plmp10_10
65 0 118123 0 206.81802 plmp10_10
65 0 150540 1 148.45363 plmp10_10
65 0 110645 2 146.72597 plmp10_10
65 0 3211501 3 145.25807 plmp10_10
65 0 131165 4 144.90935 plmp10_10
65 0 111051 5 141.37743 plmp10_10
65 0 109292 6 139.98186 plmp10_10
65 0 145883 7 135.36047 plmp10_10
65 0 112573 8 133.4927 plmp10_10
65 0 145734 9 133.23228 plmp10_10
66 0 3211501 0 225.25847 plmp10_10
66 0 145867 1 197.8916 plmp10_10
66 0 4151827 2 177.95677 plmp10_10
66 0 3213872 3 177.78223 plmp10_10
66 0 150540 4 175.35295 plmp10_10
66 0 4151826 5 174.91818 plmp10_10
66 0 802973 6 171.72818 plmp10_10
66 0 803271 7 171.72818 plmp10_10
66 0 2959737 8 171.72818 plmp10_10
66 0 3217422 9 170.15578 plmp10_10
67 0 145800 0 180.25781 plmp10_10
67 0 867645 1 174.12169 plmp10_10
67 0 103675 2 120.6459 plmp10_10
67 0 104522 3 116.06461 plmp10_10
67 0 103678 4 111.406654 plmp10_10
67 0 2810526 5 110.27199 plmp10_10
67 0 107938 6 107.31459 plmp10_10
67 0 110330 7 107.23431 plmp10_10
67 0 104055 8 106.659836 plmp10_10
67 0 111139 9 105.09427 plmp10_10
68 0 145800 0 177.8976 plmp10_10
68 0 867645 1 151.18723 plmp10_10
68 0 97584 2 117.379456 plmp10_10
68 0 103093 3 117.29213 plmp10_10
68 0 103678 4 114.395134 plmp10_10
68 0 88704 5 113.67594 plmp10_10
68 0 103675 6 113.53825 plmp10_10
68 0 94177 7 112.59526 plmp10_10
68 0 97893 8 111.0869 plmp10_10
68 0 104522 9 108.02304 plmp10_10
69 0 3214778 0 146.3468 plmp10_10
69 0 149289 1 144.19069 plmp10_10
69 0 117859 2 143.18254 plmp10_10
69 0 111709 3 140.83476 plmp10_10
69 0 110996 4 139.69743 plmp10_10
69 0 2676593 5 137.00357 plmp10_10
69 0 110068 6 135.61206 plmp10_10
69 0 112820 7 133.1206 plmp10_10
69 0 219733 8 132.241 plmp10_10
69 0 220342 9 132.241 plmp10_10
70 0 149289 0 162.09949 plmp10_10
70 0 3214778 1 161.88939 plmp10_10
70 0 2676593 2 160.53012 plmp10_10
70 0 118111 3 154.42871 plmp10_10
70 0 109835 4 153.49637 plmp10_10
70 0 219733 5 151.94055 plmp10_10
70 0 220342 6 151.94055 plmp10_10
70 0 149006 7 150.46158 plmp10_10
70 0 858289 8 147.66634 plmp10_10
70 0 2959743 9 147.64937 plmp10_10
71 0 145121 0 144.69147 plmp10_10
71 0 112914 1 142.20811 plmp10_10
71 0 118052 2 136.25633 plmp10_10
71 0 3189783 3 136.20465 plmp10_10
71 0 118287 4 131.9815 plmp10_10
71 0 2654533 5 129.04341 plmp10_10
71 0 2654756 6 129.04341 plmp10_10
71 0 112904 7 128.28343 plmp10_10
71 0 118005 8 124.18118 plmp10_10
71 0 118234 9 123.61032 plmp10_10
72 0 118052 0 145.41315 plmp10_10
72 0 145121 1 138.31975 plmp10_10
72 0 112914 2 137.29886 plmp10_10
72 0 3189783 3 135.28333 plmp10_10
72 0 112904 4 134.1098 plmp10_10
72 0 118234 5 130.26337 plmp10_10
72 0 118005 6 128.65463 plmp10_10
72 0 2654533 7 125.86254 plmp10_10
72 0 2654756 8 125.86254 plmp10_10
72 0 117979 9 121.57292 plmp10_10
73 0 2804674 0 79.52427 plmp10_10
73 0 110692 1 77.75581 plmp10_10
73 0 112206 2 71.355095 plmp10_10
73 0 108538 3 71.30578 plmp10_10
73 0 109935 4 69.83696 plmp10_10
73 0 109931 5 69.40473 plmp10_10
73 0 868383 6 69.22004 plmp10_10
73 0 217514 7 69.19233 plmp10_10
73 0 106391 8 68.80117 plmp10_10
73 0 110662 9 68.40137 plmp10_10
74 0 2804674 0 98.7201 plmp10_10
74 0 107904 1 89.852264 plmp10_10
74 0 109284 2 86.25967 plmp10_10
74 0 112774 3 84.28451 plmp10_10
74 0 127908 4 81.38041 plmp10_10
74 0 803268 5 77.194885 plmp10_10
74 0 2675749 6 76.90589 plmp10_10
74 0 112902 7 76.890175 plmp10_10
74 0 145810 8 75.20031 plmp10_10
74 0 111755 9 73.87904 plmp10_10
75 0 86460 0 122.902794 plmp10_10
75 0 118226 1 118.83281 plmp10_10
75 0 802770 2 116.73081 plmp10_10
75 0 89728 3 116.17319 plmp10_10
75 0 3189783 4 115.76404 plmp10_10
75 0 110964 5 113.45462 plmp10_10
75 0 2675751 6 113.19469 plmp10_10
75 0 86533 7 113.11607 plmp10_10
75 0 90423 8 112.512276 plmp10_10
75 0 112398 9 111.14718 plmp10_10
76 0 2679833 0 130.18802 plmp10_10
76 0 2680440 1 130.18802 plmp10_10
76 0 150540 2 124.485214 plmp10_10
76 0 112919 3 122.287025 plmp10_10
76 0 108900 4 121.275604 plmp10_10
76 0 111945 5 118.56959 plmp10_10
76 0 118298 6 118.541275 plmp10_10
76 0 110964 7 117.957855 plmp10_10
76 0 110779 8 117.499565 plmp10_10
76 0 112738 9 116.50653 plmp10_10
77 0 2812588 0 169.27708 plmp10_10
77 0 4151822 1 160.59538 plmp10_10
77 0 145817 2 150.37741 plmp10_10
77 0 111029 3 140.08102 plmp10_10
77 0 111455 4 137.65784 plmp10_10
77 0 2770446 5 136.6982 plmp10_10
77 0 112726 6 129.5541 plmp10_10
77 0 134747 7 126.33207 plmp10_10
77 0 111610 8 123.92731 plmp10_10
77 0 145902 9 123.456894 plmp10_10
78 0 2812588 0 68.82212 plmp10_10
78 0 145632 1 66.51269 plmp10_10
78 0 112485 2 65.691185 plmp10_10
78 0 111250 3 65.09455 plmp10_10
78 0 111092 4 64.756165 plmp10_10
78 0 111717 5 63.87665 plmp10_10
78 0 118022 6 63.695633 plmp10_10
78 0 117899 7 62.757233 plmp10_10
78 0 111869 8 62.26817 plmp10_10
78 0 799976 9 61.895275 plmp10_10
79 0 111009 0 171.74397 plmp10_10
79 0 118143 1 160.13342 plmp10_10
79 0 111470 2 145.96298 plmp10_10
79 0 110221 3 127.020256 plmp10_10
79 0 118513 4 96.796684 plmp10_10
79 0 2680438 5 92.7053 plmp10_10
79 0 106328 6 91.05826 plmp10_10
79 0 111964 7 90.356674 plmp10_10
79 0 110183 8 89.03966 plmp10_10
79 0 150540 9 85.67457 plmp10_10
80 0 118143 0 146.2897 plmp10_10
80 0 111009 1 134.2528 plmp10_10
80 0 150540 2 130.49791 plmp10_10
80 0 111470 3 130.25922 plmp10_10
80 0 145859 4 124.04644 plmp10_10
80 0 2672210 5 118.24398 plmp10_10
80 0 2654755 6 118.24398 plmp10_10
80 0 106328 7 115.8142 plmp10_10
80 0 2678468 8 112.96449 plmp10_10
80 0 2959747 9 112.96449 plmp10_10
81 0 148484 0 112.36923 plmp10_10
81 0 122253 1 87.26891 plmp10_10
81 0 112440 2 85.499275 plmp10_10
81 0 117841 3 75.31544 plmp10_10
81 0 112867 4 73.80958 plmp10_10
81 0 118445 5 71.69995 plmp10_10
81 0 121157 6 70.127 plmp10_10
81 0 112616 7 69.68804 plmp10_10
81 0 118368 8 69.42742 plmp10_10
81 0 118188 9 69.253845 plmp10_10
82 0 118368 0 115.77498 plmp10_10
82 0 1726 1 114.53661 plmp10_10
82 0 127900 2 110.24369 plmp10_10
82 0 2803250 3 106.5461 plmp10_10
82 0 216735 4 106.20831 plmp10_10
82 0 216806 5 106.20831 plmp10_10
82 0 799981 6 104.5333 plmp10_10
82 0 118126 7 102.16005 plmp10_10
82 0 145625 8 100.14171 plmp10_10
82 0 112139 9 99.26588 plmp10_10
83 0 145859 0 142.18958 plmp10_10
83 0 112922 1 107.61164 plmp10_10
83 0 137746 2 99.13266 plmp10_10
83 0 109894 3 98.10793 plmp10_10
83 0 111151 4 97.57863 plmp10_10
83 0 111246 5 96.94472 plmp10_10
83 0 145870 6 96.57928 plmp10_10
83 0 111194 7 95.29112 plmp10_10
83 0 110289 8 95.2142 plmp10_10
83 0 111286 9 94.113914 plmp10_10
84 0 145859 0 139.10884 plmp10_10
84 0 112922 1 118.52875 plmp10_10
84 0 111151 2 108.16752 plmp10_10
84 0 800858 3 106.95551 plmp10_10
84 0 107293 4 105.58484 plmp10_10
84 0 109895 5 104.89814 plmp10_10
84 0 109893 6 103.308304 plmp10_10
84 0 107980 7 102.85161 plmp10_10
84 0 110361 8 102.46995 plmp10_10
84 0 122251 9 102.32556 plmp10_10
85 0 2959737 0 210.76308 plmp10_10
85 0 802973 1 210.03874 plmp10_10
85 0 803271 2 210.03874 plmp10_10
85 0 3177199 3 160.17052 plmp10_10
85 0 3171724 4 159.9976 plmp10_10
85 0 3177200 5 159.9976 plmp10_10
85 0 150543 6 154.04541 plmp10_10
85 0 2959732 7 154.04521 plmp10_10
85 0 146553 8 153.31552 plmp10_10
85 0 146790 9 153.31532 plmp10_10
86 0 3177199 0 125.27596 plmp10_10
86 0 3171724 1 125.18218 plmp10_10
86 0 3177200 2 125.18218 plmp10_10
86 0 802973 3 118.23286 plmp10_10
86 0 803271 4 118.23286 plmp10_10
86 0 2959737 5 118.23286 plmp10_10
86 0 150543 6 110.36314 plmp10_10
86 0 2959732 7 110.36294 plmp10_10
86 0 146553 8 109.68375 plmp10_10
86 0 146790 9 109.68355 plmp10_10
87 0 111170 0 54.39768 plmp10_10
87 0 112807 1 53.90999 plmp10_10
87 0 143378 2 49.52493 plmp10_10
87 0 117987 3 49.020496 plmp10_10
87 0 136998 4 48.749992 plmp10_10
87 0 148483 5 48.71113 plmp10_10
87 0 117899 6 48.11995 plmp10_10
87 0 124715 7 47.831383 plmp10_10
87 0 111885 8 47.817127 plmp10_10
87 0 118313 9 47.43298 plmp10_10
88 0 182992 0 125.220894 plmp10_10
88 0 182991 1 115.71084 plmp10_10
88 0 145897 2 112.91746 plmp10_10
88 0 111170 3 111.633446 plmp10_10
88 0 149653 4 109.46013 plmp10_10
88 0 2654277 5 106.78427 plmp10_10
88 0 625832 6 104.36362 plmp10_10
88 0 626055 7 104.36362 plmp10_10
88 0 625833 8 104.31553 plmp10_10
88 0 112807 9 103.9116 plmp10_10
89 0 4151822 0 217.32623 plmp10_10
89 0 2812588 1 198.25217 plmp10_10
89 0 2770446 2 180.32259 plmp10_10
89 0 145647 3 132.88573 plmp10_10
89 0 4162110 4 129.0474 plmp10_10
89 0 134747 5 127.51707 plmp10_10
89 0 145817 6 126.39891 plmp10_10
89 0 2809767 7 101.06689 plmp10_10
89 0 2811850 8 101.06689 plmp10_10
89 0 145954 9 97.541595 plmp10_10
90 0 4151822 0 250.89674 plmp10_10
90 0 2812588 1 247.52983 plmp10_10
90 0 2770446 2 191.36336 plmp10_10
90 0 145626 3 186.79758 plmp10_10
90 0 118054 4 177.6183 plmp10_10
90 0 137748 5 173.33662 plmp10_10
90 0 3181025 6 170.85646 plmp10_10
90 0 2771249 7 168.23381 plmp10_10
90 0 130150 8 167.39148 plmp10_10
90 0 2654534 9 167.24817 plmp10_10
91 0 3212514 0 294.22922 plmp10_10
91 0 145782 1 154.16824 plmp10_10
91 0 1087959 2 148.5025 plmp10_10
91 0 134732 3 147.99847 plmp10_10
91 0 109857 4 146.22952 plmp10_10
91 0 118507 5 146.17754 plmp10_10
91 0 219097 6 143.1992 plmp10_10
91 0 112439 7 142.60577 plmp10_10
91 0 110249 8 141.59604 plmp10_10
91 0 110213 9 140.47691 plmp10_10
92 0 3212514 0 285.21472 plmp10_10
92 0 110249 1 175.32819 plmp10_10
92 0 1087959 2 174.39522 plmp10_10
92 0 118507 3 167.32933 plmp10_10
92 0 110213 4 147.11137 plmp10_10
92 0 110032 5 146.77557 plmp10_10
92 0 109857 6 145.88838 plmp10_10
92 0 134732 7 144.37486 plmp10_10
92 0 112439 8 139.82523 plmp10_10
92 0 134725 9 139.23993 plmp10_10
93 0 118334 0 202.42796 plmp10_10
93 0 117874 1 202.39015 plmp10_10
93 0 118107 2 200.34898 plmp10_10
93 0 145901 3 198.22925 plmp10_10
93 0 112905 4 192.06421 plmp10_10
93 0 112824 5 186.29147 plmp10_10
93 0 130158 6 185.51407 plmp10_10
93 0 110877 7 183.84361 plmp10_10
93 0 117968 8 181.14644 plmp10_10
93 0 2788983 9 180.51326 plmp10_10
94 0 145901 0 203.3859 plmp10_10
94 0 117874 1 199.24547 plmp10_10
94 0 931614 2 195.4599 plmp10_10
94 0 2788983 3 191.1289 plmp10_10
94 0 118334 4 182.24077 plmp10_10
94 0 4151827 5 181.85048 plmp10_10
94 0 118107 6 180.27925 plmp10_10
94 0 112905 7 180.26021 plmp10_10
94 0 111736 8 178.67146 plmp10_10
94 0 145627 9 177.15424 plmp10_10
95 0 108555 0 104.80393 plmp10_10
95 0 105495 1 100.78294 plmp10_10
95 0 107232 2 95.34017 plmp10_10
95 0 107475 3 92.557724 plmp10_10
95 0 106171 4 80.58322 plmp10_10
95 0 103631 5 78.54482 plmp10_10
95 0 109444 6 76.75521 plmp10_10
95 0 106073 7 74.775696 plmp10_10
95 0 104571 8 72.928734 plmp10_10
95 0 145692 9 72.59577 plmp10_10
96 0 103631 0 110.1346 plmp10_10
96 0 108555 1 110.10174 plmp10_10
96 0 799986 2 92.24392 plmp10_10
96 0 92746 3 91.44664 plmp10_10
96 0 96850 4 90.109436 plmp10_10
96 0 93739 5 89.22382 plmp10_10
96 0 96542 6 89.11033 plmp10_10
96 0 92705 7 89.02879 plmp10_10
96 0 108493 8 88.47893 plmp10_10
96 0 96359 9 87.70724 plmp10_10
97 0 112101 0 141.44 plmp10_10
97 0 111922 1 109.37627 plmp10_10
97 0 110718 2 81.22799 plmp10_10
97 0 2795279 3 79.01521 plmp10_10
97 0 134749 4 78.127266 plmp10_10
97 0 145902 5 77.798485 plmp10_10
97 0 118458 6 77.41993 plmp10_10
97 0 118111 7 76.76464 plmp10_10
97 0 117890 8 76.62615 plmp10_10
97 0 2655597 9 76.624596 plmp10_10
98 0 134732 0 39.669243 plmp10_10
98 0 2655591 1 39.58831 plmp10_10
98 0 110996 2 39.34897 plmp10_10
98 0 118148 3 39.322674 plmp10_10
98 0 117832 4 38.80044 plmp10_10
98 0 109088 5 38.563118 plmp10_10
98 0 145804 6 38.553608 plmp10_10
98 0 2811845 7 38.258137 plmp10_10
98 0 145903 8 38.238846 plmp10_10
98 0 118467 9 37.994072 plmp10_10
99 0 112267 0 126.0948 plmp10_10
99 0 111884 1 103.66716 plmp10_10
99 0 110552 2 94.466835 plmp10_10
99 0 112723 3 87.819214 plmp10_10
99 0 110578 4 81.79138 plmp10_10
99 0 109976 5 76.60228 plmp10_10
99 0 110935 6 74.19358 plmp10_10
99 0 109673 7 73.92791 plmp10_10
99 0 142887 8 72.90567 plmp10_10
99 0 109612 9 71.98691 plmp10_10
100 0 112267 0 160.9102 plmp10_10
100 0 110552 1 145.51944 plmp10_10
100 0 111884 2 123.707756 plmp10_10
100 0 111886 3 121.22856 plmp10_10
100 0 110098 4 117.46822 plmp10_10
100 0 109633 5 114.881714 plmp10_10
100 0 112723 6 113.96909 plmp10_10
100 0 110578 7 112.961975 plmp10_10
100 0 109673 8 112.11708 plmp10_10
100 0 111695 9 111.94944 plmp10_10
