1 0 3204919 0 90.76957 plmp8_3
1 0 2649076 1 83.97367 plmp8_3
1 0 149702 2 77.8895 plmp8_3
1 0 4164893 3 76.986595 plmp8_3
1 0 2809767 4 75.80201 plmp8_3
1 0 2811850 5 75.80201 plmp8_3
1 0 3177197 6 75.226295 plmp8_3
1 0 3170730 7 75.19868 plmp8_3
1 0 2812210 8 73.995285 plmp8_3
1 0 219732 9 73.60643 plmp8_3
2 0 103631 0 88.81423 plmp8_3
2 0 145692 1 84.50354 plmp8_3
2 0 103549 2 82.50075 plmp8_3
2 0 104671 3 79.715004 plmp8_3
2 0 104571 4 78.48471 plmp8_3
2 0 108555 5 78.15677 plmp8_3
2 0 96850 6 72.93251 plmp8_3
2 0 105116 7 71.96332 plmp8_3
2 0 93789 8 71.56683 plmp8_3
2 0 4170684 9 70.0199 plmp8_3
3 0 3162143 0 108.016975 plmp8_3
3 0 215496 1 99.40836 plmp8_3
3 0 215694 2 99.40836 plmp8_3
3 0 2959735 3 99.407326 plmp8_3
3 0 118475 4 98.15407 plmp8_3
3 0 130157 5 96.88567 plmp8_3
3 0 145890 6 95.48393 plmp8_3
3 0 118248 7 92.35021 plmp8_3
3 0 112584 8 91.3237 plmp8_3
3 0 117907 9 91.13205 plmp8_3
4 0 215694 0 220.24055 plmp8_3
4 0 2959735 1 220.23848 plmp8_3
4 0 215496 2 220.22198 plmp8_3
4 0 3162143 3 194.45193 plmp8_3
4 0 623142 4 184.22694 plmp8_3
4 0 118029 5 183.66537 plmp8_3
4 0 149007 6 173.2007 plmp8_3
4 0 903973 7 161.49884 plmp8_3
4 0 145890 8 141.67679 plmp8_3
4 0 78783 9 140.80182 plmp8_3
5 0 145652 0 75.65452 plmp8_3
5 0 2672209 1 73.02319 plmp8_3
5 0 2657779 2 73.02319 plmp8_3
5 0 1740 3 72.70937 plmp8_3
5 0 110831 4 71.62934 plmp8_3
5 0 110056 5 69.135056 plmp8_3
5 0 112708 6 66.79636 plmp8_3
5 0 131163 7 65.74097 plmp8_3
5 0 183480 8 64.88453 plmp8_3
5 0 118217 9 62.110447 plmp8_3
6 0 110654 0 128.1798 plmp8_3
6 0 110056 1 104.98219 plmp8_3
6 0 183480 2 91.19074 plmp8_3
6 0 111258 3 83.20691 plmp8_3
6 0 3203656 4 80.990204 plmp8_3
6 0 3206414 5 80.990204 plmp8_3
6 0 117932 6 79.400085 plmp8_3
6 0 111114 7 78.15988 plmp8_3
6 0 110789 8 71.89314 plmp8_3
6 0 111661 9 63.557922 plmp8_3
7 0 2672535 0 53.378555 plmp8_3
7 0 219733 1 52.573616 plmp8_3
7 0 220342 2 52.573616 plmp8_3
7 0 134749 3 51.98956 plmp8_3
7 0 147531 4 51.567654 plmp8_3
7 0 118511 5 50.882343 plmp8_3
7 0 3195892 6 50.4545 plmp8_3
7 0 147530 7 50.15261 plmp8_3
7 0 2678467 8 49.697205 plmp8_3
7 0 2679202 9 49.697205 plmp8_3
8 0 134749 0 118.06247 plmp8_3
8 0 112174 1 115.873245 plmp8_3
8 0 145868 2 104.90338 plmp8_3
8 0 145715 3 103.979675 plmp8_3
8 0 112834 4 100.16258 plmp8_3
8 0 147531 5 99.30516 plmp8_3
8 0 2678467 6 93.66378 plmp8_3
8 0 2679202 7 93.66378 plmp8_3
8 0 2959746 8 93.66378 plmp8_3
8 0 110932 9 93.224335 plmp8_3
9 0 2675751 0 125.87768 plmp8_3
9 0 854177 1 114.16917 plmp8_3
9 0 147530 2 112.12796 plmp8_3
9 0 118212 3 110.19711 plmp8_3
9 0 112641 4 108.894646 plmp8_3
9 0 118317 5 107.22954 plmp8_3
9 0 145678 6 104.585144 plmp8_3
9 0 127923 7 104.00293 plmp8_3
9 0 112931 8 102.2323 plmp8_3
9 0 118011 9 101.150566 plmp8_3
10 0 111500 0 138.65697 plmp8_3
10 0 118087 1 129.51083 plmp8_3
10 0 147531 2 129.46616 plmp8_3
10 0 214949 3 124.482124 plmp8_3
10 0 215071 4 124.482124 plmp8_3
10 0 112423 5 122.69305 plmp8_3
10 0 112657 6 122.68808 plmp8_3
10 0 118236 7 119.530174 plmp8_3
10 0 134743 8 119.1245 plmp8_3
10 0 112931 9 118.524666 plmp8_3
11 0 2810524 0 82.87445 plmp8_3
11 0 2811846 1 82.87445 plmp8_3
11 0 145960 2 74.38028 plmp8_3
11 0 873668 3 73.71577 plmp8_3
11 0 217512 4 72.35885 plmp8_3
11 0 2809767 5 71.37443 plmp8_3
11 0 2811850 6 71.37443 plmp8_3
11 0 4151830 7 70.55179 plmp8_3
11 0 218926 8 70.346344 plmp8_3
11 0 2812210 9 69.430984 plmp8_3
12 0 2672535 0 101.67371 plmp8_3
12 0 3207860 1 72.27637 plmp8_3
12 0 183479 2 71.71863 plmp8_3
12 0 3216389 3 67.72009 plmp8_3
12 0 3153112 4 67.30696 plmp8_3
12 0 3211503 5 66.40079 plmp8_3
12 0 3204919 6 65.94271 plmp8_3
12 0 4151830 7 65.713875 plmp8_3
12 0 2790213 8 65.5716 plmp8_3
12 0 2809767 9 64.38108 plmp8_3
13 0 2812588 0 95.8119 plmp8_3
13 0 802973 1 84.06346 plmp8_3
13 0 803271 2 84.06346 plmp8_3
13 0 2959737 3 84.06346 plmp8_3
13 0 4162111 4 82.38995 plmp8_3
13 0 145967 5 80.656944 plmp8_3
13 0 2642828 6 80.407036 plmp8_3
13 0 2959730 7 79.68687 plmp8_3
13 0 108605 8 77.598335 plmp8_3
13 0 150543 9 77.147156 plmp8_3
14 0 614392 0 61.898323 plmp8_3
14 0 614485 1 61.898323 plmp8_3
14 0 2812588 2 61.057552 plmp8_3
14 0 2153 3 56.909687 plmp8_3
14 0 108730 4 56.629154 plmp8_3
14 0 2670965 5 55.283417 plmp8_3
14 0 124715 6 55.103878 plmp8_3
14 0 118296 7 54.330364 plmp8_3
14 0 118015 8 53.854992 plmp8_3
14 0 148483 9 53.745228 plmp8_3
15 0 2812588 0 141.84511 plmp8_3
15 0 4151822 1 125.796455 plmp8_3
15 0 2770446 2 104.660446 plmp8_3
15 0 2809767 3 94.31732 plmp8_3
15 0 2811850 4 94.31732 plmp8_3
15 0 2771249 5 85.776886 plmp8_3
15 0 2812210 6 82.79896 plmp8_3
15 0 4171965 7 81.76628 plmp8_3
15 0 4155979 8 80.86702 plmp8_3
15 0 3153112 9 78.74299 plmp8_3
16 0 4151822 0 124.280014 plmp8_3
16 0 2812588 1 98.358 plmp8_3
16 0 2770446 2 85.91087 plmp8_3
16 0 145817 3 81.930954 plmp8_3
16 0 4171965 4 76.665245 plmp8_3
16 0 134747 5 74.105576 plmp8_3
16 0 3209687 6 73.88884 plmp8_3
16 0 2642828 7 73.38602 plmp8_3
16 0 4151830 8 73.28068 plmp8_3
16 0 3170728 9 72.59121 plmp8_3
17 0 148484 0 55.484104 plmp8_3
17 0 111122 1 55.054935 plmp8_3
17 0 4161362 2 54.92734 plmp8_3
17 0 109218 3 54.560383 plmp8_3
17 0 813289 4 53.014015 plmp8_3
17 0 117987 5 52.446888 plmp8_3
17 0 620566 6 52.319958 plmp8_3
17 0 145865 7 51.83049 plmp8_3
17 0 217512 8 51.127647 plmp8_3
17 0 2771249 9 51.040936 plmp8_3
18 0 205712 0 139.29088 plmp8_3
18 0 148484 1 128.1985 plmp8_3
18 0 620566 2 120.12565 plmp8_3
18 0 217512 3 112.144 plmp8_3
18 0 145635 4 111.184135 plmp8_3
18 0 1753 5 110.87276 plmp8_3
18 0 131156 6 110.21555 plmp8_3
18 0 206097 7 109.045265 plmp8_3
18 0 145664 8 107.558716 plmp8_3
18 0 219106 9 106.364555 plmp8_3
19 0 2654533 0 153.12474 plmp8_3
19 0 2654756 1 153.12474 plmp8_3
19 0 4151826 2 110.59572 plmp8_3
19 0 112808 3 108.85218 plmp8_3
19 0 4172500 4 108.344986 plmp8_3
19 0 112775 5 107.17544 plmp8_3
19 0 118018 6 106.954 plmp8_3
19 0 4151825 7 105.185425 plmp8_3
19 0 219509 8 104.79492 plmp8_3
19 0 2670966 9 104.593864 plmp8_3
20 0 2654533 0 156.86009 plmp8_3
20 0 2654756 1 156.86009 plmp8_3
20 0 112775 2 108.29353 plmp8_3
20 0 4172500 3 107.06399 plmp8_3
20 0 4151826 4 106.31051 plmp8_3
20 0 4151825 5 106.1898 plmp8_3
20 0 2670966 6 103.209274 plmp8_3
20 0 219509 7 102.37775 plmp8_3
20 0 110085 8 102.320366 plmp8_3
20 0 112808 9 98.913414 plmp8_3
21 0 873660 0 155.08012 plmp8_3
21 0 117890 1 134.39404 plmp8_3
21 0 112799 2 134.26263 plmp8_3
21 0 118081 3 127.258446 plmp8_3
21 0 121159 4 123.7398 plmp8_3
21 0 3181482 5 121.15085 plmp8_3
21 0 867657 6 121.14297 plmp8_3
21 0 118416 7 120.04886 plmp8_3
21 0 145925 8 118.22674 plmp8_3
21 0 2681317 9 116.427574 plmp8_3
22 0 117890 0 170.02698 plmp8_3
22 0 2659300 1 165.0479 plmp8_3
22 0 112799 2 152.19144 plmp8_3
22 0 118081 3 140.89537 plmp8_3
22 0 145829 4 139.53284 plmp8_3
22 0 145925 5 135.81822 plmp8_3
22 0 118416 6 133.68471 plmp8_3
22 0 112774 7 132.49883 plmp8_3
22 0 867657 8 127.98483 plmp8_3
22 0 121159 9 127.4144 plmp8_3
23 0 2810525 0 104.16748 plmp8_3
23 0 2811847 1 104.16748 plmp8_3
23 0 118449 2 102.48474 plmp8_3
23 0 2801435 3 96.99764 plmp8_3
23 0 145738 4 93.49659 plmp8_3
23 0 112257 5 90.92008 plmp8_3
23 0 118180 6 90.7729 plmp8_3
23 0 623242 7 87.58004 plmp8_3
23 0 3153112 8 82.85483 plmp8_3
23 0 4162535 9 82.12725 plmp8_3
24 0 1738 0 43.447056 plmp8_3
24 0 145778 1 41.55789 plmp8_3
24 0 802408 2 38.158337 plmp8_3
24 0 2790213 3 35.906174 plmp8_3
24 0 2804671 4 35.055237 plmp8_3
24 0 2678133 5 34.985893 plmp8_3
24 0 145866 6 34.958664 plmp8_3
24 0 2801435 7 34.943863 plmp8_3
24 0 616433 8 34.8833 plmp8_3
24 0 2675751 9 33.957882 plmp8_3
25 0 112616 0 129.73114 plmp8_3
25 0 2655499 1 91.84372 plmp8_3
25 0 110318 2 83.270874 plmp8_3
25 0 108792 3 78.91569 plmp8_3
25 0 3211503 4 77.31553 plmp8_3
25 0 821305 5 73.73861 plmp8_3
25 0 118021 6 73.438515 plmp8_3
25 0 111495 7 69.54037 plmp8_3
25 0 112457 8 66.79553 plmp8_3
25 0 2621067 9 66.25983 plmp8_3
26 0 117872 0 130.50969 plmp8_3
26 0 112616 1 110.00853 plmp8_3
26 0 112045 2 109.62132 plmp8_3
26 0 118026 3 103.20466 plmp8_3
26 0 145758 4 102.02922 plmp8_3
26 0 112324 5 100.34695 plmp8_3
26 0 105698 6 98.618225 plmp8_3
26 0 110915 7 96.65694 plmp8_3
26 0 127910 8 96.25423 plmp8_3
26 0 112457 9 96.1721 plmp8_3
27 0 4157382 0 213.65744 plmp8_3
27 0 4157405 1 213.65744 plmp8_3
27 0 112346 2 116.42416 plmp8_3
27 0 111141 3 113.455574 plmp8_3
27 0 112523 4 108.15295 plmp8_3
27 0 3204918 5 99.43646 plmp8_3
27 0 145636 6 93.45539 plmp8_3
27 0 182992 7 93.33589 plmp8_3
27 0 213842 8 92.70593 plmp8_3
27 0 931121 9 89.24146 plmp8_3
28 0 4157382 0 175.20433 plmp8_3
28 0 4157405 1 175.20433 plmp8_3
28 0 112346 2 112.61801 plmp8_3
28 0 111141 3 99.96741 plmp8_3
28 0 931121 4 77.41024 plmp8_3
28 0 110706 5 77.27989 plmp8_3
28 0 118489 6 75.90538 plmp8_3
28 0 112523 7 75.59614 plmp8_3
28 0 110384 8 73.85424 plmp8_3
28 0 931120 9 73.60824 plmp8_3
29 0 4151826 0 42.675278 plmp8_3
29 0 118351 1 42.224964 plmp8_3
29 0 205788 2 41.995083 plmp8_3
29 0 111471 3 41.37026 plmp8_3
29 0 137739 4 41.104393 plmp8_3
29 0 118044 5 40.106117 plmp8_3
29 0 117875 6 39.91904 plmp8_3
29 0 145708 7 39.551632 plmp8_3
29 0 118381 8 39.44494 plmp8_3
29 0 108606 9 39.2222 plmp8_3
30 0 205788 0 138.33542 plmp8_3
30 0 218921 1 121.60382 plmp8_3
30 0 148795 2 113.2694 plmp8_3
30 0 4151826 3 113.07299 plmp8_3
30 0 145841 4 111.00948 plmp8_3
30 0 899483 5 109.8167 plmp8_3
30 0 626206 6 109.77769 plmp8_3
30 0 802770 7 105.740005 plmp8_3
30 0 145761 8 105.10342 plmp8_3
30 0 137739 9 103.82003 plmp8_3
31 0 145925 0 87.590195 plmp8_3
31 0 112486 1 85.34938 plmp8_3
31 0 110561 2 83.20299 plmp8_3
31 0 118458 3 79.9064 plmp8_3
31 0 118353 4 79.26253 plmp8_3
31 0 118023 5 79.084694 plmp8_3
31 0 118501 6 78.45736 plmp8_3
31 0 2809763 7 78.2015 plmp8_3
31 0 2795279 8 77.90991 plmp8_3
31 0 112781 9 76.889984 plmp8_3
32 0 112329 0 83.83269 plmp8_3
32 0 111434 1 82.05442 plmp8_3
32 0 1728 2 81.12077 plmp8_3
32 0 112850 3 78.14623 plmp8_3
32 0 112447 4 75.289734 plmp8_3
32 0 112090 5 73.839226 plmp8_3
32 0 118455 6 68.74252 plmp8_3
32 0 125839 7 68.02476 plmp8_3
32 0 111596 8 67.94267 plmp8_3
32 0 117853 9 67.830765 plmp8_3
33 0 109535 0 87.15541 plmp8_3
33 0 110795 1 85.8287 plmp8_3
33 0 109532 2 84.12024 plmp8_3
33 0 112485 3 83.16773 plmp8_3
33 0 121158 4 82.81301 plmp8_3
33 0 109935 5 81.51141 plmp8_3
33 0 145870 6 80.55184 plmp8_3
33 0 111863 7 80.41964 plmp8_3
33 0 802973 8 80.38679 plmp8_3
33 0 803271 9 80.38679 plmp8_3
34 0 2676594 0 261.23627 plmp8_3
34 0 2675753 1 254.62413 plmp8_3
34 0 2679204 2 254.62413 plmp8_3
34 0 2809767 3 189.54526 plmp8_3
34 0 2811850 4 189.54526 plmp8_3
34 0 3216389 5 114.739365 plmp8_3
34 0 121158 6 108.8715 plmp8_3
34 0 112325 7 102.91688 plmp8_3
34 0 625710 8 101.4047 plmp8_3
34 0 136994 9 98.55183 plmp8_3
35 0 821306 0 52.583237 plmp8_3
35 0 205203 1 47.36543 plmp8_3
35 0 932061 2 46.72211 plmp8_3
35 0 218927 3 46.124615 plmp8_3
35 0 213843 4 45.897346 plmp8_3
35 0 214063 5 45.897346 plmp8_3
35 0 214467 6 45.897346 plmp8_3
35 0 102737 7 44.942604 plmp8_3
35 0 931124 8 44.769226 plmp8_3
35 0 149005 9 44.50483 plmp8_3
36 0 118319 0 92.240906 plmp8_3
36 0 118238 1 88.48919 plmp8_3
36 0 109923 2 86.39601 plmp8_3
36 0 118142 3 83.66361 plmp8_3
36 0 902769 4 82.0512 plmp8_3
36 0 118329 5 81.45485 plmp8_3
36 0 1087952 6 78.392815 plmp8_3
36 0 3170730 7 78.25703 plmp8_3
36 0 3177197 8 78.25703 plmp8_3
36 0 118187 9 77.84107 plmp8_3
37 0 4151829 0 64.664444 plmp8_3
37 0 110774 1 64.11938 plmp8_3
37 0 118269 2 62.677166 plmp8_3
37 0 118290 3 61.49455 plmp8_3
37 0 110742 4 60.36903 plmp8_3
37 0 112133 5 59.575764 plmp8_3
37 0 112910 6 59.295204 plmp8_3
37 0 121168 7 59.068993 plmp8_3
37 0 111982 8 58.154205 plmp8_3
37 0 145731 9 57.709846 plmp8_3
38 0 145855 0 102.12468 plmp8_3
38 0 145731 1 99.00446 plmp8_3
38 0 4151829 2 95.414116 plmp8_3
38 0 118269 3 81.105576 plmp8_3
38 0 1993216 4 78.15512 plmp8_3
38 0 110774 5 73.06183 plmp8_3
38 0 112910 6 72.2593 plmp8_3
38 0 111982 7 68.59117 plmp8_3
38 0 112292 8 67.551674 plmp8_3
38 0 111420 9 66.8038 plmp8_3
39 0 112568 0 91.41519 plmp8_3
39 0 112420 1 80.93156 plmp8_3
39 0 118457 2 75.41061 plmp8_3
39 0 111432 3 71.9999 plmp8_3
39 0 621044 4 70.2496 plmp8_3
39 0 621090 5 70.2496 plmp8_3
39 0 2959739 6 70.2496 plmp8_3
39 0 2959744 7 69.61459 plmp8_3
39 0 855518 8 69.61459 plmp8_3
39 0 2674861 9 68.05923 plmp8_3
40 0 105200 0 115.806915 plmp8_3
40 0 621044 1 101.64434 plmp8_3
40 0 621090 2 101.64434 plmp8_3
40 0 2959739 3 101.64434 plmp8_3
40 0 122254 4 100.61716 plmp8_3
40 0 1731 5 95.98053 plmp8_3
40 0 118457 6 93.62364 plmp8_3
40 0 108818 7 93.23195 plmp8_3
40 0 2959744 8 93.0423 plmp8_3
40 0 855518 9 93.0423 plmp8_3
41 0 112924 0 131.15817 plmp8_3
41 0 111198 1 112.492004 plmp8_3
41 0 2811847 2 110.67387 plmp8_3
41 0 2810525 3 110.66917 plmp8_3
41 0 2654533 4 110.00863 plmp8_3
41 0 2654756 5 110.00863 plmp8_3
41 0 112585 6 107.087425 plmp8_3
41 0 111891 7 105.18858 plmp8_3
41 0 112731 8 104.24767 plmp8_3
41 0 110132 9 104.04079 plmp8_3
42 0 112585 0 129.45016 plmp8_3
42 0 2654533 1 127.72242 plmp8_3
42 0 2654756 2 127.72242 plmp8_3
42 0 112924 3 124.32862 plmp8_3
42 0 110132 4 121.493774 plmp8_3
42 0 111198 5 120.95773 plmp8_3
42 0 111891 6 120.93656 plmp8_3
42 0 109186 7 116.01468 plmp8_3
42 0 109352 8 113.0725 plmp8_3
42 0 112731 9 109.32329 plmp8_3
43 0 2680590 0 97.10885 plmp8_3
43 0 2959745 1 97.10885 plmp8_3
43 0 112920 2 86.760864 plmp8_3
43 0 112305 3 85.517555 plmp8_3
43 0 112803 4 75.72121 plmp8_3
43 0 118148 5 72.85139 plmp8_3
43 0 2784695 6 72.296165 plmp8_3
43 0 2812589 7 69.734505 plmp8_3
43 0 2959749 8 69.734505 plmp8_3
43 0 112644 9 69.571075 plmp8_3
44 0 802408 0 27.72626 plmp8_3
44 0 2781925 1 27.46043 plmp8_3
44 0 183480 2 26.87877 plmp8_3
44 0 145903 3 26.853731 plmp8_3
44 0 92563 4 26.713215 plmp8_3
44 0 118182 5 26.229939 plmp8_3
44 0 3213871 6 26.194445 plmp8_3
44 0 99873 7 26.149395 plmp8_3
44 0 111107 8 26.104315 plmp8_3
44 0 108965 9 26.065865 plmp8_3
45 0 3204917 0 169.24374 plmp8_3
45 0 866024 1 146.50484 plmp8_3
45 0 858802 2 146.50484 plmp8_3
45 0 150542 3 145.33098 plmp8_3
45 0 145861 4 138.60298 plmp8_3
45 0 145772 5 137.37251 plmp8_3
45 0 800568 6 136.87288 plmp8_3
45 0 137725 7 130.87701 plmp8_3
45 0 145903 8 128.28061 plmp8_3
45 0 626207 9 127.31437 plmp8_3
46 0 866024 0 274.93082 plmp8_3
46 0 858802 1 274.9205 plmp8_3
46 0 903971 2 188.44435 plmp8_3
46 0 2959742 3 188.44435 plmp8_3
46 0 623145 4 187.61827 plmp8_3
46 0 2804673 5 180.72812 plmp8_3
46 0 3204917 6 179.26445 plmp8_3
46 0 1732 7 167.33861 plmp8_3
46 0 2657927 8 166.70122 plmp8_3
46 0 145861 9 165.23708 plmp8_3
47 0 2674861 0 130.45654 plmp8_3
47 0 2675754 1 130.45654 plmp8_3
47 0 2671723 2 78.28225 plmp8_3
47 0 2803251 3 77.82535 plmp8_3
47 0 2795703 4 77.279884 plmp8_3
47 0 2797292 5 77.279884 plmp8_3
47 0 2678133 6 77.18968 plmp8_3
47 0 2790213 7 76.59288 plmp8_3
47 0 2810526 8 74.089424 plmp8_3
47 0 2771250 9 73.76644 plmp8_3
48 0 2674861 0 126.20473 plmp8_3
48 0 2675754 1 126.20473 plmp8_3
48 0 3170727 2 73.13284 plmp8_3
48 0 111362 3 71.634674 plmp8_3
48 0 96147 4 67.75508 plmp8_3
48 0 145896 5 67.553444 plmp8_3
48 0 121149 6 66.551254 plmp8_3
48 0 2646093 7 66.35016 plmp8_3
48 0 103019 8 66.0923 plmp8_3
48 0 182992 9 65.15778 plmp8_3
49 0 2810525 0 71.15032 plmp8_3
49 0 2811847 1 71.15032 plmp8_3
49 0 4162535 2 64.689415 plmp8_3
49 0 3153112 3 56.611935 plmp8_3
49 0 4151826 4 56.191105 plmp8_3
49 0 2809767 5 51.30679 plmp8_3
49 0 2811850 6 51.30679 plmp8_3
49 0 2812210 7 51.15234 plmp8_3
49 0 2803251 8 50.049274 plmp8_3
49 0 2811845 9 50.04411 plmp8_3
50 0 3153112 0 102.27107 plmp8_3
50 0 4162535 1 97.116455 plmp8_3
50 0 2810525 2 73.46002 plmp8_3
50 0 2811847 3 73.46002 plmp8_3
50 0 4151826 4 60.901436 plmp8_3
50 0 3181025 5 59.96549 plmp8_3
50 0 2809767 6 55.943584 plmp8_3
50 0 2811850 7 55.943584 plmp8_3
50 0 2812210 8 55.431633 plmp8_3
50 0 3177197 9 54.713604 plmp8_3
51 0 112770 0 83.99394 plmp8_3
51 0 616433 1 73.38981 plmp8_3
51 0 78783 2 69.48251 plmp8_3
51 0 2812589 3 68.821236 plmp8_3
51 0 2959749 4 68.821236 plmp8_3
51 0 145872 5 67.594246 plmp8_3
51 0 213842 6 64.686935 plmp8_3
51 0 1736 7 63.057774 plmp8_3
51 0 3195892 8 62.185654 plmp8_3
51 0 1753 9 62.068977 plmp8_3
52 0 112770 0 59.48252 plmp8_3
52 0 112931 1 54.469524 plmp8_3
52 0 112243 2 49.801373 plmp8_3
52 0 105869 3 47.493793 plmp8_3
52 0 1859075 4 46.117336 plmp8_3
52 0 103302 5 44.932148 plmp8_3
52 0 127923 6 44.89821 plmp8_3
52 0 127887 7 44.88627 plmp8_3
52 0 109087 8 44.345055 plmp8_3
52 0 802399 9 44.212925 plmp8_3
53 0 799985 0 96.227 plmp8_3
53 0 2808291 1 79.61626 plmp8_3
53 0 145792 2 79.12349 plmp8_3
53 0 2771250 3 76.88506 plmp8_3
53 0 148483 4 74.94021 plmp8_3
53 0 145664 5 71.77626 plmp8_3
53 0 2650505 6 69.972305 plmp8_3
53 0 621045 7 69.59794 plmp8_3
53 0 112677 8 69.17826 plmp8_3
53 0 145635 9 68.67728 plmp8_3
54 0 872994 0 126.41137 plmp8_3
54 0 811778 1 113.98641 plmp8_3
54 0 625711 2 97.93678 plmp8_3
54 0 931123 3 96.83775 plmp8_3
54 0 943668 4 91.07905 plmp8_3
54 0 811777 5 89.25551 plmp8_3
54 0 2808291 6 86.32104 plmp8_3
54 0 799985 7 81.65602 plmp8_3
54 0 621045 8 80.04529 plmp8_3
54 0 2676594 9 79.863014 plmp8_3
55 0 4154603 0 149.85498 plmp8_3
55 0 118269 1 110.97015 plmp8_3
55 0 145731 2 109.07495 plmp8_3
55 0 145855 3 108.25094 plmp8_3
55 0 145629 4 105.27611 plmp8_3
55 0 111261 5 99.95732 plmp8_3
55 0 110774 6 97.85082 plmp8_3
55 0 112910 7 90.63912 plmp8_3
55 0 111982 8 86.46082 plmp8_3
55 0 111420 9 86.243004 plmp8_3
56 0 4154603 0 217.7602 plmp8_3
56 0 118269 1 154.99728 plmp8_3
56 0 145731 2 148.15099 plmp8_3
56 0 112910 3 141.57668 plmp8_3
56 0 110774 4 133.02876 plmp8_3
56 0 145629 5 129.02023 plmp8_3
56 0 111261 6 128.01611 plmp8_3
56 0 145855 7 122.341576 plmp8_3
56 0 111420 8 115.15947 plmp8_3
56 0 1993216 9 113.7682 plmp8_3
57 0 867644 0 98.018906 plmp8_3
57 0 802408 1 97.846634 plmp8_3
57 0 800569 2 97.220825 plmp8_3
57 0 815320 3 93.60362 plmp8_3
57 0 118297 4 92.29651 plmp8_3
57 0 148796 5 88.97358 plmp8_3
57 0 182567 6 88.22828 plmp8_3
57 0 800859 7 88.15427 plmp8_3
57 0 4170683 8 87.26 plmp8_3
57 0 2959744 9 87.054405 plmp8_3
58 0 145735 0 100.718575 plmp8_3
58 0 217702 1 79.94429 plmp8_3
58 0 112467 2 79.17539 plmp8_3
58 0 108547 3 78.54672 plmp8_3
58 0 106179 4 75.024994 plmp8_3
58 0 2676592 5 74.59431 plmp8_3
58 0 145815 6 73.69236 plmp8_3
58 0 2671725 7 73.37027 plmp8_3
58 0 2672207 8 73.34402 plmp8_3
58 0 218133 9 72.331955 plmp8_3
59 0 2788983 0 263.6064 plmp8_3
59 0 4170685 1 240.99934 plmp8_3
59 0 118037 2 211.54614 plmp8_3
59 0 145627 3 211.51523 plmp8_3
59 0 117968 4 208.12505 plmp8_3
59 0 118129 5 204.09023 plmp8_3
59 0 118040 6 197.48439 plmp8_3
59 0 1087691 7 183.61678 plmp8_3
59 0 134735 8 177.45091 plmp8_3
59 0 118422 9 176.70251 plmp8_3
60 0 3195891 0 254.96242 plmp8_3
60 0 2788983 1 243.3549 plmp8_3
60 0 4170685 2 234.69093 plmp8_3
60 0 118129 3 216.6101 plmp8_3
60 0 145627 4 213.41353 plmp8_3
60 0 117968 5 200.31139 plmp8_3
60 0 130158 6 200.12794 plmp8_3
60 0 118334 7 199.80923 plmp8_3
60 0 931614 8 196.79764 plmp8_3
60 0 621195 9 188.121 plmp8_3
61 0 145743 0 152.46298 plmp8_3
61 0 2812210 1 151.73409 plmp8_3
61 0 145923 2 141.39316 plmp8_3
61 0 218457 3 133.61464 plmp8_3
61 0 1732 4 121.184616 plmp8_3
61 0 145815 5 120.62509 plmp8_3
61 0 3195092 6 117.95918 plmp8_3
61 0 112854 7 112.74317 plmp8_3
61 0 112435 8 111.852776 plmp8_3
61 0 2657927 9 109.899055 plmp8_3
62 0 2812210 0 71.06585 plmp8_3
62 0 110661 1 60.59133 plmp8_3
62 0 110091 2 58.23106 plmp8_3
62 0 117875 3 55.312096 plmp8_3
62 0 118299 4 55.228382 plmp8_3
62 0 109846 5 54.76604 plmp8_3
62 0 110926 6 54.0442 plmp8_3
62 0 112485 7 52.731285 plmp8_3
62 0 118381 8 52.425125 plmp8_3
62 0 118240 9 51.920773 plmp8_3
63 0 149702 0 64.96821 plmp8_3
63 0 104521 1 63.771717 plmp8_3
63 0 106985 2 63.741447 plmp8_3
63 0 107685 3 63.413074 plmp8_3
63 0 108539 4 62.874737 plmp8_3
63 0 108111 5 60.25383 plmp8_3
63 0 91054 6 60.04916 plmp8_3
63 0 105525 7 59.728165 plmp8_3
63 0 108538 8 59.628693 plmp8_3
63 0 118148 9 59.59074 plmp8_3
64 0 3205768 0 79.881805 plmp8_3
64 0 2758568 1 76.628784 plmp8_3
64 0 2809766 2 75.91949 plmp8_3
64 0 2811849 3 75.91949 plmp8_3
64 0 4151827 4 70.941315 plmp8_3
64 0 3205767 5 69.90338 plmp8_3
64 0 3207860 6 68.46535 plmp8_3
64 0 4170685 7 67.36629 plmp8_3
64 0 110645 8 67.239525 plmp8_3
64 0 3205736 9 66.582954 plmp8_3
65 0 118123 0 174.54616 plmp8_3
65 0 150540 1 120.25268 plmp8_3
65 0 3211501 2 115.0169 plmp8_3
65 0 131165 3 110.51576 plmp8_3
65 0 145883 4 109.43411 plmp8_3
65 0 110645 5 108.95767 plmp8_3
65 0 4151825 6 107.750984 plmp8_3
65 0 3183080 7 106.71246 plmp8_3
65 0 4089982 8 104.05611 plmp8_3
65 0 1745 9 103.2263 plmp8_3
66 0 3211501 0 186.80547 plmp8_3
66 0 145867 1 160.90776 plmp8_3
66 0 4151827 2 141.03242 plmp8_3
66 0 3213872 3 140.35358 plmp8_3
66 0 218925 4 134.88536 plmp8_3
66 0 150540 5 133.0211 plmp8_3
66 0 3212516 6 130.69188 plmp8_3
66 0 802973 7 128.39426 plmp8_3
66 0 803271 8 128.39426 plmp8_3
66 0 2959737 9 128.39426 plmp8_3
67 0 145800 0 173.39546 plmp8_3
67 0 867645 1 162.79744 plmp8_3
67 0 103675 2 112.611404 plmp8_3
67 0 104522 3 96.162865 plmp8_3
67 0 106757 4 94.48425 plmp8_3
67 0 103678 5 94.46437 plmp8_3
67 0 103916 6 85.01374 plmp8_3
67 0 110330 7 84.69364 plmp8_3
67 0 107938 8 83.027435 plmp8_3
67 0 2810526 9 82.852425 plmp8_3
68 0 145800 0 155.52002 plmp8_3
68 0 867645 1 128.6693 plmp8_3
68 0 97893 2 97.71351 plmp8_3
68 0 103093 3 95.314674 plmp8_3
68 0 94177 4 94.72487 plmp8_3
68 0 103675 5 93.277504 plmp8_3
68 0 103678 6 92.156456 plmp8_3
68 0 97584 7 91.24776 plmp8_3
68 0 88704 8 89.70809 plmp8_3
68 0 87585 9 86.51506 plmp8_3
69 0 3214778 0 120.722855 plmp8_3
69 0 149289 1 115.85573 plmp8_3
69 0 2676593 2 109.4252 plmp8_3
69 0 219733 3 109.087715 plmp8_3
69 0 220342 4 109.087715 plmp8_3
69 0 117859 5 106.60985 plmp8_3
69 0 111709 6 104.52477 plmp8_3
69 0 2959743 7 103.09948 plmp8_3
69 0 858289 8 103.09948 plmp8_3
69 0 149006 9 102.75625 plmp8_3
70 0 149289 0 130.86574 plmp8_3
70 0 3214778 1 126.29551 plmp8_3
70 0 2676593 2 124.61226 plmp8_3
70 0 219733 3 117.92188 plmp8_3
70 0 220342 4 117.92188 plmp8_3
70 0 858289 5 115.81545 plmp8_3
70 0 2959743 6 115.79849 plmp8_3
70 0 110068 7 114.67666 plmp8_3
70 0 118111 8 114.03192 plmp8_3
70 0 2675751 9 113.70924 plmp8_3
71 0 145121 0 118.4909 plmp8_3
71 0 112914 1 116.0676 plmp8_3
71 0 118052 2 109.0908 plmp8_3
71 0 3189783 3 107.577385 plmp8_3
71 0 118287 4 106.96146 plmp8_3
71 0 112904 5 101.65176 plmp8_3
71 0 118005 6 99.43366 plmp8_3
71 0 118234 7 98.05934 plmp8_3
71 0 2654533 8 96.2811 plmp8_3
71 0 2654756 9 96.2811 plmp8_3
72 0 118052 0 120.06228 plmp8_3
72 0 145121 1 113.74146 plmp8_3
72 0 112914 2 112.78062 plmp8_3
72 0 112904 3 109.39589 plmp8_3
72 0 3189783 4 108.50974 plmp8_3
72 0 118234 5 106.65931 plmp8_3
72 0 118005 6 105.85403 plmp8_3
72 0 2654533 7 95.18629 plmp8_3
72 0 2654756 8 95.18629 plmp8_3
72 0 118287 9 93.02547 plmp8_3
73 0 2804674 0 58.95764 plmp8_3
73 0 110692 1 58.428905 plmp8_3
73 0 108538 2 54.40072 plmp8_3
73 0 109931 3 51.135536 plmp8_3
73 0 112573 4 50.933846 plmp8_3
73 0 217514 5 49.963573 plmp8_3
73 0 145624 6 49.797874 plmp8_3
73 0 868383 7 49.1816 plmp8_3
73 0 1087954 8 48.892834 plmp8_3
73 0 112206 9 48.79083 plmp8_3
74 0 2804674 0 90.55473 plmp8_3
74 0 107904 1 82.9164 plmp8_3
74 0 109284 2 82.27236 plmp8_3
74 0 112774 3 76.4402 plmp8_3
74 0 127908 4 73.58406 plmp8_3
74 0 2675749 5 70.38288 plmp8_3
74 0 111245 6 64.08833 plmp8_3
74 0 803268 7 63.99697 plmp8_3
74 0 111755 8 61.196987 plmp8_3
74 0 110798 9 60.702484 plmp8_3
75 0 118226 0 86.72071 plmp8_3
75 0 92916 1 86.44452 plmp8_3
75 0 3189783 2 85.389534 plmp8_3
75 0 89728 3 83.723404 plmp8_3
75 0 110964 4 82.952675 plmp8_3
75 0 86460 5 82.6974 plmp8_3
75 0 89410 6 81.06606 plmp8_3
75 0 802770 7 79.99583 plmp8_3
75 0 111291 8 78.09231 plmp8_3
75 0 86533 9 77.590675 plmp8_3
76 0 2679833 0 101.1216 plmp8_3
76 0 2680440 1 101.1216 plmp8_3
76 0 150540 2 94.22867 plmp8_3
76 0 110964 3 93.1728 plmp8_3
76 0 108900 4 92.93258 plmp8_3
76 0 112919 5 91.75947 plmp8_3
76 0 111945 6 89.71757 plmp8_3
76 0 118298 7 89.285126 plmp8_3
76 0 2781925 8 88.74805 plmp8_3
76 0 145743 9 88.05629 plmp8_3
77 0 2812588 0 134.70015 plmp8_3
77 0 4151822 1 129.40901 plmp8_3
77 0 145817 2 122.141 plmp8_3
77 0 112726 3 109.55469 plmp8_3
77 0 111029 4 109.4124 plmp8_3
77 0 111455 5 106.5982 plmp8_3
77 0 2770446 6 104.99883 plmp8_3
77 0 134747 7 100.854996 plmp8_3
77 0 145902 8 95.90081 plmp8_3
77 0 145647 9 92.56625 plmp8_3
78 0 2812588 0 56.37171 plmp8_3
78 0 145632 1 54.20111 plmp8_3
78 0 117899 2 53.141212 plmp8_3
78 0 117968 3 51.800564 plmp8_3
78 0 118022 4 51.370003 plmp8_3
78 0 799976 5 50.615868 plmp8_3
78 0 111717 6 50.54093 plmp8_3
78 0 112485 7 50.33834 plmp8_3
78 0 111250 8 50.099957 plmp8_3
78 0 111092 9 49.048573 plmp8_3
79 0 111009 0 153.17805 plmp8_3
79 0 118143 1 140.09314 plmp8_3
79 0 111470 2 129.44272 plmp8_3
79 0 110221 3 107.26876 plmp8_3
79 0 118513 4 80.459564 plmp8_3
79 0 111964 5 78.653854 plmp8_3
79 0 2680438 6 77.83888 plmp8_3
79 0 106328 7 70.95025 plmp8_3
79 0 110183 8 70.881454 plmp8_3
79 0 118375 9 69.79626 plmp8_3
80 0 118143 0 123.84962 plmp8_3
80 0 111009 1 118.60303 plmp8_3
80 0 111470 2 117.24265 plmp8_3
80 0 145859 3 96.91224 plmp8_3
80 0 150540 4 93.86126 plmp8_3
80 0 110221 5 84.89702 plmp8_3
80 0 2680438 6 83.967125 plmp8_3
80 0 106328 7 83.7239 plmp8_3
80 0 2672210 8 82.39658 plmp8_3
80 0 2654755 9 82.39658 plmp8_3
81 0 148484 0 95.67865 plmp8_3
81 0 112440 1 71.142654 plmp8_3
81 0 122253 2 69.992195 plmp8_3
81 0 118445 3 63.711594 plmp8_3
81 0 112867 4 60.255672 plmp8_3
81 0 117841 5 60.065987 plmp8_3
81 0 127900 6 57.677647 plmp8_3
81 0 112616 7 57.278385 plmp8_3
81 0 118368 8 57.102303 plmp8_3
81 0 799981 9 56.845413 plmp8_3
82 0 118368 0 97.024185 plmp8_3
82 0 1726 1 94.92177 plmp8_3
82 0 127900 2 93.07533 plmp8_3
82 0 2803250 3 88.94496 plmp8_3
82 0 216735 4 88.246216 plmp8_3
82 0 216806 5 88.246216 plmp8_3
82 0 799981 6 84.1369 plmp8_3
82 0 145625 7 82.85824 plmp8_3
82 0 112305 8 81.60764 plmp8_3
82 0 118148 9 81.02069 plmp8_3
83 0 145859 0 127.484 plmp8_3
83 0 112922 1 95.81864 plmp8_3
83 0 137746 2 84.77014 plmp8_3
83 0 111151 3 82.87964 plmp8_3
83 0 111246 4 82.761375 plmp8_3
83 0 145870 5 82.524025 plmp8_3
83 0 109894 6 82.237885 plmp8_3
83 0 110289 7 81.096954 plmp8_3
83 0 111194 8 80.20352 plmp8_3
83 0 111286 9 80.14179 plmp8_3
84 0 145859 0 126.40107 plmp8_3
84 0 112922 1 108.65175 plmp8_3
84 0 800858 2 96.23673 plmp8_3
84 0 111151 3 95.52903 plmp8_3
84 0 107293 4 94.074 plmp8_3
84 0 109895 5 93.13608 plmp8_3
84 0 109893 6 91.99708 plmp8_3
84 0 107980 7 90.82291 plmp8_3
84 0 122251 8 89.81105 plmp8_3
84 0 110361 9 89.59422 plmp8_3
85 0 2959737 0 191.89069 plmp8_3
85 0 802973 1 191.16635 plmp8_3
85 0 803271 2 191.16635 plmp8_3
85 0 3177199 3 144.02002 plmp8_3
85 0 3171724 4 143.84712 plmp8_3
85 0 3177200 5 143.84712 plmp8_3
85 0 150543 6 130.44171 plmp8_3
85 0 2959732 7 130.44171 plmp8_3
85 0 146553 8 129.71031 plmp8_3
85 0 146790 9 129.71031 plmp8_3
86 0 3171724 0 114.967255 plmp8_3
86 0 3177199 1 114.967255 plmp8_3
86 0 3177200 2 114.967255 plmp8_3
86 0 3205766 3 105.224075 plmp8_3
86 0 802973 4 104.09767 plmp8_3
86 0 803271 5 104.09767 plmp8_3
86 0 2959737 6 104.09767 plmp8_3
86 0 150543 7 96.676956 plmp8_3
86 0 2959732 8 96.676956 plmp8_3
86 0 146553 9 96.03574 plmp8_3
87 0 143378 0 44.34214 plmp8_3
87 0 111170 1 43.976604 plmp8_3
87 0 112807 2 43.497055 plmp8_3
87 0 136998 3 42.551945 plmp8_3
87 0 110760 4 41.797726 plmp8_3
87 0 111186 5 40.710365 plmp8_3
87 0 117899 6 40.32411 plmp8_3
87 0 1088038 7 40.10188 plmp8_3
87 0 118313 8 39.492493 plmp8_3
87 0 112746 9 39.398388 plmp8_3
88 0 182992 0 111.328804 plmp8_3
88 0 182991 1 103.66503 plmp8_3
88 0 145897 2 100.55288 plmp8_3
88 0 111170 3 97.23116 plmp8_3
88 0 149653 4 97.10073 plmp8_3
88 0 2654277 5 94.91073 plmp8_3
88 0 625832 6 90.344986 plmp8_3
88 0 626055 7 90.344986 plmp8_3
88 0 625833 8 89.90043 plmp8_3
88 0 118339 9 89.32934 plmp8_3
89 0 4151822 0 198.82138 plmp8_3
89 0 2812588 1 176.20334 plmp8_3
89 0 2770446 2 169.84935 plmp8_3
89 0 4162110 3 118.024796 plmp8_3
89 0 145647 4 113.163506 plmp8_3
89 0 145817 5 108.22411 plmp8_3
89 0 134747 6 105.24568 plmp8_3
89 0 145954 7 85.39979 plmp8_3
89 0 802973 8 78.03105 plmp8_3
89 0 803271 9 78.03105 plmp8_3
90 0 4151822 0 219.22098 plmp8_3
90 0 2812588 1 215.0336 plmp8_3
90 0 2770446 2 167.82219 plmp8_3
90 0 145626 3 155.71423 plmp8_3
90 0 137748 4 142.9288 plmp8_3
90 0 130150 5 140.03586 plmp8_3
90 0 118054 6 137.87866 plmp8_3
90 0 626454 7 137.33469 plmp8_3
90 0 3181025 8 135.95241 plmp8_3
90 0 111913 9 134.41608 plmp8_3
91 0 3212514 0 256.97046 plmp8_3
91 0 145782 1 116.82308 plmp8_3
91 0 1087959 2 113.12474 plmp8_3
91 0 134732 3 112.79657 plmp8_3
91 0 118507 4 112.71881 plmp8_3
91 0 109857 5 110.95406 plmp8_3
91 0 110213 6 109.34756 plmp8_3
91 0 219097 7 108.848625 plmp8_3
91 0 110249 8 108.783 plmp8_3
91 0 112439 9 107.35738 plmp8_3
92 0 3212514 0 248.91174 plmp8_3
92 0 110249 1 141.03873 plmp8_3
92 0 1087959 2 137.1405 plmp8_3
92 0 118507 3 131.86311 plmp8_3
92 0 110213 4 114.16726 plmp8_3
92 0 110032 5 112.99072 plmp8_3
92 0 134725 6 111.25926 plmp8_3
92 0 109857 7 110.217094 plmp8_3
92 0 134732 8 110.09269 plmp8_3
92 0 110506 9 106.26112 plmp8_3
93 0 145901 0 182.06322 plmp8_3
93 0 117874 1 174.36543 plmp8_3
93 0 118334 2 173.47154 plmp8_3
93 0 118107 3 171.3887 plmp8_3
93 0 130158 4 167.05817 plmp8_3
93 0 112905 5 166.70857 plmp8_3
93 0 112824 6 163.57004 plmp8_3
93 0 110877 7 159.26428 plmp8_3
93 0 118129 8 158.23894 plmp8_3
93 0 2788983 9 156.939 plmp8_3
94 0 145901 0 188.61833 plmp8_3
94 0 931614 1 186.64885 plmp8_3
94 0 117874 2 173.90489 plmp8_3
94 0 2788983 3 169.60445 plmp8_3
94 0 4151827 4 159.59825 plmp8_3
94 0 118129 5 158.21991 plmp8_3
94 0 112905 6 156.3777 plmp8_3
94 0 118334 7 155.34265 plmp8_3
94 0 111736 8 154.58128 plmp8_3
94 0 112824 9 154.41489 plmp8_3
95 0 108555 0 91.75865 plmp8_3
95 0 105495 1 90.96603 plmp8_3
95 0 107232 2 84.614395 plmp8_3
95 0 107475 3 81.80479 plmp8_3
95 0 106171 4 69.231476 plmp8_3
95 0 103631 5 65.591034 plmp8_3
95 0 109444 6 65.16796 plmp8_3
95 0 106073 7 64.075134 plmp8_3
95 0 112750 8 60.550354 plmp8_3
95 0 104571 9 59.569633 plmp8_3
96 0 108555 0 103.335335 plmp8_3
96 0 103631 1 98.844406 plmp8_3
96 0 92746 2 74.78809 plmp8_3
96 0 96542 3 72.069496 plmp8_3
96 0 93739 4 71.77144 plmp8_3
96 0 799986 5 71.26564 plmp8_3
96 0 93395 6 69.87514 plmp8_3
96 0 105495 7 69.829895 plmp8_3
96 0 96359 8 69.73339 plmp8_3
96 0 96341 9 69.47797 plmp8_3
97 0 112101 0 119.35811 plmp8_3
97 0 111922 1 90.46239 plmp8_3
97 0 110718 2 61.259647 plmp8_3
97 0 2655597 3 60.651436 plmp8_3
97 0 2795279 4 60.298935 plmp8_3
97 0 117959 5 60.23637 plmp8_3
97 0 111709 6 58.494095 plmp8_3
97 0 2676593 7 58.333458 plmp8_3
97 0 118458 8 58.056095 plmp8_3
97 0 146554 9 56.888657 plmp8_3
98 0 118467 0 30.436981 plmp8_3
98 0 118148 1 30.367023 plmp8_3
98 0 134732 2 30.16439 plmp8_3
98 0 85310 3 29.553411 plmp8_3
98 0 145804 4 29.535368 plmp8_3
98 0 2655591 5 29.506014 plmp8_3
98 0 109088 6 29.357683 plmp8_3
98 0 2811845 7 29.10846 plmp8_3
98 0 117832 8 28.762236 plmp8_3
98 0 108100 9 28.740232 plmp8_3
99 0 112267 0 117.06825 plmp8_3
99 0 111884 1 89.01054 plmp8_3
99 0 110552 2 78.33393 plmp8_3
99 0 112723 3 73.47192 plmp8_3
99 0 110578 4 66.21018 plmp8_3
99 0 109976 5 62.93379 plmp8_3
99 0 109673 6 62.459763 plmp8_3
99 0 145914 7 61.639183 plmp8_3
99 0 109612 8 61.107536 plmp8_3
99 0 142887 9 59.99979 plmp8_3
100 0 112267 0 136.0893 plmp8_3
100 0 110552 1 113.22868 plmp8_3
100 0 111884 2 95.552666 plmp8_3
100 0 111886 3 90.75726 plmp8_3
100 0 110098 4 90.403915 plmp8_3
100 0 109633 5 87.97778 plmp8_3
100 0 110296 6 85.71053 plmp8_3
100 0 112723 7 85.06501 plmp8_3
100 0 109673 8 84.97456 plmp8_3
100 0 108980 9 83.86942 plmp8_3
