1 0 3204919 0 90.76957 plmp8_7
1 0 2649076 1 83.97367 plmp8_7
1 0 149702 2 77.8895 plmp8_7
1 0 4164893 3 76.986595 plmp8_7
1 0 2809767 4 75.80201 plmp8_7
1 0 2811850 5 75.80201 plmp8_7
1 0 3177197 6 75.226295 plmp8_7
1 0 3170730 7 75.19868 plmp8_7
1 0 2812210 8 73.995285 plmp8_7
1 0 219732 9 73.60643 plmp8_7
2 0 103631 0 84.18886 plmp8_7
2 0 145692 1 79.91627 plmp8_7
2 0 103549 2 78.89326 plmp8_7
2 0 104671 3 75.90155 plmp8_7
2 0 104571 4 75.13846 plmp8_7
2 0 108555 5 74.00284 plmp8_7
2 0 105116 6 68.53599 plmp8_7
2 0 96850 7 68.33345 plmp8_7
2 0 93789 8 67.76156 plmp8_7
2 0 4170684 9 66.03842 plmp8_7
3 0 3162143 0 108.016975 plmp8_7
3 0 215496 1 99.40836 plmp8_7
3 0 215694 2 99.40836 plmp8_7
3 0 2959735 3 99.407326 plmp8_7
3 0 118475 4 98.15407 plmp8_7
3 0 130157 5 96.88567 plmp8_7
3 0 145890 6 95.48393 plmp8_7
3 0 118248 7 92.35021 plmp8_7
3 0 112584 8 91.3237 plmp8_7
3 0 117907 9 91.13205 plmp8_7
4 0 215694 0 220.10094 plmp8_7
4 0 2959735 1 220.09886 plmp8_7
4 0 215496 2 220.08237 plmp8_7
4 0 3162143 3 194.32057 plmp8_7
4 0 623142 4 187.46428 plmp8_7
4 0 118029 5 186.89069 plmp8_7
4 0 149007 6 174.4676 plmp8_7
4 0 903973 7 161.0526 plmp8_7
4 0 78783 8 142.34938 plmp8_7
4 0 111920 9 141.04993 plmp8_7
5 0 145652 0 75.65452 plmp8_7
5 0 2672209 1 73.02319 plmp8_7
5 0 2657779 2 73.02319 plmp8_7
5 0 1740 3 72.70937 plmp8_7
5 0 110831 4 71.62934 plmp8_7
5 0 110056 5 69.135056 plmp8_7
5 0 112708 6 66.79636 plmp8_7
5 0 131163 7 65.74097 plmp8_7
5 0 183480 8 64.88453 plmp8_7
5 0 118217 9 62.110447 plmp8_7
6 0 110654 0 126.629845 plmp8_7
6 0 110056 1 104.05829 plmp8_7
6 0 183480 2 89.54382 plmp8_7
6 0 111258 3 82.26356 plmp8_7
6 0 3203656 4 78.6822 plmp8_7
6 0 3206414 5 78.6822 plmp8_7
6 0 117932 6 78.46094 plmp8_7
6 0 111114 7 78.22111 plmp8_7
6 0 110789 8 71.953705 plmp8_7
6 0 111661 9 62.620388 plmp8_7
7 0 2672535 0 53.378555 plmp8_7
7 0 219733 1 52.573616 plmp8_7
7 0 220342 2 52.573616 plmp8_7
7 0 134749 3 51.98956 plmp8_7
7 0 147531 4 51.567654 plmp8_7
7 0 118511 5 50.882343 plmp8_7
7 0 3195892 6 50.4545 plmp8_7
7 0 147530 7 50.15261 plmp8_7
7 0 2678467 8 49.697205 plmp8_7
7 0 2679202 9 49.697205 plmp8_7
8 0 134749 0 116.12214 plmp8_7
8 0 112174 1 114.5154 plmp8_7
8 0 145868 2 103.98442 plmp8_7
8 0 145715 3 102.46827 plmp8_7
8 0 112834 4 98.20975 plmp8_7
8 0 147531 5 97.898796 plmp8_7
8 0 2678467 6 91.97924 plmp8_7
8 0 2679202 7 91.97924 plmp8_7
8 0 2959746 8 91.97924 plmp8_7
8 0 110932 9 91.42744 plmp8_7
9 0 2675751 0 123.18671 plmp8_7
9 0 854177 1 110.56188 plmp8_7
9 0 147530 2 108.042336 plmp8_7
9 0 118212 3 106.555374 plmp8_7
9 0 112641 4 104.80835 plmp8_7
9 0 118317 5 104.07212 plmp8_7
9 0 145678 6 101.19215 plmp8_7
9 0 127923 7 99.85165 plmp8_7
9 0 802400 8 98.56583 plmp8_7
9 0 112931 9 96.90778 plmp8_7
10 0 111500 0 136.05339 plmp8_7
10 0 118087 1 126.86422 plmp8_7
10 0 147531 2 125.38619 plmp8_7
10 0 214949 3 120.89918 plmp8_7
10 0 215071 4 120.89918 plmp8_7
10 0 112423 5 119.97515 plmp8_7
10 0 112657 6 118.67826 plmp8_7
10 0 118236 7 117.247475 plmp8_7
10 0 134743 8 113.12414 plmp8_7
10 0 112800 9 112.76484 plmp8_7
11 0 2810524 0 82.87445 plmp8_7
11 0 2811846 1 82.87445 plmp8_7
11 0 145960 2 74.38028 plmp8_7
11 0 873668 3 73.71577 plmp8_7
11 0 217512 4 72.35885 plmp8_7
11 0 2809767 5 71.37443 plmp8_7
11 0 2811850 6 71.37443 plmp8_7
11 0 4151830 7 70.55179 plmp8_7
11 0 218926 8 70.346344 plmp8_7
11 0 2812210 9 69.430984 plmp8_7
12 0 2672535 0 101.67371 plmp8_7
12 0 3207860 1 72.27637 plmp8_7
12 0 183479 2 71.71863 plmp8_7
12 0 3216389 3 67.72009 plmp8_7
12 0 3153112 4 67.30696 plmp8_7
12 0 3211503 5 66.40079 plmp8_7
12 0 3204919 6 65.94271 plmp8_7
12 0 4151830 7 65.713875 plmp8_7
12 0 2790213 8 65.5716 plmp8_7
12 0 2809767 9 64.38108 plmp8_7
13 0 2812588 0 95.8119 plmp8_7
13 0 802973 1 84.06346 plmp8_7
13 0 803271 2 84.06346 plmp8_7
13 0 2959737 3 84.06346 plmp8_7
13 0 4162111 4 82.38995 plmp8_7
13 0 145967 5 80.656944 plmp8_7
13 0 2642828 6 80.407036 plmp8_7
13 0 2959730 7 79.68687 plmp8_7
13 0 108605 8 77.598335 plmp8_7
13 0 150543 9 77.147156 plmp8_7
14 0 614392 0 61.898323 plmp8_7
14 0 614485 1 61.898323 plmp8_7
14 0 2812588 2 61.057552 plmp8_7
14 0 2153 3 56.909687 plmp8_7
14 0 108730 4 56.629154 plmp8_7
14 0 2670965 5 55.283417 plmp8_7
14 0 124715 6 55.103878 plmp8_7
14 0 118296 7 54.330364 plmp8_7
14 0 118015 8 53.854992 plmp8_7
14 0 148483 9 53.745228 plmp8_7
15 0 2812588 0 141.84511 plmp8_7
15 0 4151822 1 125.796455 plmp8_7
15 0 2770446 2 104.660446 plmp8_7
15 0 2809767 3 94.31732 plmp8_7
15 0 2811850 4 94.31732 plmp8_7
15 0 2771249 5 85.776886 plmp8_7
15 0 2812210 6 82.79896 plmp8_7
15 0 4171965 7 81.76628 plmp8_7
15 0 4155979 8 80.86702 plmp8_7
15 0 3153112 9 78.74299 plmp8_7
16 0 4151822 0 124.280014 plmp8_7
16 0 2812588 1 98.358 plmp8_7
16 0 2770446 2 85.91087 plmp8_7
16 0 145817 3 81.930954 plmp8_7
16 0 4171965 4 76.665245 plmp8_7
16 0 134747 5 74.105576 plmp8_7
16 0 3209687 6 73.88884 plmp8_7
16 0 2642828 7 73.38602 plmp8_7
16 0 4151830 8 73.28068 plmp8_7
16 0 3170728 9 72.59121 plmp8_7
17 0 148484 0 55.484104 plmp8_7
17 0 111122 1 55.054935 plmp8_7
17 0 4161362 2 54.92734 plmp8_7
17 0 109218 3 54.560383 plmp8_7
17 0 813289 4 53.014015 plmp8_7
17 0 117987 5 52.446888 plmp8_7
17 0 620566 6 52.319958 plmp8_7
17 0 145865 7 51.83049 plmp8_7
17 0 217512 8 51.127647 plmp8_7
17 0 2771249 9 51.040936 plmp8_7
18 0 205712 0 139.35178 plmp8_7
18 0 148484 1 126.828766 plmp8_7
18 0 620566 2 117.900795 plmp8_7
18 0 217512 3 110.29416 plmp8_7
18 0 1753 4 109.72879 plmp8_7
18 0 145635 5 109.4112 plmp8_7
18 0 131156 6 108.33537 plmp8_7
18 0 206097 7 107.63289 plmp8_7
18 0 145119 8 106.21018 plmp8_7
18 0 219106 9 105.76368 plmp8_7
19 0 2654533 0 151.2615 plmp8_7
19 0 2654756 1 151.2615 plmp8_7
19 0 4151826 2 107.79975 plmp8_7
19 0 112808 3 106.42179 plmp8_7
19 0 4172500 4 105.98407 plmp8_7
19 0 4151825 5 104.9541 plmp8_7
19 0 219509 6 104.85307 plmp8_7
19 0 118018 7 104.64516 plmp8_7
19 0 112775 8 104.272224 plmp8_7
19 0 2670966 9 103.9069 plmp8_7
20 0 2654533 0 154.99687 plmp8_7
20 0 2654756 1 154.99687 plmp8_7
20 0 4151825 2 105.95847 plmp8_7
20 0 112775 3 105.39032 plmp8_7
20 0 4172500 4 104.70307 plmp8_7
20 0 4151826 5 103.51454 plmp8_7
20 0 2670966 6 102.52231 plmp8_7
20 0 219509 7 102.4359 plmp8_7
20 0 110085 8 99.508484 plmp8_7
20 0 2760668 9 96.70543 plmp8_7
21 0 873660 0 149.6325 plmp8_7
21 0 117890 1 131.48247 plmp8_7
21 0 112799 2 128.64806 plmp8_7
21 0 118081 3 122.230125 plmp8_7
21 0 121159 4 119.13978 plmp8_7
21 0 867657 5 119.06349 plmp8_7
21 0 145925 6 117.5708 plmp8_7
21 0 3181482 7 116.38016 plmp8_7
21 0 118416 8 115.497696 plmp8_7
21 0 2781925 9 114.94936 plmp8_7
22 0 117890 0 167.6865 plmp8_7
22 0 2659300 1 161.86012 plmp8_7
22 0 112799 2 151.4381 plmp8_7
22 0 118081 3 138.46188 plmp8_7
22 0 145829 4 137.15755 plmp8_7
22 0 145925 5 132.79178 plmp8_7
22 0 118416 6 131.98714 plmp8_7
22 0 112774 7 130.14792 plmp8_7
22 0 867657 8 125.325584 plmp8_7
22 0 121159 9 124.1638 plmp8_7
23 0 2810525 0 104.16748 plmp8_7
23 0 2811847 1 104.16748 plmp8_7
23 0 118449 2 102.48474 plmp8_7
23 0 2801435 3 96.99764 plmp8_7
23 0 145738 4 93.49659 plmp8_7
23 0 112257 5 90.92008 plmp8_7
23 0 118180 6 90.7729 plmp8_7
23 0 623242 7 87.58004 plmp8_7
23 0 3153112 8 82.85483 plmp8_7
23 0 4162535 9 82.12725 plmp8_7
24 0 1738 0 43.447056 plmp8_7
24 0 145778 1 41.55789 plmp8_7
24 0 802408 2 38.158337 plmp8_7
24 0 2790213 3 35.906174 plmp8_7
24 0 2804671 4 35.055237 plmp8_7
24 0 2678133 5 34.985893 plmp8_7
24 0 145866 6 34.958664 plmp8_7
24 0 2801435 7 34.943863 plmp8_7
24 0 616433 8 34.8833 plmp8_7
24 0 2675751 9 33.957882 plmp8_7
25 0 112616 0 129.73114 plmp8_7
25 0 2655499 1 91.84372 plmp8_7
25 0 110318 2 83.270874 plmp8_7
25 0 108792 3 78.91569 plmp8_7
25 0 3211503 4 77.31553 plmp8_7
25 0 821305 5 73.73861 plmp8_7
25 0 118021 6 73.438515 plmp8_7
25 0 111495 7 69.54037 plmp8_7
25 0 112457 8 66.79553 plmp8_7
25 0 2621067 9 66.25983 plmp8_7
26 0 117872 0 130.50969 plmp8_7
26 0 112616 1 110.00853 plmp8_7
26 0 112045 2 109.62132 plmp8_7
26 0 118026 3 103.20466 plmp8_7
26 0 145758 4 102.02922 plmp8_7
26 0 112324 5 100.34695 plmp8_7
26 0 105698 6 98.618225 plmp8_7
26 0 110915 7 96.65694 plmp8_7
26 0 127910 8 96.25423 plmp8_7
26 0 112457 9 96.1721 plmp8_7
27 0 4157382 0 213.65744 plmp8_7
27 0 4157405 1 213.65744 plmp8_7
27 0 112346 2 116.42416 plmp8_7
27 0 111141 3 113.455574 plmp8_7
27 0 112523 4 108.15295 plmp8_7
27 0 3204918 5 99.43646 plmp8_7
27 0 145636 6 93.45539 plmp8_7
27 0 182992 7 93.33589 plmp8_7
27 0 213842 8 92.70593 plmp8_7
27 0 931121 9 89.24146 plmp8_7
28 0 4157382 0 175.20433 plmp8_7
28 0 4157405 1 175.20433 plmp8_7
28 0 112346 2 112.61801 plmp8_7
28 0 111141 3 99.96741 plmp8_7
28 0 931121 4 77.41024 plmp8_7
28 0 110706 5 77.27989 plmp8_7
28 0 118489 6 75.90538 plmp8_7
28 0 112523 7 75.59614 plmp8_7
28 0 110384 8 73.85424 plmp8_7
28 0 931120 9 73.60824 plmp8_7
29 0 4151826 0 42.675278 plmp8_7
29 0 118351 1 42.224964 plmp8_7
29 0 205788 2 41.995083 plmp8_7
29 0 111471 3 41.37026 plmp8_7
29 0 137739 4 41.104393 plmp8_7
29 0 118044 5 40.106117 plmp8_7
29 0 117875 6 39.91904 plmp8_7
29 0 145708 7 39.551632 plmp8_7
29 0 118381 8 39.44494 plmp8_7
29 0 108606 9 39.2222 plmp8_7
30 0 205788 0 138.33542 plmp8_7
30 0 218921 1 121.60382 plmp8_7
30 0 148795 2 113.2694 plmp8_7
30 0 4151826 3 113.07299 plmp8_7
30 0 145841 4 111.00948 plmp8_7
30 0 899483 5 109.8167 plmp8_7
30 0 626206 6 109.77769 plmp8_7
30 0 802770 7 105.740005 plmp8_7
30 0 145761 8 105.10342 plmp8_7
30 0 137739 9 103.82003 plmp8_7
31 0 145925 0 87.590195 plmp8_7
31 0 112486 1 85.34938 plmp8_7
31 0 110561 2 83.20299 plmp8_7
31 0 118458 3 79.9064 plmp8_7
31 0 118353 4 79.26253 plmp8_7
31 0 118023 5 79.084694 plmp8_7
31 0 118501 6 78.45736 plmp8_7
31 0 2809763 7 78.2015 plmp8_7
31 0 2795279 8 77.90991 plmp8_7
31 0 112781 9 76.889984 plmp8_7
32 0 112329 0 83.83269 plmp8_7
32 0 111434 1 82.05442 plmp8_7
32 0 1728 2 81.12077 plmp8_7
32 0 112850 3 78.14623 plmp8_7
32 0 112447 4 75.289734 plmp8_7
32 0 112090 5 73.839226 plmp8_7
32 0 118455 6 68.74252 plmp8_7
32 0 125839 7 68.02476 plmp8_7
32 0 111596 8 67.94267 plmp8_7
32 0 117853 9 67.830765 plmp8_7
33 0 109535 0 87.15541 plmp8_7
33 0 110795 1 85.8287 plmp8_7
33 0 109532 2 84.12024 plmp8_7
33 0 112485 3 83.16773 plmp8_7
33 0 121158 4 82.81301 plmp8_7
33 0 109935 5 81.51141 plmp8_7
33 0 145870 6 80.55184 plmp8_7
33 0 111863 7 80.41964 plmp8_7
33 0 802973 8 80.38679 plmp8_7
33 0 803271 9 80.38679 plmp8_7
34 0 2676594 0 256.0334 plmp8_7
34 0 2675753 1 249.5979 plmp8_7
34 0 2679204 2 249.5979 plmp8_7
34 0 2809767 3 187.57408 plmp8_7
34 0 2811850 4 187.57408 plmp8_7
34 0 3216389 5 112.39321 plmp8_7
34 0 121158 6 105.438675 plmp8_7
34 0 112325 7 100.316574 plmp8_7
34 0 625710 8 99.58264 plmp8_7
34 0 136994 9 96.72979 plmp8_7
35 0 821306 0 52.583237 plmp8_7
35 0 205203 1 47.36543 plmp8_7
35 0 932061 2 46.72211 plmp8_7
35 0 218927 3 46.124615 plmp8_7
35 0 213843 4 45.897346 plmp8_7
35 0 214063 5 45.897346 plmp8_7
35 0 214467 6 45.897346 plmp8_7
35 0 102737 7 44.942604 plmp8_7
35 0 931124 8 44.769226 plmp8_7
35 0 149005 9 44.50483 plmp8_7
36 0 118319 0 92.240906 plmp8_7
36 0 118238 1 88.48919 plmp8_7
36 0 109923 2 86.39601 plmp8_7
36 0 118142 3 83.66361 plmp8_7
36 0 902769 4 82.0512 plmp8_7
36 0 118329 5 81.45485 plmp8_7
36 0 1087952 6 78.392815 plmp8_7
36 0 3170730 7 78.25703 plmp8_7
36 0 3177197 8 78.25703 plmp8_7
36 0 118187 9 77.84107 plmp8_7
37 0 4151829 0 64.664444 plmp8_7
37 0 110774 1 64.11938 plmp8_7
37 0 118269 2 62.677166 plmp8_7
37 0 118290 3 61.49455 plmp8_7
37 0 110742 4 60.36903 plmp8_7
37 0 112133 5 59.575764 plmp8_7
37 0 112910 6 59.295204 plmp8_7
37 0 121168 7 59.068993 plmp8_7
37 0 111982 8 58.154205 plmp8_7
37 0 145731 9 57.709846 plmp8_7
38 0 145855 0 102.12468 plmp8_7
38 0 145731 1 99.00446 plmp8_7
38 0 4151829 2 95.414116 plmp8_7
38 0 118269 3 81.105576 plmp8_7
38 0 1993216 4 78.15512 plmp8_7
38 0 110774 5 73.06183 plmp8_7
38 0 112910 6 72.2593 plmp8_7
38 0 111982 7 68.59117 plmp8_7
38 0 112292 8 67.551674 plmp8_7
38 0 111420 9 66.8038 plmp8_7
39 0 112568 0 91.41519 plmp8_7
39 0 112420 1 80.93156 plmp8_7
39 0 118457 2 75.41061 plmp8_7
39 0 111432 3 71.9999 plmp8_7
39 0 621044 4 70.2496 plmp8_7
39 0 621090 5 70.2496 plmp8_7
39 0 2959739 6 70.2496 plmp8_7
39 0 2959744 7 69.61459 plmp8_7
39 0 855518 8 69.61459 plmp8_7
39 0 2674861 9 68.05923 plmp8_7
40 0 105200 0 115.806915 plmp8_7
40 0 621044 1 101.64434 plmp8_7
40 0 621090 2 101.64434 plmp8_7
40 0 2959739 3 101.64434 plmp8_7
40 0 122254 4 100.61716 plmp8_7
40 0 1731 5 95.98053 plmp8_7
40 0 118457 6 93.62364 plmp8_7
40 0 108818 7 93.23195 plmp8_7
40 0 2959744 8 93.0423 plmp8_7
40 0 855518 9 93.0423 plmp8_7
41 0 112924 0 129.84326 plmp8_7
41 0 111198 1 110.04724 plmp8_7
41 0 2811847 2 109.32733 plmp8_7
41 0 2810525 3 109.322624 plmp8_7
41 0 2654533 4 107.39074 plmp8_7
41 0 2654756 5 107.39074 plmp8_7
41 0 112585 6 105.77964 plmp8_7
41 0 111891 7 102.989845 plmp8_7
41 0 110132 8 102.31029 plmp8_7
41 0 112731 9 102.2256 plmp8_7
42 0 112585 0 128.14236 plmp8_7
42 0 2654533 1 125.10453 plmp8_7
42 0 2654756 2 125.10453 plmp8_7
42 0 112924 3 123.01371 plmp8_7
42 0 110132 4 119.763275 plmp8_7
42 0 111891 5 118.737816 plmp8_7
42 0 111198 6 118.51296 plmp8_7
42 0 109186 7 114.706894 plmp8_7
42 0 109352 8 111.77954 plmp8_7
42 0 145121 9 107.408615 plmp8_7
43 0 2680590 0 97.10885 plmp8_7
43 0 2959745 1 97.10885 plmp8_7
43 0 112920 2 86.760864 plmp8_7
43 0 112305 3 85.517555 plmp8_7
43 0 112803 4 75.72121 plmp8_7
43 0 118148 5 72.85139 plmp8_7
43 0 2784695 6 72.296165 plmp8_7
43 0 2812589 7 69.734505 plmp8_7
43 0 2959749 8 69.734505 plmp8_7
43 0 112644 9 69.571075 plmp8_7
44 0 802408 0 27.72626 plmp8_7
44 0 2781925 1 27.46043 plmp8_7
44 0 183480 2 26.87877 plmp8_7
44 0 145903 3 26.853731 plmp8_7
44 0 92563 4 26.713215 plmp8_7
44 0 118182 5 26.229939 plmp8_7
44 0 3213871 6 26.194445 plmp8_7
44 0 99873 7 26.149395 plmp8_7
44 0 111107 8 26.104315 plmp8_7
44 0 108965 9 26.065865 plmp8_7
45 0 3204917 0 169.24374 plmp8_7
45 0 866024 1 146.50484 plmp8_7
45 0 858802 2 146.50484 plmp8_7
45 0 150542 3 145.33098 plmp8_7
45 0 145861 4 138.60298 plmp8_7
45 0 145772 5 137.37251 plmp8_7
45 0 800568 6 136.87288 plmp8_7
45 0 137725 7 130.87701 plmp8_7
45 0 145903 8 128.28061 plmp8_7
45 0 626207 9 127.31437 plmp8_7
46 0 866024 0 273.37747 plmp8_7
46 0 858802 1 273.36716 plmp8_7
46 0 623145 2 189.05566 plmp8_7
46 0 903971 3 184.38074 plmp8_7
46 0 2959742 4 184.38074 plmp8_7
46 0 2804673 5 180.86111 plmp8_7
46 0 3204917 6 178.16194 plmp8_7
46 0 150542 7 164.81532 plmp8_7
46 0 145861 8 164.7022 plmp8_7
46 0 1732 9 163.20323 plmp8_7
47 0 2674861 0 130.45654 plmp8_7
47 0 2675754 1 130.45654 plmp8_7
47 0 2671723 2 78.28225 plmp8_7
47 0 2803251 3 77.82535 plmp8_7
47 0 2795703 4 77.279884 plmp8_7
47 0 2797292 5 77.279884 plmp8_7
47 0 2678133 6 77.18968 plmp8_7
47 0 2790213 7 76.59288 plmp8_7
47 0 2810526 8 74.089424 plmp8_7
47 0 2771250 9 73.76644 plmp8_7
48 0 2674861 0 124.12966 plmp8_7
48 0 2675754 1 124.12966 plmp8_7
48 0 3170727 2 70.88568 plmp8_7
48 0 111362 3 70.35957 plmp8_7
48 0 96147 4 67.757095 plmp8_7
48 0 103019 5 66.09438 plmp8_7
48 0 145896 6 65.80467 plmp8_7
48 0 2646093 7 65.5216 plmp8_7
48 0 182992 8 65.16003 plmp8_7
48 0 121149 9 64.307175 plmp8_7
49 0 2810525 0 71.15032 plmp8_7
49 0 2811847 1 71.15032 plmp8_7
49 0 4162535 2 64.689415 plmp8_7
49 0 3153112 3 56.611935 plmp8_7
49 0 4151826 4 56.191105 plmp8_7
49 0 2809767 5 51.30679 plmp8_7
49 0 2811850 6 51.30679 plmp8_7
49 0 2812210 7 51.15234 plmp8_7
49 0 2803251 8 50.049274 plmp8_7
49 0 2811845 9 50.04411 plmp8_7
50 0 3153112 0 102.27107 plmp8_7
50 0 4162535 1 97.116455 plmp8_7
50 0 2810525 2 73.46002 plmp8_7
50 0 2811847 3 73.46002 plmp8_7
50 0 4151826 4 60.901436 plmp8_7
50 0 3181025 5 59.96549 plmp8_7
50 0 2809767 6 55.943584 plmp8_7
50 0 2811850 7 55.943584 plmp8_7
50 0 2812210 8 55.431633 plmp8_7
50 0 3177197 9 54.713604 plmp8_7
51 0 112770 0 83.99394 plmp8_7
51 0 616433 1 73.38981 plmp8_7
51 0 78783 2 69.48251 plmp8_7
51 0 2812589 3 68.821236 plmp8_7
51 0 2959749 4 68.821236 plmp8_7
51 0 145872 5 67.594246 plmp8_7
51 0 213842 6 64.686935 plmp8_7
51 0 1736 7 63.057774 plmp8_7
51 0 3195892 8 62.185654 plmp8_7
51 0 1753 9 62.068977 plmp8_7
52 0 112770 0 59.48252 plmp8_7
52 0 112931 1 54.469524 plmp8_7
52 0 112243 2 49.801373 plmp8_7
52 0 105869 3 47.493793 plmp8_7
52 0 1859075 4 46.117336 plmp8_7
52 0 103302 5 44.932148 plmp8_7
52 0 127923 6 44.89821 plmp8_7
52 0 127887 7 44.88627 plmp8_7
52 0 109087 8 44.345055 plmp8_7
52 0 802399 9 44.212925 plmp8_7
53 0 799985 0 96.227 plmp8_7
53 0 2808291 1 79.61626 plmp8_7
53 0 145792 2 79.12349 plmp8_7
53 0 2771250 3 76.88506 plmp8_7
53 0 148483 4 74.94021 plmp8_7
53 0 145664 5 71.77626 plmp8_7
53 0 2650505 6 69.972305 plmp8_7
53 0 621045 7 69.59794 plmp8_7
53 0 112677 8 69.17826 plmp8_7
53 0 145635 9 68.67728 plmp8_7
54 0 872994 0 124.806694 plmp8_7
54 0 811778 1 112.154 plmp8_7
54 0 625711 2 96.49196 plmp8_7
54 0 931123 3 95.15705 plmp8_7
54 0 943668 4 91.13583 plmp8_7
54 0 811777 5 89.31484 plmp8_7
54 0 2808291 6 85.02452 plmp8_7
54 0 799985 7 79.5906 plmp8_7
54 0 2676594 8 78.82639 plmp8_7
54 0 621045 9 78.315186 plmp8_7
55 0 4154603 0 145.4136 plmp8_7
55 0 118269 1 108.25443 plmp8_7
55 0 145855 2 106.28597 plmp8_7
55 0 145731 3 106.26042 plmp8_7
55 0 145629 4 102.893745 plmp8_7
55 0 111261 5 98.34549 plmp8_7
55 0 110774 6 94.77041 plmp8_7
55 0 112910 7 88.86901 plmp8_7
55 0 111420 8 85.4346 plmp8_7
55 0 111982 9 84.079346 plmp8_7
56 0 4154603 0 213.31883 plmp8_7
56 0 118269 1 152.28157 plmp8_7
56 0 145731 2 145.33646 plmp8_7
56 0 112910 3 139.80656 plmp8_7
56 0 110774 4 129.94835 plmp8_7
56 0 145629 5 126.63787 plmp8_7
56 0 111261 6 126.40429 plmp8_7
56 0 145855 7 120.3766 plmp8_7
56 0 111420 8 114.35107 plmp8_7
56 0 1993216 9 111.87631 plmp8_7
57 0 802408 0 97.421906 plmp8_7
57 0 867644 1 97.13804 plmp8_7
57 0 800569 2 96.92397 plmp8_7
57 0 815320 3 94.49072 plmp8_7
57 0 118297 4 93.82523 plmp8_7
57 0 148796 5 90.74039 plmp8_7
57 0 182567 6 89.94732 plmp8_7
57 0 800859 7 88.7689 plmp8_7
57 0 2959744 8 88.41253 plmp8_7
57 0 855518 9 88.41253 plmp8_7
58 0 145735 0 100.718575 plmp8_7
58 0 217702 1 79.94429 plmp8_7
58 0 112467 2 79.17539 plmp8_7
58 0 108547 3 78.54672 plmp8_7
58 0 106179 4 75.024994 plmp8_7
58 0 2676592 5 74.59431 plmp8_7
58 0 145815 6 73.69236 plmp8_7
58 0 2671725 7 73.37027 plmp8_7
58 0 2672207 8 73.34402 plmp8_7
58 0 218133 9 72.331955 plmp8_7
59 0 2788983 0 261.09067 plmp8_7
59 0 4170685 1 238.3422 plmp8_7
59 0 145627 2 207.8807 plmp8_7
59 0 118037 3 207.38046 plmp8_7
59 0 117968 4 205.00284 plmp8_7
59 0 118129 5 201.39081 plmp8_7
59 0 118040 6 192.57812 plmp8_7
59 0 1087691 7 183.63121 plmp8_7
59 0 118422 8 173.77309 plmp8_7
59 0 134735 9 173.22916 plmp8_7
60 0 3195891 0 255.22604 plmp8_7
60 0 2788983 1 243.27039 plmp8_7
60 0 4170685 2 235.30939 plmp8_7
60 0 118129 3 216.66557 plmp8_7
60 0 145627 4 213.63661 plmp8_7
60 0 130158 5 201.12366 plmp8_7
60 0 117968 6 201.02966 plmp8_7
60 0 118334 7 200.38232 plmp8_7
60 0 931614 8 197.08513 plmp8_7
60 0 3191119 9 188.74326 plmp8_7
61 0 145743 0 152.46298 plmp8_7
61 0 2812210 1 151.73409 plmp8_7
61 0 145923 2 141.39316 plmp8_7
61 0 218457 3 133.61464 plmp8_7
61 0 1732 4 121.184616 plmp8_7
61 0 145815 5 120.62509 plmp8_7
61 0 3195092 6 117.95918 plmp8_7
61 0 112854 7 112.74317 plmp8_7
61 0 112435 8 111.852776 plmp8_7
61 0 2657927 9 109.899055 plmp8_7
62 0 2812210 0 71.06585 plmp8_7
62 0 110661 1 60.59133 plmp8_7
62 0 110091 2 58.23106 plmp8_7
62 0 117875 3 55.312096 plmp8_7
62 0 118299 4 55.228382 plmp8_7
62 0 109846 5 54.76604 plmp8_7
62 0 110926 6 54.0442 plmp8_7
62 0 112485 7 52.731285 plmp8_7
62 0 118381 8 52.425125 plmp8_7
62 0 118240 9 51.920773 plmp8_7
63 0 149702 0 64.96821 plmp8_7
63 0 104521 1 63.771717 plmp8_7
63 0 106985 2 63.741447 plmp8_7
63 0 107685 3 63.413074 plmp8_7
63 0 108539 4 62.874737 plmp8_7
63 0 108111 5 60.25383 plmp8_7
63 0 91054 6 60.04916 plmp8_7
63 0 105525 7 59.728165 plmp8_7
63 0 108538 8 59.628693 plmp8_7
63 0 118148 9 59.59074 plmp8_7
64 0 3205768 0 79.881805 plmp8_7
64 0 2758568 1 76.628784 plmp8_7
64 0 2809766 2 75.91949 plmp8_7
64 0 2811849 3 75.91949 plmp8_7
64 0 4151827 4 70.941315 plmp8_7
64 0 3205767 5 69.90338 plmp8_7
64 0 3207860 6 68.46535 plmp8_7
64 0 4170685 7 67.36629 plmp8_7
64 0 110645 8 67.239525 plmp8_7
64 0 3205736 9 66.582954 plmp8_7
65 0 118123 0 171.87982 plmp8_7
65 0 150540 1 118.58077 plmp8_7
65 0 3211501 2 113.59578 plmp8_7
65 0 131165 3 107.32332 plmp8_7
65 0 4151825 4 107.04582 plmp8_7
65 0 145883 5 106.68412 plmp8_7
65 0 110645 6 105.51624 plmp8_7
65 0 3183080 7 105.38744 plmp8_7
65 0 109292 8 102.42479 plmp8_7
65 0 4089982 9 101.94475 plmp8_7
66 0 3211501 0 185.6154 plmp8_7
66 0 145867 1 159.34286 plmp8_7
66 0 4151827 2 139.90666 plmp8_7
66 0 3213872 3 137.82373 plmp8_7
66 0 218925 4 133.42944 plmp8_7
66 0 150540 5 132.33247 plmp8_7
66 0 3212516 6 129.34312 plmp8_7
66 0 802973 7 127.26284 plmp8_7
66 0 803271 8 127.26284 plmp8_7
66 0 2959737 9 127.26284 plmp8_7
67 0 145800 0 172.63634 plmp8_7
67 0 867645 1 160.85626 plmp8_7
67 0 103675 2 111.655876 plmp8_7
67 0 103678 3 94.524025 plmp8_7
67 0 104522 4 93.94343 plmp8_7
67 0 106757 5 93.343704 plmp8_7
67 0 110330 6 83.89178 plmp8_7
67 0 103916 7 83.068375 plmp8_7
67 0 107938 8 81.79647 plmp8_7
67 0 104055 9 80.960045 plmp8_7
68 0 145800 0 154.76088 plmp8_7
68 0 867645 1 126.72812 plmp8_7
68 0 97893 2 96.571625 plmp8_7
68 0 103093 3 95.3758 plmp8_7
68 0 94177 4 93.175415 plmp8_7
68 0 103675 5 92.32198 plmp8_7
68 0 103678 6 92.21612 plmp8_7
68 0 97584 7 89.89735 plmp8_7
68 0 88704 8 87.9671 plmp8_7
68 0 87585 9 84.55764 plmp8_7
69 0 3214778 0 119.54384 plmp8_7
69 0 149289 1 114.67679 plmp8_7
69 0 219733 2 108.69988 plmp8_7
69 0 220342 3 108.69988 plmp8_7
69 0 2676593 4 108.127205 plmp8_7
69 0 117859 5 105.90564 plmp8_7
69 0 111709 6 102.94392 plmp8_7
69 0 2959743 7 102.39499 plmp8_7
69 0 858289 8 102.39499 plmp8_7
69 0 110068 9 101.69531 plmp8_7
70 0 149289 0 129.54955 plmp8_7
70 0 3214778 1 125.51957 plmp8_7
70 0 2676593 2 124.12386 plmp8_7
70 0 219733 3 117.711784 plmp8_7
70 0 220342 4 117.711784 plmp8_7
70 0 858289 5 116.622536 plmp8_7
70 0 2959743 6 116.60557 plmp8_7
70 0 110068 7 114.804405 plmp8_7
70 0 2675751 8 113.5956 plmp8_7
70 0 802971 9 113.54953 plmp8_7
71 0 145121 0 114.94002 plmp8_7
71 0 112914 1 112.51679 plmp8_7
71 0 118052 2 108.863434 plmp8_7
71 0 3189783 3 105.799774 plmp8_7
71 0 118287 4 104.42334 plmp8_7
71 0 112904 5 100.42105 plmp8_7
71 0 118234 6 98.88942 plmp8_7
71 0 118005 7 97.08632 plmp8_7
71 0 2654533 8 93.443886 plmp8_7
71 0 2654756 9 93.443886 plmp8_7
72 0 118052 0 118.13958 plmp8_7
72 0 145121 1 108.71891 plmp8_7
72 0 112914 2 107.75813 plmp8_7
72 0 112904 3 106.24742 plmp8_7
72 0 118234 4 105.54247 plmp8_7
72 0 3189783 5 105.09783 plmp8_7
72 0 118005 6 101.55977 plmp8_7
72 0 2654533 7 90.26302 plmp8_7
72 0 2654756 8 90.26302 plmp8_7
72 0 118287 9 89.27436 plmp8_7
73 0 2804674 0 58.95764 plmp8_7
73 0 110692 1 58.428905 plmp8_7
73 0 108538 2 54.40072 plmp8_7
73 0 109931 3 51.135536 plmp8_7
73 0 112573 4 50.933846 plmp8_7
73 0 217514 5 49.963573 plmp8_7
73 0 145624 6 49.797874 plmp8_7
73 0 868383 7 49.1816 plmp8_7
73 0 1087954 8 48.892834 plmp8_7
73 0 112206 9 48.79083 plmp8_7
74 0 2804674 0 90.55473 plmp8_7
74 0 107904 1 82.9164 plmp8_7
74 0 109284 2 82.27236 plmp8_7
74 0 112774 3 76.4402 plmp8_7
74 0 127908 4 73.58406 plmp8_7
74 0 2675749 5 70.38288 plmp8_7
74 0 111245 6 64.08833 plmp8_7
74 0 803268 7 63.99697 plmp8_7
74 0 111755 8 61.196987 plmp8_7
74 0 110798 9 60.702484 plmp8_7
75 0 118226 0 86.72071 plmp8_7
75 0 92916 1 86.44452 plmp8_7
75 0 3189783 2 85.389534 plmp8_7
75 0 89728 3 83.723404 plmp8_7
75 0 110964 4 82.952675 plmp8_7
75 0 86460 5 82.6974 plmp8_7
75 0 89410 6 81.06606 plmp8_7
75 0 802770 7 79.99583 plmp8_7
75 0 111291 8 78.09231 plmp8_7
75 0 86533 9 77.590675 plmp8_7
76 0 2679833 0 101.821045 plmp8_7
76 0 2680440 1 101.821045 plmp8_7
76 0 108900 2 93.813675 plmp8_7
76 0 150540 3 93.66088 plmp8_7
76 0 110964 4 93.082115 plmp8_7
76 0 112919 5 91.65092 plmp8_7
76 0 111945 6 89.873024 plmp8_7
76 0 118298 7 89.72127 plmp8_7
76 0 118376 8 88.650925 plmp8_7
76 0 2781925 9 88.601166 plmp8_7
77 0 2812588 0 134.08478 plmp8_7
77 0 4151822 1 129.37703 plmp8_7
77 0 145817 2 122.55688 plmp8_7
77 0 112726 3 109.526955 plmp8_7
77 0 111029 4 108.146484 plmp8_7
77 0 111455 5 106.8906 plmp8_7
77 0 2770446 6 105.12584 plmp8_7
77 0 134747 7 101.41785 plmp8_7
77 0 145902 8 95.938194 plmp8_7
77 0 145647 9 94.10165 plmp8_7
78 0 2812588 0 56.37171 plmp8_7
78 0 145632 1 54.20111 plmp8_7
78 0 117899 2 53.141212 plmp8_7
78 0 117968 3 51.800564 plmp8_7
78 0 118022 4 51.370003 plmp8_7
78 0 799976 5 50.615868 plmp8_7
78 0 111717 6 50.54093 plmp8_7
78 0 112485 7 50.33834 plmp8_7
78 0 111250 8 50.099957 plmp8_7
78 0 111092 9 49.048573 plmp8_7
79 0 111009 0 153.17805 plmp8_7
79 0 118143 1 140.09314 plmp8_7
79 0 111470 2 129.44272 plmp8_7
79 0 110221 3 107.26876 plmp8_7
79 0 118513 4 80.459564 plmp8_7
79 0 111964 5 78.653854 plmp8_7
79 0 2680438 6 77.83888 plmp8_7
79 0 106328 7 70.95025 plmp8_7
79 0 110183 8 70.881454 plmp8_7
79 0 118375 9 69.79626 plmp8_7
80 0 118143 0 123.84962 plmp8_7
80 0 111009 1 118.60303 plmp8_7
80 0 111470 2 117.24265 plmp8_7
80 0 145859 3 96.91224 plmp8_7
80 0 150540 4 93.86126 plmp8_7
80 0 110221 5 84.89702 plmp8_7
80 0 2680438 6 83.967125 plmp8_7
80 0 106328 7 83.7239 plmp8_7
80 0 2672210 8 82.39658 plmp8_7
80 0 2654755 9 82.39658 plmp8_7
81 0 148484 0 95.67865 plmp8_7
81 0 112440 1 71.142654 plmp8_7
81 0 122253 2 69.992195 plmp8_7
81 0 118445 3 63.711594 plmp8_7
81 0 112867 4 60.255672 plmp8_7
81 0 117841 5 60.065987 plmp8_7
81 0 127900 6 57.677647 plmp8_7
81 0 112616 7 57.278385 plmp8_7
81 0 118368 8 57.102303 plmp8_7
81 0 799981 9 56.845413 plmp8_7
82 0 118368 0 94.95059 plmp8_7
82 0 1726 1 92.67236 plmp8_7
82 0 127900 2 90.93468 plmp8_7
82 0 2803250 3 86.48687 plmp8_7
82 0 216735 4 86.12276 plmp8_7
82 0 216806 5 86.12276 plmp8_7
82 0 799981 6 82.38247 plmp8_7
82 0 145625 7 81.71624 plmp8_7
82 0 118148 8 79.78074 plmp8_7
82 0 112305 9 79.36739 plmp8_7
83 0 145859 0 127.484 plmp8_7
83 0 112922 1 95.81864 plmp8_7
83 0 137746 2 84.77014 plmp8_7
83 0 111151 3 82.87964 plmp8_7
83 0 111246 4 82.761375 plmp8_7
83 0 145870 5 82.524025 plmp8_7
83 0 109894 6 82.237885 plmp8_7
83 0 110289 7 81.096954 plmp8_7
83 0 111194 8 80.20352 plmp8_7
83 0 111286 9 80.14179 plmp8_7
84 0 145859 0 126.40107 plmp8_7
84 0 112922 1 108.65175 plmp8_7
84 0 800858 2 96.23673 plmp8_7
84 0 111151 3 95.52903 plmp8_7
84 0 107293 4 94.074 plmp8_7
84 0 109895 5 93.13608 plmp8_7
84 0 109893 6 91.99708 plmp8_7
84 0 107980 7 90.82291 plmp8_7
84 0 122251 8 89.81105 plmp8_7
84 0 110361 9 89.59422 plmp8_7
85 0 2959737 0 191.89069 plmp8_7
85 0 802973 1 191.16635 plmp8_7
85 0 803271 2 191.16635 plmp8_7
85 0 3177199 3 144.02002 plmp8_7
85 0 3171724 4 143.84712 plmp8_7
85 0 3177200 5 143.84712 plmp8_7
85 0 150543 6 130.44171 plmp8_7
85 0 2959732 7 130.44171 plmp8_7
85 0 146553 8 129.71031 plmp8_7
85 0 146790 9 129.71031 plmp8_7
86 0 3171724 0 114.967255 plmp8_7
86 0 3177199 1 114.967255 plmp8_7
86 0 3177200 2 114.967255 plmp8_7
86 0 3205766 3 105.224075 plmp8_7
86 0 802973 4 104.09767 plmp8_7
86 0 803271 5 104.09767 plmp8_7
86 0 2959737 6 104.09767 plmp8_7
86 0 150543 7 96.676956 plmp8_7
86 0 2959732 8 96.676956 plmp8_7
86 0 146553 9 96.03574 plmp8_7
87 0 143378 0 44.34214 plmp8_7
87 0 111170 1 43.976604 plmp8_7
87 0 112807 2 43.497055 plmp8_7
87 0 136998 3 42.551945 plmp8_7
87 0 110760 4 41.797726 plmp8_7
87 0 111186 5 40.710365 plmp8_7
87 0 117899 6 40.32411 plmp8_7
87 0 1088038 7 40.10188 plmp8_7
87 0 118313 8 39.492493 plmp8_7
87 0 112746 9 39.398388 plmp8_7
88 0 182992 0 111.328804 plmp8_7
88 0 182991 1 103.66503 plmp8_7
88 0 145897 2 100.55288 plmp8_7
88 0 111170 3 97.23116 plmp8_7
88 0 149653 4 97.10073 plmp8_7
88 0 2654277 5 94.91073 plmp8_7
88 0 625832 6 90.344986 plmp8_7
88 0 626055 7 90.344986 plmp8_7
88 0 625833 8 89.90043 plmp8_7
88 0 118339 9 89.32934 plmp8_7
89 0 4151822 0 198.82138 plmp8_7
89 0 2812588 1 176.20334 plmp8_7
89 0 2770446 2 169.84935 plmp8_7
89 0 4162110 3 118.024796 plmp8_7
89 0 145647 4 113.163506 plmp8_7
89 0 145817 5 108.22411 plmp8_7
89 0 134747 6 105.24568 plmp8_7
89 0 145954 7 85.39979 plmp8_7
89 0 802973 8 78.03105 plmp8_7
89 0 803271 9 78.03105 plmp8_7
90 0 4151822 0 214.84874 plmp8_7
90 0 2812588 1 210.80875 plmp8_7
90 0 2770446 2 165.57326 plmp8_7
90 0 145626 3 153.67932 plmp8_7
90 0 137748 4 140.90079 plmp8_7
90 0 130150 5 137.85777 plmp8_7
90 0 626454 6 135.81052 plmp8_7
90 0 118054 7 135.18239 plmp8_7
90 0 3181025 8 132.75667 plmp8_7
90 0 111913 9 132.65947 plmp8_7
91 0 3212514 0 255.9487 plmp8_7
91 0 1087959 1 114.628334 plmp8_7
91 0 118507 2 114.19614 plmp8_7
91 0 145782 3 113.73539 plmp8_7
91 0 134732 4 113.28071 plmp8_7
91 0 109857 5 112.445366 plmp8_7
91 0 110213 6 110.53133 plmp8_7
91 0 110249 7 109.96373 plmp8_7
91 0 112439 8 108.74514 plmp8_7
91 0 219097 9 108.642426 plmp8_7
92 0 3212514 0 248.0406 plmp8_7
92 0 110249 1 141.3579 plmp8_7
92 0 1087959 2 137.73479 plmp8_7
92 0 118507 3 130.58606 plmp8_7
92 0 110213 4 114.20236 plmp8_7
92 0 134725 5 112.58071 plmp8_7
92 0 110032 6 111.974686 plmp8_7
92 0 109857 7 111.0512 plmp8_7
92 0 134732 8 109.662834 plmp8_7
92 0 110506 9 105.529274 plmp8_7
93 0 145901 0 180.54408 plmp8_7
93 0 117874 1 173.88983 plmp8_7
93 0 118334 2 173.53085 plmp8_7
93 0 118107 3 171.44899 plmp8_7
93 0 130158 4 167.11784 plmp8_7
93 0 112905 5 166.76938 plmp8_7
93 0 112824 6 163.62791 plmp8_7
93 0 110877 7 159.32077 plmp8_7
93 0 118129 8 157.8424 plmp8_7
93 0 2788983 9 156.9986 plmp8_7
94 0 145901 0 188.61833 plmp8_7
94 0 931614 1 186.64885 plmp8_7
94 0 117874 2 173.90489 plmp8_7
94 0 2788983 3 169.60445 plmp8_7
94 0 4151827 4 159.59825 plmp8_7
94 0 118129 5 158.21991 plmp8_7
94 0 112905 6 156.3777 plmp8_7
94 0 118334 7 155.34265 plmp8_7
94 0 111736 8 154.58128 plmp8_7
94 0 112824 9 154.41489 plmp8_7
95 0 108555 0 91.75865 plmp8_7
95 0 105495 1 90.96603 plmp8_7
95 0 107232 2 84.614395 plmp8_7
95 0 107475 3 81.80479 plmp8_7
95 0 106171 4 69.231476 plmp8_7
95 0 103631 5 65.591034 plmp8_7
95 0 109444 6 65.16796 plmp8_7
95 0 106073 7 64.075134 plmp8_7
95 0 112750 8 60.550354 plmp8_7
95 0 104571 9 59.569633 plmp8_7
96 0 108555 0 103.335335 plmp8_7
96 0 103631 1 98.844406 plmp8_7
96 0 92746 2 74.78809 plmp8_7
96 0 96542 3 72.069496 plmp8_7
96 0 93739 4 71.77144 plmp8_7
96 0 799986 5 71.26564 plmp8_7
96 0 93395 6 69.87514 plmp8_7
96 0 105495 7 69.829895 plmp8_7
96 0 96359 8 69.73339 plmp8_7
96 0 96341 9 69.47797 plmp8_7
97 0 112101 0 119.35811 plmp8_7
97 0 111922 1 90.46239 plmp8_7
97 0 110718 2 61.259647 plmp8_7
97 0 2655597 3 60.651436 plmp8_7
97 0 2795279 4 60.298935 plmp8_7
97 0 117959 5 60.23637 plmp8_7
97 0 111709 6 58.494095 plmp8_7
97 0 2676593 7 58.333458 plmp8_7
97 0 118458 8 58.056095 plmp8_7
97 0 146554 9 56.888657 plmp8_7
98 0 118467 0 30.436981 plmp8_7
98 0 118148 1 30.367023 plmp8_7
98 0 134732 2 30.16439 plmp8_7
98 0 85310 3 29.553411 plmp8_7
98 0 145804 4 29.535368 plmp8_7
98 0 2655591 5 29.506014 plmp8_7
98 0 109088 6 29.357683 plmp8_7
98 0 2811845 7 29.10846 plmp8_7
98 0 117832 8 28.762236 plmp8_7
98 0 108100 9 28.740232 plmp8_7
99 0 112267 0 117.06825 plmp8_7
99 0 111884 1 89.01054 plmp8_7
99 0 110552 2 78.33393 plmp8_7
99 0 112723 3 73.47192 plmp8_7
99 0 110578 4 66.21018 plmp8_7
99 0 109976 5 62.93379 plmp8_7
99 0 109673 6 62.459763 plmp8_7
99 0 145914 7 61.639183 plmp8_7
99 0 109612 8 61.107536 plmp8_7
99 0 142887 9 59.99979 plmp8_7
100 0 112267 0 136.0893 plmp8_7
100 0 110552 1 113.22868 plmp8_7
100 0 111884 2 95.552666 plmp8_7
100 0 111886 3 90.75726 plmp8_7
100 0 110098 4 90.403915 plmp8_7
100 0 109633 5 87.97778 plmp8_7
100 0 110296 6 85.71053 plmp8_7
100 0 112723 7 85.06501 plmp8_7
100 0 109673 8 84.97456 plmp8_7
100 0 108980 9 83.86942 plmp8_7
