1 0 100851 0 15.163693 plmp2_5
1 0 106978 1 14.896994 plmp2_5
1 0 102391 2 14.620334 plmp2_5
1 0 118009 3 14.128659 plmp2_5
1 0 145782 4 13.7116785 plmp2_5
1 0 109049 5 13.584858 plmp2_5
1 0 118105 6 13.472005 plmp2_5
1 0 91570 7 13.226534 plmp2_5
1 0 102849 8 13.132639 plmp2_5
1 0 102383 9 13.120823 plmp2_5
2 0 103631 0 27.509724 plmp2_5
2 0 104516 1 24.621075 plmp2_5
2 0 100105 2 23.900433 plmp2_5
2 0 103549 3 23.636177 plmp2_5
2 0 106522 4 22.834345 plmp2_5
2 0 145692 5 22.467052 plmp2_5
2 0 107016 6 22.075718 plmp2_5
2 0 103244 7 21.862587 plmp2_5
2 0 108555 8 21.696466 plmp2_5
2 0 107475 9 21.497524 plmp2_5
3 0 623142 0 42.583725 plmp2_5
3 0 145821 1 42.48598 plmp2_5
3 0 3162143 2 41.816975 plmp2_5
3 0 112212 3 41.70763 plmp2_5
3 0 118029 4 41.660835 plmp2_5
3 0 812450 5 41.392765 plmp2_5
3 0 111091 6 41.21857 plmp2_5
3 0 145683 7 41.15062 plmp2_5
3 0 117907 8 40.58765 plmp2_5
3 0 112584 9 40.564384 plmp2_5
4 0 145821 0 60.813904 plmp2_5
4 0 112212 1 60.67737 plmp2_5
4 0 3162143 2 59.925156 plmp2_5
4 0 118029 3 59.003513 plmp2_5
4 0 117907 4 59.002464 plmp2_5
4 0 623142 5 58.829956 plmp2_5
4 0 215496 6 58.56082 plmp2_5
4 0 215694 7 58.56082 plmp2_5
4 0 2959735 8 58.55874 plmp2_5
4 0 145683 9 57.302204 plmp2_5
5 0 1740 0 25.521883 plmp2_5
5 0 112699 1 25.077332 plmp2_5
5 0 3197746 2 24.3187 plmp2_5
5 0 118360 3 23.853264 plmp2_5
5 0 127924 4 23.6112 plmp2_5
5 0 118329 5 23.314545 plmp2_5
5 0 3203656 6 23.100616 plmp2_5
5 0 3206414 7 23.100616 plmp2_5
5 0 127892 8 22.6742 plmp2_5
5 0 112257 9 22.458233 plmp2_5
6 0 2808290 0 21.61974 plmp2_5
6 0 931123 1 21.356674 plmp2_5
6 0 109913 2 19.8566 plmp2_5
6 0 118337 3 19.531176 plmp2_5
6 0 111992 4 19.480738 plmp2_5
6 0 110073 5 19.252584 plmp2_5
6 0 1087960 6 19.232256 plmp2_5
6 0 112038 7 18.90567 plmp2_5
6 0 110520 8 18.34622 plmp2_5
6 0 111938 9 18.19883 plmp2_5
7 0 145715 0 23.656633 plmp2_5
7 0 118423 1 22.861996 plmp2_5
7 0 110932 2 22.275557 plmp2_5
7 0 134749 3 22.171366 plmp2_5
7 0 110923 4 21.893158 plmp2_5
7 0 147531 5 21.585405 plmp2_5
7 0 110018 6 21.516224 plmp2_5
7 0 3195892 7 21.281427 plmp2_5
7 0 112834 8 21.105738 plmp2_5
7 0 112827 9 20.815598 plmp2_5
8 0 145715 0 24.29267 plmp2_5
8 0 110932 1 23.976265 plmp2_5
8 0 112174 2 23.892525 plmp2_5
8 0 145868 3 23.307907 plmp2_5
8 0 145682 4 23.215591 plmp2_5
8 0 147531 5 23.139647 plmp2_5
8 0 134749 6 23.027454 plmp2_5
8 0 112827 7 22.863253 plmp2_5
8 0 2678467 8 22.819857 plmp2_5
8 0 2679202 9 22.819857 plmp2_5
9 0 2675751 0 43.29899 plmp2_5
9 0 118212 1 42.37178 plmp2_5
9 0 127923 2 41.18329 plmp2_5
9 0 118423 3 41.02609 plmp2_5
9 0 109720 4 40.186207 plmp2_5
9 0 127887 5 39.980854 plmp2_5
9 0 112230 6 37.646477 plmp2_5
9 0 802400 7 37.41571 plmp2_5
9 0 118011 8 36.670704 plmp2_5
9 0 118454 9 36.284218 plmp2_5
10 0 4164892 0 40.746716 plmp2_5
10 0 147531 1 39.605873 plmp2_5
10 0 214949 2 38.472298 plmp2_5
10 0 215071 3 38.472298 plmp2_5
10 0 111500 4 37.733032 plmp2_5
10 0 112931 5 37.220158 plmp2_5
10 0 110974 6 36.784122 plmp2_5
10 0 118087 7 36.571896 plmp2_5
10 0 112094 8 36.423557 plmp2_5
10 0 112291 9 36.100674 plmp2_5
11 0 118017 0 16.450994 plmp2_5
11 0 2742710 1 16.410124 plmp2_5
11 0 2789927 2 16.308924 plmp2_5
11 0 2672535 3 16.190804 plmp2_5
11 0 110593 4 16.147411 plmp2_5
11 0 145910 5 16.138542 plmp2_5
11 0 2675752 6 16.114653 plmp2_5
11 0 110732 7 16.055292 plmp2_5
11 0 1737 8 15.742459 plmp2_5
11 0 182514 9 15.729828 plmp2_5
12 0 112073 0 19.079676 plmp2_5
12 0 109255 1 18.72877 plmp2_5
12 0 112024 2 18.605986 plmp2_5
12 0 111537 3 18.376661 plmp2_5
12 0 108584 4 17.789686 plmp2_5
12 0 2672535 5 17.669622 plmp2_5
12 0 108573 6 17.596962 plmp2_5
12 0 101524 7 17.283802 plmp2_5
12 0 111905 8 17.039167 plmp2_5
12 0 3207860 9 16.942675 plmp2_5
13 0 150543 0 16.728085 plmp2_5
13 0 2959732 1 16.72789 plmp2_5
13 0 2959730 2 16.644077 plmp2_5
13 0 112303 3 16.27177 plmp2_5
13 0 2812588 4 16.222368 plmp2_5
13 0 145632 5 16.12208 plmp2_5
13 0 811777 6 16.033571 plmp2_5
13 0 146553 7 15.822341 plmp2_5
13 0 146790 8 15.822143 plmp2_5
13 0 802973 9 15.537254 plmp2_5
14 0 145958 0 10.966458 plmp2_5
14 0 110870 1 10.806188 plmp2_5
14 0 98954 2 10.724317 plmp2_5
14 0 105400 3 10.678165 plmp2_5
14 0 107099 4 10.62855 plmp2_5
14 0 106006 5 10.626118 plmp2_5
14 0 118263 6 10.526046 plmp2_5
14 0 104472 7 10.226446 plmp2_5
14 0 94913 8 10.199384 plmp2_5
14 0 1320090 9 10.141646 plmp2_5
15 0 4151822 0 35.15032 plmp2_5
15 0 2812588 1 33.547703 plmp2_5
15 0 4171965 2 23.610506 plmp2_5
15 0 4106440 3 22.508305 plmp2_5
15 0 2770446 4 19.974207 plmp2_5
15 0 111610 5 17.909353 plmp2_5
15 0 145817 6 17.414272 plmp2_5
15 0 177420 7 17.361622 plmp2_5
15 0 145954 8 16.970133 plmp2_5
15 0 2806207 9 16.21053 plmp2_5
16 0 4171965 0 27.204933 plmp2_5
16 0 4151817 1 22.866362 plmp2_5
16 0 4162936 2 22.721119 plmp2_5
16 0 4168362 3 22.24007 plmp2_5
16 0 4161362 4 21.82735 plmp2_5
16 0 4154238 5 20.995705 plmp2_5
16 0 4168364 6 20.939205 plmp2_5
16 0 4151822 7 20.815483 plmp2_5
16 0 4172497 8 20.769579 plmp2_5
16 0 4164892 9 20.69197 plmp2_5
17 0 103841 0 13.465698 plmp2_5
17 0 109396 1 13.19378 plmp2_5
17 0 109249 2 12.974741 plmp2_5
17 0 145119 3 12.94462 plmp2_5
17 0 118436 4 12.859786 plmp2_5
17 0 108902 5 12.819813 plmp2_5
17 0 205712 6 12.749306 plmp2_5
17 0 102585 7 12.670689 plmp2_5
17 0 99274 8 12.624577 plmp2_5
17 0 105979 9 12.532846 plmp2_5
18 0 145119 0 27.826853 plmp2_5
18 0 620566 1 25.62336 plmp2_5
18 0 112128 2 25.487377 plmp2_5
18 0 148484 3 25.39531 plmp2_5
18 0 205712 4 25.366297 plmp2_5
18 0 106724 5 25.350752 plmp2_5
18 0 131156 6 25.243393 plmp2_5
18 0 799991 7 24.877542 plmp2_5
18 0 145796 8 24.689043 plmp2_5
18 0 118319 9 24.437124 plmp2_5
19 0 2654533 0 43.146336 plmp2_5
19 0 2654756 1 43.146336 plmp2_5
19 0 112775 2 36.050117 plmp2_5
19 0 145121 3 31.439724 plmp2_5
19 0 112914 4 31.04938 plmp2_5
19 0 206098 5 30.968002 plmp2_5
19 0 145860 6 30.080616 plmp2_5
19 0 110657 7 29.84583 plmp2_5
19 0 2620710 8 29.477314 plmp2_5
19 0 110085 9 29.411343 plmp2_5
20 0 2654533 0 43.146336 plmp2_5
20 0 2654756 1 43.146336 plmp2_5
20 0 112775 2 36.050117 plmp2_5
20 0 145121 3 31.439724 plmp2_5
20 0 112914 4 31.04938 plmp2_5
20 0 206098 5 30.968002 plmp2_5
20 0 145860 6 30.080616 plmp2_5
20 0 110657 7 29.84583 plmp2_5
20 0 2620710 8 29.477314 plmp2_5
20 0 110085 9 29.411343 plmp2_5
21 0 2659300 0 35.03373 plmp2_5
21 0 117890 1 33.32736 plmp2_5
21 0 112799 2 33.09897 plmp2_5
21 0 118081 3 32.42563 plmp2_5
21 0 118119 4 31.036451 plmp2_5
21 0 108001 5 30.277975 plmp2_5
21 0 112512 6 29.27002 plmp2_5
21 0 118416 7 28.979076 plmp2_5
21 0 118039 8 28.019222 plmp2_5
21 0 867657 9 27.609264 plmp2_5
22 0 2659300 0 35.820137 plmp2_5
22 0 117890 1 34.58118 plmp2_5
22 0 112799 2 34.49906 plmp2_5
22 0 118081 3 33.800056 plmp2_5
22 0 118119 4 31.96395 plmp2_5
22 0 112512 5 30.956707 plmp2_5
22 0 108001 6 30.277975 plmp2_5
22 0 867657 7 29.71317 plmp2_5
22 0 112774 8 29.453848 plmp2_5
22 0 118039 9 29.4382 plmp2_5
23 0 1738 0 31.230503 plmp2_5
23 0 2810525 1 24.233364 plmp2_5
23 0 2811847 2 24.233364 plmp2_5
23 0 118449 3 22.985054 plmp2_5
23 0 112810 4 20.928495 plmp2_5
23 0 112257 5 19.768305 plmp2_5
23 0 145738 6 18.687727 plmp2_5
23 0 3153112 7 18.479977 plmp2_5
23 0 118044 8 18.330334 plmp2_5
23 0 145728 9 18.280005 plmp2_5
24 0 1738 0 24.555653 plmp2_5
24 0 145778 1 14.056503 plmp2_5
24 0 110916 2 13.667492 plmp2_5
24 0 109265 3 12.859055 plmp2_5
24 0 112872 4 12.332945 plmp2_5
24 0 109698 5 11.901661 plmp2_5
24 0 109674 6 11.495392 plmp2_5
24 0 111318 7 11.182396 plmp2_5
24 0 91444 8 10.953227 plmp2_5
24 0 109699 9 10.811033 plmp2_5
25 0 112616 0 34.66212 plmp2_5
25 0 2655499 1 22.32815 plmp2_5
25 0 2621067 2 21.191372 plmp2_5
25 0 821305 3 19.106232 plmp2_5
25 0 118021 4 18.412046 plmp2_5
25 0 117845 5 18.308338 plmp2_5
25 0 4104821 6 17.127628 plmp2_5
25 0 118215 7 16.592777 plmp2_5
25 0 2671723 8 16.519897 plmp2_5
25 0 112790 9 15.00908 plmp2_5
26 0 112724 0 38.246166 plmp2_5
26 0 117872 1 36.926575 plmp2_5
26 0 112616 2 36.722977 plmp2_5
26 0 102987 3 36.550655 plmp2_5
26 0 145758 4 36.300205 plmp2_5
26 0 127899 5 35.766674 plmp2_5
26 0 111103 6 34.62921 plmp2_5
26 0 1087946 7 34.22061 plmp2_5
26 0 118052 8 34.128353 plmp2_5
26 0 112259 9 33.119446 plmp2_5
27 0 4157382 0 31.324429 plmp2_5
27 0 4157405 1 31.324429 plmp2_5
27 0 112523 2 30.291595 plmp2_5
27 0 111141 3 28.878277 plmp2_5
27 0 112346 4 27.70459 plmp2_5
27 0 112792 5 26.72178 plmp2_5
27 0 111217 6 26.427134 plmp2_5
27 0 109101 7 26.343735 plmp2_5
27 0 107063 8 26.268906 plmp2_5
27 0 110000 9 26.106564 plmp2_5
28 0 4157382 0 27.527905 plmp2_5
28 0 4157405 1 27.527905 plmp2_5
28 0 112523 2 25.611845 plmp2_5
28 0 112346 3 25.261532 plmp2_5
28 0 109101 4 25.11776 plmp2_5
28 0 104855 5 22.99205 plmp2_5
28 0 112792 6 22.612099 plmp2_5
28 0 1087666 7 22.496037 plmp2_5
28 0 111141 8 22.39928 plmp2_5
28 0 111217 9 21.879515 plmp2_5
29 0 626206 0 16.316214 plmp2_5
29 0 145843 1 16.269978 plmp2_5
29 0 104578 2 16.241938 plmp2_5
29 0 899483 3 16.228548 plmp2_5
29 0 4151826 4 16.168219 plmp2_5
29 0 112485 5 16.066933 plmp2_5
29 0 100286 6 16.04432 plmp2_5
29 0 145761 7 16.03928 plmp2_5
29 0 112190 8 16.038698 plmp2_5
29 0 111917 9 16.015892 plmp2_5
30 0 112704 0 38.807568 plmp2_5
30 0 118045 1 38.64537 plmp2_5
30 0 205788 2 38.47152 plmp2_5
30 0 218921 3 38.079433 plmp2_5
30 0 145708 4 37.0593 plmp2_5
30 0 4151826 5 37.018368 plmp2_5
30 0 145841 6 36.81817 plmp2_5
30 0 137739 7 36.667248 plmp2_5
30 0 145843 8 36.45961 plmp2_5
30 0 112734 9 35.293747 plmp2_5
31 0 2795279 0 30.363186 plmp2_5
31 0 100547 1 28.827824 plmp2_5
31 0 3195444 2 28.469957 plmp2_5
31 0 118023 3 27.553484 plmp2_5
31 0 104267 4 26.900732 plmp2_5
31 0 130144 5 26.58984 plmp2_5
31 0 112429 6 26.253807 plmp2_5
31 0 3171727 7 26.160929 plmp2_5
31 0 3177198 8 26.160929 plmp2_5
31 0 3177201 9 26.160929 plmp2_5
32 0 118458 0 17.950144 plmp2_5
32 0 109291 1 17.795944 plmp2_5
32 0 130149 2 17.581131 plmp2_5
32 0 118321 3 17.56041 plmp2_5
32 0 104623 4 17.516907 plmp2_5
32 0 118420 5 17.412859 plmp2_5
32 0 109505 6 17.40802 plmp2_5
32 0 108965 7 17.206003 plmp2_5
32 0 2621077 8 17.152214 plmp2_5
32 0 118427 9 17.077372 plmp2_5
33 0 111706 0 22.297495 plmp2_5
33 0 110089 1 22.24964 plmp2_5
33 0 111446 2 22.056114 plmp2_5
33 0 109532 3 21.920021 plmp2_5
33 0 111134 4 21.424686 plmp2_5
33 0 111334 5 20.947475 plmp2_5
33 0 145975 6 20.509264 plmp2_5
33 0 118109 7 20.180264 plmp2_5
33 0 111594 8 20.12214 plmp2_5
33 0 3168776 9 19.8072 plmp2_5
34 0 2675753 0 78.57342 plmp2_5
34 0 2679204 1 78.57342 plmp2_5
34 0 2676594 2 78.56971 plmp2_5
34 0 2809767 3 76.517136 plmp2_5
34 0 2811850 4 76.517136 plmp2_5
34 0 136994 5 50.648857 plmp2_5
34 0 137727 6 43.709717 plmp2_5
34 0 3216389 7 40.026764 plmp2_5
34 0 121158 8 39.95734 plmp2_5
34 0 146985 9 37.0543 plmp2_5
35 0 2654532 0 21.773987 plmp2_5
35 0 821306 1 21.144337 plmp2_5
35 0 3214778 2 20.044933 plmp2_5
35 0 110101 3 19.962925 plmp2_5
35 0 109586 4 19.592234 plmp2_5
35 0 213843 5 19.407118 plmp2_5
35 0 214063 6 19.407118 plmp2_5
35 0 214467 7 19.407118 plmp2_5
35 0 149005 8 19.382362 plmp2_5
35 0 145851 9 18.887915 plmp2_5
36 0 100648 0 29.022072 plmp2_5
36 0 111192 1 28.665525 plmp2_5
36 0 145661 2 26.986387 plmp2_5
36 0 111777 3 26.904469 plmp2_5
36 0 111693 4 26.44219 plmp2_5
36 0 112476 5 25.318762 plmp2_5
36 0 118142 6 25.024576 plmp2_5
36 0 110752 7 24.610497 plmp2_5
36 0 110101 8 24.488462 plmp2_5
36 0 109586 9 23.983505 plmp2_5
37 0 145731 0 27.370657 plmp2_5
37 0 118269 1 27.211113 plmp2_5
37 0 112910 2 27.06845 plmp2_5
37 0 4151829 3 26.846788 plmp2_5
37 0 111982 4 26.695774 plmp2_5
37 0 145855 5 26.271078 plmp2_5
37 0 1993216 6 25.916862 plmp2_5
37 0 145629 7 25.768345 plmp2_5
37 0 107652 8 25.223576 plmp2_5
37 0 110742 9 24.354284 plmp2_5
38 0 118269 0 25.744427 plmp2_5
38 0 145731 1 25.642124 plmp2_5
38 0 112910 2 25.227228 plmp2_5
38 0 111982 3 25.175081 plmp2_5
38 0 4151829 4 24.993631 plmp2_5
38 0 145855 5 24.580875 plmp2_5
38 0 1993216 6 24.060589 plmp2_5
38 0 110742 7 23.601973 plmp2_5
38 0 107652 8 23.360106 plmp2_5
38 0 145629 9 22.483421 plmp2_5
39 0 112568 0 37.588234 plmp2_5
39 0 112420 1 36.523197 plmp2_5
39 0 108442 2 35.35257 plmp2_5
39 0 111432 3 34.738464 plmp2_5
39 0 118192 4 32.91451 plmp2_5
39 0 107747 5 32.176743 plmp2_5
39 0 2959744 6 31.454319 plmp2_5
39 0 855518 7 31.454319 plmp2_5
39 0 118457 8 30.32033 plmp2_5
39 0 2674861 9 30.169102 plmp2_5
40 0 105200 0 39.54455 plmp2_5
40 0 95945 1 36.200222 plmp2_5
40 0 97466 2 36.11566 plmp2_5
40 0 621044 3 35.924255 plmp2_5
40 0 621090 4 35.924255 plmp2_5
40 0 2959739 5 35.924255 plmp2_5
40 0 97103 6 35.660473 plmp2_5
40 0 96731 7 35.440243 plmp2_5
40 0 96872 8 35.188847 plmp2_5
40 0 118457 9 34.38271 plmp2_5
41 0 109186 0 34.475975 plmp2_5
41 0 112585 1 31.615389 plmp2_5
41 0 111198 2 31.572031 plmp2_5
41 0 111891 3 30.206593 plmp2_5
41 0 110660 4 29.915003 plmp2_5
41 0 2654533 5 28.619883 plmp2_5
41 0 2654756 6 28.619883 plmp2_5
41 0 110635 7 28.394438 plmp2_5
41 0 112257 8 28.22169 plmp2_5
41 0 2810525 9 27.562834 plmp2_5
42 0 109186 0 36.764637 plmp2_5
42 0 112585 1 33.902397 plmp2_5
42 0 111198 2 33.513992 plmp2_5
42 0 111891 3 31.900812 plmp2_5
42 0 110660 4 31.31146 plmp2_5
42 0 2654533 5 30.875744 plmp2_5
42 0 2654756 6 30.875744 plmp2_5
42 0 110635 7 30.332245 plmp2_5
42 0 112257 8 30.158676 plmp2_5
42 0 217703 9 29.485912 plmp2_5
43 0 101906 0 33.754997 plmp2_5
43 0 2680590 1 28.90089 plmp2_5
43 0 2959745 2 28.90089 plmp2_5
43 0 112305 3 28.852728 plmp2_5
43 0 99904 4 26.78084 plmp2_5
43 0 95854 5 25.773708 plmp2_5
43 0 99953 6 25.421682 plmp2_5
43 0 85450 7 24.575457 plmp2_5
43 0 89813 8 24.476793 plmp2_5
43 0 104999 9 24.44555 plmp2_5
44 0 135284 0 13.729057 plmp2_5
44 0 92563 1 13.148494 plmp2_5
44 0 99616 2 13.079235 plmp2_5
44 0 92375 3 12.670679 plmp2_5
44 0 109785 4 12.202106 plmp2_5
44 0 93877 5 11.801191 plmp2_5
44 0 145064 6 11.551667 plmp2_5
44 0 123997 7 11.457546 plmp2_5
44 0 125742 8 11.457546 plmp2_5
44 0 96678 9 11.087627 plmp2_5
45 0 111754 0 33.776127 plmp2_5
45 0 3204917 1 32.453964 plmp2_5
45 0 3181481 2 31.649878 plmp2_5
45 0 118496 3 31.22628 plmp2_5
45 0 618680 4 30.586 plmp2_5
45 0 111232 5 30.22916 plmp2_5
45 0 800568 6 30.111399 plmp2_5
45 0 107663 7 30.095669 plmp2_5
45 0 112309 8 29.035145 plmp2_5
45 0 137005 9 28.838924 plmp2_5
46 0 866024 0 47.908344 plmp2_5
46 0 858802 1 47.898033 plmp2_5
46 0 150542 2 45.084064 plmp2_5
46 0 623145 3 42.410774 plmp2_5
46 0 3204917 4 42.021057 plmp2_5
46 0 218457 5 39.640156 plmp2_5
46 0 1723 6 38.642597 plmp2_5
46 0 145923 7 38.637283 plmp2_5
46 0 618680 8 38.5345 plmp2_5
46 0 1732 9 38.272278 plmp2_5
47 0 2674861 0 39.026665 plmp2_5
47 0 2675754 1 39.026665 plmp2_5
47 0 4151822 2 23.338118 plmp2_5
47 0 4164893 3 22.096924 plmp2_5
47 0 3212516 4 21.737951 plmp2_5
47 0 3170730 5 21.653172 plmp2_5
47 0 3177197 6 21.653172 plmp2_5
47 0 4172500 7 21.497404 plmp2_5
47 0 2803251 8 21.229216 plmp2_5
47 0 2679835 9 21.198896 plmp2_5
48 0 2674861 0 51.185223 plmp2_5
48 0 2675754 1 51.185223 plmp2_5
48 0 96147 2 28.431906 plmp2_5
48 0 96612 3 24.629303 plmp2_5
48 0 103019 4 22.57106 plmp2_5
48 0 2518018 5 21.928398 plmp2_5
48 0 99491 6 21.701973 plmp2_5
48 0 92421 7 21.534431 plmp2_5
48 0 104250 8 21.207127 plmp2_5
48 0 91430 9 21.055517 plmp2_5
49 0 101852 0 15.93626 plmp2_5
49 0 95847 1 15.399784 plmp2_5
49 0 95414 2 14.676156 plmp2_5
49 0 95551 3 13.4053955 plmp2_5
49 0 1957917 4 13.3877125 plmp2_5
49 0 4162535 5 12.619112 plmp2_5
49 0 90620 6 12.357364 plmp2_5
49 0 96570 7 12.267899 plmp2_5
49 0 95696 8 12.211287 plmp2_5
49 0 102376 9 11.741198 plmp2_5
50 0 2789928 0 32.76711 plmp2_5
50 0 3216391 1 30.838772 plmp2_5
50 0 4151826 2 30.832832 plmp2_5
50 0 2771249 3 30.740572 plmp2_5
50 0 2803251 4 30.68124 plmp2_5
50 0 2789927 5 30.488184 plmp2_5
50 0 4162535 6 30.133894 plmp2_5
50 0 2801435 7 30.115551 plmp2_5
50 0 2809767 8 30.048195 plmp2_5
50 0 2811850 9 30.048195 plmp2_5
51 0 107187 0 18.992952 plmp2_5
51 0 134741 1 18.110535 plmp2_5
51 0 111908 2 18.02127 plmp2_5
51 0 110222 3 15.552712 plmp2_5
51 0 100134 4 15.524556 plmp2_5
51 0 92777 5 15.252559 plmp2_5
51 0 109733 6 14.709743 plmp2_5
51 0 85111 7 14.544589 plmp2_5
51 0 100592 8 14.2122345 plmp2_5
51 0 97465 9 14.182925 plmp2_5
52 0 100134 0 17.068943 plmp2_5
52 0 111908 1 16.8603 plmp2_5
52 0 107187 2 16.781742 plmp2_5
52 0 110222 3 16.489035 plmp2_5
52 0 92777 4 16.185083 plmp2_5
52 0 97465 5 16.022852 plmp2_5
52 0 112931 6 15.638245 plmp2_5
52 0 112770 7 15.55656 plmp2_5
52 0 2768888 8 15.4573965 plmp2_5
52 0 112094 9 15.133173 plmp2_5
53 0 145792 0 34.748043 plmp2_5
53 0 2808291 1 31.177055 plmp2_5
53 0 108879 2 29.974834 plmp2_5
53 0 1744 3 29.652908 plmp2_5
53 0 112677 4 29.279812 plmp2_5
53 0 112016 5 26.433222 plmp2_5
53 0 110419 6 25.700285 plmp2_5
53 0 111911 7 25.672693 plmp2_5
53 0 145884 8 25.191353 plmp2_5
53 0 118262 9 25.182722 plmp2_5
54 0 145792 0 34.748043 plmp2_5
54 0 2808291 1 31.177055 plmp2_5
54 0 108879 2 29.974834 plmp2_5
54 0 1744 3 29.652908 plmp2_5
54 0 112677 4 29.279812 plmp2_5
54 0 112016 5 26.433222 plmp2_5
54 0 110419 6 25.700285 plmp2_5
54 0 111911 7 25.672693 plmp2_5
54 0 145884 8 25.191353 plmp2_5
54 0 118262 9 25.182722 plmp2_5
55 0 4154603 0 69.347305 plmp2_5
55 0 145731 1 49.350033 plmp2_5
55 0 145855 2 48.4249 plmp2_5
55 0 112910 3 35.419674 plmp2_5
55 0 145629 4 35.23848 plmp2_5
55 0 118269 5 30.60111 plmp2_5
55 0 111261 6 24.990265 plmp2_5
55 0 145965 7 24.32382 plmp2_5
55 0 111420 8 24.050688 plmp2_5
55 0 110774 9 23.80756 plmp2_5
56 0 4154603 0 72.31372 plmp2_5
56 0 145855 1 51.93722 plmp2_5
56 0 145731 2 51.249554 plmp2_5
56 0 145629 3 37.772926 plmp2_5
56 0 112910 4 36.95429 plmp2_5
56 0 118269 5 34.405987 plmp2_5
56 0 111261 6 28.749968 plmp2_5
56 0 110774 7 27.305822 plmp2_5
56 0 111420 8 26.331802 plmp2_5
56 0 111982 9 24.557106 plmp2_5
57 0 800859 0 27.600773 plmp2_5
57 0 117856 1 25.208183 plmp2_5
57 0 802408 2 24.406506 plmp2_5
57 0 118089 3 21.517113 plmp2_5
57 0 105014 4 21.163717 plmp2_5
57 0 96772 5 21.13596 plmp2_5
57 0 87781 6 20.987427 plmp2_5
57 0 117831 7 20.857538 plmp2_5
57 0 800569 8 20.677738 plmp2_5
57 0 102848 9 20.619537 plmp2_5
58 0 145735 0 35.510265 plmp2_5
58 0 106179 1 32.430977 plmp2_5
58 0 108547 2 31.781816 plmp2_5
58 0 110330 3 28.718018 plmp2_5
58 0 106848 4 28.666946 plmp2_5
58 0 104832 5 27.818674 plmp2_5
58 0 112467 6 27.806713 plmp2_5
58 0 103231 7 27.37582 plmp2_5
58 0 217702 8 27.369015 plmp2_5
58 0 2676592 9 26.976608 plmp2_5
59 0 2788983 0 66.38408 plmp2_5
59 0 4170685 1 66.28104 plmp2_5
59 0 118422 2 63.077335 plmp2_5
59 0 118129 3 62.182922 plmp2_5
59 0 118040 4 60.582623 plmp2_5
59 0 118037 5 60.109768 plmp2_5
59 0 117968 6 57.907482 plmp2_5
59 0 1087691 7 57.18091 plmp2_5
59 0 145627 8 54.262646 plmp2_5
59 0 134735 9 52.153587 plmp2_5
60 0 118334 0 73.32868 plmp2_5
60 0 621195 1 73.29467 plmp2_5
60 0 621270 2 73.29467 plmp2_5
60 0 3195891 3 72.19478 plmp2_5
60 0 4170685 4 69.85029 plmp2_5
60 0 117968 5 68.53117 plmp2_5
60 0 110510 6 68.4954 plmp2_5
60 0 130158 7 68.386154 plmp2_5
60 0 118129 8 68.05474 plmp2_5
60 0 118107 9 66.78625 plmp2_5
61 0 2812210 0 34.696583 plmp2_5
61 0 3195092 1 32.294937 plmp2_5
61 0 218457 2 26.273344 plmp2_5
61 0 145743 3 25.558699 plmp2_5
61 0 117875 4 24.441347 plmp2_5
61 0 112084 5 23.977787 plmp2_5
61 0 107147 6 23.907106 plmp2_5
61 0 112705 7 23.755693 plmp2_5
61 0 104890 8 23.753983 plmp2_5
61 0 118109 9 23.643324 plmp2_5
62 0 118381 0 18.040007 plmp2_5
62 0 145632 1 17.871931 plmp2_5
62 0 112485 2 17.484219 plmp2_5
62 0 118200 3 17.413548 plmp2_5
62 0 110525 4 17.338053 plmp2_5
62 0 111934 5 17.196033 plmp2_5
62 0 111340 6 17.153154 plmp2_5
62 0 137739 7 17.135914 plmp2_5
62 0 127930 8 17.09073 plmp2_5
62 0 111018 9 17.01684 plmp2_5
63 0 145936 0 19.325161 plmp2_5
63 0 3007018 1 17.535164 plmp2_5
63 0 118186 2 17.138874 plmp2_5
63 0 105373 3 15.374571 plmp2_5
63 0 100762 4 15.367225 plmp2_5
63 0 2528498 5 15.203825 plmp2_5
63 0 134724 6 15.1592245 plmp2_5
63 0 112721 7 14.923285 plmp2_5
63 0 91054 8 14.711117 plmp2_5
63 0 103647 9 14.684376 plmp2_5
64 0 110645 0 22.853642 plmp2_5
64 0 112056 1 22.09153 plmp2_5
64 0 2758568 2 21.373638 plmp2_5
64 0 108662 3 20.976671 plmp2_5
64 0 111660 4 20.740847 plmp2_5
64 0 108951 5 20.350883 plmp2_5
64 0 111285 6 20.246908 plmp2_5
64 0 102061 7 20.120018 plmp2_5
64 0 109067 8 19.392578 plmp2_5
64 0 109852 9 19.386618 plmp2_5
65 0 118123 0 48.211185 plmp2_5
65 0 105029 1 33.586376 plmp2_5
65 0 112355 2 33.093636 plmp2_5
65 0 150540 3 31.7158 plmp2_5
65 0 134745 4 31.607143 plmp2_5
65 0 3199502 5 30.903751 plmp2_5
65 0 149285 6 30.599432 plmp2_5
65 0 118151 7 30.070848 plmp2_5
65 0 110155 8 29.818079 plmp2_5
65 0 108607 9 29.710302 plmp2_5
66 0 3211501 0 47.88302 plmp2_5
66 0 145867 1 46.98939 plmp2_5
66 0 111632 2 44.296253 plmp2_5
66 0 112935 3 40.219738 plmp2_5
66 0 112106 4 39.848053 plmp2_5
66 0 218667 5 39.71148 plmp2_5
66 0 143378 6 35.954662 plmp2_5
66 0 118495 7 35.84633 plmp2_5
66 0 134921 8 34.268467 plmp2_5
66 0 110645 9 33.58675 plmp2_5
67 0 867645 0 38.736465 plmp2_5
67 0 145800 1 38.01769 plmp2_5
67 0 110330 2 34.984028 plmp2_5
67 0 97893 3 34.53443 plmp2_5
67 0 88756 4 33.951004 plmp2_5
67 0 93847 5 32.722496 plmp2_5
67 0 99090 6 32.594376 plmp2_5
67 0 97584 7 32.51443 plmp2_5
67 0 94177 8 32.149788 plmp2_5
67 0 145673 9 32.058273 plmp2_5
68 0 867645 0 34.652203 plmp2_5
68 0 145800 1 33.093987 plmp2_5
68 0 88756 2 31.884502 plmp2_5
68 0 110330 3 31.581615 plmp2_5
68 0 88704 4 31.413477 plmp2_5
68 0 97893 5 31.171745 plmp2_5
68 0 87585 6 30.808952 plmp2_5
68 0 94177 7 30.77821 plmp2_5
68 0 93636 8 30.611874 plmp2_5
68 0 97584 9 30.211285 plmp2_5
69 0 110068 0 30.60803 plmp2_5
69 0 117927 1 30.111877 plmp2_5
69 0 118111 2 29.721376 plmp2_5
69 0 103984 3 29.294847 plmp2_5
69 0 111709 4 29.275574 plmp2_5
69 0 111244 5 28.888943 plmp2_5
69 0 111385 6 28.864698 plmp2_5
69 0 112534 7 28.74925 plmp2_5
69 0 109835 8 28.62906 plmp2_5
69 0 117859 9 28.486801 plmp2_5
70 0 118111 0 34.86036 plmp2_5
70 0 110068 1 34.185196 plmp2_5
70 0 111244 2 34.065823 plmp2_5
70 0 109835 3 33.972782 plmp2_5
70 0 109344 4 33.866043 plmp2_5
70 0 103984 5 33.529232 plmp2_5
70 0 112820 6 32.6568 plmp2_5
70 0 106834 7 32.45748 plmp2_5
70 0 111715 8 31.634975 plmp2_5
70 0 111778 9 31.559856 plmp2_5
71 0 112823 0 38.505608 plmp2_5
71 0 112904 1 37.241455 plmp2_5
71 0 118052 2 36.910175 plmp2_5
71 0 118005 3 33.576828 plmp2_5
71 0 88803 4 32.54665 plmp2_5
71 0 112797 5 32.3385 plmp2_5
71 0 109026 6 31.795656 plmp2_5
71 0 89375 7 31.763313 plmp2_5
71 0 118234 8 31.74207 plmp2_5
71 0 3189783 9 31.319267 plmp2_5
72 0 112823 0 38.505608 plmp2_5
72 0 112904 1 37.241455 plmp2_5
72 0 118052 2 36.910175 plmp2_5
72 0 118005 3 33.576828 plmp2_5
72 0 88803 4 32.54665 plmp2_5
72 0 112797 5 32.3385 plmp2_5
72 0 109026 6 31.795656 plmp2_5
72 0 89375 7 31.763313 plmp2_5
72 0 118234 8 31.74207 plmp2_5
72 0 3189783 9 31.319267 plmp2_5
73 0 800858 0 13.094318 plmp2_5
73 0 109666 1 12.452107 plmp2_5
73 0 106577 2 12.355006 plmp2_5
73 0 145449 3 11.772445 plmp2_5
73 0 108311 4 11.740588 plmp2_5
73 0 109550 5 11.595961 plmp2_5
73 0 109735 6 11.5544405 plmp2_5
73 0 1292373 7 11.511852 plmp2_5
73 0 110540 8 11.508906 plmp2_5
73 0 108729 9 11.252019 plmp2_5
74 0 112774 0 23.456383 plmp2_5
74 0 130162 1 21.950792 plmp2_5
74 0 803268 2 21.574247 plmp2_5
74 0 110798 3 21.544117 plmp2_5
74 0 110398 4 21.448372 plmp2_5
74 0 2804674 5 21.303164 plmp2_5
74 0 150541 6 21.140583 plmp2_5
74 0 130149 7 20.911074 plmp2_5
74 0 112902 8 20.724056 plmp2_5
74 0 107904 9 20.624483 plmp2_5
75 0 92916 0 34.553974 plmp2_5
75 0 108011 1 34.30635 plmp2_5
75 0 93534 2 32.902706 plmp2_5
75 0 92470 3 31.798088 plmp2_5
75 0 90423 4 31.49554 plmp2_5
75 0 89282 5 31.447079 plmp2_5
75 0 87646 6 31.42707 plmp2_5
75 0 86533 7 31.26494 plmp2_5
75 0 98237 8 30.34371 plmp2_5
75 0 104722 9 29.600582 plmp2_5
76 0 2679833 0 33.439846 plmp2_5
76 0 2680440 1 33.439846 plmp2_5
76 0 145652 2 32.935867 plmp2_5
76 0 2672526 3 32.794357 plmp2_5
76 0 2674863 4 32.794357 plmp2_5
76 0 108900 5 31.188036 plmp2_5
76 0 2670966 6 30.694473 plmp2_5
76 0 1740 7 27.151617 plmp2_5
76 0 2672210 8 27.00224 plmp2_5
76 0 2654755 9 27.00224 plmp2_5
77 0 145817 0 36.820103 plmp2_5
77 0 112726 1 36.13148 plmp2_5
77 0 4151822 2 35.18931 plmp2_5
77 0 111455 3 32.16516 plmp2_5
77 0 1087693 4 31.940845 plmp2_5
77 0 2812588 5 31.843771 plmp2_5
77 0 111029 6 31.618206 plmp2_5
77 0 134747 7 30.62043 plmp2_5
77 0 145647 8 30.23253 plmp2_5
77 0 2770446 9 28.811369 plmp2_5
78 0 145632 0 17.491457 plmp2_5
78 0 101362 1 15.868971 plmp2_5
78 0 2812588 2 15.103344 plmp2_5
78 0 112255 3 14.522961 plmp2_5
78 0 99736 4 13.827028 plmp2_5
78 0 94531 5 13.480613 plmp2_5
78 0 106964 6 13.392095 plmp2_5
78 0 112097 7 13.368984 plmp2_5
78 0 110128 8 13.364172 plmp2_5
78 0 802973 9 13.319994 plmp2_5
79 0 111470 0 51.08208 plmp2_5
79 0 111009 1 51.080933 plmp2_5
79 0 118143 2 49.11569 plmp2_5
79 0 110221 3 26.765453 plmp2_5
79 0 107367 4 24.491287 plmp2_5
79 0 118246 5 23.298916 plmp2_5
79 0 110183 6 22.524965 plmp2_5
79 0 106722 7 22.484829 plmp2_5
79 0 111412 8 22.482664 plmp2_5
79 0 101909 9 22.276375 plmp2_5
80 0 111009 0 57.248295 plmp2_5
80 0 118143 1 48.448345 plmp2_5
80 0 111470 2 47.421135 plmp2_5
80 0 145859 3 42.729935 plmp2_5
80 0 110221 4 39.719 plmp2_5
80 0 109342 5 37.92068 plmp2_5
80 0 626054 6 37.127014 plmp2_5
80 0 2680438 7 35.51269 plmp2_5
80 0 106328 8 35.298862 plmp2_5
80 0 112022 9 34.86869 plmp2_5
81 0 148484 0 42.08107 plmp2_5
81 0 112440 1 33.620163 plmp2_5
81 0 122253 2 27.688368 plmp2_5
81 0 117833 3 23.70305 plmp2_5
81 0 118445 4 22.675308 plmp2_5
81 0 145121 5 20.707773 plmp2_5
81 0 112914 6 16.735407 plmp2_5
81 0 3209687 7 16.339003 plmp2_5
81 0 127984 8 16.037502 plmp2_5
81 0 148795 9 15.589092 plmp2_5
82 0 145865 0 42.793743 plmp2_5
82 0 2803250 1 40.725853 plmp2_5
82 0 118126 2 40.086735 plmp2_5
82 0 127900 3 40.04904 plmp2_5
82 0 799981 4 39.957607 plmp2_5
82 0 1726 5 38.44471 plmp2_5
82 0 118368 6 37.726753 plmp2_5
82 0 216735 7 37.55825 plmp2_5
82 0 216806 8 37.55825 plmp2_5
82 0 3213871 9 26.901289 plmp2_5
83 0 145859 0 46.90837 plmp2_5
83 0 110289 1 37.36735 plmp2_5
83 0 112922 2 33.440144 plmp2_5
83 0 110961 3 30.513525 plmp2_5
83 0 112368 4 28.484388 plmp2_5
83 0 112590 5 27.739716 plmp2_5
83 0 111093 6 27.393456 plmp2_5
83 0 799978 7 26.985565 plmp2_5
83 0 111103 8 26.924322 plmp2_5
83 0 145870 9 26.906363 plmp2_5
84 0 145859 0 46.90837 plmp2_5
84 0 110289 1 37.36735 plmp2_5
84 0 112922 2 33.440144 plmp2_5
84 0 110961 3 30.513525 plmp2_5
84 0 112368 4 28.484388 plmp2_5
84 0 112590 5 27.739716 plmp2_5
84 0 111093 6 27.393456 plmp2_5
84 0 799978 7 26.985565 plmp2_5
84 0 111103 8 26.924322 plmp2_5
84 0 145870 9 26.906363 plmp2_5
85 0 802973 0 39.708195 plmp2_5
85 0 803271 1 39.708195 plmp2_5
85 0 2959737 2 39.708195 plmp2_5
85 0 3177199 3 36.360878 plmp2_5
85 0 3171724 4 36.273735 plmp2_5
85 0 3177200 5 36.273735 plmp2_5
85 0 4151826 6 34.682568 plmp2_5
85 0 872994 7 32.34197 plmp2_5
85 0 3205766 8 31.971218 plmp2_5
85 0 149653 9 31.510204 plmp2_5
86 0 3205766 0 28.849545 plmp2_5
86 0 802973 1 28.4635 plmp2_5
86 0 803271 2 28.4635 plmp2_5
86 0 2959737 3 28.4635 plmp2_5
86 0 3171724 4 27.973991 plmp2_5
86 0 3177199 5 27.973991 plmp2_5
86 0 3177200 6 27.973991 plmp2_5
86 0 3216388 7 21.959923 plmp2_5
86 0 4151826 8 21.668816 plmp2_5
86 0 3181481 9 21.577667 plmp2_5
87 0 85160 0 10.002407 plmp2_5
87 0 106970 1 9.931418 plmp2_5
87 0 97356 2 9.929461 plmp2_5
87 0 84759 3 9.910907 plmp2_5
87 0 84800 4 9.901281 plmp2_5
87 0 96086 5 9.884305 plmp2_5
87 0 108247 6 9.872223 plmp2_5
87 0 97326 7 9.865141 plmp2_5
87 0 85330 8 9.856664 plmp2_5
87 0 1960562 9 9.850329 plmp2_5
88 0 1756 0 26.22915 plmp2_5
88 0 145897 1 26.164764 plmp2_5
88 0 1742 2 25.062424 plmp2_5
88 0 145839 3 23.338902 plmp2_5
88 0 182992 4 23.004704 plmp2_5
88 0 118339 5 22.831484 plmp2_5
88 0 182991 6 22.587448 plmp2_5
88 0 112807 7 22.400795 plmp2_5
88 0 88985 8 22.02858 plmp2_5
88 0 111801 9 21.978455 plmp2_5
89 0 2770446 0 61.42187 plmp2_5
89 0 4151822 1 59.102898 plmp2_5
89 0 2812588 2 55.122623 plmp2_5
89 0 4162110 3 41.13379 plmp2_5
89 0 145817 4 41.01626 plmp2_5
89 0 134747 5 38.804504 plmp2_5
89 0 145647 6 38.696426 plmp2_5
89 0 145954 7 31.506824 plmp2_5
89 0 111029 8 28.112513 plmp2_5
89 0 1087693 9 27.571936 plmp2_5
90 0 145626 0 46.936016 plmp2_5
90 0 118054 1 43.108402 plmp2_5
90 0 3181025 2 42.994255 plmp2_5
90 0 2812588 3 42.850624 plmp2_5
90 0 2680439 4 41.673233 plmp2_5
90 0 111913 5 41.40796 plmp2_5
90 0 130150 6 40.142723 plmp2_5
90 0 109921 7 39.170815 plmp2_5
90 0 118420 8 38.683895 plmp2_5
90 0 4151822 9 38.389927 plmp2_5
91 0 3212514 0 53.22969 plmp2_5
91 0 118507 1 27.028784 plmp2_5
91 0 1087959 2 26.78871 plmp2_5
91 0 110032 3 25.633389 plmp2_5
91 0 118243 4 25.395515 plmp2_5
91 0 118053 5 25.391161 plmp2_5
91 0 109157 6 25.0761 plmp2_5
91 0 108185 7 25.03776 plmp2_5
91 0 122251 8 24.674278 plmp2_5
91 0 109818 9 24.241894 plmp2_5
92 0 3212514 0 47.910545 plmp2_5
92 0 106091 1 23.268045 plmp2_5
92 0 2809764 2 22.202766 plmp2_5
92 0 205606 3 22.059563 plmp2_5
92 0 2959736 4 22.059563 plmp2_5
92 0 109243 5 21.399012 plmp2_5
92 0 118243 6 21.33336 plmp2_5
92 0 118507 7 21.01654 plmp2_5
92 0 110474 8 20.847712 plmp2_5
92 0 1087959 9 20.758085 plmp2_5
93 0 2788983 0 38.567924 plmp2_5
93 0 130158 1 36.508995 plmp2_5
93 0 117874 2 36.307438 plmp2_5
93 0 118107 3 35.625572 plmp2_5
93 0 110877 4 35.601387 plmp2_5
93 0 112818 5 35.414932 plmp2_5
93 0 111736 6 35.14721 plmp2_5
93 0 117876 7 35.06723 plmp2_5
93 0 145627 8 34.946415 plmp2_5
93 0 931614 9 34.822605 plmp2_5
94 0 2788983 0 41.405643 plmp2_5
94 0 117874 1 39.937748 plmp2_5
94 0 931614 2 39.176403 plmp2_5
94 0 118129 3 37.9845 plmp2_5
94 0 117876 4 37.95095 plmp2_5
94 0 117968 5 37.61198 plmp2_5
94 0 109610 6 37.609116 plmp2_5
94 0 110510 7 37.56744 plmp2_5
94 0 111736 8 37.356228 plmp2_5
94 0 112683 9 37.24546 plmp2_5
95 0 105495 0 35.811874 plmp2_5
95 0 108555 1 34.874897 plmp2_5
95 0 106171 2 33.804756 plmp2_5
95 0 107232 3 32.76205 plmp2_5
95 0 107475 4 23.239473 plmp2_5
95 0 103631 5 22.264112 plmp2_5
95 0 106073 6 21.103909 plmp2_5
95 0 86596 7 21.076393 plmp2_5
95 0 104671 8 20.363485 plmp2_5
95 0 101996 9 19.4555 plmp2_5
96 0 94014 0 21.983105 plmp2_5
96 0 94316 1 21.768261 plmp2_5
96 0 93789 2 21.626202 plmp2_5
96 0 96542 3 21.408113 plmp2_5
96 0 92705 4 21.380924 plmp2_5
96 0 103631 5 21.27211 plmp2_5
96 0 100134 6 21.094303 plmp2_5
96 0 97133 7 21.076122 plmp2_5
96 0 96850 8 21.019438 plmp2_5
96 0 90408 9 21.01614 plmp2_5
97 0 112101 0 43.32163 plmp2_5
97 0 111922 1 39.684742 plmp2_5
97 0 112574 2 25.35502 plmp2_5
97 0 820748 3 24.797604 plmp2_5
97 0 2655597 4 24.778603 plmp2_5
97 0 146554 5 23.511627 plmp2_5
97 0 117959 6 22.879559 plmp2_5
97 0 112247 7 22.849697 plmp2_5
97 0 136993 8 20.66849 plmp2_5
97 0 100793 9 19.628012 plmp2_5
98 0 118065 0 12.698451 plmp2_5
98 0 108376 1 12.585159 plmp2_5
98 0 111684 2 12.398374 plmp2_5
98 0 108849 3 11.086149 plmp2_5
98 0 111821 4 10.656766 plmp2_5
98 0 118467 5 10.245153 plmp2_5
98 0 1283337 6 10.072543 plmp2_5
98 0 2769806 7 10.05346 plmp2_5
98 0 3213872 8 9.881699 plmp2_5
98 0 111736 9 9.615613 plmp2_5
99 0 112267 0 43.505424 plmp2_5
99 0 111884 1 31.694532 plmp2_5
99 0 110552 2 20.842257 plmp2_5
99 0 110578 3 20.118456 plmp2_5
99 0 109673 4 18.469883 plmp2_5
99 0 109569 5 18.127804 plmp2_5
99 0 109976 6 18.116577 plmp2_5
99 0 118121 7 17.38718 plmp2_5
99 0 102592 8 17.31073 plmp2_5
99 0 112723 9 16.24851 plmp2_5
100 0 112267 0 56.528618 plmp2_5
100 0 111884 1 53.64063 plmp2_5
100 0 102906 2 52.098846 plmp2_5
100 0 112033 3 49.86301 plmp2_5
100 0 108405 4 47.230278 plmp2_5
100 0 104883 5 44.16751 plmp2_5
100 0 102592 6 41.42699 plmp2_5
100 0 111381 7 40.59413 plmp2_5
100 0 102294 8 40.19544 plmp2_5
100 0 103125 9 39.94179 plmp2_5
