1 0 3204919 0 73.43924 plmp6_1
1 0 2649076 1 69.343185 plmp6_1
1 0 4164893 2 66.70872 plmp6_1
1 0 2809767 3 65.43861 plmp6_1
1 0 2811850 4 65.43861 plmp6_1
1 0 3177197 5 61.498253 plmp6_1
1 0 3170730 6 61.47063 plmp6_1
1 0 3153112 7 60.714165 plmp6_1
1 0 149702 8 59.575165 plmp6_1
1 0 802972 9 59.036663 plmp6_1
2 0 103631 0 63.125774 plmp6_1
2 0 104671 1 57.33807 plmp6_1
2 0 103549 2 57.067646 plmp6_1
2 0 145692 3 56.2599 plmp6_1
2 0 104571 4 52.65 plmp6_1
2 0 105116 5 51.849857 plmp6_1
2 0 108555 6 51.20434 plmp6_1
2 0 104673 7 47.504005 plmp6_1
2 0 109928 8 47.430714 plmp6_1
2 0 106843 9 47.38881 plmp6_1
3 0 3162143 0 85.06335 plmp6_1
3 0 215496 1 74.287346 plmp6_1
3 0 215694 2 74.287346 plmp6_1
3 0 2959735 3 74.28631 plmp6_1
3 0 118475 4 73.107285 plmp6_1
3 0 130157 5 72.407394 plmp6_1
3 0 145890 6 70.91388 plmp6_1
3 0 112584 7 70.90778 plmp6_1
3 0 145821 8 68.57762 plmp6_1
3 0 117907 9 68.49656 plmp6_1
4 0 215694 0 180.59715 plmp6_1
4 0 2959735 1 180.59506 plmp6_1
4 0 215496 2 180.57858 plmp6_1
4 0 623142 3 162.19482 plmp6_1
4 0 3162143 4 159.72154 plmp6_1
4 0 118029 5 153.14337 plmp6_1
4 0 149007 6 137.99419 plmp6_1
4 0 903973 7 128.23434 plmp6_1
4 0 78783 8 112.6232 plmp6_1
4 0 812450 9 109.62586 plmp6_1
5 0 2672209 0 59.86823 plmp6_1
5 0 2657779 1 59.86823 plmp6_1
5 0 183480 2 54.94042 plmp6_1
5 0 145652 3 54.195766 plmp6_1
5 0 112708 4 53.202305 plmp6_1
5 0 110056 5 52.892807 plmp6_1
5 0 1740 6 51.939854 plmp6_1
5 0 110831 7 50.027164 plmp6_1
5 0 118217 8 46.24172 plmp6_1
5 0 108089 9 45.39169 plmp6_1
6 0 110654 0 106.1735 plmp6_1
6 0 110056 1 81.24616 plmp6_1
6 0 3203656 2 65.5782 plmp6_1
6 0 3206414 3 65.5782 plmp6_1
6 0 183480 4 64.526596 plmp6_1
6 0 111258 5 62.597607 plmp6_1
6 0 111114 6 58.71539 plmp6_1
6 0 117932 7 55.36283 plmp6_1
6 0 110789 8 52.282394 plmp6_1
6 0 110599 9 45.53266 plmp6_1
7 0 147531 0 40.071533 plmp6_1
7 0 2672535 1 39.266785 plmp6_1
7 0 2655591 2 39.080044 plmp6_1
7 0 134749 3 38.886993 plmp6_1
7 0 2678467 4 38.78252 plmp6_1
7 0 2679202 5 38.78252 plmp6_1
7 0 2959746 6 38.78252 plmp6_1
7 0 145715 7 37.411606 plmp6_1
7 0 3195892 8 37.170883 plmp6_1
7 0 145713 9 37.149002 plmp6_1
8 0 134749 0 100.672646 plmp6_1
8 0 112174 1 99.01077 plmp6_1
8 0 145868 2 90.24985 plmp6_1
8 0 145715 3 90.24961 plmp6_1
8 0 112834 4 85.57833 plmp6_1
8 0 147531 5 84.7633 plmp6_1
8 0 2678467 6 82.77427 plmp6_1
8 0 2679202 7 82.77427 plmp6_1
8 0 2959746 8 82.77427 plmp6_1
8 0 112748 9 79.63286 plmp6_1
9 0 2675751 0 94.423355 plmp6_1
9 0 854177 1 87.762314 plmp6_1
9 0 147530 2 81.90405 plmp6_1
9 0 112641 3 80.433136 plmp6_1
9 0 118212 4 80.38635 plmp6_1
9 0 118317 5 78.08418 plmp6_1
9 0 145678 6 75.078606 plmp6_1
9 0 127923 7 74.02096 plmp6_1
9 0 118316 8 73.421135 plmp6_1
9 0 118423 9 73.41456 plmp6_1
10 0 118087 0 105.75116 plmp6_1
10 0 111500 1 104.826965 plmp6_1
10 0 112423 2 101.36336 plmp6_1
10 0 118236 3 94.27512 plmp6_1
10 0 147531 4 90.49616 plmp6_1
10 0 112657 5 89.896255 plmp6_1
10 0 112293 6 86.99286 plmp6_1
10 0 214949 7 85.71107 plmp6_1
10 0 215071 8 85.71107 plmp6_1
10 0 134743 9 85.354164 plmp6_1
11 0 2810524 0 61.32907 plmp6_1
11 0 2811846 1 61.32907 plmp6_1
11 0 873668 2 56.487053 plmp6_1
11 0 217512 3 55.0609 plmp6_1
11 0 3171724 4 54.99616 plmp6_1
11 0 3177199 5 54.99616 plmp6_1
11 0 3177200 6 54.99616 plmp6_1
11 0 2812210 7 54.16293 plmp6_1
11 0 145632 8 54.05971 plmp6_1
11 0 145960 9 53.49208 plmp6_1
12 0 2672535 0 76.03297 plmp6_1
12 0 3207860 1 59.09453 plmp6_1
12 0 3153112 2 53.130657 plmp6_1
12 0 3204919 3 52.200306 plmp6_1
12 0 3211503 4 51.89421 plmp6_1
12 0 183479 5 51.584312 plmp6_1
12 0 3216389 6 51.441437 plmp6_1
12 0 2790213 7 51.23769 plmp6_1
12 0 4172500 8 50.11017 plmp6_1
12 0 4151830 9 49.797493 plmp6_1
13 0 2812588 0 71.45423 plmp6_1
13 0 4162111 1 68.89009 plmp6_1
13 0 145967 2 66.48056 plmp6_1
13 0 2642828 3 64.311584 plmp6_1
13 0 802973 4 60.130875 plmp6_1
13 0 803271 5 60.130875 plmp6_1
13 0 2959737 6 60.130875 plmp6_1
13 0 4106440 7 59.319794 plmp6_1
13 0 2959730 8 57.94858 plmp6_1
13 0 145632 9 55.187256 plmp6_1
14 0 614392 0 47.305687 plmp6_1
14 0 614485 1 47.305687 plmp6_1
14 0 2812588 2 43.378845 plmp6_1
14 0 108730 3 42.680546 plmp6_1
14 0 2153 4 42.6674 plmp6_1
14 0 2670965 5 40.877518 plmp6_1
14 0 124715 6 40.52973 plmp6_1
14 0 2742710 7 38.91776 plmp6_1
14 0 145967 8 38.57846 plmp6_1
14 0 107679 9 37.928967 plmp6_1
15 0 2812588 0 116.657394 plmp6_1
15 0 4151822 1 101.95914 plmp6_1
15 0 2770446 2 82.81204 plmp6_1
15 0 4171965 3 72.45933 plmp6_1
15 0 2809767 4 70.335335 plmp6_1
15 0 2811850 5 70.335335 plmp6_1
15 0 2771249 6 67.77338 plmp6_1
15 0 2812587 7 65.49905 plmp6_1
15 0 2959748 8 65.49905 plmp6_1
15 0 2812210 9 64.54373 plmp6_1
16 0 4151822 0 102.58365 plmp6_1
16 0 2812588 1 70.892265 plmp6_1
16 0 2770446 2 66.276344 plmp6_1
16 0 4171965 3 61.319653 plmp6_1
16 0 145817 4 57.32187 plmp6_1
16 0 4162936 5 53.327496 plmp6_1
16 0 4162111 6 52.296963 plmp6_1
16 0 134747 7 51.304653 plmp6_1
16 0 4168362 8 50.791664 plmp6_1
16 0 3209687 9 50.113552 plmp6_1
17 0 148484 0 42.118343 plmp6_1
17 0 813289 1 40.668423 plmp6_1
17 0 145865 2 39.789787 plmp6_1
17 0 4161362 3 39.14865 plmp6_1
17 0 147527 4 38.769306 plmp6_1
17 0 217512 5 38.173313 plmp6_1
17 0 145119 6 38.16329 plmp6_1
17 0 150542 7 38.120453 plmp6_1
17 0 111427 8 38.0528 plmp6_1
17 0 1726 9 38.039833 plmp6_1
18 0 205712 0 110.398285 plmp6_1
18 0 148484 1 92.71873 plmp6_1
18 0 620566 2 84.87767 plmp6_1
18 0 1753 3 80.74507 plmp6_1
18 0 131156 4 78.63134 plmp6_1
18 0 2795703 5 77.89933 plmp6_1
18 0 2797292 6 77.89933 plmp6_1
18 0 145119 7 77.804054 plmp6_1
18 0 815689 8 75.300804 plmp6_1
18 0 218133 9 74.64938 plmp6_1
19 0 2654533 0 122.58058 plmp6_1
19 0 2654756 1 122.58058 plmp6_1
19 0 4172500 2 87.07038 plmp6_1
19 0 4151825 3 86.17642 plmp6_1
19 0 219509 4 79.81003 plmp6_1
19 0 3203656 5 79.187485 plmp6_1
19 0 3206414 6 79.187485 plmp6_1
19 0 4151826 7 78.81343 plmp6_1
19 0 112808 8 77.95484 plmp6_1
19 0 2679558 9 76.1612 plmp6_1
20 0 2654533 0 128.17513 plmp6_1
20 0 2654756 1 128.17513 plmp6_1
20 0 4151825 2 87.18079 plmp6_1
20 0 4172500 3 85.78938 plmp6_1
20 0 219509 4 79.81003 plmp6_1
20 0 3203656 5 77.99296 plmp6_1
20 0 3206414 6 77.99296 plmp6_1
20 0 206098 7 77.99211 plmp6_1
20 0 112775 8 77.69555 plmp6_1
20 0 110085 9 75.630394 plmp6_1
21 0 873660 0 110.52123 plmp6_1
21 0 867657 1 95.12003 plmp6_1
21 0 112799 2 92.68 plmp6_1
21 0 117890 3 91.43016 plmp6_1
21 0 145925 4 86.83853 plmp6_1
21 0 2804673 5 85.05734 plmp6_1
21 0 2659300 6 84.09842 plmp6_1
21 0 3181482 7 83.4661 plmp6_1
21 0 821306 8 83.13944 plmp6_1
21 0 2654534 9 82.235085 plmp6_1
22 0 2659300 0 140.44829 plmp6_1
22 0 117890 1 128.7403 plmp6_1
22 0 112799 2 117.19763 plmp6_1
22 0 145829 3 103.67809 plmp6_1
22 0 145925 4 103.599174 plmp6_1
22 0 867657 5 102.48711 plmp6_1
22 0 112774 6 98.5745 plmp6_1
22 0 118081 7 97.08799 plmp6_1
22 0 2804673 8 92.17164 plmp6_1
22 0 112846 9 90.48177 plmp6_1
23 0 2810525 0 82.29316 plmp6_1
23 0 2811847 1 82.29316 plmp6_1
23 0 118449 2 75.65358 plmp6_1
23 0 145738 3 68.74121 plmp6_1
23 0 2801435 4 65.860466 plmp6_1
23 0 112257 5 65.25576 plmp6_1
23 0 4162535 6 63.511337 plmp6_1
23 0 118180 7 62.994507 plmp6_1
23 0 2657927 8 61.759636 plmp6_1
23 0 145121 9 60.224606 plmp6_1
24 0 1738 0 33.650078 plmp6_1
24 0 145778 1 33.0275 plmp6_1
24 0 802408 2 29.439545 plmp6_1
24 0 2678133 3 29.234049 plmp6_1
24 0 2804671 4 27.042376 plmp6_1
24 0 145866 5 26.59886 plmp6_1
24 0 182558 6 25.96821 plmp6_1
24 0 2790213 7 24.204422 plmp6_1
24 0 145635 8 23.727406 plmp6_1
24 0 2654754 9 23.594004 plmp6_1
25 0 112616 0 101.37068 plmp6_1
25 0 2655499 1 71.461266 plmp6_1
25 0 108792 2 59.322536 plmp6_1
25 0 110318 3 55.321873 plmp6_1
25 0 821305 4 55.181595 plmp6_1
25 0 3211503 5 54.19478 plmp6_1
25 0 118021 6 50.82917 plmp6_1
25 0 117845 7 47.130146 plmp6_1
25 0 2621067 8 46.5968 plmp6_1
25 0 111495 9 45.225563 plmp6_1
26 0 117872 0 98.50054 plmp6_1
26 0 112616 1 83.943825 plmp6_1
26 0 112045 2 78.8333 plmp6_1
26 0 145758 3 72.6367 plmp6_1
26 0 105698 4 72.34471 plmp6_1
26 0 112457 5 72.08083 plmp6_1
26 0 117841 6 70.50235 plmp6_1
26 0 112700 7 69.94105 plmp6_1
26 0 118026 8 69.68419 plmp6_1
26 0 4161362 9 69.2017 plmp6_1
27 0 4157382 0 171.28787 plmp6_1
27 0 4157405 1 171.28787 plmp6_1
27 0 111141 2 87.32135 plmp6_1
27 0 112346 3 84.7572 plmp6_1
27 0 112523 4 81.99419 plmp6_1
27 0 182992 5 69.17422 plmp6_1
27 0 112792 6 68.123825 plmp6_1
27 0 3204918 7 63.940193 plmp6_1
27 0 145636 8 63.510063 plmp6_1
27 0 213842 9 63.363102 plmp6_1
28 0 4157382 0 146.00069 plmp6_1
28 0 4157405 1 146.00069 plmp6_1
28 0 112346 2 92.22245 plmp6_1
28 0 111141 3 77.21462 plmp6_1
28 0 118489 4 55.84469 plmp6_1
28 0 110384 5 55.80165 plmp6_1
28 0 110706 6 55.399113 plmp6_1
28 0 118475 7 52.831665 plmp6_1
28 0 931121 8 52.062233 plmp6_1
28 0 212970 9 51.537094 plmp6_1
29 0 118044 0 35.635395 plmp6_1
29 0 4151826 1 35.145615 plmp6_1
29 0 111471 2 34.673557 plmp6_1
29 0 117875 3 34.63754 plmp6_1
29 0 112485 4 34.142994 plmp6_1
29 0 137739 5 34.10145 plmp6_1
29 0 109560 6 33.707333 plmp6_1
29 0 205788 7 33.69393 plmp6_1
29 0 145708 8 33.507374 plmp6_1
29 0 118381 9 33.02419 plmp6_1
30 0 205788 0 115.98511 plmp6_1
30 0 218921 1 99.35057 plmp6_1
30 0 4151826 2 94.86303 plmp6_1
30 0 899483 3 93.35739 plmp6_1
30 0 148795 4 92.19421 plmp6_1
30 0 626206 5 91.48533 plmp6_1
30 0 802770 6 90.03115 plmp6_1
30 0 145841 7 88.663414 plmp6_1
30 0 179213 8 87.901924 plmp6_1
30 0 145761 9 83.97889 plmp6_1
31 0 145925 0 71.21782 plmp6_1
31 0 2795279 1 63.98015 plmp6_1
31 0 118023 2 63.5499 plmp6_1
31 0 2809763 3 63.403946 plmp6_1
31 0 110561 4 61.647884 plmp6_1
31 0 112486 5 60.464565 plmp6_1
31 0 145909 6 60.212505 plmp6_1
31 0 118458 7 59.993725 plmp6_1
31 0 902267 8 58.774445 plmp6_1
31 0 145778 9 58.38777 plmp6_1
32 0 112329 0 68.407425 plmp6_1
32 0 111434 1 66.64544 plmp6_1
32 0 1728 2 65.65728 plmp6_1
32 0 112850 3 63.574375 plmp6_1
32 0 112447 4 60.6751 plmp6_1
32 0 125839 5 60.19844 plmp6_1
32 0 112090 6 60.079292 plmp6_1
32 0 118455 7 57.13089 plmp6_1
32 0 111596 8 55.234615 plmp6_1
32 0 145710 9 55.16573 plmp6_1
33 0 109535 0 65.02732 plmp6_1
33 0 112485 1 62.55065 plmp6_1
33 0 109532 2 62.40103 plmp6_1
33 0 110795 3 62.079353 plmp6_1
33 0 802973 4 61.751587 plmp6_1
33 0 803271 5 61.751587 plmp6_1
33 0 2959737 6 61.751587 plmp6_1
33 0 121158 7 61.026054 plmp6_1
33 0 145870 8 60.962353 plmp6_1
33 0 109935 9 60.937603 plmp6_1
34 0 2676594 0 215.0005 plmp6_1
34 0 2675753 1 210.17833 plmp6_1
34 0 2679204 2 210.17833 plmp6_1
34 0 2809767 3 156.06465 plmp6_1
34 0 2811850 4 156.06465 plmp6_1
34 0 3216389 5 85.93911 plmp6_1
34 0 121158 6 81.870255 plmp6_1
34 0 625710 7 80.67182 plmp6_1
34 0 112325 8 74.07224 plmp6_1
34 0 136994 9 73.62887 plmp6_1
35 0 821306 0 39.13195 plmp6_1
35 0 205203 1 38.800575 plmp6_1
35 0 2768888 2 37.349804 plmp6_1
35 0 218927 3 36.96534 plmp6_1
35 0 2678134 4 36.856953 plmp6_1
35 0 931124 5 34.15507 plmp6_1
35 0 2801432 6 34.061424 plmp6_1
35 0 4168362 7 33.788746 plmp6_1
35 0 903979 8 33.783268 plmp6_1
35 0 902768 9 33.783268 plmp6_1
36 0 118319 0 64.29329 plmp6_1
36 0 118142 1 62.9521 plmp6_1
36 0 902769 2 61.697083 plmp6_1
36 0 3170730 3 59.56537 plmp6_1
36 0 3177197 4 59.56537 plmp6_1
36 0 118238 5 59.26328 plmp6_1
36 0 118329 6 57.506695 plmp6_1
36 0 109923 7 57.295647 plmp6_1
36 0 112314 8 56.883785 plmp6_1
36 0 2670966 9 55.81935 plmp6_1
37 0 4151829 0 50.099697 plmp6_1
37 0 118269 1 46.961205 plmp6_1
37 0 145629 2 45.488735 plmp6_1
37 0 110742 3 44.029606 plmp6_1
37 0 145731 4 43.97354 plmp6_1
37 0 110774 5 43.64748 plmp6_1
37 0 118290 6 43.34207 plmp6_1
37 0 111982 7 42.853348 plmp6_1
37 0 121171 8 42.29953 plmp6_1
37 0 121168 9 41.93951 plmp6_1
38 0 145855 0 89.57545 plmp6_1
38 0 145731 1 85.73079 plmp6_1
38 0 4151829 2 83.614555 plmp6_1
38 0 118269 3 67.32617 plmp6_1
38 0 1993216 4 64.36415 plmp6_1
38 0 112910 5 59.17991 plmp6_1
38 0 110774 6 58.079746 plmp6_1
38 0 111982 7 57.599174 plmp6_1
38 0 112292 8 56.308067 plmp6_1
38 0 111420 9 54.771713 plmp6_1
39 0 112568 0 72.40415 plmp6_1
39 0 112420 1 61.45748 plmp6_1
39 0 118457 2 59.41777 plmp6_1
39 0 111432 3 53.36501 plmp6_1
39 0 2959744 4 51.415646 plmp6_1
39 0 855518 5 51.415646 plmp6_1
39 0 2674861 6 51.083725 plmp6_1
39 0 2675754 7 51.083725 plmp6_1
39 0 111062 8 50.80842 plmp6_1
39 0 112855 9 50.22817 plmp6_1
40 0 105200 0 87.4015 plmp6_1
40 0 621044 1 76.93519 plmp6_1
40 0 621090 2 76.93519 plmp6_1
40 0 2959739 3 76.93519 plmp6_1
40 0 1731 4 76.7269 plmp6_1
40 0 122254 5 75.78892 plmp6_1
40 0 118457 6 73.70055 plmp6_1
40 0 112273 7 70.154076 plmp6_1
40 0 2959744 8 69.15442 plmp6_1
40 0 855518 9 69.15442 plmp6_1
41 0 112924 0 91.19922 plmp6_1
41 0 2811847 1 76.61098 plmp6_1
41 0 2810525 2 76.60627 plmp6_1
41 0 111198 3 75.289345 plmp6_1
41 0 112585 4 73.37984 plmp6_1
41 0 2654533 5 72.226036 plmp6_1
41 0 2654756 6 72.226036 plmp6_1
41 0 109186 7 69.999954 plmp6_1
41 0 111891 8 68.674416 plmp6_1
41 0 145785 9 68.1089 plmp6_1
42 0 112585 0 95.74257 plmp6_1
42 0 2654533 1 89.93983 plmp6_1
42 0 2654756 2 89.93983 plmp6_1
42 0 111891 3 84.42239 plmp6_1
42 0 109186 4 84.40377 plmp6_1
42 0 112924 5 84.36967 plmp6_1
42 0 111198 6 83.75507 plmp6_1
42 0 110132 7 83.40329 plmp6_1
42 0 109352 8 80.93798 plmp6_1
42 0 145785 9 76.58438 plmp6_1
43 0 2680590 0 75.028915 plmp6_1
43 0 2959745 1 75.028915 plmp6_1
43 0 112920 2 74.07236 plmp6_1
43 0 112305 3 70.89694 plmp6_1
43 0 112803 4 64.42686 plmp6_1
43 0 118148 5 60.27034 plmp6_1
43 0 110729 6 55.196075 plmp6_1
43 0 112644 7 54.689976 plmp6_1
43 0 117935 8 51.53009 plmp6_1
43 0 118113 9 51.183506 plmp6_1
44 0 92563 0 20.95129 plmp6_1
44 0 96678 1 20.342945 plmp6_1
44 0 802408 2 18.962957 plmp6_1
44 0 2781925 3 18.869045 plmp6_1
44 0 183480 4 18.74445 plmp6_1
44 0 108965 5 18.551867 plmp6_1
44 0 4104823 6 18.344013 plmp6_1
44 0 145903 7 18.188202 plmp6_1
44 0 145834 8 18.114702 plmp6_1
44 0 118182 9 17.932484 plmp6_1
45 0 3204917 0 130.98534 plmp6_1
45 0 866024 1 106.25905 plmp6_1
45 0 858802 2 106.25905 plmp6_1
45 0 150542 3 106.092896 plmp6_1
45 0 800568 4 105.87435 plmp6_1
45 0 145772 5 97.82667 plmp6_1
45 0 145861 6 97.542114 plmp6_1
45 0 145903 7 92.462166 plmp6_1
45 0 137725 8 91.8863 plmp6_1
45 0 623145 9 90.17923 plmp6_1
46 0 866024 0 228.1983 plmp6_1
46 0 858802 1 228.18799 plmp6_1
46 0 623145 2 156.68379 plmp6_1
46 0 3204917 3 152.45389 plmp6_1
46 0 2804673 4 148.5945 plmp6_1
46 0 150542 5 138.52353 plmp6_1
46 0 145861 6 134.90569 plmp6_1
46 0 903971 7 134.70967 plmp6_1
46 0 2959742 8 134.70967 plmp6_1
46 0 1732 9 130.05315 plmp6_1
47 0 2674861 0 105.22108 plmp6_1
47 0 2675754 1 105.22108 plmp6_1
47 0 2771250 2 57.14492 plmp6_1
47 0 2790213 3 56.393944 plmp6_1
47 0 121149 4 55.77745 plmp6_1
47 0 2795703 5 55.41965 plmp6_1
47 0 2797292 6 55.41965 plmp6_1
47 0 148483 7 54.976154 plmp6_1
47 0 3171725 8 54.871696 plmp6_1
47 0 2678133 9 54.476128 plmp6_1
48 0 2674861 0 98.50416 plmp6_1
48 0 2675754 1 98.50416 plmp6_1
48 0 3170727 2 55.63258 plmp6_1
48 0 96612 3 52.37257 plmp6_1
48 0 2646093 4 51.93868 plmp6_1
48 0 111362 5 50.608913 plmp6_1
48 0 96147 6 50.203148 plmp6_1
48 0 145664 7 49.85549 plmp6_1
48 0 103019 8 49.650257 plmp6_1
48 0 145896 9 46.67828 plmp6_1
49 0 2810525 0 58.8644 plmp6_1
49 0 2811847 1 58.8644 plmp6_1
49 0 4162535 2 56.98104 plmp6_1
49 0 3153112 3 45.259888 plmp6_1
49 0 4151826 4 42.301453 plmp6_1
49 0 2809767 5 41.140354 plmp6_1
49 0 2811850 6 41.140354 plmp6_1
49 0 2812210 7 39.685947 plmp6_1
49 0 2801435 8 39.071632 plmp6_1
49 0 2803251 9 38.65124 plmp6_1
50 0 3153112 0 91.519264 plmp6_1
50 0 4162535 1 84.1285 plmp6_1
50 0 2810525 2 66.14515 plmp6_1
50 0 2811847 3 66.14515 plmp6_1
50 0 3181025 4 48.992435 plmp6_1
50 0 4151826 5 48.410564 plmp6_1
50 0 2809767 6 48.07576 plmp6_1
50 0 2811850 7 48.07576 plmp6_1
50 0 2812210 8 46.88846 plmp6_1
50 0 2801435 9 45.676235 plmp6_1
51 0 112770 0 57.169033 plmp6_1
51 0 616433 1 53.624336 plmp6_1
51 0 78783 2 50.75931 plmp6_1
51 0 2752078 3 48.968025 plmp6_1
51 0 145868 4 48.35585 plmp6_1
51 0 2812589 5 46.848984 plmp6_1
51 0 2959749 6 46.848984 plmp6_1
51 0 215412 7 46.7199 plmp6_1
51 0 148799 8 46.64812 plmp6_1
51 0 145872 9 46.641796 plmp6_1
52 0 112770 0 44.876583 plmp6_1
52 0 112931 1 41.82604 plmp6_1
52 0 112243 2 38.457542 plmp6_1
52 0 802399 3 35.15814 plmp6_1
52 0 103302 4 34.06208 plmp6_1
52 0 98744 5 33.826576 plmp6_1
52 0 854177 6 33.66199 plmp6_1
52 0 109704 7 33.19591 plmp6_1
52 0 109087 8 32.904034 plmp6_1
52 0 105869 9 32.806133 plmp6_1
53 0 799985 0 76.11748 plmp6_1
53 0 2808291 1 65.300476 plmp6_1
53 0 2771250 2 63.718933 plmp6_1
53 0 145792 3 62.199154 plmp6_1
53 0 148483 4 59.176308 plmp6_1
53 0 145664 5 54.08594 plmp6_1
53 0 621045 6 53.729244 plmp6_1
53 0 2650505 7 51.914043 plmp6_1
53 0 145647 8 51.722965 plmp6_1
53 0 811778 9 51.660297 plmp6_1
54 0 872994 0 112.44876 plmp6_1
54 0 811778 1 98.170395 plmp6_1
54 0 943668 2 87.143005 plmp6_1
54 0 811777 3 86.0825 plmp6_1
54 0 931123 4 81.01663 plmp6_1
54 0 625711 5 80.898285 plmp6_1
54 0 2808291 6 71.61319 plmp6_1
54 0 3195890 7 66.024895 plmp6_1
54 0 621045 8 62.845142 plmp6_1
54 0 2675752 9 62.64911 plmp6_1
55 0 4154603 0 115.0223 plmp6_1
55 0 145855 1 85.192825 plmp6_1
55 0 145731 2 83.91435 plmp6_1
55 0 145629 3 80.00613 plmp6_1
55 0 118269 4 78.754616 plmp6_1
55 0 111261 5 72.52299 plmp6_1
55 0 112910 6 67.5326 plmp6_1
55 0 110774 7 66.45829 plmp6_1
55 0 111420 8 64.4597 plmp6_1
55 0 111982 9 64.265144 plmp6_1
56 0 4154603 0 174.457 plmp6_1
56 0 145731 1 114.459984 plmp6_1
56 0 118269 2 114.00141 plmp6_1
56 0 112910 3 110.42854 plmp6_1
56 0 145629 4 95.43872 plmp6_1
56 0 110774 5 93.651596 plmp6_1
56 0 111261 6 91.95787 plmp6_1
56 0 145855 7 90.64902 plmp6_1
56 0 111420 8 85.26363 plmp6_1
56 0 1993216 9 84.73963 plmp6_1
57 0 800569 0 70.647964 plmp6_1
57 0 867644 1 69.245224 plmp6_1
57 0 802408 2 68.13506 plmp6_1
57 0 815320 3 67.42446 plmp6_1
57 0 800859 4 65.67092 plmp6_1
57 0 205720 5 62.146744 plmp6_1
57 0 182567 6 60.676056 plmp6_1
57 0 4170683 7 60.16064 plmp6_1
57 0 117856 8 60.07976 plmp6_1
57 0 118297 9 59.35983 plmp6_1
58 0 145735 0 83.21366 plmp6_1
58 0 217702 1 62.404873 plmp6_1
58 0 2676592 2 59.096176 plmp6_1
58 0 108547 3 58.301064 plmp6_1
58 0 145800 4 57.674484 plmp6_1
58 0 112467 5 56.8406 plmp6_1
58 0 106179 6 54.440155 plmp6_1
58 0 4172497 7 54.007256 plmp6_1
58 0 112811 8 52.658184 plmp6_1
58 0 4104822 9 52.5107 plmp6_1
59 0 2788983 0 218.10239 plmp6_1
59 0 4170685 1 192.23195 plmp6_1
59 0 118037 2 169.47948 plmp6_1
59 0 145627 3 165.83798 plmp6_1
59 0 117968 4 160.16145 plmp6_1
59 0 118129 5 159.62193 plmp6_1
59 0 118040 6 158.97955 plmp6_1
59 0 1087691 7 148.25555 plmp6_1
59 0 118422 8 145.19063 plmp6_1
59 0 3205767 9 135.29727 plmp6_1
60 0 3195891 0 218.52263 plmp6_1
60 0 4170685 1 187.38882 plmp6_1
60 0 2788983 2 187.36543 plmp6_1
60 0 118129 3 164.21985 plmp6_1
60 0 145627 4 161.01335 plmp6_1
60 0 130158 5 155.14432 plmp6_1
60 0 621195 6 154.65068 plmp6_1
60 0 621270 7 154.65068 plmp6_1
60 0 118334 8 153.52162 plmp6_1
60 0 931614 9 152.27077 plmp6_1
61 0 145743 0 122.13233 plmp6_1
61 0 145923 1 115.41365 plmp6_1
61 0 2812210 2 115.300606 plmp6_1
61 0 218457 3 104.79963 plmp6_1
61 0 1732 4 94.31422 plmp6_1
61 0 145815 5 91.291084 plmp6_1
61 0 112854 6 89.614944 plmp6_1
61 0 3195092 7 88.84531 plmp6_1
61 0 2657927 8 81.982574 plmp6_1
61 0 219815 9 81.307755 plmp6_1
62 0 2812210 0 53.81941 plmp6_1
62 0 110661 1 44.330746 plmp6_1
62 0 118299 2 42.418102 plmp6_1
62 0 110091 3 41.932518 plmp6_1
62 0 110926 4 41.871563 plmp6_1
62 0 117875 5 41.661076 plmp6_1
62 0 109966 6 40.163998 plmp6_1
62 0 107147 7 39.902973 plmp6_1
62 0 118098 8 39.90124 plmp6_1
62 0 109846 9 38.615013 plmp6_1
63 0 107685 0 47.0311 plmp6_1
63 0 149702 1 46.800343 plmp6_1
63 0 106985 2 46.680447 plmp6_1
63 0 2812589 3 44.928627 plmp6_1
63 0 2959749 4 44.928627 plmp6_1
63 0 104521 5 43.39832 plmp6_1
63 0 107014 6 42.946976 plmp6_1
63 0 105525 7 42.681416 plmp6_1
63 0 108538 8 42.434437 plmp6_1
63 0 111250 9 42.382324 plmp6_1
64 0 3205768 0 61.474323 plmp6_1
64 0 2758568 1 59.240807 plmp6_1
64 0 2809766 2 58.64342 plmp6_1
64 0 2811849 3 58.64342 plmp6_1
64 0 3205767 4 58.470562 plmp6_1
64 0 4151827 5 53.268036 plmp6_1
64 0 110645 6 52.160057 plmp6_1
64 0 3205736 7 51.79225 plmp6_1
64 0 145895 8 51.3547 plmp6_1
64 0 3207860 9 50.283802 plmp6_1
65 0 118123 0 130.90727 plmp6_1
65 0 150540 1 82.38873 plmp6_1
65 0 3211501 2 79.54498 plmp6_1
65 0 4151825 3 74.50191 plmp6_1
65 0 3183080 4 73.74254 plmp6_1
65 0 110645 5 73.54388 plmp6_1
65 0 4089982 6 72.23676 plmp6_1
65 0 3199502 7 72.01179 plmp6_1
65 0 131165 8 71.30214 plmp6_1
65 0 145883 9 70.22912 plmp6_1
66 0 3211501 0 148.38158 plmp6_1
66 0 145867 1 129.22092 plmp6_1
66 0 4151827 2 105.62558 plmp6_1
66 0 3213872 3 98.122086 plmp6_1
66 0 3212516 4 98.06987 plmp6_1
66 0 150540 5 96.48799 plmp6_1
66 0 3214775 6 95.52763 plmp6_1
66 0 118123 7 93.156075 plmp6_1
66 0 3195445 8 91.973335 plmp6_1
66 0 3217422 9 90.923874 plmp6_1
67 0 145800 0 148.73235 plmp6_1
67 0 867645 1 136.75043 plmp6_1
67 0 103675 2 90.71481 plmp6_1
67 0 106757 3 75.7511 plmp6_1
67 0 104522 4 68.919754 plmp6_1
67 0 103678 5 66.15844 plmp6_1
67 0 107938 6 63.388596 plmp6_1
67 0 110330 7 61.35767 plmp6_1
67 0 103916 8 60.01413 plmp6_1
67 0 2810526 9 59.880737 plmp6_1
68 0 145800 0 131.96283 plmp6_1
68 0 867645 1 104.25139 plmp6_1
68 0 97893 2 74.16209 plmp6_1
68 0 94177 3 73.47566 plmp6_1
68 0 88704 4 71.62585 plmp6_1
68 0 103675 5 70.99092 plmp6_1
68 0 87585 6 68.35986 plmp6_1
68 0 103678 7 67.107765 plmp6_1
68 0 103093 8 66.93304 plmp6_1
68 0 88756 9 66.60149 plmp6_1
69 0 3214778 0 88.50867 plmp6_1
69 0 182558 1 83.26071 plmp6_1
69 0 866022 2 81.79214 plmp6_1
69 0 111709 3 81.64339 plmp6_1
69 0 117859 4 81.34915 plmp6_1
69 0 219733 5 80.83384 plmp6_1
69 0 220342 6 80.83384 plmp6_1
69 0 110068 7 79.23789 plmp6_1
69 0 149289 8 79.03643 plmp6_1
69 0 2676593 9 79.00573 plmp6_1
70 0 3214778 0 94.93369 plmp6_1
70 0 182558 1 94.22045 plmp6_1
70 0 2676593 2 92.554085 plmp6_1
70 0 149289 3 91.97728 plmp6_1
70 0 931120 4 86.32697 plmp6_1
70 0 2675751 5 85.09738 plmp6_1
70 0 2790213 6 84.83172 plmp6_1
70 0 219733 7 84.77215 plmp6_1
70 0 220342 8 84.77215 plmp6_1
70 0 866022 9 84.47524 plmp6_1
71 0 145121 0 89.830864 plmp6_1
71 0 118052 1 88.17874 plmp6_1
71 0 112914 2 87.44485 plmp6_1
71 0 112904 3 80.37427 plmp6_1
71 0 118287 4 80.10519 plmp6_1
71 0 3189783 5 79.78137 plmp6_1
71 0 118005 6 77.930046 plmp6_1
71 0 118234 7 74.53795 plmp6_1
71 0 112823 8 71.672935 plmp6_1
71 0 117979 9 71.127045 plmp6_1
72 0 118052 0 100.417175 plmp6_1
72 0 112904 1 91.21419 plmp6_1
72 0 145121 2 87.94317 plmp6_1
72 0 118005 3 87.726135 plmp6_1
72 0 112914 4 86.98714 plmp6_1
72 0 118234 5 84.764 plmp6_1
72 0 3189783 6 83.80989 plmp6_1
72 0 117979 7 76.354195 plmp6_1
72 0 112823 8 72.43429 plmp6_1
72 0 118287 9 69.94894 plmp6_1
73 0 2804674 0 42.047092 plmp6_1
73 0 110692 1 38.997803 plmp6_1
73 0 108538 2 38.897453 plmp6_1
73 0 109931 3 38.465107 plmp6_1
73 0 145624 4 38.246307 plmp6_1
73 0 110175 5 35.604588 plmp6_1
73 0 118043 6 35.09579 plmp6_1
73 0 217514 7 34.813812 plmp6_1
73 0 1087954 8 33.80584 plmp6_1
73 0 112637 9 33.10671 plmp6_1
74 0 2804674 0 70.29107 plmp6_1
74 0 107904 1 68.178185 plmp6_1
74 0 109284 2 65.82104 plmp6_1
74 0 112774 3 61.762676 plmp6_1
74 0 127908 4 55.53571 plmp6_1
74 0 2675749 5 54.803127 plmp6_1
74 0 111245 6 52.049812 plmp6_1
74 0 108616 7 50.29601 plmp6_1
74 0 110798 8 49.566452 plmp6_1
74 0 111596 9 49.08744 plmp6_1
75 0 802770 0 64.44083 plmp6_1
75 0 92916 1 63.241386 plmp6_1
75 0 3189783 2 62.959286 plmp6_1
75 0 89410 3 62.87961 plmp6_1
75 0 110964 4 62.103874 plmp6_1
75 0 96318 5 61.446888 plmp6_1
75 0 86533 6 60.972454 plmp6_1
75 0 4164892 7 60.78391 plmp6_1
75 0 218666 8 60.706806 plmp6_1
75 0 867657 9 60.456726 plmp6_1
76 0 2679833 0 80.317474 plmp6_1
76 0 2680440 1 80.317474 plmp6_1
76 0 110964 2 75.725296 plmp6_1
76 0 108900 3 72.78527 plmp6_1
76 0 112919 4 68.17083 plmp6_1
76 0 111945 5 67.74669 plmp6_1
76 0 218666 6 67.49676 plmp6_1
76 0 145861 7 66.68041 plmp6_1
76 0 2670966 8 65.90363 plmp6_1
76 0 150540 9 65.54213 plmp6_1
77 0 2812588 0 105.25441 plmp6_1
77 0 4151822 1 102.35411 plmp6_1
77 0 145817 2 95.52724 plmp6_1
77 0 2770446 3 89.242355 plmp6_1
77 0 112726 4 85.595 plmp6_1
77 0 134747 5 85.053375 plmp6_1
77 0 111029 6 82.95188 plmp6_1
77 0 111455 7 76.25414 plmp6_1
77 0 145902 8 75.34144 plmp6_1
77 0 145647 9 74.02886 plmp6_1
78 0 2812588 0 39.233402 plmp6_1
78 0 616862 1 35.141567 plmp6_1
78 0 117968 2 35.091812 plmp6_1
78 0 118022 3 34.927982 plmp6_1
78 0 799976 4 34.4172 plmp6_1
78 0 111702 5 33.993748 plmp6_1
78 0 112358 6 33.951504 plmp6_1
78 0 145632 7 33.60192 plmp6_1
78 0 111092 8 33.163216 plmp6_1
78 0 118037 9 32.873352 plmp6_1
79 0 111009 0 127.95265 plmp6_1
79 0 118143 1 113.40989 plmp6_1
79 0 111470 2 107.673645 plmp6_1
79 0 110221 3 84.56129 plmp6_1
79 0 2680438 4 73.827484 plmp6_1
79 0 110183 5 62.22231 plmp6_1
79 0 118513 6 60.769463 plmp6_1
79 0 111964 7 56.140316 plmp6_1
79 0 218665 8 54.93593 plmp6_1
79 0 3171728 9 53.315 plmp6_1
80 0 118143 0 104.01457 plmp6_1
80 0 111009 1 102.566216 plmp6_1
80 0 111470 2 99.71647 plmp6_1
80 0 145859 3 77.08978 plmp6_1
80 0 110221 4 67.21435 plmp6_1
80 0 150540 5 65.27604 plmp6_1
80 0 2672210 6 64.37975 plmp6_1
80 0 2654755 7 64.37975 plmp6_1
80 0 106328 8 64.02154 plmp6_1
80 0 109342 9 62.659645 plmp6_1
81 0 148484 0 74.98988 plmp6_1
81 0 112440 1 55.34452 plmp6_1
81 0 122253 2 50.666225 plmp6_1
81 0 118445 3 42.583603 plmp6_1
81 0 117841 4 40.33699 plmp6_1
81 0 127900 5 39.577606 plmp6_1
81 0 112616 6 39.242584 plmp6_1
81 0 112867 7 38.83331 plmp6_1
81 0 118368 8 38.089886 plmp6_1
81 0 799981 9 38.039364 plmp6_1
82 0 2803250 0 72.03933 plmp6_1
82 0 118368 1 70.19012 plmp6_1
82 0 1726 2 69.60785 plmp6_1
82 0 127900 3 69.39205 plmp6_1
82 0 216735 4 65.11624 plmp6_1
82 0 216806 5 65.11624 plmp6_1
82 0 145865 6 62.911064 plmp6_1
82 0 799981 7 62.177826 plmp6_1
82 0 145625 8 57.332664 plmp6_1
82 0 3213871 9 56.975475 plmp6_1
83 0 145859 0 100.85722 plmp6_1
83 0 112922 1 71.784004 plmp6_1
83 0 137746 2 63.254578 plmp6_1
83 0 110289 3 61.43788 plmp6_1
83 0 145870 4 61.402744 plmp6_1
83 0 109894 5 61.19087 plmp6_1
83 0 111286 6 60.26587 plmp6_1
83 0 111246 7 60.013897 plmp6_1
83 0 111194 8 59.47266 plmp6_1
83 0 111103 9 59.244263 plmp6_1
84 0 145859 0 99.29391 plmp6_1
84 0 112922 1 83.26308 plmp6_1
84 0 107293 2 72.39594 plmp6_1
84 0 800858 3 71.50498 plmp6_1
84 0 111151 4 70.24516 plmp6_1
84 0 109895 5 69.79516 plmp6_1
84 0 107980 6 67.32092 plmp6_1
84 0 109893 7 67.051414 plmp6_1
84 0 109200 8 66.541336 plmp6_1
84 0 110681 9 66.33579 plmp6_1
85 0 2959737 0 150.98212 plmp6_1
85 0 802973 1 150.25778 plmp6_1
85 0 803271 2 150.25778 plmp6_1
85 0 3177199 3 109.581665 plmp6_1
85 0 3171724 4 109.40876 plmp6_1
85 0 3177200 5 109.40876 plmp6_1
85 0 150543 6 92.56241 plmp6_1
85 0 2959732 7 92.56241 plmp6_1
85 0 146553 8 92.075554 plmp6_1
85 0 146790 9 92.075554 plmp6_1
86 0 3171724 0 96.59724 plmp6_1
86 0 3177199 1 96.59724 plmp6_1
86 0 3177200 2 96.59724 plmp6_1
86 0 3205766 3 89.698746 plmp6_1
86 0 802973 4 81.23737 plmp6_1
86 0 803271 5 81.23737 plmp6_1
86 0 2959737 6 81.23737 plmp6_1
86 0 150543 7 74.77925 plmp6_1
86 0 2959732 8 74.77925 plmp6_1
86 0 146553 9 74.23959 plmp6_1
87 0 1088038 0 33.47405 plmp6_1
87 0 110760 1 31.263857 plmp6_1
87 0 143378 2 30.07296 plmp6_1
87 0 111905 3 28.743725 plmp6_1
87 0 110372 4 28.35597 plmp6_1
87 0 111170 5 27.82711 plmp6_1
87 0 111660 6 27.801634 plmp6_1
87 0 136998 7 27.769968 plmp6_1
87 0 2812588 8 27.631304 plmp6_1
87 0 118109 9 27.373407 plmp6_1
88 0 182992 0 83.22366 plmp6_1
88 0 182991 1 77.802925 plmp6_1
88 0 145897 2 75.83685 plmp6_1
88 0 149653 3 74.78668 plmp6_1
88 0 2654277 4 74.17045 plmp6_1
88 0 111170 5 71.262344 plmp6_1
88 0 625832 6 70.352165 plmp6_1
88 0 626055 7 70.352165 plmp6_1
88 0 112807 8 67.29402 plmp6_1
88 0 1756 9 66.36702 plmp6_1
89 0 4151822 0 160.04286 plmp6_1
89 0 2770446 1 147.75932 plmp6_1
89 0 2812588 2 139.35876 plmp6_1
89 0 4162110 3 105.46915 plmp6_1
89 0 145817 4 79.914795 plmp6_1
89 0 134747 5 77.91308 plmp6_1
89 0 145647 6 74.80559 plmp6_1
89 0 145954 7 65.821526 plmp6_1
89 0 4162111 8 61.569675 plmp6_1
89 0 4106440 9 58.08412 plmp6_1
90 0 4151822 0 183.64185 plmp6_1
90 0 2812588 1 170.76372 plmp6_1
90 0 2770446 2 140.1329 plmp6_1
90 0 145626 3 109.662476 plmp6_1
90 0 130150 4 102.35741 plmp6_1
90 0 626454 5 101.76717 plmp6_1
90 0 4106440 6 98.425285 plmp6_1
90 0 4162110 7 97.85116 plmp6_1
90 0 137748 8 97.22375 plmp6_1
90 0 118054 9 96.42734 plmp6_1
91 0 3212514 0 217.90923 plmp6_1
91 0 109857 1 92.61965 plmp6_1
91 0 145782 2 88.41104 plmp6_1
91 0 134732 3 85.37271 plmp6_1
91 0 145785 4 85.12845 plmp6_1
91 0 1087959 5 83.76692 plmp6_1
91 0 145892 6 82.99787 plmp6_1
91 0 110249 7 82.88898 plmp6_1
91 0 112439 8 82.56485 plmp6_1
91 0 118507 9 82.3997 plmp6_1
92 0 3212514 0 204.1735 plmp6_1
92 0 110249 1 111.096245 plmp6_1
92 0 1087959 2 103.91402 plmp6_1
92 0 118507 3 98.11279 plmp6_1
92 0 110213 4 84.01869 plmp6_1
92 0 110032 5 82.15345 plmp6_1
92 0 109857 6 81.493706 plmp6_1
92 0 134725 7 81.26831 plmp6_1
92 0 118328 8 80.935524 plmp6_1
92 0 110506 9 80.64889 plmp6_1
93 0 145901 0 149.64493 plmp6_1
93 0 112905 1 138.54726 plmp6_1
93 0 117874 2 136.92996 plmp6_1
93 0 118334 3 136.4124 plmp6_1
93 0 112824 4 136.22177 plmp6_1
93 0 130158 5 133.52736 plmp6_1
93 0 118107 6 132.58066 plmp6_1
93 0 2788983 7 124.863495 plmp6_1
93 0 145627 8 124.27651 plmp6_1
93 0 111736 9 124.04852 plmp6_1
94 0 931614 0 156.26904 plmp6_1
94 0 145901 1 153.67842 plmp6_1
94 0 2788983 2 137.42216 plmp6_1
94 0 117874 3 136.76918 plmp6_1
94 0 112824 4 129.61385 plmp6_1
94 0 4151827 5 129.05968 plmp6_1
94 0 112905 6 125.015564 plmp6_1
94 0 118129 7 123.71602 plmp6_1
94 0 145627 8 122.63112 plmp6_1
94 0 111736 9 120.99755 plmp6_1
95 0 108555 0 75.47344 plmp6_1
95 0 105495 1 74.10368 plmp6_1
95 0 107232 2 67.79677 plmp6_1
95 0 107475 3 62.466507 plmp6_1
95 0 106171 4 58.646416 plmp6_1
95 0 103631 5 51.796078 plmp6_1
95 0 109444 6 50.25062 plmp6_1
95 0 106073 7 49.52001 plmp6_1
95 0 112750 8 44.933697 plmp6_1
95 0 104671 9 44.733994 plmp6_1
96 0 108555 0 82.23086 plmp6_1
96 0 103631 1 76.51145 plmp6_1
96 0 96542 2 59.71944 plmp6_1
96 0 92746 3 59.34726 plmp6_1
96 0 103511 4 57.89091 plmp6_1
96 0 92705 5 57.706467 plmp6_1
96 0 96341 6 57.63548 plmp6_1
96 0 96359 7 57.30341 plmp6_1
96 0 93395 8 56.684444 plmp6_1
96 0 96850 9 56.303326 plmp6_1
97 0 112101 0 91.79706 plmp6_1
97 0 111922 1 71.40917 plmp6_1
97 0 117959 2 42.709118 plmp6_1
97 0 112574 3 40.931107 plmp6_1
97 0 2655597 4 40.701366 plmp6_1
97 0 112247 5 40.272366 plmp6_1
97 0 146554 6 40.062084 plmp6_1
97 0 2676593 7 39.051113 plmp6_1
97 0 820748 8 38.975796 plmp6_1
97 0 2959743 9 38.016228 plmp6_1
98 0 118467 0 25.046139 plmp6_1
98 0 145804 1 24.63591 plmp6_1
98 0 134732 2 24.610939 plmp6_1
98 0 2655591 3 23.91435 plmp6_1
98 0 2676593 4 23.870695 plmp6_1
98 0 145903 5 22.917862 plmp6_1
98 0 108783 6 22.909964 plmp6_1
98 0 118148 7 22.585825 plmp6_1
98 0 109088 8 22.579803 plmp6_1
98 0 145628 9 22.529346 plmp6_1
99 0 112267 0 101.6653 plmp6_1
99 0 111884 1 73.55685 plmp6_1
99 0 110552 2 61.447174 plmp6_1
99 0 112723 3 56.45029 plmp6_1
99 0 110578 4 51.976757 plmp6_1
99 0 109976 5 49.121307 plmp6_1
99 0 145914 6 47.032097 plmp6_1
99 0 118121 7 46.321724 plmp6_1
99 0 142887 8 44.964745 plmp6_1
99 0 111484 9 44.393833 plmp6_1
100 0 112267 0 108.79655 plmp6_1
100 0 110552 1 85.14409 plmp6_1
100 0 111884 2 77.04892 plmp6_1
100 0 102981 3 66.50362 plmp6_1
100 0 111886 4 66.113976 plmp6_1
100 0 110296 5 65.91277 plmp6_1
100 0 108405 6 64.51462 plmp6_1
100 0 101561 7 64.25288 plmp6_1
100 0 110098 8 63.555374 plmp6_1
100 0 854177 9 63.399258 plmp6_1
