1 0 118009 0 17.901636 plmp2_2
1 0 102391 1 17.591932 plmp2_2
1 0 96875 2 16.7927 plmp2_2
1 0 112717 3 16.23722 plmp2_2
1 0 102256 4 16.018522 plmp2_2
1 0 118105 5 15.780154 plmp2_2
1 0 100128 6 15.730471 plmp2_2
1 0 94362 7 15.63281 plmp2_2
1 0 112066 8 15.527987 plmp2_2
1 0 102383 9 15.5207815 plmp2_2
2 0 103631 0 25.910912 plmp2_2
2 0 145692 1 23.28669 plmp2_2
2 0 104516 2 23.004135 plmp2_2
2 0 103549 3 22.946737 plmp2_2
2 0 100105 4 22.302313 plmp2_2
2 0 108555 5 22.18915 plmp2_2
2 0 106788 6 21.409231 plmp2_2
2 0 106522 7 21.20407 plmp2_2
2 0 2644673 8 21.199444 plmp2_2
2 0 4170684 9 21.197937 plmp2_2
3 0 145821 0 47.673843 plmp2_2
3 0 117907 1 46.612614 plmp2_2
3 0 112212 2 46.37004 plmp2_2
3 0 111091 3 46.254078 plmp2_2
3 0 112584 4 45.515095 plmp2_2
3 0 3162143 5 45.130394 plmp2_2
3 0 118475 6 45.08573 plmp2_2
3 0 145683 7 44.766594 plmp2_2
3 0 130157 8 44.563927 plmp2_2
3 0 149007 9 44.544334 plmp2_2
4 0 145821 0 60.813904 plmp2_2
4 0 112212 1 60.67737 plmp2_2
4 0 3162143 2 59.925156 plmp2_2
4 0 118029 3 59.003513 plmp2_2
4 0 117907 4 59.002464 plmp2_2
4 0 623142 5 58.829956 plmp2_2
4 0 215496 6 58.56082 plmp2_2
4 0 215694 7 58.56082 plmp2_2
4 0 2959735 8 58.55874 plmp2_2
4 0 145683 9 57.302204 plmp2_2
5 0 1740 0 25.521883 plmp2_2
5 0 112699 1 25.077332 plmp2_2
5 0 3197746 2 24.3187 plmp2_2
5 0 118360 3 23.853264 plmp2_2
5 0 127924 4 23.6112 plmp2_2
5 0 118329 5 23.314545 plmp2_2
5 0 3203656 6 23.100616 plmp2_2
5 0 3206414 7 23.100616 plmp2_2
5 0 127892 8 22.6742 plmp2_2
5 0 112257 9 22.458233 plmp2_2
6 0 2808290 0 21.61974 plmp2_2
6 0 931123 1 21.356674 plmp2_2
6 0 109913 2 19.8566 plmp2_2
6 0 118337 3 19.531176 plmp2_2
6 0 111992 4 19.480738 plmp2_2
6 0 110073 5 19.252584 plmp2_2
6 0 1087960 6 19.232256 plmp2_2
6 0 112038 7 18.90567 plmp2_2
6 0 110520 8 18.34622 plmp2_2
6 0 111938 9 18.19883 plmp2_2
7 0 145715 0 23.656633 plmp2_2
7 0 118423 1 22.861996 plmp2_2
7 0 110932 2 22.275557 plmp2_2
7 0 134749 3 22.171366 plmp2_2
7 0 110923 4 21.893158 plmp2_2
7 0 147531 5 21.585405 plmp2_2
7 0 110018 6 21.516224 plmp2_2
7 0 3195892 7 21.281427 plmp2_2
7 0 112834 8 21.105738 plmp2_2
7 0 112827 9 20.815598 plmp2_2
8 0 110932 0 30.154276 plmp2_2
8 0 112174 1 30.018063 plmp2_2
8 0 145715 2 29.646523 plmp2_2
8 0 134749 3 28.877665 plmp2_2
8 0 145868 4 28.775927 plmp2_2
8 0 112827 5 28.494345 plmp2_2
8 0 112834 6 28.380077 plmp2_2
8 0 147531 7 28.241144 plmp2_2
8 0 2678467 8 28.032953 plmp2_2
8 0 2679202 9 28.032953 plmp2_2
9 0 2675751 0 43.29899 plmp2_2
9 0 118212 1 42.37178 plmp2_2
9 0 127923 2 41.18329 plmp2_2
9 0 118423 3 41.02609 plmp2_2
9 0 109720 4 40.186207 plmp2_2
9 0 127887 5 39.980854 plmp2_2
9 0 112230 6 37.646477 plmp2_2
9 0 802400 7 37.41571 plmp2_2
9 0 118011 8 36.670704 plmp2_2
9 0 118454 9 36.284218 plmp2_2
10 0 214949 0 41.004116 plmp2_2
10 0 215071 1 41.004116 plmp2_2
10 0 112423 2 40.7245 plmp2_2
10 0 147531 3 40.66654 plmp2_2
10 0 111500 4 40.592052 plmp2_2
10 0 4164892 5 39.872692 plmp2_2
10 0 118087 6 39.11189 plmp2_2
10 0 145794 7 37.784203 plmp2_2
10 0 112931 8 37.74977 plmp2_2
10 0 110974 9 36.997833 plmp2_2
11 0 118017 0 16.450994 plmp2_2
11 0 2742710 1 16.410124 plmp2_2
11 0 2789927 2 16.308924 plmp2_2
11 0 2672535 3 16.190804 plmp2_2
11 0 110593 4 16.147411 plmp2_2
11 0 145910 5 16.138542 plmp2_2
11 0 2675752 6 16.114653 plmp2_2
11 0 110732 7 16.055292 plmp2_2
11 0 1737 8 15.742459 plmp2_2
11 0 182514 9 15.729828 plmp2_2
12 0 112024 0 21.995539 plmp2_2
12 0 109255 1 21.309752 plmp2_2
12 0 2672535 2 19.710062 plmp2_2
12 0 101524 3 19.634134 plmp2_2
12 0 3207860 4 19.444052 plmp2_2
12 0 118294 5 19.272148 plmp2_2
12 0 111537 6 19.231699 plmp2_2
12 0 112073 7 19.07516 plmp2_2
12 0 111576 8 18.912615 plmp2_2
12 0 110777 9 18.905022 plmp2_2
13 0 802973 0 19.67996 plmp2_2
13 0 803271 1 19.67996 plmp2_2
13 0 2959737 2 19.67996 plmp2_2
13 0 2959730 3 19.157461 plmp2_2
13 0 802770 4 18.479155 plmp2_2
13 0 2642828 5 18.041632 plmp2_2
13 0 150543 6 16.993486 plmp2_2
13 0 2959732 7 16.993486 plmp2_2
13 0 3171724 8 16.90439 plmp2_2
13 0 3177199 9 16.90439 plmp2_2
14 0 145958 0 10.966458 plmp2_2
14 0 110870 1 10.806188 plmp2_2
14 0 98954 2 10.724317 plmp2_2
14 0 105400 3 10.678165 plmp2_2
14 0 107099 4 10.62855 plmp2_2
14 0 106006 5 10.626118 plmp2_2
14 0 118263 6 10.526046 plmp2_2
14 0 104472 7 10.226446 plmp2_2
14 0 94913 8 10.199384 plmp2_2
14 0 1320090 9 10.141646 plmp2_2
15 0 4151822 0 35.15032 plmp2_2
15 0 2812588 1 33.547703 plmp2_2
15 0 4171965 2 23.610506 plmp2_2
15 0 4106440 3 22.508305 plmp2_2
15 0 2770446 4 19.974207 plmp2_2
15 0 111610 5 17.909353 plmp2_2
15 0 145817 6 17.414272 plmp2_2
15 0 177420 7 17.361622 plmp2_2
15 0 145954 8 16.970133 plmp2_2
15 0 2806207 9 16.21053 plmp2_2
16 0 4171965 0 27.204933 plmp2_2
16 0 4151817 1 22.866362 plmp2_2
16 0 4162936 2 22.721119 plmp2_2
16 0 4168362 3 22.24007 plmp2_2
16 0 4161362 4 21.82735 plmp2_2
16 0 4154238 5 20.995705 plmp2_2
16 0 4168364 6 20.939205 plmp2_2
16 0 4151822 7 20.815483 plmp2_2
16 0 4172497 8 20.769579 plmp2_2
16 0 4164892 9 20.69197 plmp2_2
17 0 103841 0 13.465698 plmp2_2
17 0 109396 1 13.19378 plmp2_2
17 0 109249 2 12.974741 plmp2_2
17 0 145119 3 12.94462 plmp2_2
17 0 118436 4 12.859786 plmp2_2
17 0 108902 5 12.819813 plmp2_2
17 0 205712 6 12.749306 plmp2_2
17 0 102585 7 12.670689 plmp2_2
17 0 99274 8 12.624577 plmp2_2
17 0 105979 9 12.532846 plmp2_2
18 0 205712 0 26.530346 plmp2_2
18 0 145119 1 26.161299 plmp2_2
18 0 148484 2 26.068768 plmp2_2
18 0 145918 3 25.688236 plmp2_2
18 0 620566 4 24.98574 plmp2_2
18 0 799991 5 24.269253 plmp2_2
18 0 112128 6 23.800062 plmp2_2
18 0 118319 7 23.75862 plmp2_2
18 0 106724 8 23.726538 plmp2_2
18 0 1431445 9 23.62211 plmp2_2
19 0 2654533 0 43.106934 plmp2_2
19 0 2654756 1 43.106934 plmp2_2
19 0 206098 2 35.138153 plmp2_2
19 0 112775 3 34.358616 plmp2_2
19 0 4172500 4 33.45979 plmp2_2
19 0 219509 5 33.28055 plmp2_2
19 0 205712 6 33.235004 plmp2_2
19 0 2152 7 32.805103 plmp2_2
19 0 2654534 8 32.16955 plmp2_2
19 0 4151826 9 31.854364 plmp2_2
20 0 2654533 0 43.106934 plmp2_2
20 0 2654756 1 43.106934 plmp2_2
20 0 206098 2 35.138153 plmp2_2
20 0 112775 3 34.358616 plmp2_2
20 0 4172500 4 33.45979 plmp2_2
20 0 219509 5 33.28055 plmp2_2
20 0 205712 6 33.235004 plmp2_2
20 0 2152 7 32.805103 plmp2_2
20 0 2654534 8 32.16955 plmp2_2
20 0 4151826 9 31.854364 plmp2_2
21 0 2659300 0 35.03373 plmp2_2
21 0 117890 1 33.32736 plmp2_2
21 0 112799 2 33.09897 plmp2_2
21 0 118081 3 32.42563 plmp2_2
21 0 118119 4 31.036451 plmp2_2
21 0 108001 5 30.277975 plmp2_2
21 0 112512 6 29.27002 plmp2_2
21 0 118416 7 28.979076 plmp2_2
21 0 118039 8 28.019222 plmp2_2
21 0 867657 9 27.609264 plmp2_2
22 0 2659300 0 35.820137 plmp2_2
22 0 117890 1 34.58118 plmp2_2
22 0 112799 2 34.49906 plmp2_2
22 0 118081 3 33.800056 plmp2_2
22 0 118119 4 31.96395 plmp2_2
22 0 112512 5 30.956707 plmp2_2
22 0 108001 6 30.277975 plmp2_2
22 0 867657 7 29.71317 plmp2_2
22 0 112774 8 29.453848 plmp2_2
22 0 118039 9 29.4382 plmp2_2
23 0 1738 0 31.225798 plmp2_2
23 0 2810525 1 23.66772 plmp2_2
23 0 2811847 2 23.66772 plmp2_2
23 0 118449 3 23.31292 plmp2_2
23 0 112810 4 19.653246 plmp2_2
23 0 2801435 5 18.514942 plmp2_2
23 0 112257 6 18.04417 plmp2_2
23 0 145738 7 17.81866 plmp2_2
23 0 110916 8 17.540144 plmp2_2
23 0 109674 9 17.064438 plmp2_2
24 0 1738 0 24.555653 plmp2_2
24 0 145778 1 14.056503 plmp2_2
24 0 110916 2 13.667492 plmp2_2
24 0 109265 3 12.859055 plmp2_2
24 0 112872 4 12.332945 plmp2_2
24 0 109698 5 11.901661 plmp2_2
24 0 109674 6 11.495392 plmp2_2
24 0 111318 7 11.182396 plmp2_2
24 0 91444 8 10.953227 plmp2_2
24 0 109699 9 10.811033 plmp2_2
25 0 112616 0 35.786827 plmp2_2
25 0 2655499 1 19.098186 plmp2_2
25 0 118021 2 18.36253 plmp2_2
25 0 2621067 3 18.13346 plmp2_2
25 0 821305 4 17.152866 plmp2_2
25 0 110318 5 15.541174 plmp2_2
25 0 2671723 6 15.290055 plmp2_2
25 0 117845 7 15.221092 plmp2_2
25 0 108315 8 15.109544 plmp2_2
25 0 3211503 9 14.277456 plmp2_2
26 0 112616 0 40.780693 plmp2_2
26 0 112724 1 37.23619 plmp2_2
26 0 145758 2 36.466537 plmp2_2
26 0 102987 3 36.262676 plmp2_2
26 0 117872 4 35.893875 plmp2_2
26 0 127899 5 34.718876 plmp2_2
26 0 112700 6 34.63558 plmp2_2
26 0 109989 7 34.59218 plmp2_2
26 0 1087946 8 34.543194 plmp2_2
26 0 118026 9 34.52783 plmp2_2
27 0 4157382 0 39.336468 plmp2_2
27 0 4157405 1 39.336468 plmp2_2
27 0 111141 2 37.328243 plmp2_2
27 0 112346 3 35.310665 plmp2_2
27 0 110384 4 33.08628 plmp2_2
27 0 112523 5 32.80084 plmp2_2
27 0 111217 6 30.762964 plmp2_2
27 0 103617 7 30.446445 plmp2_2
27 0 112792 8 30.163404 plmp2_2
27 0 107063 9 28.675314 plmp2_2
28 0 4157382 0 37.97432 plmp2_2
28 0 4157405 1 37.97432 plmp2_2
28 0 112346 2 33.277336 plmp2_2
28 0 111141 3 32.351746 plmp2_2
28 0 112523 4 27.091928 plmp2_2
28 0 109101 5 26.59155 plmp2_2
28 0 104855 6 24.92884 plmp2_2
28 0 112792 7 24.262568 plmp2_2
28 0 1087666 8 23.557766 plmp2_2
28 0 111217 9 23.418026 plmp2_2
29 0 626206 0 16.316214 plmp2_2
29 0 145843 1 16.269978 plmp2_2
29 0 104578 2 16.241938 plmp2_2
29 0 899483 3 16.228548 plmp2_2
29 0 4151826 4 16.168219 plmp2_2
29 0 112485 5 16.066933 plmp2_2
29 0 100286 6 16.04432 plmp2_2
29 0 145761 7 16.03928 plmp2_2
29 0 112190 8 16.038698 plmp2_2
29 0 111917 9 16.015892 plmp2_2
30 0 112704 0 42.243538 plmp2_2
30 0 218921 1 41.871803 plmp2_2
30 0 205788 2 40.799232 plmp2_2
30 0 118045 3 40.168293 plmp2_2
30 0 145841 4 39.9119 plmp2_2
30 0 137739 5 39.524387 plmp2_2
30 0 145708 6 39.355274 plmp2_2
30 0 145843 7 39.06765 plmp2_2
30 0 4151826 8 39.05474 plmp2_2
30 0 145796 9 37.639545 plmp2_2
31 0 2795279 0 30.363186 plmp2_2
31 0 100547 1 28.827824 plmp2_2
31 0 3195444 2 28.469957 plmp2_2
31 0 118023 3 27.553484 plmp2_2
31 0 104267 4 26.900732 plmp2_2
31 0 130144 5 26.58984 plmp2_2
31 0 112429 6 26.253807 plmp2_2
31 0 3171727 7 26.160929 plmp2_2
31 0 3177198 8 26.160929 plmp2_2
31 0 3177201 9 26.160929 plmp2_2
32 0 118458 0 17.950144 plmp2_2
32 0 109291 1 17.795944 plmp2_2
32 0 130149 2 17.581131 plmp2_2
32 0 118321 3 17.56041 plmp2_2
32 0 104623 4 17.516907 plmp2_2
32 0 118420 5 17.412859 plmp2_2
32 0 109505 6 17.40802 plmp2_2
32 0 108965 7 17.206003 plmp2_2
32 0 2621077 8 17.152214 plmp2_2
32 0 118427 9 17.077372 plmp2_2
33 0 2676594 0 23.099564 plmp2_2
33 0 2675753 1 22.730001 plmp2_2
33 0 2679204 2 22.730001 plmp2_2
33 0 2809767 3 21.243366 plmp2_2
33 0 2811850 4 21.243366 plmp2_2
33 0 121158 5 21.1587 plmp2_2
33 0 117187 6 20.57874 plmp2_2
33 0 110089 7 20.57241 plmp2_2
33 0 111706 8 20.550035 plmp2_2
33 0 111446 9 20.39056 plmp2_2
34 0 2675753 0 78.57342 plmp2_2
34 0 2679204 1 78.57342 plmp2_2
34 0 2676594 2 78.56971 plmp2_2
34 0 2809767 3 76.517136 plmp2_2
34 0 2811850 4 76.517136 plmp2_2
34 0 136994 5 50.648857 plmp2_2
34 0 137727 6 43.709717 plmp2_2
34 0 3216389 7 40.026764 plmp2_2
34 0 121158 8 39.95734 plmp2_2
34 0 146985 9 37.0543 plmp2_2
35 0 2654532 0 21.773987 plmp2_2
35 0 821306 1 21.144337 plmp2_2
35 0 3214778 2 20.044933 plmp2_2
35 0 110101 3 19.962925 plmp2_2
35 0 109586 4 19.592234 plmp2_2
35 0 213843 5 19.407118 plmp2_2
35 0 214063 6 19.407118 plmp2_2
35 0 214467 7 19.407118 plmp2_2
35 0 149005 8 19.382362 plmp2_2
35 0 145851 9 18.887915 plmp2_2
36 0 100648 0 29.022072 plmp2_2
36 0 111192 1 28.665525 plmp2_2
36 0 145661 2 26.986387 plmp2_2
36 0 111777 3 26.904469 plmp2_2
36 0 111693 4 26.44219 plmp2_2
36 0 112476 5 25.318762 plmp2_2
36 0 118142 6 25.024576 plmp2_2
36 0 110752 7 24.610497 plmp2_2
36 0 110101 8 24.488462 plmp2_2
36 0 109586 9 23.983505 plmp2_2
37 0 145731 0 27.370657 plmp2_2
37 0 118269 1 27.211113 plmp2_2
37 0 112910 2 27.06845 plmp2_2
37 0 4151829 3 26.846788 plmp2_2
37 0 111982 4 26.695774 plmp2_2
37 0 145855 5 26.271078 plmp2_2
37 0 1993216 6 25.916862 plmp2_2
37 0 145629 7 25.768345 plmp2_2
37 0 107652 8 25.223576 plmp2_2
37 0 110742 9 24.354284 plmp2_2
38 0 118269 0 30.503695 plmp2_2
38 0 145731 1 29.682907 plmp2_2
38 0 4151829 2 29.454632 plmp2_2
38 0 111982 3 28.747349 plmp2_2
38 0 145855 4 28.32265 plmp2_2
38 0 145629 5 27.944492 plmp2_2
38 0 110774 6 27.917719 plmp2_2
38 0 111261 7 27.281866 plmp2_2
38 0 112910 8 27.06845 plmp2_2
38 0 110742 9 26.974764 plmp2_2
39 0 112568 0 37.588234 plmp2_2
39 0 112420 1 36.523197 plmp2_2
39 0 108442 2 35.35257 plmp2_2
39 0 111432 3 34.738464 plmp2_2
39 0 118192 4 32.91451 plmp2_2
39 0 107747 5 32.176743 plmp2_2
39 0 2959744 6 31.454319 plmp2_2
39 0 855518 7 31.454319 plmp2_2
39 0 118457 8 30.32033 plmp2_2
39 0 2674861 9 30.169102 plmp2_2
40 0 105200 0 40.359364 plmp2_2
40 0 621044 1 39.28545 plmp2_2
40 0 621090 2 39.28545 plmp2_2
40 0 2959739 3 39.28545 plmp2_2
40 0 2674861 4 36.920673 plmp2_2
40 0 2675754 5 36.920673 plmp2_2
40 0 1731 6 36.9184 plmp2_2
40 0 2959744 7 36.048325 plmp2_2
40 0 855518 8 36.048325 plmp2_2
40 0 96731 9 35.913654 plmp2_2
41 0 109186 0 35.094524 plmp2_2
41 0 112585 1 32.195553 plmp2_2
41 0 111198 2 31.87519 plmp2_2
41 0 111891 3 30.186958 plmp2_2
41 0 110660 4 29.62518 plmp2_2
41 0 2654533 5 29.1361 plmp2_2
41 0 2654756 6 29.1361 plmp2_2
41 0 110635 7 28.629955 plmp2_2
41 0 112257 8 28.434542 plmp2_2
41 0 217703 9 27.751896 plmp2_2
42 0 109186 0 36.586414 plmp2_2
42 0 112585 1 33.687447 plmp2_2
42 0 111198 2 32.77987 plmp2_2
42 0 110660 3 31.773859 plmp2_2
42 0 111891 4 31.256094 plmp2_2
42 0 112257 5 30.735977 plmp2_2
42 0 2654533 6 30.441986 plmp2_2
42 0 2654756 7 30.441986 plmp2_2
42 0 110635 8 30.263048 plmp2_2
42 0 2811847 9 29.910427 plmp2_2
43 0 101906 0 33.754997 plmp2_2
43 0 2680590 1 28.90089 plmp2_2
43 0 2959745 2 28.90089 plmp2_2
43 0 112305 3 28.852728 plmp2_2
43 0 99904 4 26.78084 plmp2_2
43 0 95854 5 25.773708 plmp2_2
43 0 99953 6 25.421682 plmp2_2
43 0 85450 7 24.575457 plmp2_2
43 0 89813 8 24.476793 plmp2_2
43 0 104999 9 24.44555 plmp2_2
44 0 135284 0 13.729057 plmp2_2
44 0 92563 1 13.148494 plmp2_2
44 0 99616 2 13.079235 plmp2_2
44 0 92375 3 12.670679 plmp2_2
44 0 109785 4 12.202106 plmp2_2
44 0 93877 5 11.801191 plmp2_2
44 0 145064 6 11.551667 plmp2_2
44 0 123997 7 11.457546 plmp2_2
44 0 125742 8 11.457546 plmp2_2
44 0 96678 9 11.087627 plmp2_2
45 0 111754 0 33.776127 plmp2_2
45 0 3204917 1 32.453964 plmp2_2
45 0 3181481 2 31.649878 plmp2_2
45 0 118496 3 31.22628 plmp2_2
45 0 618680 4 30.586 plmp2_2
45 0 111232 5 30.22916 plmp2_2
45 0 800568 6 30.111399 plmp2_2
45 0 107663 7 30.095669 plmp2_2
45 0 112309 8 29.035145 plmp2_2
45 0 137005 9 28.838924 plmp2_2
46 0 866024 0 60.058105 plmp2_2
46 0 858802 1 60.047794 plmp2_2
46 0 150542 2 56.65098 plmp2_2
46 0 3204917 3 54.045258 plmp2_2
46 0 623145 4 52.192554 plmp2_2
46 0 218457 5 51.71274 plmp2_2
46 0 145923 6 49.691265 plmp2_2
46 0 1732 7 49.28684 plmp2_2
46 0 1723 8 48.727448 plmp2_2
46 0 903971 9 48.424164 plmp2_2
47 0 2674861 0 38.582947 plmp2_2
47 0 2675754 1 38.582947 plmp2_2
47 0 4151822 2 21.588856 plmp2_2
47 0 4164893 3 21.483004 plmp2_2
47 0 3170730 4 21.392254 plmp2_2
47 0 3177197 5 21.392254 plmp2_2
47 0 2803251 6 21.36301 plmp2_2
47 0 2679835 7 21.094072 plmp2_2
47 0 2147 8 20.832222 plmp2_2
47 0 3212516 9 20.744345 plmp2_2
48 0 2674861 0 51.185223 plmp2_2
48 0 2675754 1 51.185223 plmp2_2
48 0 96147 2 28.431906 plmp2_2
48 0 96612 3 24.629303 plmp2_2
48 0 103019 4 22.57106 plmp2_2
48 0 2518018 5 21.928398 plmp2_2
48 0 99491 6 21.701973 plmp2_2
48 0 92421 7 21.534431 plmp2_2
48 0 104250 8 21.207127 plmp2_2
48 0 91430 9 21.055517 plmp2_2
49 0 2810525 0 18.01782 plmp2_2
49 0 2811847 1 18.01782 plmp2_2
49 0 99017 2 15.954028 plmp2_2
49 0 101852 3 15.934376 plmp2_2
49 0 85125 4 15.521024 plmp2_2
49 0 95847 5 15.397846 plmp2_2
49 0 92656 6 15.064954 plmp2_2
49 0 99018 7 14.799164 plmp2_2
49 0 95414 8 14.674048 plmp2_2
49 0 99119 9 14.094314 plmp2_2
50 0 2789928 0 32.76711 plmp2_2
50 0 3216391 1 30.838772 plmp2_2
50 0 4151826 2 30.832832 plmp2_2
50 0 2771249 3 30.740572 plmp2_2
50 0 2803251 4 30.68124 plmp2_2
50 0 2789927 5 30.488184 plmp2_2
50 0 4162535 6 30.133894 plmp2_2
50 0 2801435 7 30.115551 plmp2_2
50 0 2809767 8 30.048195 plmp2_2
50 0 2811850 9 30.048195 plmp2_2
51 0 111908 0 22.051737 plmp2_2
51 0 107187 1 20.393639 plmp2_2
51 0 134741 2 20.049902 plmp2_2
51 0 100134 3 18.895393 plmp2_2
51 0 110222 4 18.62902 plmp2_2
51 0 112640 5 15.391577 plmp2_2
51 0 92777 6 15.248558 plmp2_2
51 0 109733 7 14.705271 plmp2_2
51 0 105869 8 14.61074 plmp2_2
51 0 106644 9 14.605376 plmp2_2
52 0 100134 0 17.068943 plmp2_2
52 0 111908 1 16.8603 plmp2_2
52 0 107187 2 16.781742 plmp2_2
52 0 110222 3 16.489035 plmp2_2
52 0 92777 4 16.185083 plmp2_2
52 0 97465 5 16.022852 plmp2_2
52 0 112931 6 15.638245 plmp2_2
52 0 112770 7 15.55656 plmp2_2
52 0 2768888 8 15.4573965 plmp2_2
52 0 112094 9 15.133173 plmp2_2
53 0 145792 0 36.071243 plmp2_2
53 0 2808291 1 31.344997 plmp2_2
53 0 108879 2 30.987064 plmp2_2
53 0 112677 3 30.92978 plmp2_2
53 0 1744 4 30.581833 plmp2_2
53 0 110419 5 27.379374 plmp2_2
53 0 118262 6 27.320736 plmp2_2
53 0 110153 7 26.683775 plmp2_2
53 0 145714 8 25.80234 plmp2_2
53 0 111911 9 25.75766 plmp2_2
54 0 145792 0 34.748043 plmp2_2
54 0 2808291 1 31.177055 plmp2_2
54 0 108879 2 29.974834 plmp2_2
54 0 1744 3 29.652908 plmp2_2
54 0 112677 4 29.279812 plmp2_2
54 0 112016 5 26.433222 plmp2_2
54 0 110419 6 25.700285 plmp2_2
54 0 111911 7 25.672693 plmp2_2
54 0 145884 8 25.191353 plmp2_2
54 0 118262 9 25.182722 plmp2_2
55 0 4154603 0 70.56445 plmp2_2
55 0 145855 1 50.21176 plmp2_2
55 0 145731 2 49.53462 plmp2_2
55 0 145629 3 36.05219 plmp2_2
55 0 112910 4 35.20721 plmp2_2
55 0 118269 5 32.681976 plmp2_2
55 0 111261 6 27.056509 plmp2_2
55 0 110774 7 25.617586 plmp2_2
55 0 111420 8 24.611073 plmp2_2
55 0 111982 9 22.902874 plmp2_2
56 0 4154603 0 72.71098 plmp2_2
56 0 145855 1 52.365383 plmp2_2
56 0 145731 2 51.93022 plmp2_2
56 0 145629 3 38.362198 plmp2_2
56 0 112910 4 36.705223 plmp2_2
56 0 118269 5 35.102814 plmp2_2
56 0 111261 6 29.361168 plmp2_2
56 0 110774 7 27.813133 plmp2_2
56 0 111420 8 26.30384 plmp2_2
56 0 111982 9 25.125462 plmp2_2
57 0 800859 0 27.600773 plmp2_2
57 0 117856 1 25.208183 plmp2_2
57 0 802408 2 24.406506 plmp2_2
57 0 118089 3 21.517113 plmp2_2
57 0 105014 4 21.163717 plmp2_2
57 0 96772 5 21.13596 plmp2_2
57 0 87781 6 20.987427 plmp2_2
57 0 117831 7 20.857538 plmp2_2
57 0 800569 8 20.677738 plmp2_2
57 0 102848 9 20.619537 plmp2_2
58 0 145735 0 35.510265 plmp2_2
58 0 106179 1 32.430977 plmp2_2
58 0 108547 2 31.781816 plmp2_2
58 0 110330 3 28.718018 plmp2_2
58 0 106848 4 28.666946 plmp2_2
58 0 104832 5 27.818674 plmp2_2
58 0 112467 6 27.806713 plmp2_2
58 0 103231 7 27.37582 plmp2_2
58 0 217702 8 27.369015 plmp2_2
58 0 2676592 9 26.976608 plmp2_2
59 0 2788983 0 68.15689 plmp2_2
59 0 4170685 1 68.06546 plmp2_2
59 0 118422 2 62.65707 plmp2_2
59 0 118129 3 62.30901 plmp2_2
59 0 118040 4 61.08988 plmp2_2
59 0 118037 5 59.95022 plmp2_2
59 0 117968 6 58.719784 plmp2_2
59 0 145627 7 56.168377 plmp2_2
59 0 1087691 8 55.459457 plmp2_2
59 0 134735 9 53.72051 plmp2_2
60 0 118334 0 73.32868 plmp2_2
60 0 621195 1 73.29467 plmp2_2
60 0 621270 2 73.29467 plmp2_2
60 0 3195891 3 72.19478 plmp2_2
60 0 4170685 4 69.85029 plmp2_2
60 0 117968 5 68.53117 plmp2_2
60 0 110510 6 68.4954 plmp2_2
60 0 130158 7 68.386154 plmp2_2
60 0 118129 8 68.05474 plmp2_2
60 0 118107 9 66.78625 plmp2_2
61 0 2812210 0 32.96624 plmp2_2
61 0 3195092 1 30.590153 plmp2_2
61 0 118109 2 27.933874 plmp2_2
61 0 218457 3 24.559128 plmp2_2
61 0 145743 4 23.825077 plmp2_2
61 0 112746 5 22.746145 plmp2_2
61 0 117875 6 22.7345 plmp2_2
61 0 104890 7 22.441324 plmp2_2
61 0 112084 8 22.372316 plmp2_2
61 0 107147 9 22.282892 plmp2_2
62 0 118381 0 18.040007 plmp2_2
62 0 145632 1 17.871931 plmp2_2
62 0 112485 2 17.484219 plmp2_2
62 0 118200 3 17.413548 plmp2_2
62 0 110525 4 17.338053 plmp2_2
62 0 111934 5 17.196033 plmp2_2
62 0 111340 6 17.153154 plmp2_2
62 0 137739 7 17.135914 plmp2_2
62 0 127930 8 17.09073 plmp2_2
62 0 111018 9 17.01684 plmp2_2
63 0 145936 0 19.325161 plmp2_2
63 0 3007018 1 17.535164 plmp2_2
63 0 118186 2 17.138874 plmp2_2
63 0 105373 3 15.374571 plmp2_2
63 0 100762 4 15.367225 plmp2_2
63 0 2528498 5 15.203825 plmp2_2
63 0 134724 6 15.1592245 plmp2_2
63 0 112721 7 14.923285 plmp2_2
63 0 91054 8 14.711117 plmp2_2
63 0 103647 9 14.684376 plmp2_2
64 0 110645 0 31.389072 plmp2_2
64 0 2758568 1 30.814684 plmp2_2
64 0 112056 2 27.871073 plmp2_2
64 0 108951 3 27.535984 plmp2_2
64 0 112371 4 27.172743 plmp2_2
64 0 108662 5 26.99486 plmp2_2
64 0 111660 6 26.938097 plmp2_2
64 0 102061 7 26.737633 plmp2_2
64 0 105359 8 26.365574 plmp2_2
64 0 110463 9 25.456339 plmp2_2
65 0 118123 0 55.361103 plmp2_2
65 0 150540 1 36.994003 plmp2_2
65 0 110645 2 34.787823 plmp2_2
65 0 105029 3 31.957405 plmp2_2
65 0 3211501 4 31.427326 plmp2_2
65 0 112355 5 31.384338 plmp2_2
65 0 149286 6 31.336432 plmp2_2
65 0 149285 7 30.757996 plmp2_2
65 0 3199502 8 30.330458 plmp2_2
65 0 134745 9 29.960773 plmp2_2
66 0 3211501 0 48.643345 plmp2_2
66 0 145867 1 47.173813 plmp2_2
66 0 111632 2 43.50274 plmp2_2
66 0 112935 3 39.27935 plmp2_2
66 0 218667 4 38.945126 plmp2_2
66 0 112106 5 38.12901 plmp2_2
66 0 143378 6 36.73548 plmp2_2
66 0 118495 7 34.13023 plmp2_2
66 0 134921 8 33.50085 plmp2_2
66 0 110645 9 32.766815 plmp2_2
67 0 867645 0 38.736465 plmp2_2
67 0 145800 1 38.01769 plmp2_2
67 0 110330 2 34.984028 plmp2_2
67 0 97893 3 34.53443 plmp2_2
67 0 88756 4 33.951004 plmp2_2
67 0 93847 5 32.722496 plmp2_2
67 0 99090 6 32.594376 plmp2_2
67 0 97584 7 32.51443 plmp2_2
67 0 94177 8 32.149788 plmp2_2
67 0 145673 9 32.058273 plmp2_2
68 0 867645 0 34.652203 plmp2_2
68 0 145800 1 33.093987 plmp2_2
68 0 88756 2 31.884502 plmp2_2
68 0 110330 3 31.581615 plmp2_2
68 0 88704 4 31.413477 plmp2_2
68 0 97893 5 31.171745 plmp2_2
68 0 87585 6 30.808952 plmp2_2
68 0 94177 7 30.77821 plmp2_2
68 0 93636 8 30.611874 plmp2_2
68 0 97584 9 30.211285 plmp2_2
69 0 110927 0 31.275297 plmp2_2
69 0 110068 1 31.190332 plmp2_2
69 0 117927 2 31.181082 plmp2_2
69 0 110161 3 30.816658 plmp2_2
69 0 112534 4 30.799572 plmp2_2
69 0 110881 5 30.674496 plmp2_2
69 0 111709 6 30.440636 plmp2_2
69 0 112250 7 30.331347 plmp2_2
69 0 118111 8 30.113981 plmp2_2
69 0 109205 9 29.787403 plmp2_2
70 0 109835 0 40.172836 plmp2_2
70 0 118111 1 40.06133 plmp2_2
70 0 110068 2 39.693623 plmp2_2
70 0 117927 3 37.840893 plmp2_2
70 0 110927 4 37.79558 plmp2_2
70 0 110881 5 37.4587 plmp2_2
70 0 111709 6 36.700184 plmp2_2
70 0 118363 7 36.657154 plmp2_2
70 0 136989 8 36.621513 plmp2_2
70 0 799995 9 36.40698 plmp2_2
71 0 112823 0 38.505608 plmp2_2
71 0 112904 1 37.241455 plmp2_2
71 0 118052 2 36.910175 plmp2_2
71 0 118005 3 33.576828 plmp2_2
71 0 88803 4 32.54665 plmp2_2
71 0 112797 5 32.3385 plmp2_2
71 0 109026 6 31.795656 plmp2_2
71 0 89375 7 31.763313 plmp2_2
71 0 118234 8 31.74207 plmp2_2
71 0 3189783 9 31.319267 plmp2_2
72 0 112823 0 38.505608 plmp2_2
72 0 112904 1 37.241455 plmp2_2
72 0 118052 2 36.910175 plmp2_2
72 0 118005 3 33.576828 plmp2_2
72 0 88803 4 32.54665 plmp2_2
72 0 112797 5 32.3385 plmp2_2
72 0 109026 6 31.795656 plmp2_2
72 0 89375 7 31.763313 plmp2_2
72 0 118234 8 31.74207 plmp2_2
72 0 3189783 9 31.319267 plmp2_2
73 0 800858 0 13.094318 plmp2_2
73 0 109666 1 12.452107 plmp2_2
73 0 106577 2 12.355006 plmp2_2
73 0 145449 3 11.772445 plmp2_2
73 0 108311 4 11.740588 plmp2_2
73 0 109550 5 11.595961 plmp2_2
73 0 109735 6 11.5544405 plmp2_2
73 0 1292373 7 11.511852 plmp2_2
73 0 110540 8 11.508906 plmp2_2
73 0 108729 9 11.252019 plmp2_2
74 0 112774 0 23.456383 plmp2_2
74 0 130162 1 21.950792 plmp2_2
74 0 803268 2 21.574247 plmp2_2
74 0 110798 3 21.544117 plmp2_2
74 0 110398 4 21.448372 plmp2_2
74 0 2804674 5 21.303164 plmp2_2
74 0 150541 6 21.140583 plmp2_2
74 0 130149 7 20.911074 plmp2_2
74 0 112902 8 20.724056 plmp2_2
74 0 107904 9 20.624483 plmp2_2
75 0 92916 0 33.387535 plmp2_2
75 0 90423 1 33.32298 plmp2_2
75 0 108011 2 32.638523 plmp2_2
75 0 93534 3 32.060635 plmp2_2
75 0 92470 4 30.2404 plmp2_2
75 0 89282 5 30.19079 plmp2_2
75 0 86533 6 30.103447 plmp2_2
75 0 87646 7 29.784029 plmp2_2
75 0 96318 8 29.70896 plmp2_2
75 0 85048 9 29.479124 plmp2_2
76 0 2679833 0 33.439846 plmp2_2
76 0 2680440 1 33.439846 plmp2_2
76 0 145652 2 32.935867 plmp2_2
76 0 2672526 3 32.794357 plmp2_2
76 0 2674863 4 32.794357 plmp2_2
76 0 108900 5 31.188036 plmp2_2
76 0 2670966 6 30.694473 plmp2_2
76 0 1740 7 27.151617 plmp2_2
76 0 2672210 8 27.00224 plmp2_2
76 0 2654755 9 27.00224 plmp2_2
77 0 112726 0 38.91562 plmp2_2
77 0 145817 1 38.18198 plmp2_2
77 0 4151822 2 35.182045 plmp2_2
77 0 111455 3 34.97153 plmp2_2
77 0 1087693 4 34.119343 plmp2_2
77 0 2812588 5 33.033676 plmp2_2
77 0 111029 6 32.807667 plmp2_2
77 0 134747 7 32.604794 plmp2_2
77 0 145647 8 31.421902 plmp2_2
77 0 111346 9 28.806942 plmp2_2
78 0 145632 0 17.491457 plmp2_2
78 0 101362 1 15.868971 plmp2_2
78 0 2812588 2 15.103344 plmp2_2
78 0 112255 3 14.522961 plmp2_2
78 0 99736 4 13.827028 plmp2_2
78 0 94531 5 13.480613 plmp2_2
78 0 106964 6 13.392095 plmp2_2
78 0 112097 7 13.368984 plmp2_2
78 0 110128 8 13.364172 plmp2_2
78 0 802973 9 13.319994 plmp2_2
79 0 111470 0 51.08208 plmp2_2
79 0 111009 1 51.080933 plmp2_2
79 0 118143 2 49.11569 plmp2_2
79 0 110221 3 26.765453 plmp2_2
79 0 107367 4 24.491287 plmp2_2
79 0 118246 5 23.298916 plmp2_2
79 0 110183 6 22.524965 plmp2_2
79 0 106722 7 22.484829 plmp2_2
79 0 111412 8 22.482664 plmp2_2
79 0 101909 9 22.276375 plmp2_2
80 0 111009 0 62.7639 plmp2_2
80 0 111470 1 60.38755 plmp2_2
80 0 118143 2 56.08187 plmp2_2
80 0 145859 3 39.894398 plmp2_2
80 0 110221 4 37.293274 plmp2_2
80 0 109342 5 35.4625 plmp2_2
80 0 626054 6 34.532093 plmp2_2
80 0 2680438 7 33.203125 plmp2_2
80 0 111964 8 32.925205 plmp2_2
80 0 106328 9 32.72532 plmp2_2
81 0 148484 0 40.349964 plmp2_2
81 0 112440 1 31.937754 plmp2_2
81 0 122253 2 25.993757 plmp2_2
81 0 117833 3 21.968708 plmp2_2
81 0 118445 4 20.9553 plmp2_2
81 0 145121 5 18.96328 plmp2_2
81 0 127984 6 16.037502 plmp2_2
81 0 135955 7 15.3515625 plmp2_2
81 0 118964 8 15.080078 plmp2_2
81 0 135345 9 15.080078 plmp2_2
82 0 145865 0 42.793743 plmp2_2
82 0 2803250 1 40.725853 plmp2_2
82 0 118126 2 40.086735 plmp2_2
82 0 127900 3 40.04904 plmp2_2
82 0 799981 4 39.957607 plmp2_2
82 0 1726 5 38.44471 plmp2_2
82 0 118368 6 37.726753 plmp2_2
82 0 216735 7 37.55825 plmp2_2
82 0 216806 8 37.55825 plmp2_2
82 0 3213871 9 26.901289 plmp2_2
83 0 145859 0 46.90837 plmp2_2
83 0 110289 1 37.36735 plmp2_2
83 0 112922 2 33.440144 plmp2_2
83 0 110961 3 30.513525 plmp2_2
83 0 112368 4 28.484388 plmp2_2
83 0 112590 5 27.739716 plmp2_2
83 0 111093 6 27.393456 plmp2_2
83 0 799978 7 26.985565 plmp2_2
83 0 111103 8 26.924322 plmp2_2
83 0 145870 9 26.906363 plmp2_2
84 0 145859 0 46.90837 plmp2_2
84 0 110289 1 37.36735 plmp2_2
84 0 112922 2 33.440144 plmp2_2
84 0 110961 3 30.513525 plmp2_2
84 0 112368 4 28.484388 plmp2_2
84 0 112590 5 27.739716 plmp2_2
84 0 111093 6 27.393456 plmp2_2
84 0 799978 7 26.985565 plmp2_2
84 0 111103 8 26.924322 plmp2_2
84 0 145870 9 26.906363 plmp2_2
85 0 802973 0 39.708195 plmp2_2
85 0 803271 1 39.708195 plmp2_2
85 0 2959737 2 39.708195 plmp2_2
85 0 3177199 3 36.360878 plmp2_2
85 0 3171724 4 36.273735 plmp2_2
85 0 3177200 5 36.273735 plmp2_2
85 0 4151826 6 34.682568 plmp2_2
85 0 872994 7 32.34197 plmp2_2
85 0 3205766 8 31.971218 plmp2_2
85 0 149653 9 31.510204 plmp2_2
86 0 3205766 0 28.849545 plmp2_2
86 0 802973 1 28.4635 plmp2_2
86 0 803271 2 28.4635 plmp2_2
86 0 2959737 3 28.4635 plmp2_2
86 0 3171724 4 27.973991 plmp2_2
86 0 3177199 5 27.973991 plmp2_2
86 0 3177200 6 27.973991 plmp2_2
86 0 3216388 7 21.959923 plmp2_2
86 0 4151826 8 21.668816 plmp2_2
86 0 3181481 9 21.577667 plmp2_2
87 0 85160 0 10.002407 plmp2_2
87 0 106970 1 9.931418 plmp2_2
87 0 97356 2 9.929461 plmp2_2
87 0 84759 3 9.910907 plmp2_2
87 0 84800 4 9.901281 plmp2_2
87 0 96086 5 9.884305 plmp2_2
87 0 108247 6 9.872223 plmp2_2
87 0 97326 7 9.865141 plmp2_2
87 0 85330 8 9.856664 plmp2_2
87 0 1960562 9 9.850329 plmp2_2
88 0 1756 0 26.22915 plmp2_2
88 0 145897 1 26.164764 plmp2_2
88 0 1742 2 25.062424 plmp2_2
88 0 145839 3 23.338902 plmp2_2
88 0 182992 4 23.004704 plmp2_2
88 0 118339 5 22.831484 plmp2_2
88 0 182991 6 22.587448 plmp2_2
88 0 112807 7 22.400795 plmp2_2
88 0 88985 8 22.02858 plmp2_2
88 0 111801 9 21.978455 plmp2_2
89 0 2770446 0 61.42187 plmp2_2
89 0 4151822 1 59.102898 plmp2_2
89 0 2812588 2 55.122623 plmp2_2
89 0 4162110 3 41.13379 plmp2_2
89 0 145817 4 41.01626 plmp2_2
89 0 134747 5 38.804504 plmp2_2
89 0 145647 6 38.696426 plmp2_2
89 0 145954 7 31.506824 plmp2_2
89 0 111029 8 28.112513 plmp2_2
89 0 1087693 9 27.571936 plmp2_2
90 0 145626 0 47.386593 plmp2_2
90 0 2812588 1 47.122505 plmp2_2
90 0 118054 2 43.07631 plmp2_2
90 0 3181025 3 42.702347 plmp2_2
90 0 2680439 4 41.553173 plmp2_2
90 0 111913 5 38.74991 plmp2_2
90 0 110518 6 38.64224 plmp2_2
90 0 130150 7 37.417694 plmp2_2
90 0 109921 8 37.116592 plmp2_2
90 0 4151822 9 36.367607 plmp2_2
91 0 3212514 0 60.004246 plmp2_2
91 0 118507 1 33.661278 plmp2_2
91 0 1087959 2 33.3346 plmp2_2
91 0 110249 3 30.91539 plmp2_2
91 0 110032 4 30.030966 plmp2_2
91 0 109243 5 27.9461 plmp2_2
91 0 1087955 6 27.632912 plmp2_2
91 0 109414 7 27.413803 plmp2_2
91 0 106091 8 27.254032 plmp2_2
91 0 118243 9 27.187513 plmp2_2
92 0 3212514 0 57.081875 plmp2_2
92 0 118507 1 31.538906 plmp2_2
92 0 1087959 2 30.474722 plmp2_2
92 0 110032 3 30.030966 plmp2_2
92 0 110249 4 27.959862 plmp2_2
92 0 106091 5 27.254032 plmp2_2
92 0 109414 6 26.712175 plmp2_2
92 0 118243 7 26.444584 plmp2_2
92 0 118053 8 26.440346 plmp2_2
92 0 109243 9 25.95889 plmp2_2
93 0 2788983 0 39.049873 plmp2_2
93 0 130158 1 36.999474 plmp2_2
93 0 117874 2 36.637794 plmp2_2
93 0 118107 3 36.009724 plmp2_2
93 0 110877 4 35.92227 plmp2_2
93 0 112818 5 35.88685 plmp2_2
93 0 111736 6 35.646496 plmp2_2
93 0 117876 7 35.575447 plmp2_2
93 0 145627 8 35.447853 plmp2_2
93 0 118129 9 35.254593 plmp2_2
94 0 2788983 0 40.497463 plmp2_2
94 0 117874 1 39.239902 plmp2_2
94 0 931614 2 38.337963 plmp2_2
94 0 117876 3 37.25314 plmp2_2
94 0 118129 4 37.1346 plmp2_2
94 0 111736 5 36.631508 plmp2_2
94 0 117968 6 36.574265 plmp2_2
94 0 109610 7 36.519905 plmp2_2
94 0 110510 8 36.502747 plmp2_2
94 0 112818 9 36.417175 plmp2_2
95 0 105495 0 35.811874 plmp2_2
95 0 108555 1 34.874897 plmp2_2
95 0 106171 2 33.804756 plmp2_2
95 0 107232 3 32.76205 plmp2_2
95 0 107475 4 23.239473 plmp2_2
95 0 103631 5 22.264112 plmp2_2
95 0 106073 6 21.103909 plmp2_2
95 0 86596 7 21.076393 plmp2_2
95 0 104671 8 20.363485 plmp2_2
95 0 101996 9 19.4555 plmp2_2
96 0 94014 0 21.983105 plmp2_2
96 0 94316 1 21.768261 plmp2_2
96 0 93789 2 21.626202 plmp2_2
96 0 96542 3 21.408113 plmp2_2
96 0 92705 4 21.380924 plmp2_2
96 0 103631 5 21.27211 plmp2_2
96 0 100134 6 21.094303 plmp2_2
96 0 97133 7 21.076122 plmp2_2
96 0 96850 8 21.019438 plmp2_2
96 0 90408 9 21.01614 plmp2_2
97 0 112101 0 43.32163 plmp2_2
97 0 111922 1 39.684742 plmp2_2
97 0 112574 2 25.35502 plmp2_2
97 0 820748 3 24.797604 plmp2_2
97 0 2655597 4 24.778603 plmp2_2
97 0 146554 5 23.511627 plmp2_2
97 0 117959 6 22.879559 plmp2_2
97 0 112247 7 22.849697 plmp2_2
97 0 136993 8 20.66849 plmp2_2
97 0 100793 9 19.628012 plmp2_2
98 0 118065 0 12.698451 plmp2_2
98 0 108376 1 12.585159 plmp2_2
98 0 111684 2 12.398374 plmp2_2
98 0 108849 3 11.086149 plmp2_2
98 0 111821 4 10.656766 plmp2_2
98 0 118467 5 10.245153 plmp2_2
98 0 1283337 6 10.072543 plmp2_2
98 0 2769806 7 10.05346 plmp2_2
98 0 3213872 8 9.881699 plmp2_2
98 0 111736 9 9.615613 plmp2_2
99 0 112267 0 44.917347 plmp2_2
99 0 111884 1 32.712425 plmp2_2
99 0 110552 2 21.408157 plmp2_2
99 0 109673 3 18.667263 plmp2_2
99 0 118121 4 18.548769 plmp2_2
99 0 110578 5 18.405077 plmp2_2
99 0 109976 6 17.995274 plmp2_2
99 0 112033 7 16.775326 plmp2_2
99 0 109569 8 16.423653 plmp2_2
99 0 102592 9 15.921065 plmp2_2
100 0 112267 0 56.528618 plmp2_2
100 0 111884 1 53.64063 plmp2_2
100 0 102906 2 52.098846 plmp2_2
100 0 112033 3 49.86301 plmp2_2
100 0 108405 4 47.230278 plmp2_2
100 0 104883 5 44.16751 plmp2_2
100 0 102592 6 41.42699 plmp2_2
100 0 111381 7 40.59413 plmp2_2
100 0 102294 8 40.19544 plmp2_2
100 0 103125 9 39.94179 plmp2_2
