1 0 102391 0 15.320833 plmp2_10
1 0 100851 1 15.123561 plmp2_10
1 0 118009 2 14.905165 plmp2_10
1 0 106978 3 14.874059 plmp2_10
1 0 145782 4 14.397329 plmp2_10
1 0 109049 5 14.393233 plmp2_10
1 0 118105 6 14.149115 plmp2_10
1 0 101803 7 13.871951 plmp2_10
1 0 102849 8 13.713916 plmp2_10
1 0 112885 9 13.600808 plmp2_10
2 0 103631 0 27.509724 plmp2_10
2 0 104516 1 24.621075 plmp2_10
2 0 100105 2 23.900433 plmp2_10
2 0 103549 3 23.636177 plmp2_10
2 0 106522 4 22.834345 plmp2_10
2 0 145692 5 22.467052 plmp2_10
2 0 107016 6 22.075718 plmp2_10
2 0 103244 7 21.862587 plmp2_10
2 0 108555 8 21.696466 plmp2_10
2 0 107475 9 21.497524 plmp2_10
3 0 899484 0 32.71212 plmp2_10
3 0 117907 1 32.621044 plmp2_10
3 0 111154 2 32.589924 plmp2_10
3 0 107822 3 32.48815 plmp2_10
3 0 118423 4 32.36314 plmp2_10
3 0 111920 5 32.161686 plmp2_10
3 0 110944 6 32.085148 plmp2_10
3 0 145821 7 31.860928 plmp2_10
3 0 145830 8 31.725748 plmp2_10
3 0 111965 9 31.627033 plmp2_10
4 0 145821 0 60.813904 plmp2_10
4 0 112212 1 60.67737 plmp2_10
4 0 3162143 2 59.925156 plmp2_10
4 0 118029 3 59.003513 plmp2_10
4 0 117907 4 59.002464 plmp2_10
4 0 623142 5 58.829956 plmp2_10
4 0 215496 6 58.56082 plmp2_10
4 0 215694 7 58.56082 plmp2_10
4 0 2959735 8 58.55874 plmp2_10
4 0 145683 9 57.302204 plmp2_10
5 0 1740 0 25.521883 plmp2_10
5 0 112699 1 25.077332 plmp2_10
5 0 3197746 2 24.3187 plmp2_10
5 0 118360 3 23.853264 plmp2_10
5 0 127924 4 23.6112 plmp2_10
5 0 118329 5 23.314545 plmp2_10
5 0 3203656 6 23.100616 plmp2_10
5 0 3206414 7 23.100616 plmp2_10
5 0 127892 8 22.6742 plmp2_10
5 0 112257 9 22.458233 plmp2_10
6 0 2808290 0 17.233953 plmp2_10
6 0 931123 1 17.222462 plmp2_10
6 0 111929 2 16.878187 plmp2_10
6 0 109913 3 16.57806 plmp2_10
6 0 110073 4 16.095016 plmp2_10
6 0 1087960 5 16.074741 plmp2_10
6 0 117887 6 15.960962 plmp2_10
6 0 111992 7 15.955786 plmp2_10
6 0 118337 8 15.839174 plmp2_10
6 0 111938 9 15.781502 plmp2_10
7 0 145715 0 23.656633 plmp2_10
7 0 118423 1 22.861996 plmp2_10
7 0 110932 2 22.275557 plmp2_10
7 0 134749 3 22.171366 plmp2_10
7 0 110923 4 21.893158 plmp2_10
7 0 147531 5 21.585405 plmp2_10
7 0 110018 6 21.516224 plmp2_10
7 0 3195892 7 21.281427 plmp2_10
7 0 112834 8 21.105738 plmp2_10
7 0 112827 9 20.815598 plmp2_10
8 0 145715 0 24.29267 plmp2_10
8 0 110932 1 23.976265 plmp2_10
8 0 112174 2 23.892525 plmp2_10
8 0 145868 3 23.307907 plmp2_10
8 0 145682 4 23.215591 plmp2_10
8 0 147531 5 23.139647 plmp2_10
8 0 134749 6 23.027454 plmp2_10
8 0 112827 7 22.863253 plmp2_10
8 0 2678467 8 22.819857 plmp2_10
8 0 2679202 9 22.819857 plmp2_10
9 0 2675751 0 40.57518 plmp2_10
9 0 118212 1 40.123726 plmp2_10
9 0 109720 2 38.627823 plmp2_10
9 0 127923 3 38.618126 plmp2_10
9 0 118423 4 38.151363 plmp2_10
9 0 127887 5 37.41569 plmp2_10
9 0 112230 6 36.40255 plmp2_10
9 0 111828 7 36.330822 plmp2_10
9 0 802400 8 35.895676 plmp2_10
9 0 118454 9 35.67105 plmp2_10
10 0 111949 0 33.116833 plmp2_10
10 0 112423 1 33.06506 plmp2_10
10 0 2795703 2 32.3333 plmp2_10
10 0 2797292 3 32.3333 plmp2_10
10 0 118511 4 32.06095 plmp2_10
10 0 111503 5 31.906637 plmp2_10
10 0 110923 6 31.729515 plmp2_10
10 0 108763 7 31.344501 plmp2_10
10 0 118318 8 31.311117 plmp2_10
10 0 111094 9 31.154142 plmp2_10
11 0 2742710 0 14.792125 plmp2_10
11 0 118017 1 14.617724 plmp2_10
11 0 2672535 2 14.550427 plmp2_10
11 0 2789927 3 14.544417 plmp2_10
11 0 2675752 4 14.50151 plmp2_10
11 0 109828 5 14.413771 plmp2_10
11 0 111587 6 14.408855 plmp2_10
11 0 110593 7 14.399463 plmp2_10
11 0 145910 8 14.393351 plmp2_10
11 0 145863 9 14.274721 plmp2_10
12 0 103907 0 12.219237 plmp2_10
12 0 104863 1 12.151283 plmp2_10
12 0 122265 2 12.119952 plmp2_10
12 0 104948 3 12.085348 plmp2_10
12 0 110630 4 12.069986 plmp2_10
12 0 110227 5 12.043061 plmp2_10
12 0 112024 6 11.949977 plmp2_10
12 0 117828 7 11.94715 plmp2_10
12 0 112670 8 11.941242 plmp2_10
12 0 110382 9 11.840526 plmp2_10
13 0 118188 0 18.058018 plmp2_10
13 0 94411 1 18.024426 plmp2_10
13 0 146553 2 17.396145 plmp2_10
13 0 146790 3 17.395947 plmp2_10
13 0 150543 4 17.357464 plmp2_10
13 0 2959732 5 17.35727 plmp2_10
13 0 118013 6 17.330244 plmp2_10
13 0 108084 7 16.801271 plmp2_10
13 0 1087946 8 16.711891 plmp2_10
13 0 108605 9 16.58733 plmp2_10
14 0 112185 0 8.279665 plmp2_10
14 0 111526 1 8.237688 plmp2_10
14 0 111701 2 8.22835 plmp2_10
14 0 112912 3 8.206708 plmp2_10
14 0 111409 4 8.185319 plmp2_10
14 0 105948 5 8.101307 plmp2_10
14 0 112542 6 8.079263 plmp2_10
14 0 111900 7 8.075307 plmp2_10
14 0 109796 8 8.067754 plmp2_10
14 0 109369 9 8.042319 plmp2_10
15 0 4151822 0 35.15032 plmp2_10
15 0 2812588 1 33.547703 plmp2_10
15 0 4171965 2 23.610506 plmp2_10
15 0 4106440 3 22.508305 plmp2_10
15 0 2770446 4 19.974207 plmp2_10
15 0 111610 5 17.909353 plmp2_10
15 0 145817 6 17.414272 plmp2_10
15 0 177420 7 17.361622 plmp2_10
15 0 145954 8 16.970133 plmp2_10
15 0 2806207 9 16.21053 plmp2_10
16 0 4171965 0 27.378866 plmp2_10
16 0 4151817 1 23.040293 plmp2_10
16 0 4162936 2 22.951036 plmp2_10
16 0 4168362 3 22.447458 plmp2_10
16 0 4161362 4 22.07609 plmp2_10
16 0 4154238 5 21.267044 plmp2_10
16 0 4168364 6 21.163452 plmp2_10
16 0 4151822 7 21.01929 plmp2_10
16 0 4172497 8 20.95322 plmp2_10
16 0 4164892 9 20.88981 plmp2_10
17 0 103841 0 13.465698 plmp2_10
17 0 109396 1 13.19378 plmp2_10
17 0 109249 2 12.974741 plmp2_10
17 0 145119 3 12.94462 plmp2_10
17 0 118436 4 12.859786 plmp2_10
17 0 108902 5 12.819813 plmp2_10
17 0 205712 6 12.749306 plmp2_10
17 0 102585 7 12.670689 plmp2_10
17 0 99274 8 12.624577 plmp2_10
17 0 105979 9 12.532846 plmp2_10
18 0 145119 0 27.826853 plmp2_10
18 0 620566 1 25.62336 plmp2_10
18 0 112128 2 25.487377 plmp2_10
18 0 148484 3 25.39531 plmp2_10
18 0 205712 4 25.366297 plmp2_10
18 0 106724 5 25.350752 plmp2_10
18 0 131156 6 25.243393 plmp2_10
18 0 799991 7 24.877542 plmp2_10
18 0 145796 8 24.689043 plmp2_10
18 0 118319 9 24.437124 plmp2_10
19 0 2654533 0 35.794704 plmp2_10
19 0 2654756 1 35.794704 plmp2_10
19 0 118018 2 32.726395 plmp2_10
19 0 145860 3 30.615978 plmp2_10
19 0 112775 4 28.893873 plmp2_10
19 0 112808 5 28.766886 plmp2_10
19 0 111880 6 28.042154 plmp2_10
19 0 107492 7 27.68347 plmp2_10
19 0 112381 8 27.144213 plmp2_10
19 0 2650505 9 26.550257 plmp2_10
20 0 2654533 0 37.01764 plmp2_10
20 0 2654756 1 37.01764 plmp2_10
20 0 110085 2 32.55047 plmp2_10
20 0 2620710 3 32.29096 plmp2_10
20 0 110657 4 31.72248 plmp2_10
20 0 111168 5 31.110174 plmp2_10
20 0 109635 6 31.04467 plmp2_10
20 0 110505 7 30.934298 plmp2_10
20 0 111372 8 30.633345 plmp2_10
20 0 110129 9 30.504408 plmp2_10
21 0 2659300 0 31.417034 plmp2_10
21 0 108001 1 31.023884 plmp2_10
21 0 117890 2 29.984808 plmp2_10
21 0 112799 3 29.607342 plmp2_10
21 0 118081 4 29.535467 plmp2_10
21 0 118119 5 27.89495 plmp2_10
21 0 112512 6 27.076456 plmp2_10
21 0 118039 7 26.826769 plmp2_10
21 0 118416 8 26.249836 plmp2_10
21 0 112774 9 26.153843 plmp2_10
22 0 2659300 0 35.535336 plmp2_10
22 0 117890 1 33.977573 plmp2_10
22 0 112799 2 32.437466 plmp2_10
22 0 118081 3 32.089306 plmp2_10
22 0 108001 4 31.023884 plmp2_10
22 0 112774 5 30.077019 plmp2_10
22 0 118119 6 29.662096 plmp2_10
22 0 112512 7 29.615108 plmp2_10
22 0 111685 8 27.949528 plmp2_10
22 0 867657 9 27.933886 plmp2_10
23 0 1738 0 24.539871 plmp2_10
23 0 127896 1 20.470985 plmp2_10
23 0 2810525 2 19.75224 plmp2_10
23 0 2811847 3 19.75224 plmp2_10
23 0 112693 4 19.51106 plmp2_10
23 0 127919 5 19.328817 plmp2_10
23 0 799987 6 19.28417 plmp2_10
23 0 131165 7 19.282648 plmp2_10
23 0 623242 8 18.537794 plmp2_10
23 0 112853 9 18.24712 plmp2_10
24 0 86637 0 10.244951 plmp2_10
24 0 90416 1 10.141289 plmp2_10
24 0 94759 2 10.0176 plmp2_10
24 0 137725 3 10.015644 plmp2_10
24 0 84693 4 9.931016 plmp2_10
24 0 99100 5 9.798466 plmp2_10
24 0 102164 6 9.748482 plmp2_10
24 0 86253 7 9.735103 plmp2_10
24 0 104050 8 9.71703 plmp2_10
24 0 145907 9 9.71422 plmp2_10
25 0 112790 0 22.39045 plmp2_10
25 0 112616 1 21.680595 plmp2_10
25 0 1087765 2 20.819857 plmp2_10
25 0 122245 3 20.630587 plmp2_10
25 0 117999 4 20.042744 plmp2_10
25 0 1087946 5 19.907108 plmp2_10
25 0 1087964 6 19.496204 plmp2_10
25 0 111495 7 19.409761 plmp2_10
25 0 112909 8 19.36487 plmp2_10
25 0 2655499 9 19.294035 plmp2_10
26 0 112616 0 33.470364 plmp2_10
26 0 112700 1 33.19404 plmp2_10
26 0 109989 2 32.968044 plmp2_10
26 0 112457 3 32.469303 plmp2_10
26 0 117872 4 32.232536 plmp2_10
26 0 112342 5 32.18225 plmp2_10
26 0 145635 6 31.59616 plmp2_10
26 0 112539 7 31.58357 plmp2_10
26 0 102987 8 31.50757 plmp2_10
26 0 112724 9 30.800495 plmp2_10
27 0 4157382 0 33.09761 plmp2_10
27 0 4157405 1 33.09761 plmp2_10
27 0 111141 2 31.503912 plmp2_10
27 0 112346 3 30.106667 plmp2_10
27 0 110384 4 27.51169 plmp2_10
27 0 112523 5 26.769207 plmp2_10
27 0 103617 6 25.621693 plmp2_10
27 0 105341 7 25.303453 plmp2_10
27 0 109101 8 25.120255 plmp2_10
27 0 111217 9 24.45937 plmp2_10
28 0 4157382 0 19.80157 plmp2_10
28 0 4157405 1 19.80157 plmp2_10
28 0 109865 2 18.72531 plmp2_10
28 0 110797 3 17.954296 plmp2_10
28 0 112346 4 17.825739 plmp2_10
28 0 109084 5 17.622185 plmp2_10
28 0 110060 6 17.446459 plmp2_10
28 0 145859 7 17.33063 plmp2_10
28 0 109101 8 17.325792 plmp2_10
28 0 112523 9 17.317759 plmp2_10
29 0 4151826 0 14.946986 plmp2_10
29 0 145761 1 14.759146 plmp2_10
29 0 104578 2 14.698579 plmp2_10
29 0 112190 3 14.686118 plmp2_10
29 0 109093 4 14.68415 plmp2_10
29 0 145843 5 14.637594 plmp2_10
29 0 626206 6 14.57671 plmp2_10
29 0 145921 7 14.566583 plmp2_10
29 0 899483 8 14.500299 plmp2_10
29 0 112485 9 14.485496 plmp2_10
30 0 205788 0 36.548313 plmp2_10
30 0 118045 1 36.46 plmp2_10
30 0 218921 2 36.127266 plmp2_10
30 0 112704 3 36.05616 plmp2_10
30 0 145841 4 34.779648 plmp2_10
30 0 145708 5 34.740814 plmp2_10
30 0 137739 6 34.5092 plmp2_10
30 0 4151826 7 34.093243 plmp2_10
30 0 145843 8 33.773376 plmp2_10
30 0 145796 9 33.510056 plmp2_10
31 0 2795279 0 30.363186 plmp2_10
31 0 100547 1 28.827824 plmp2_10
31 0 3195444 2 28.469957 plmp2_10
31 0 118023 3 27.553484 plmp2_10
31 0 104267 4 26.900732 plmp2_10
31 0 130144 5 26.58984 plmp2_10
31 0 112429 6 26.253807 plmp2_10
31 0 3171727 7 26.160929 plmp2_10
31 0 3177198 8 26.160929 plmp2_10
31 0 3177201 9 26.160929 plmp2_10
32 0 118458 0 16.89912 plmp2_10
32 0 118335 1 16.786335 plmp2_10
32 0 108616 2 16.365189 plmp2_10
32 0 118369 3 16.250145 plmp2_10
32 0 109034 4 16.228334 plmp2_10
32 0 108965 5 16.120209 plmp2_10
32 0 109505 6 16.06056 plmp2_10
32 0 118321 7 15.996556 plmp2_10
32 0 118427 8 15.909903 plmp2_10
32 0 145672 9 15.816774 plmp2_10
33 0 111706 0 22.297495 plmp2_10
33 0 110089 1 22.24964 plmp2_10
33 0 111446 2 22.056114 plmp2_10
33 0 109532 3 21.920021 plmp2_10
33 0 111134 4 21.424686 plmp2_10
33 0 111334 5 20.947475 plmp2_10
33 0 145975 6 20.509264 plmp2_10
33 0 118109 7 20.180264 plmp2_10
33 0 111594 8 20.12214 plmp2_10
33 0 3168776 9 19.8072 plmp2_10
34 0 2676594 0 61.264324 plmp2_10
34 0 2675753 1 61.18521 plmp2_10
34 0 2679204 2 61.18521 plmp2_10
34 0 2809767 3 60.392403 plmp2_10
34 0 2811850 4 60.392403 plmp2_10
34 0 3216389 5 42.906197 plmp2_10
34 0 146985 6 40.563915 plmp2_10
34 0 136994 7 40.21882 plmp2_10
34 0 110030 8 36.753666 plmp2_10
34 0 137727 9 36.723175 plmp2_10
35 0 2654532 0 21.773987 plmp2_10
35 0 821306 1 21.144337 plmp2_10
35 0 3214778 2 20.044933 plmp2_10
35 0 110101 3 19.962925 plmp2_10
35 0 109586 4 19.592234 plmp2_10
35 0 213843 5 19.407118 plmp2_10
35 0 214063 6 19.407118 plmp2_10
35 0 214467 7 19.407118 plmp2_10
35 0 149005 8 19.382362 plmp2_10
35 0 145851 9 18.887915 plmp2_10
36 0 111777 0 28.096672 plmp2_10
36 0 112476 1 26.366262 plmp2_10
36 0 110752 2 25.909664 plmp2_10
36 0 111693 3 25.673891 plmp2_10
36 0 100648 4 25.503267 plmp2_10
36 0 109586 5 25.17788 plmp2_10
36 0 2670966 6 24.53561 plmp2_10
36 0 85022 7 24.459673 plmp2_10
36 0 111192 8 24.245481 plmp2_10
36 0 4164893 9 23.868465 plmp2_10
37 0 107652 0 31.497679 plmp2_10
37 0 118269 1 29.612875 plmp2_10
37 0 145731 2 27.370657 plmp2_10
37 0 112910 3 27.06845 plmp2_10
37 0 4151829 4 26.846788 plmp2_10
37 0 111982 5 26.695774 plmp2_10
37 0 145855 6 26.271078 plmp2_10
37 0 1993216 7 25.916862 plmp2_10
37 0 109569 8 25.40792 plmp2_10
37 0 110137 9 25.101505 plmp2_10
38 0 110774 0 22.230234 plmp2_10
38 0 109062 1 21.424309 plmp2_10
38 0 111261 2 21.355042 plmp2_10
38 0 101567 3 21.117174 plmp2_10
38 0 109251 4 21.055193 plmp2_10
38 0 145731 5 21.009727 plmp2_10
38 0 111264 6 21.003109 plmp2_10
38 0 108530 7 20.827623 plmp2_10
38 0 111376 8 20.804123 plmp2_10
38 0 111420 9 20.798313 plmp2_10
39 0 112568 0 37.569324 plmp2_10
39 0 112420 1 35.27545 plmp2_10
39 0 111432 2 35.066376 plmp2_10
39 0 108442 3 34.11349 plmp2_10
39 0 118192 4 34.03125 plmp2_10
39 0 2959744 5 32.20767 plmp2_10
39 0 855518 6 32.20767 plmp2_10
39 0 107747 7 31.433817 plmp2_10
39 0 118457 8 30.820684 plmp2_10
39 0 2674861 9 30.42984 plmp2_10
40 0 95048 0 35.103523 plmp2_10
40 0 122254 1 34.5186 plmp2_10
40 0 103135 2 33.9387 plmp2_10
40 0 104688 3 33.67341 plmp2_10
40 0 112934 4 33.672085 plmp2_10
40 0 3213872 5 33.368618 plmp2_10
40 0 107747 6 33.15552 plmp2_10
40 0 799994 7 32.904488 plmp2_10
40 0 109288 8 32.813206 plmp2_10
40 0 111062 9 32.660088 plmp2_10
41 0 109186 0 30.491709 plmp2_10
41 0 112585 1 29.300343 plmp2_10
41 0 2811847 2 28.248087 plmp2_10
41 0 2810525 3 28.243385 plmp2_10
41 0 112257 4 27.445898 plmp2_10
41 0 110132 5 27.437069 plmp2_10
41 0 111891 6 26.826017 plmp2_10
41 0 111198 7 26.620192 plmp2_10
41 0 110230 8 26.31361 plmp2_10
41 0 110501 9 25.96564 plmp2_10
42 0 109186 0 31.895805 plmp2_10
42 0 112585 1 30.789707 plmp2_10
42 0 2811847 2 30.020115 plmp2_10
42 0 2810525 3 30.015413 plmp2_10
42 0 110132 4 29.397688 plmp2_10
42 0 112257 5 29.280682 plmp2_10
42 0 111198 6 28.496164 plmp2_10
42 0 111891 7 28.483095 plmp2_10
42 0 110230 8 28.270155 plmp2_10
42 0 110635 9 26.796799 plmp2_10
43 0 101906 0 30.408026 plmp2_10
43 0 112305 1 26.431759 plmp2_10
43 0 2680590 2 26.379854 plmp2_10
43 0 2959745 3 26.379854 plmp2_10
43 0 95854 4 23.121828 plmp2_10
43 0 99904 5 23.088917 plmp2_10
43 0 101403 6 22.092745 plmp2_10
43 0 104999 7 21.994543 plmp2_10
43 0 85450 8 21.960682 plmp2_10
43 0 112920 9 21.738178 plmp2_10
44 0 106503 0 11.39144 plmp2_10
44 0 99819 1 10.867434 plmp2_10
44 0 109032 2 10.806231 plmp2_10
44 0 106562 3 10.702215 plmp2_10
44 0 105188 4 10.598291 plmp2_10
44 0 118145 5 10.509951 plmp2_10
44 0 103289 6 10.411995 plmp2_10
44 0 102096 7 10.350748 plmp2_10
44 0 100656 8 10.202083 plmp2_10
44 0 111731 9 10.140411 plmp2_10
45 0 800568 0 30.92864 plmp2_10
45 0 108025 1 29.521442 plmp2_10
45 0 118464 2 29.252754 plmp2_10
45 0 3204917 3 29.207655 plmp2_10
45 0 2804673 4 28.152012 plmp2_10
45 0 127916 5 27.720682 plmp2_10
45 0 110676 6 27.382477 plmp2_10
45 0 111990 7 26.857824 plmp2_10
45 0 2808291 8 26.804539 plmp2_10
45 0 618680 9 26.7931 plmp2_10
46 0 866024 0 41.551086 plmp2_10
46 0 858802 1 41.540775 plmp2_10
46 0 150542 2 39.760788 plmp2_10
46 0 3204917 3 37.845737 plmp2_10
46 0 145861 4 36.593987 plmp2_10
46 0 111713 5 36.105423 plmp2_10
46 0 623145 6 35.878254 plmp2_10
46 0 218457 7 34.989555 plmp2_10
46 0 111829 8 34.96065 plmp2_10
46 0 117954 9 34.811455 plmp2_10
47 0 105430 0 18.167837 plmp2_10
47 0 105727 1 17.954739 plmp2_10
47 0 3205736 2 17.91104 plmp2_10
47 0 118305 3 17.709488 plmp2_10
47 0 105217 4 17.673996 plmp2_10
47 0 111691 5 17.529024 plmp2_10
47 0 109697 6 17.528362 plmp2_10
47 0 127909 7 17.493227 plmp2_10
47 0 112931 8 17.451515 plmp2_10
47 0 111937 9 17.38953 plmp2_10
48 0 2674861 0 20.053291 plmp2_10
48 0 2675754 1 20.053291 plmp2_10
48 0 91861 2 17.94013 plmp2_10
48 0 92971 3 17.45765 plmp2_10
48 0 90684 4 17.226492 plmp2_10
48 0 97631 5 17.067448 plmp2_10
48 0 111362 6 16.961962 plmp2_10
48 0 117930 7 16.714062 plmp2_10
48 0 92713 8 16.38674 plmp2_10
48 0 117984 9 16.38433 plmp2_10
49 0 2810525 0 20.586979 plmp2_10
49 0 2811847 1 20.586979 plmp2_10
49 0 2809764 2 19.61566 plmp2_10
49 0 2809767 3 19.51847 plmp2_10
49 0 2811850 4 19.51847 plmp2_10
49 0 2810524 5 19.469065 plmp2_10
49 0 2811846 6 19.469065 plmp2_10
49 0 2812588 7 18.320719 plmp2_10
49 0 2812210 8 18.279684 plmp2_10
49 0 2812589 9 18.143326 plmp2_10
50 0 2789928 0 22.945845 plmp2_10
50 0 2809767 1 22.11526 plmp2_10
50 0 2811850 2 22.11526 plmp2_10
50 0 4162535 3 21.86146 plmp2_10
50 0 2801435 4 21.429562 plmp2_10
50 0 3153112 5 21.067846 plmp2_10
50 0 3216391 6 20.977816 plmp2_10
50 0 2771249 7 20.850554 plmp2_10
50 0 2812210 8 20.837677 plmp2_10
50 0 2803251 9 20.579107 plmp2_10
51 0 111980 0 15.157331 plmp2_10
51 0 105931 1 14.046132 plmp2_10
51 0 106345 2 13.988528 plmp2_10
51 0 118236 3 13.123104 plmp2_10
51 0 104793 4 13.103611 plmp2_10
51 0 118360 5 13.041853 plmp2_10
51 0 104502 6 12.867736 plmp2_10
51 0 105531 7 12.631356 plmp2_10
51 0 799981 8 12.63041 plmp2_10
51 0 105207 9 12.627609 plmp2_10
52 0 100134 0 17.068943 plmp2_10
52 0 111908 1 16.8603 plmp2_10
52 0 107187 2 16.781742 plmp2_10
52 0 110222 3 16.489035 plmp2_10
52 0 92777 4 16.185083 plmp2_10
52 0 97465 5 16.022852 plmp2_10
52 0 112931 6 15.638245 plmp2_10
52 0 112770 7 15.55656 plmp2_10
52 0 2768888 8 15.4573965 plmp2_10
52 0 112094 9 15.133173 plmp2_10
53 0 92351 0 21.216957 plmp2_10
53 0 109288 1 20.035038 plmp2_10
53 0 145940 2 20.023981 plmp2_10
53 0 145807 3 19.989716 plmp2_10
53 0 104821 4 19.96754 plmp2_10
53 0 145816 5 19.841095 plmp2_10
53 0 109333 6 19.794394 plmp2_10
53 0 145637 7 19.429398 plmp2_10
53 0 621294 8 19.197489 plmp2_10
53 0 105411 9 19.048065 plmp2_10
54 0 92351 0 21.216957 plmp2_10
54 0 109288 1 20.035038 plmp2_10
54 0 145940 2 20.023981 plmp2_10
54 0 145807 3 19.989716 plmp2_10
54 0 104821 4 19.96754 plmp2_10
54 0 145816 5 19.841095 plmp2_10
54 0 109333 6 19.794394 plmp2_10
54 0 145637 7 19.429398 plmp2_10
54 0 621294 8 19.197489 plmp2_10
54 0 105411 9 19.048065 plmp2_10
55 0 4154603 0 66.157135 plmp2_10
55 0 145731 1 51.745636 plmp2_10
55 0 145855 2 46.589245 plmp2_10
55 0 112910 3 36.917686 plmp2_10
55 0 118269 4 33.02195 plmp2_10
55 0 145629 5 31.785288 plmp2_10
55 0 111261 6 27.294926 plmp2_10
55 0 110774 7 26.003107 plmp2_10
55 0 111420 8 25.743456 plmp2_10
55 0 111982 9 24.529953 plmp2_10
56 0 4154603 0 69.12354 plmp2_10
56 0 145731 1 53.645157 plmp2_10
56 0 145855 2 50.101566 plmp2_10
56 0 112910 3 38.4523 plmp2_10
56 0 118269 4 36.826824 plmp2_10
56 0 145629 5 34.319736 plmp2_10
56 0 111261 6 31.054628 plmp2_10
56 0 110774 7 29.50137 plmp2_10
56 0 111420 8 28.02457 plmp2_10
56 0 111982 9 26.779694 plmp2_10
57 0 802408 0 23.567217 plmp2_10
57 0 117856 1 20.905052 plmp2_10
57 0 800859 2 20.778294 plmp2_10
57 0 118089 3 20.751352 plmp2_10
57 0 127900 4 19.651804 plmp2_10
57 0 118075 5 19.458977 plmp2_10
57 0 95888 6 19.169033 plmp2_10
57 0 1500655 7 18.603645 plmp2_10
57 0 212970 8 18.340061 plmp2_10
57 0 867644 9 18.230247 plmp2_10
58 0 145735 0 35.510265 plmp2_10
58 0 106179 1 32.430977 plmp2_10
58 0 108547 2 31.781816 plmp2_10
58 0 110330 3 28.718018 plmp2_10
58 0 106848 4 28.666946 plmp2_10
58 0 104832 5 27.818674 plmp2_10
58 0 112467 6 27.806713 plmp2_10
58 0 103231 7 27.37582 plmp2_10
58 0 217702 8 27.369015 plmp2_10
58 0 2676592 9 26.976608 plmp2_10
59 0 4170685 0 62.15513 plmp2_10
59 0 2788983 1 59.7633 plmp2_10
59 0 118129 2 55.438927 plmp2_10
59 0 118422 3 53.464592 plmp2_10
59 0 145627 4 52.16409 plmp2_10
59 0 117968 5 52.073925 plmp2_10
59 0 118040 6 50.96563 plmp2_10
59 0 118037 7 50.621548 plmp2_10
59 0 3205767 8 44.435837 plmp2_10
59 0 134735 9 44.232903 plmp2_10
60 0 3195891 0 54.299236 plmp2_10
60 0 809121 1 52.129368 plmp2_10
60 0 109610 2 51.890873 plmp2_10
60 0 2788983 3 51.006603 plmp2_10
60 0 4170685 4 50.76243 plmp2_10
60 0 118334 5 48.94489 plmp2_10
60 0 621195 6 48.38793 plmp2_10
60 0 621270 7 48.38793 plmp2_10
60 0 2812589 8 48.17904 plmp2_10
60 0 2959749 9 48.17904 plmp2_10
61 0 2812210 0 34.696583 plmp2_10
61 0 3195092 1 32.294937 plmp2_10
61 0 218457 2 26.273344 plmp2_10
61 0 145743 3 25.558699 plmp2_10
61 0 117875 4 24.441347 plmp2_10
61 0 112084 5 23.977787 plmp2_10
61 0 107147 6 23.907106 plmp2_10
61 0 112705 7 23.755693 plmp2_10
61 0 104890 8 23.753983 plmp2_10
61 0 118109 9 23.643324 plmp2_10
62 0 118381 0 16.317116 plmp2_10
62 0 118117 1 15.637463 plmp2_10
62 0 205788 2 15.344788 plmp2_10
62 0 145632 3 15.315899 plmp2_10
62 0 2621053 4 15.250498 plmp2_10
62 0 112854 5 15.247873 plmp2_10
62 0 2812586 6 15.237301 plmp2_10
62 0 118188 7 15.234999 plmp2_10
62 0 110525 8 15.223247 plmp2_10
62 0 137739 9 15.150487 plmp2_10
63 0 112079 0 20.033964 plmp2_10
63 0 95043 1 17.788937 plmp2_10
63 0 87213 2 17.730696 plmp2_10
63 0 85888 3 17.57983 plmp2_10
63 0 86279 4 17.57002 plmp2_10
63 0 97635 5 17.280663 plmp2_10
63 0 99615 6 16.52515 plmp2_10
63 0 91054 7 16.215694 plmp2_10
63 0 87076 8 16.142952 plmp2_10
63 0 92777 9 16.013668 plmp2_10
64 0 111285 0 23.724312 plmp2_10
64 0 105359 1 22.205576 plmp2_10
64 0 2758568 2 21.755592 plmp2_10
64 0 112803 3 19.996746 plmp2_10
64 0 108974 4 19.774197 plmp2_10
64 0 111051 5 18.318058 plmp2_10
64 0 110645 6 17.779028 plmp2_10
64 0 106391 7 17.561672 plmp2_10
64 0 117887 8 17.432627 plmp2_10
64 0 145903 9 17.000227 plmp2_10
65 0 110857 0 25.660816 plmp2_10
65 0 107542 1 22.776766 plmp2_10
65 0 117972 2 22.61965 plmp2_10
65 0 118309 3 21.974674 plmp2_10
65 0 112495 4 21.72349 plmp2_10
65 0 145762 5 21.72219 plmp2_10
65 0 106624 6 21.640701 plmp2_10
65 0 109830 7 21.467106 plmp2_10
65 0 118123 8 20.98153 plmp2_10
65 0 108231 9 20.809158 plmp2_10
66 0 104777 0 37.66744 plmp2_10
66 0 3211501 1 36.795185 plmp2_10
66 0 111803 2 36.499035 plmp2_10
66 0 110645 3 36.438377 plmp2_10
66 0 108662 4 36.39275 plmp2_10
66 0 111660 5 35.873497 plmp2_10
66 0 109394 6 35.526287 plmp2_10
66 0 143378 7 35.17801 plmp2_10
66 0 145867 8 35.06795 plmp2_10
66 0 112604 9 34.737648 plmp2_10
67 0 867645 0 38.23129 plmp2_10
67 0 145800 1 36.67853 plmp2_10
67 0 110330 2 34.453987 plmp2_10
67 0 88756 3 31.884502 plmp2_10
67 0 88704 4 31.413477 plmp2_10
67 0 112199 5 31.260132 plmp2_10
67 0 97893 6 31.171745 plmp2_10
67 0 103093 7 31.122002 plmp2_10
67 0 145673 8 30.97676 plmp2_10
67 0 87585 9 30.808952 plmp2_10
68 0 145800 0 30.628078 plmp2_10
68 0 867645 1 30.611752 plmp2_10
68 0 130141 2 26.611732 plmp2_10
68 0 110330 3 26.352953 plmp2_10
68 0 112199 4 25.655457 plmp2_10
68 0 108818 5 25.029999 plmp2_10
68 0 103020 6 23.699005 plmp2_10
68 0 145673 7 23.654724 plmp2_10
68 0 103093 8 23.539953 plmp2_10
68 0 88756 9 23.341772 plmp2_10
69 0 110068 0 30.794445 plmp2_10
69 0 117927 1 30.404533 plmp2_10
69 0 118111 2 30.013231 plmp2_10
69 0 111709 3 29.65704 plmp2_10
69 0 103984 4 29.605038 plmp2_10
69 0 111385 5 29.231234 plmp2_10
69 0 111244 6 29.150957 plmp2_10
69 0 109835 7 28.881302 plmp2_10
69 0 117859 8 28.865187 plmp2_10
69 0 112534 9 28.818668 plmp2_10
70 0 110068 0 33.31508 plmp2_10
70 0 118111 1 33.257664 plmp2_10
70 0 103984 2 32.49244 plmp2_10
70 0 111244 3 32.372868 plmp2_10
70 0 109835 4 32.190594 plmp2_10
70 0 109344 5 32.01404 plmp2_10
70 0 117927 6 31.808575 plmp2_10
70 0 106834 7 31.23949 plmp2_10
70 0 111385 8 31.104435 plmp2_10
70 0 112820 9 30.989103 plmp2_10
71 0 112904 0 37.01473 plmp2_10
71 0 118052 1 34.64985 plmp2_10
71 0 112914 2 34.373737 plmp2_10
71 0 112823 3 33.71579 plmp2_10
71 0 118005 4 32.38751 plmp2_10
71 0 118490 5 31.689661 plmp2_10
71 0 145121 6 31.260733 plmp2_10
71 0 109026 7 31.10642 plmp2_10
71 0 108303 8 31.07547 plmp2_10
71 0 118234 9 30.940166 plmp2_10
72 0 112904 0 37.01473 plmp2_10
72 0 118052 1 34.64985 plmp2_10
72 0 112914 2 34.373737 plmp2_10
72 0 112823 3 33.71579 plmp2_10
72 0 118005 4 32.38751 plmp2_10
72 0 118490 5 31.689661 plmp2_10
72 0 145121 6 31.260733 plmp2_10
72 0 109026 7 31.10642 plmp2_10
72 0 108303 8 31.07547 plmp2_10
72 0 118234 9 30.940166 plmp2_10
73 0 110536 0 7.60103 plmp2_10
73 0 111588 1 7.541136 plmp2_10
73 0 111776 2 7.5165377 plmp2_10
73 0 801500 3 7.497153 plmp2_10
73 0 3217477 4 7.4620075 plmp2_10
73 0 112193 5 7.4618692 plmp2_10
73 0 111479 6 7.42406 plmp2_10
73 0 111755 7 7.4217987 plmp2_10
73 0 145672 8 7.3892083 plmp2_10
73 0 3197746 9 7.3678007 plmp2_10
74 0 112774 0 20.919714 plmp2_10
74 0 1087950 1 20.859268 plmp2_10
74 0 112836 2 20.591072 plmp2_10
74 0 110312 3 20.585472 plmp2_10
74 0 111490 4 20.550413 plmp2_10
74 0 145653 5 20.529112 plmp2_10
74 0 111755 6 20.513683 plmp2_10
74 0 117924 7 20.501118 plmp2_10
74 0 2679557 8 20.443707 plmp2_10
74 0 130149 9 20.396856 plmp2_10
75 0 108011 0 31.62385 plmp2_10
75 0 110415 1 29.94545 plmp2_10
75 0 104722 2 29.600582 plmp2_10
75 0 102293 3 29.326351 plmp2_10
75 0 112714 4 29.106277 plmp2_10
75 0 90423 5 28.813042 plmp2_10
75 0 100360 6 28.729145 plmp2_10
75 0 100582 7 28.586782 plmp2_10
75 0 110779 8 28.392513 plmp2_10
75 0 109005 9 28.34877 plmp2_10
76 0 2672526 0 25.525723 plmp2_10
76 0 2674863 1 25.525723 plmp2_10
76 0 2679833 2 23.892645 plmp2_10
76 0 2680440 3 23.892645 plmp2_10
76 0 108900 4 23.076372 plmp2_10
76 0 104252 5 23.008732 plmp2_10
76 0 108391 6 21.471735 plmp2_10
76 0 105427 7 20.662806 plmp2_10
76 0 97930 8 20.599033 plmp2_10
76 0 106490 9 20.459684 plmp2_10
77 0 111455 0 24.577055 plmp2_10
77 0 112726 1 21.769148 plmp2_10
77 0 109935 2 21.273699 plmp2_10
77 0 112626 3 21.189823 plmp2_10
77 0 105043 4 21.177904 plmp2_10
77 0 104311 5 21.098051 plmp2_10
77 0 110795 6 20.893898 plmp2_10
77 0 110518 7 20.685446 plmp2_10
77 0 110223 8 20.394655 plmp2_10
77 0 137745 9 20.360237 plmp2_10
78 0 94531 0 16.347149 plmp2_10
78 0 95740 1 16.015936 plmp2_10
78 0 112097 2 15.907138 plmp2_10
78 0 142878 3 15.836852 plmp2_10
78 0 109817 4 15.598785 plmp2_10
78 0 118148 5 15.57272 plmp2_10
78 0 145632 6 15.548574 plmp2_10
78 0 820749 7 15.390618 plmp2_10
78 0 112458 8 15.283265 plmp2_10
78 0 105930 9 14.987661 plmp2_10
79 0 118143 0 39.255795 plmp2_10
79 0 111009 1 38.79077 plmp2_10
79 0 111470 2 36.56815 plmp2_10
79 0 110183 3 25.600641 plmp2_10
79 0 110221 4 24.72113 plmp2_10
79 0 118513 5 24.597889 plmp2_10
79 0 107367 6 24.491287 plmp2_10
79 0 101490 7 23.668371 plmp2_10
79 0 3171728 8 23.450293 plmp2_10
79 0 118246 9 23.298916 plmp2_10
80 0 111009 0 57.248295 plmp2_10
80 0 118143 1 48.448345 plmp2_10
80 0 111470 2 47.421135 plmp2_10
80 0 145859 3 42.729935 plmp2_10
80 0 110221 4 39.719 plmp2_10
80 0 109342 5 37.92068 plmp2_10
80 0 626054 6 37.127014 plmp2_10
80 0 2680438 7 35.51269 plmp2_10
80 0 106328 8 35.298862 plmp2_10
80 0 112022 9 34.86869 plmp2_10
81 0 3209687 0 18.775696 plmp2_10
81 0 112605 1 18.621813 plmp2_10
81 0 117994 2 18.268051 plmp2_10
81 0 118215 3 18.070759 plmp2_10
81 0 112529 4 18.047556 plmp2_10
81 0 112397 5 18.02793 plmp2_10
81 0 148484 6 18.011429 plmp2_10
81 0 112632 7 17.5376 plmp2_10
81 0 112440 8 17.519318 plmp2_10
81 0 112921 9 17.49402 plmp2_10
82 0 145865 0 43.562084 plmp2_10
82 0 118126 1 41.018215 plmp2_10
82 0 799981 2 40.838398 plmp2_10
82 0 2803250 3 39.49575 plmp2_10
82 0 127900 4 38.88391 plmp2_10
82 0 118368 5 38.56399 plmp2_10
82 0 1726 6 38.46952 plmp2_10
82 0 216735 7 38.345222 plmp2_10
82 0 216806 8 38.345222 plmp2_10
82 0 3213871 9 27.668842 plmp2_10
83 0 145859 0 39.910698 plmp2_10
83 0 110289 1 31.660564 plmp2_10
83 0 112922 2 31.51078 plmp2_10
83 0 111286 3 27.793747 plmp2_10
83 0 94861 4 27.685467 plmp2_10
83 0 109894 5 27.575392 plmp2_10
83 0 106769 6 27.323729 plmp2_10
83 0 110590 7 27.307596 plmp2_10
83 0 107293 8 27.085928 plmp2_10
83 0 101833 9 26.900917 plmp2_10
84 0 145859 0 39.910698 plmp2_10
84 0 110289 1 31.660564 plmp2_10
84 0 112922 2 31.51078 plmp2_10
84 0 111286 3 27.793747 plmp2_10
84 0 94861 4 27.685467 plmp2_10
84 0 109894 5 27.575392 plmp2_10
84 0 106769 6 27.323729 plmp2_10
84 0 110590 7 27.307596 plmp2_10
84 0 107293 8 27.085928 plmp2_10
84 0 101833 9 26.900917 plmp2_10
85 0 802973 0 29.095772 plmp2_10
85 0 803271 1 29.095772 plmp2_10
85 0 2959737 2 29.095772 plmp2_10
85 0 3177199 3 28.204664 plmp2_10
85 0 3171724 4 28.031763 plmp2_10
85 0 3177200 5 28.031763 plmp2_10
85 0 112142 6 24.965794 plmp2_10
85 0 110525 7 24.618504 plmp2_10
85 0 2642828 8 24.31376 plmp2_10
85 0 145742 9 24.30453 plmp2_10
86 0 802973 0 29.163458 plmp2_10
86 0 803271 1 29.163458 plmp2_10
86 0 2959737 2 29.163458 plmp2_10
86 0 3171724 3 27.436 plmp2_10
86 0 3177199 4 27.436 plmp2_10
86 0 3177200 5 27.436 plmp2_10
86 0 3205766 6 27.037216 plmp2_10
86 0 3181481 7 23.23388 plmp2_10
86 0 3216388 8 23.078922 plmp2_10
86 0 4151826 9 22.88094 plmp2_10
87 0 85160 0 10.002407 plmp2_10
87 0 106970 1 9.931418 plmp2_10
87 0 97356 2 9.929461 plmp2_10
87 0 84759 3 9.910907 plmp2_10
87 0 84800 4 9.901281 plmp2_10
87 0 96086 5 9.884305 plmp2_10
87 0 108247 6 9.872223 plmp2_10
87 0 97326 7 9.865141 plmp2_10
87 0 85330 8 9.856664 plmp2_10
87 0 1960562 9 9.850329 plmp2_10
88 0 1756 0 26.22915 plmp2_10
88 0 145897 1 26.164764 plmp2_10
88 0 1742 2 25.062424 plmp2_10
88 0 145839 3 23.338902 plmp2_10
88 0 182992 4 23.004704 plmp2_10
88 0 118339 5 22.831484 plmp2_10
88 0 182991 6 22.587448 plmp2_10
88 0 112807 7 22.400795 plmp2_10
88 0 88985 8 22.02858 plmp2_10
88 0 111801 9 21.978455 plmp2_10
89 0 4151822 0 54.725925 plmp2_10
89 0 2770446 1 49.383854 plmp2_10
89 0 2812588 2 44.442955 plmp2_10
89 0 4162110 3 35.520977 plmp2_10
89 0 145647 4 30.972017 plmp2_10
89 0 145817 5 29.804276 plmp2_10
89 0 134747 6 29.208025 plmp2_10
89 0 111029 7 28.112513 plmp2_10
89 0 1087693 8 27.571936 plmp2_10
89 0 111346 9 25.852873 plmp2_10
90 0 4151822 0 37.907974 plmp2_10
90 0 118054 1 36.633823 plmp2_10
90 0 2812588 2 34.966682 plmp2_10
90 0 109080 3 32.530277 plmp2_10
90 0 108461 4 31.90812 plmp2_10
90 0 112316 5 31.54342 plmp2_10
90 0 109560 6 31.405874 plmp2_10
90 0 134747 7 31.26228 plmp2_10
90 0 109776 8 31.192802 plmp2_10
90 0 109079 9 31.130098 plmp2_10
91 0 3212514 0 51.76717 plmp2_10
91 0 106091 1 27.258461 plmp2_10
91 0 118507 2 25.531057 plmp2_10
91 0 1087959 3 24.448484 plmp2_10
91 0 110474 4 24.368217 plmp2_10
91 0 110032 5 23.921494 plmp2_10
91 0 134725 6 23.841959 plmp2_10
91 0 1087955 7 23.596645 plmp2_10
91 0 111622 8 23.406576 plmp2_10
91 0 109243 9 23.36409 plmp2_10
92 0 3212514 0 41.79445 plmp2_10
92 0 118507 1 25.531057 plmp2_10
92 0 1087959 2 24.448484 plmp2_10
92 0 110474 3 24.368217 plmp2_10
92 0 110032 4 23.921494 plmp2_10
92 0 134725 5 23.841959 plmp2_10
92 0 111622 6 23.406576 plmp2_10
92 0 111193 7 23.300278 plmp2_10
92 0 145892 8 23.11936 plmp2_10
92 0 109414 9 22.90609 plmp2_10
93 0 2788983 0 36.898235 plmp2_10
93 0 145901 1 35.49031 plmp2_10
93 0 130158 2 35.471977 plmp2_10
93 0 110877 3 34.841427 plmp2_10
93 0 117874 4 34.541695 plmp2_10
93 0 111325 5 34.289845 plmp2_10
93 0 118107 6 34.208015 plmp2_10
93 0 111736 7 34.1515 plmp2_10
93 0 117876 8 34.09647 plmp2_10
93 0 112818 9 33.841312 plmp2_10
94 0 2788983 0 31.354435 plmp2_10
94 0 118257 1 31.336914 plmp2_10
94 0 109595 2 30.897167 plmp2_10
94 0 4168298 3 30.519562 plmp2_10
94 0 110510 4 30.495089 plmp2_10
94 0 107846 5 30.441872 plmp2_10
94 0 112683 6 30.33927 plmp2_10
94 0 1087897 7 30.108974 plmp2_10
94 0 111359 8 30.098013 plmp2_10
94 0 109949 9 30.065065 plmp2_10
95 0 105495 0 31.198175 plmp2_10
95 0 108555 1 29.795712 plmp2_10
95 0 106171 2 28.846085 plmp2_10
95 0 107232 3 27.571537 plmp2_10
95 0 86596 4 22.422573 plmp2_10
95 0 107475 5 18.51479 plmp2_10
95 0 102635 6 17.967731 plmp2_10
95 0 2650505 7 17.924341 plmp2_10
95 0 92785 8 17.799519 plmp2_10
95 0 92188 9 17.72869 plmp2_10
96 0 94014 0 18.985825 plmp2_10
96 0 93789 1 18.758068 plmp2_10
96 0 94316 2 18.747162 plmp2_10
96 0 100134 3 18.49657 plmp2_10
96 0 96542 4 18.460892 plmp2_10
96 0 97133 5 18.340807 plmp2_10
96 0 86051 6 18.319626 plmp2_10
96 0 96850 7 18.118393 plmp2_10
96 0 93135 8 18.065754 plmp2_10
96 0 92705 9 18.050175 plmp2_10
97 0 112101 0 43.46053 plmp2_10
97 0 111922 1 39.86517 plmp2_10
97 0 820748 2 25.370327 plmp2_10
97 0 112574 3 25.124683 plmp2_10
97 0 2655597 4 24.888168 plmp2_10
97 0 146554 5 23.916042 plmp2_10
97 0 117959 6 23.120783 plmp2_10
97 0 112247 7 22.961584 plmp2_10
97 0 136993 8 20.672958 plmp2_10
97 0 104229 9 18.953653 plmp2_10
98 0 85575 0 9.51415 plmp2_10
98 0 86942 1 9.258881 plmp2_10
98 0 98037 2 9.07812 plmp2_10
98 0 93076 3 9.074882 plmp2_10
98 0 84777 4 9.07265 plmp2_10
98 0 97804 5 9.061512 plmp2_10
98 0 2784696 6 8.989441 plmp2_10
98 0 85407 7 8.973316 plmp2_10
98 0 97371 8 8.971375 plmp2_10
98 0 100235 9 8.964924 plmp2_10
99 0 112267 0 32.13295 plmp2_10
99 0 111884 1 23.377344 plmp2_10
99 0 106428 2 16.87136 plmp2_10
99 0 107558 3 16.502995 plmp2_10
99 0 112041 4 15.986061 plmp2_10
99 0 105252 5 15.745748 plmp2_10
99 0 111484 6 15.727837 plmp2_10
99 0 205712 7 14.438956 plmp2_10
99 0 104561 8 14.413557 plmp2_10
99 0 111987 9 13.884013 plmp2_10
100 0 112267 0 43.03642 plmp2_10
100 0 145787 1 40.362904 plmp2_10
100 0 100266 2 39.250397 plmp2_10
100 0 112321 3 37.27771 plmp2_10
100 0 111381 4 36.162174 plmp2_10
100 0 111884 5 35.85449 plmp2_10
100 0 112801 6 35.685246 plmp2_10
100 0 91316 7 35.451138 plmp2_10
100 0 2421380 8 35.356792 plmp2_10
100 0 110552 9 34.61579 plmp2_10
