1 0 112750 0 8.325093 plmp1_3
1 0 110843 1 8.261557 plmp1_3
1 0 802972 2 8.243271 plmp1_3
1 0 215807 3 8.226689 plmp1_3
1 0 118029 4 8.222346 plmp1_3
1 0 111348 5 8.211743 plmp1_3
1 0 118105 6 8.174474 plmp1_3
1 0 118209 7 8.173988 plmp1_3
1 0 110563 8 8.155779 plmp1_3
1 0 623241 9 8.124696 plmp1_3
2 0 108555 0 10.192553 plmp1_3
2 0 4170684 1 10.133535 plmp1_3
2 0 107232 2 10.078937 plmp1_3
2 0 118348 3 10.016153 plmp1_3
2 0 107475 4 10.014966 plmp1_3
2 0 104044 5 9.970714 plmp1_3
2 0 105495 6 9.937759 plmp1_3
2 0 2644673 7 9.921711 plmp1_3
2 0 104209 8 9.913892 plmp1_3
2 0 106171 9 9.875465 plmp1_3
3 0 117937 0 9.722336 plmp1_3
3 0 130157 1 9.718787 plmp1_3
3 0 899484 2 9.696906 plmp1_3
3 0 78783 3 9.696077 plmp1_3
3 0 118394 4 9.6855345 plmp1_3
3 0 122248 5 9.679419 plmp1_3
3 0 149007 6 9.674386 plmp1_3
3 0 117907 7 9.667057 plmp1_3
3 0 2655591 8 9.659805 plmp1_3
3 0 111623 9 9.650389 plmp1_3
4 0 117937 0 9.722336 plmp1_3
4 0 130157 1 9.718787 plmp1_3
4 0 899484 2 9.696906 plmp1_3
4 0 78783 3 9.696077 plmp1_3
4 0 118394 4 9.6855345 plmp1_3
4 0 122248 5 9.679419 plmp1_3
4 0 149007 6 9.674386 plmp1_3
4 0 117907 7 9.667057 plmp1_3
4 0 2655591 8 9.659805 plmp1_3
4 0 111623 9 9.650389 plmp1_3
5 0 90700 0 3.7337956 plmp1_3
5 0 99957 1 3.730588 plmp1_3
5 0 107691 2 3.7251453 plmp1_3
5 0 118402 3 3.7234004 plmp1_3
5 0 112349 4 3.7231166 plmp1_3
5 0 94395 5 3.7221148 plmp1_3
5 0 89304 6 3.7202892 plmp1_3
5 0 104875 7 3.7145772 plmp1_3
5 0 88941 8 3.7143235 plmp1_3
5 0 92657 9 3.7142203 plmp1_3
6 0 108891 0 3.6665623 plmp1_3
6 0 2145 1 3.643957 plmp1_3
6 0 111825 2 3.6415787 plmp1_3
6 0 94196 3 3.6362128 plmp1_3
6 0 91036 4 3.6098504 plmp1_3
6 0 85695 5 3.6005247 plmp1_3
6 0 118101 6 3.5924263 plmp1_3
6 0 110382 7 3.5924263 plmp1_3
6 0 99724 8 3.5901587 plmp1_3
6 0 821305 9 3.5846965 plmp1_3
7 0 110382 0 6.0378504 plmp1_3
7 0 2810523 1 6.0050244 plmp1_3
7 0 109735 2 5.936657 plmp1_3
7 0 2771248 3 5.9331746 plmp1_3
7 0 109330 4 5.927201 plmp1_3
7 0 146980 5 5.8885775 plmp1_3
7 0 1742 6 5.799247 plmp1_3
7 0 112729 7 5.780076 plmp1_3
7 0 117979 8 5.757916 plmp1_3
7 0 111663 9 5.7243013 plmp1_3
8 0 102866 0 2.6892326 plmp1_3
8 0 97761 1 2.6806216 plmp1_3
8 0 91958 2 2.678908 plmp1_3
8 0 89576 3 2.6787593 plmp1_3
8 0 91241 4 2.6707215 plmp1_3
8 0 96891 5 2.6684368 plmp1_3
8 0 88735 6 2.6664445 plmp1_3
8 0 85783 7 2.6664445 plmp1_3
8 0 102044 8 2.6658816 plmp1_3
8 0 87152 9 2.6658816 plmp1_3
9 0 110543 0 9.230787 plmp1_3
9 0 111680 1 3.9782112 plmp1_3
9 0 85404 2 3.1937525 plmp1_3
9 0 111264 3 2.2099538 plmp1_3
9 0 145908 4 2.2099538 plmp1_3
9 0 118213 5 1.3268889 plmp1_3
10 0 84978 0 6.921118 plmp1_3
10 0 110932 1 6.9016194 plmp1_3
10 0 105274 2 6.8695974 plmp1_3
10 0 118318 3 6.8560386 plmp1_3
10 0 118212 4 6.833887 plmp1_3
10 0 145715 5 6.8282056 plmp1_3
10 0 84862 6 6.827558 plmp1_3
10 0 100912 7 6.783367 plmp1_3
10 0 84601 8 6.783367 plmp1_3
10 0 2678467 9 6.7734165 plmp1_3
11 0 111157 0 5.034184 plmp1_3
11 0 112790 1 5.032674 plmp1_3
11 0 182514 2 5.020692 plmp1_3
11 0 3171726 3 4.987866 plmp1_3
11 0 110593 4 4.9577036 plmp1_3
11 0 812450 5 4.9577036 plmp1_3
11 0 145910 6 4.9498067 plmp1_3
11 0 623142 7 4.939087 plmp1_3
11 0 111587 8 4.910308 plmp1_3
11 0 219731 9 4.910308 plmp1_3
12 0 96838 0 1.8652867 plmp1_3
12 0 95362 1 1.8640865 plmp1_3
12 0 144371 2 1.8638532 plmp1_3
12 0 94412 3 1.8627367 plmp1_3
12 0 107306 4 1.8605561 plmp1_3
12 0 101105 5 1.8600467 plmp1_3
12 0 104669 6 1.8600467 plmp1_3
12 0 86097 7 1.8600467 plmp1_3
12 0 84868 8 1.8576448 plmp1_3
12 0 90799 9 1.8575592 plmp1_3
13 0 97242 0 5.5666285 plmp1_3
13 0 109635 1 5.5659213 plmp1_3
13 0 108605 2 5.5576816 plmp1_3
13 0 86427 3 5.5046716 plmp1_3
13 0 112259 4 5.4953394 plmp1_3
13 0 91385 5 5.4939494 plmp1_3
13 0 94295 6 5.4821653 plmp1_3
13 0 110428 7 5.4746537 plmp1_3
13 0 110824 8 5.4699025 plmp1_3
13 0 112646 9 5.4611626 plmp1_3
14 0 85641 0 0.0022680613 plmp1_3
14 0 109660 1 0.0022671984 plmp1_3
14 0 142885 2 0.0022667795 plmp1_3
14 0 89156 3 0.0022647078 plmp1_3
14 0 94492 4 0.002264289 plmp1_3
14 0 91675 5 0.0022636682 plmp1_3
14 0 98864 6 0.0022636517 plmp1_3
14 0 106843 7 0.0022634843 plmp1_3
14 0 85884 8 0.002263349 plmp1_3
14 0 110629 9 0.002262692 plmp1_3
15 0 110523 0 1.7966517 plmp1_3
15 0 102483 1 1.7943994 plmp1_3
15 0 111424 2 1.791868 plmp1_3
15 0 618679 3 1.7912369 plmp1_3
15 0 85859 4 1.7893696 plmp1_3
15 0 867657 5 1.7828766 plmp1_3
15 0 182992 6 1.7777888 plmp1_3
15 0 143378 7 1.7773775 plmp1_3
15 0 1087698 8 1.7769642 plmp1_3
15 0 100612 9 1.7768561 plmp1_3
16 0 4171965 0 12.768734 plmp1_3
16 0 4162936 1 12.246694 plmp1_3
16 0 4162535 2 12.23398 plmp1_3
16 0 4151817 3 12.230608 plmp1_3
16 0 4162111 4 12.230608 plmp1_3
16 0 4168298 5 12.230608 plmp1_3
16 0 4151821 6 12.15529 plmp1_3
16 0 4151826 7 12.07742 plmp1_3
16 0 4172500 8 12.066351 plmp1_3
16 0 4168364 9 12.031434 plmp1_3
17 0 110810 0 1.0496705 plmp1_3
17 0 103430 1 1.0488878 plmp1_3
17 0 100313 2 1.048488 plmp1_3
17 0 104049 3 1.0482885 plmp1_3
17 0 98093 4 1.0481801 plmp1_3
17 0 86110 5 1.0471966 plmp1_3
17 0 102813 6 1.0468714 plmp1_3
17 0 94841 7 1.0446793 plmp1_3
17 0 104707 8 1.0445997 plmp1_3
17 0 112673 9 1.0442572 plmp1_3
18 0 106088 0 2.385063 plmp1_3
18 0 105979 1 2.370674 plmp1_3
18 0 112457 2 2.3685439 plmp1_3
18 0 118487 3 2.3683138 plmp1_3
18 0 145119 4 2.368237 plmp1_3
18 0 1431445 5 2.3674355 plmp1_3
18 0 131156 6 2.367323 plmp1_3
18 0 902264 7 2.3641033 plmp1_3
18 0 112521 8 2.361974 plmp1_3
18 0 1722 9 2.3619702 plmp1_3
19 0 137132 0 11.896403 plmp1_3
19 0 137538 1 11.896403 plmp1_3
19 0 140227 2 11.896403 plmp1_3
19 0 144285 3 11.896403 plmp1_3
19 0 113072 4 11.841073 plmp1_3
19 0 123814 5 11.841073 plmp1_3
19 0 116739 6 11.841073 plmp1_3
19 0 114913 7 11.841073 plmp1_3
19 0 140796 8 11.841073 plmp1_3
19 0 137141 9 11.607135 plmp1_3
20 0 95564 0 10.167639 plmp1_3
20 0 111069 1 10.1129055 plmp1_3
20 0 90545 2 9.960442 plmp1_3
20 0 88973 3 9.901234 plmp1_3
20 0 87171 4 9.569324 plmp1_3
20 0 115834 5 9.485548 plmp1_3
20 0 109954 6 9.321502 plmp1_3
20 0 112303 7 9.315971 plmp1_3
20 0 110137 8 9.257221 plmp1_3
20 0 109782 9 9.244608 plmp1_3
21 0 110523 0 1.7966517 plmp1_3
21 0 102483 1 1.7943994 plmp1_3
21 0 111424 2 1.791868 plmp1_3
21 0 618679 3 1.7912369 plmp1_3
21 0 85859 4 1.7893696 plmp1_3
21 0 867657 5 1.7828766 plmp1_3
21 0 182992 6 1.7777888 plmp1_3
21 0 143378 7 1.7773775 plmp1_3
21 0 1087698 8 1.7769642 plmp1_3
21 0 100612 9 1.7768561 plmp1_3
22 0 110523 0 1.7966517 plmp1_3
22 0 102483 1 1.7943994 plmp1_3
22 0 111424 2 1.791868 plmp1_3
22 0 618679 3 1.7912369 plmp1_3
22 0 85859 4 1.7893696 plmp1_3
22 0 867657 5 1.7828766 plmp1_3
22 0 182992 6 1.7777888 plmp1_3
22 0 143378 7 1.7773775 plmp1_3
22 0 1087698 8 1.7769642 plmp1_3
22 0 100612 9 1.7768561 plmp1_3
23 0 2657927 0 3.4934676 plmp1_3
23 0 2810525 1 3.4933112 plmp1_3
23 0 2811847 2 3.4933112 plmp1_3
23 0 112257 3 3.4845412 plmp1_3
23 0 1732 4 3.4655104 plmp1_3
23 0 3217227 5 3.4517074 plmp1_3
23 0 2769438 6 3.433889 plmp1_3
23 0 1738 7 3.4328694 plmp1_3
23 0 118449 8 3.4273725 plmp1_3
23 0 95320 9 3.4151201 plmp1_3
24 0 2657927 0 3.4934676 plmp1_3
24 0 2810525 1 3.4933112 plmp1_3
24 0 2811847 2 3.4933112 plmp1_3
24 0 112257 3 3.4845412 plmp1_3
24 0 1732 4 3.4655104 plmp1_3
24 0 3217227 5 3.4517074 plmp1_3
24 0 2769438 6 3.433889 plmp1_3
24 0 1738 7 3.4328694 plmp1_3
24 0 118449 8 3.4273725 plmp1_3
24 0 95320 9 3.4151201 plmp1_3
25 0 112616 0 5.561563 plmp1_3
25 0 118304 1 5.463687 plmp1_3
25 0 112457 2 5.40867 plmp1_3
25 0 112342 3 5.40301 plmp1_3
25 0 112700 4 5.40301 plmp1_3
25 0 109989 5 5.378794 plmp1_3
25 0 118379 6 5.3470173 plmp1_3
25 0 112349 7 5.3365445 plmp1_3
25 0 112259 8 5.308753 plmp1_3
25 0 102987 9 5.294078 plmp1_3
26 0 112616 0 5.561563 plmp1_3
26 0 118304 1 5.463687 plmp1_3
26 0 112457 2 5.40867 plmp1_3
26 0 112342 3 5.40301 plmp1_3
26 0 112700 4 5.40301 plmp1_3
26 0 109989 5 5.378794 plmp1_3
26 0 118379 6 5.3470173 plmp1_3
26 0 112349 7 5.3365445 plmp1_3
26 0 112259 8 5.308753 plmp1_3
26 0 102987 9 5.294078 plmp1_3
27 0 94813 0 2.2352092 plmp1_3
27 0 1087769 1 2.2282057 plmp1_3
27 0 101397 2 2.2232137 plmp1_3
27 0 2620971 3 2.2232137 plmp1_3
27 0 85641 4 2.2202823 plmp1_3
27 0 2621074 5 2.22001 plmp1_3
27 0 4170685 6 2.2194688 plmp1_3
27 0 106961 7 2.217533 plmp1_3
27 0 118129 8 2.2171843 plmp1_3
27 0 145627 9 2.2158961 plmp1_3
28 0 110523 0 1.7966517 plmp1_3
28 0 102483 1 1.7943994 plmp1_3
28 0 111424 2 1.791868 plmp1_3
28 0 618679 3 1.7912369 plmp1_3
28 0 85859 4 1.7893696 plmp1_3
28 0 867657 5 1.7828766 plmp1_3
28 0 182992 6 1.7777888 plmp1_3
28 0 143378 7 1.7773775 plmp1_3
28 0 1087698 8 1.7769642 plmp1_3
28 0 100612 9 1.7768561 plmp1_3
29 0 117832 0 5.416569 plmp1_3
29 0 118091 1 5.4107976 plmp1_3
29 0 626206 2 5.410391 plmp1_3
29 0 112704 3 5.3938594 plmp1_3
29 0 205788 4 5.392837 plmp1_3
29 0 111473 5 5.390757 plmp1_3
29 0 105821 6 5.389822 plmp1_3
29 0 103040 7 5.38615 plmp1_3
29 0 111253 8 5.3815126 plmp1_3
29 0 145708 9 5.3791285 plmp1_3
30 0 117832 0 5.416569 plmp1_3
30 0 118091 1 5.4107976 plmp1_3
30 0 626206 2 5.410391 plmp1_3
30 0 112704 3 5.3938594 plmp1_3
30 0 205788 4 5.392837 plmp1_3
30 0 111473 5 5.390757 plmp1_3
30 0 105821 6 5.389822 plmp1_3
30 0 103040 7 5.38615 plmp1_3
30 0 111253 8 5.3815126 plmp1_3
30 0 145708 9 5.3791285 plmp1_3
31 0 111437 0 3.8330681 plmp1_3
31 0 118281 1 3.8159127 plmp1_3
31 0 103338 2 3.80891 plmp1_3
31 0 106745 3 3.8004098 plmp1_3
31 0 108345 4 3.8004014 plmp1_3
31 0 145717 5 3.7960818 plmp1_3
31 0 112639 6 3.794358 plmp1_3
31 0 106024 7 3.7854443 plmp1_3
31 0 105673 8 3.7847338 plmp1_3
31 0 122246 9 3.7846735 plmp1_3
32 0 127911 0 2.0914655 plmp1_3
32 0 127930 1 2.058677 plmp1_3
32 0 107433 2 2.0502937 plmp1_3
32 0 90583 3 2.0390072 plmp1_3
32 0 96527 4 2.0325973 plmp1_3
32 0 85904 5 2.0317569 plmp1_3
32 0 109534 6 2.0311868 plmp1_3
32 0 118312 7 2.0236378 plmp1_3
32 0 127889 8 2.0236378 plmp1_3
32 0 110428 9 2.0236378 plmp1_3
33 0 109360 0 6.3996973 plmp1_3
33 0 109552 1 6.360475 plmp1_3
33 0 92455 2 6.335802 plmp1_3
33 0 182991 3 6.318005 plmp1_3
33 0 87922 4 6.308011 plmp1_3
33 0 145930 5 6.287536 plmp1_3
33 0 108613 6 6.21147 plmp1_3
33 0 118220 7 6.172355 plmp1_3
33 0 103496 8 6.1333885 plmp1_3
33 0 118047 9 6.111929 plmp1_3
34 0 110523 0 1.7966517 plmp1_3
34 0 102483 1 1.7943994 plmp1_3
34 0 111424 2 1.791868 plmp1_3
34 0 618679 3 1.7912369 plmp1_3
34 0 85859 4 1.7893696 plmp1_3
34 0 867657 5 1.7828766 plmp1_3
34 0 182992 6 1.7777888 plmp1_3
34 0 143378 7 1.7773775 plmp1_3
34 0 1087698 8 1.7769642 plmp1_3
34 0 100612 9 1.7768561 plmp1_3
35 0 104667 0 3.1674397 plmp1_3
35 0 131158 1 3.1290026 plmp1_3
35 0 104489 2 3.127222 plmp1_3
35 0 101521 3 3.125336 plmp1_3
35 0 108531 4 3.1232216 plmp1_3
35 0 100114 5 3.1219037 plmp1_3
35 0 101691 6 3.1219037 plmp1_3
35 0 98534 7 3.1219037 plmp1_3
35 0 111130 8 3.1208038 plmp1_3
35 0 101693 9 3.1202278 plmp1_3
36 0 104667 0 3.1674397 plmp1_3
36 0 131158 1 3.1290026 plmp1_3
36 0 104489 2 3.127222 plmp1_3
36 0 101521 3 3.125336 plmp1_3
36 0 108531 4 3.1232216 plmp1_3
36 0 100114 5 3.1219037 plmp1_3
36 0 101691 6 3.1219037 plmp1_3
36 0 98534 7 3.1219037 plmp1_3
36 0 111130 8 3.1208038 plmp1_3
36 0 101693 9 3.1202278 plmp1_3
37 0 110774 0 6.7421136 plmp1_3
37 0 111261 1 6.669448 plmp1_3
37 0 112910 2 6.6466103 plmp1_3
37 0 104520 3 6.6061854 plmp1_3
37 0 108851 4 6.5764017 plmp1_3
37 0 118480 5 6.561575 plmp1_3
37 0 145731 6 6.5481405 plmp1_3
37 0 111420 7 6.5467625 plmp1_3
37 0 111264 8 6.5305176 plmp1_3
37 0 108449 9 6.52416 plmp1_3
38 0 110774 0 6.7421136 plmp1_3
38 0 111261 1 6.669448 plmp1_3
38 0 112910 2 6.6466103 plmp1_3
38 0 104520 3 6.6061854 plmp1_3
38 0 108851 4 6.5764017 plmp1_3
38 0 118480 5 6.561575 plmp1_3
38 0 145731 6 6.5481405 plmp1_3
38 0 111420 7 6.5467625 plmp1_3
38 0 111264 8 6.5305176 plmp1_3
38 0 108449 9 6.52416 plmp1_3
39 0 103135 0 11.031403 plmp1_3
39 0 112420 1 11.003219 plmp1_3
39 0 122254 2 10.979773 plmp1_3
39 0 103810 3 10.979231 plmp1_3
39 0 105200 4 10.9598255 plmp1_3
39 0 621044 5 10.91454 plmp1_3
39 0 621090 6 10.91454 plmp1_3
39 0 2959739 7 10.91454 plmp1_3
39 0 112568 8 10.901069 plmp1_3
39 0 2959744 9 10.884845 plmp1_3
40 0 103135 0 11.031403 plmp1_3
40 0 112420 1 11.003219 plmp1_3
40 0 122254 2 10.979773 plmp1_3
40 0 103810 3 10.979231 plmp1_3
40 0 105200 4 10.9598255 plmp1_3
40 0 621044 5 10.91454 plmp1_3
40 0 621090 6 10.91454 plmp1_3
40 0 2959739 7 10.91454 plmp1_3
40 0 112568 8 10.901069 plmp1_3
40 0 2959744 9 10.884845 plmp1_3
41 0 127862 0 10.399816 plmp1_3
41 0 130097 1 10.399816 plmp1_3
41 0 97206 2 10.398628 plmp1_3
41 0 1862386 3 10.011769 plmp1_3
41 0 86625 4 9.939486 plmp1_3
41 0 93853 5 9.939486 plmp1_3
41 0 97125 6 9.713208 plmp1_3
41 0 87047 7 9.478223 plmp1_3
41 0 112546 8 9.290711 plmp1_3
41 0 95561 9 9.273078 plmp1_3
42 0 127862 0 10.399816 plmp1_3
42 0 130097 1 10.399816 plmp1_3
42 0 97206 2 10.398628 plmp1_3
42 0 1862386 3 10.011769 plmp1_3
42 0 86625 4 9.939486 plmp1_3
42 0 93853 5 9.939486 plmp1_3
42 0 97125 6 9.713208 plmp1_3
42 0 87047 7 9.478223 plmp1_3
42 0 112546 8 9.290711 plmp1_3
42 0 95561 9 9.273078 plmp1_3
43 0 100908 0 6.1615715 plmp1_3
43 0 101906 1 6.1371284 plmp1_3
43 0 101443 2 6.124048 plmp1_3
43 0 112803 3 6.069628 plmp1_3
43 0 106852 4 6.0562553 plmp1_3
43 0 108464 5 6.0501347 plmp1_3
43 0 101316 6 6.0269523 plmp1_3
43 0 2680590 7 6.0216546 plmp1_3
43 0 2959745 8 6.0216546 plmp1_3
43 0 108529 9 5.996868 plmp1_3
44 0 205720 0 2.534562 plmp1_3
44 0 91227 1 2.509233 plmp1_3
44 0 86002 2 2.4933002 plmp1_3
44 0 87304 3 2.49187 plmp1_3
44 0 90717 4 2.4897034 plmp1_3
44 0 88493 5 2.484478 plmp1_3
44 0 98529 6 2.4816163 plmp1_3
44 0 111745 7 2.4739766 plmp1_3
44 0 88889 8 2.4736235 plmp1_3
44 0 112657 9 2.4724498 plmp1_3
45 0 148799 0 4.209798 plmp1_3
45 0 103052 1 4.198521 plmp1_3
45 0 104799 2 4.1912827 plmp1_3
45 0 104147 3 4.1901298 plmp1_3
45 0 105626 4 4.1888065 plmp1_3
45 0 104205 5 4.1868544 plmp1_3
45 0 109242 6 4.186376 plmp1_3
45 0 103112 7 4.1831255 plmp1_3
45 0 103965 8 4.180331 plmp1_3
45 0 105479 9 4.1766205 plmp1_3
46 0 110523 0 1.7966517 plmp1_3
46 0 102483 1 1.7943994 plmp1_3
46 0 111424 2 1.791868 plmp1_3
46 0 618679 3 1.7912369 plmp1_3
46 0 85859 4 1.7893696 plmp1_3
46 0 867657 5 1.7828766 plmp1_3
46 0 182992 6 1.7777888 plmp1_3
46 0 143378 7 1.7773775 plmp1_3
46 0 1087698 8 1.7769642 plmp1_3
46 0 100612 9 1.7768561 plmp1_3
47 0 1299599 0 1.900357 plmp1_3
47 0 103439 1 1.8829796 plmp1_3
47 0 117987 2 1.8786885 plmp1_3
47 0 89185 3 1.8764477 plmp1_3
47 0 105047 4 1.8764356 plmp1_3
47 0 89156 5 1.8764356 plmp1_3
47 0 112662 6 1.8758911 plmp1_3
47 0 85187 7 1.8758911 plmp1_3
47 0 112912 8 1.8735808 plmp1_3
47 0 107015 9 1.8733209 plmp1_3
48 0 2674861 0 9.519345 plmp1_3
48 0 2675754 1 9.519345 plmp1_3
48 0 108545 2 9.146906 plmp1_3
48 0 97532 3 9.062748 plmp1_3
48 0 96287 4 8.97412 plmp1_3
48 0 96147 5 8.921829 plmp1_3
48 0 85450 6 8.814014 plmp1_3
48 0 105417 7 8.574261 plmp1_3
48 0 94794 8 8.574261 plmp1_3
48 0 92421 9 8.572326 plmp1_3
49 0 89415 0 3.1819105 plmp1_3
49 0 94541 1 3.178135 plmp1_3
49 0 84822 2 3.1678631 plmp1_3
49 0 4154238 3 3.1581733 plmp1_3
49 0 94979 4 3.1571386 plmp1_3
49 0 94347 5 3.1552565 plmp1_3
49 0 101394 6 3.1539962 plmp1_3
49 0 92488 7 3.1539962 plmp1_3
49 0 90775 8 3.150353 plmp1_3
49 0 92639 9 3.150016 plmp1_3
50 0 3204919 0 10.313744 plmp1_3
50 0 2770446 1 10.239928 plmp1_3
50 0 2808291 2 10.089717 plmp1_3
50 0 3205767 3 10.056957 plmp1_3
50 0 2812588 4 10.033183 plmp1_3
50 0 2784696 5 10.025128 plmp1_3
50 0 3162143 6 9.976521 plmp1_3
50 0 4151821 7 9.902596 plmp1_3
50 0 2809765 8 9.850159 plmp1_3
50 0 2810527 9 9.753073 plmp1_3
51 0 99998 0 3.868674 plmp1_3
51 0 99583 1 3.83971 plmp1_3
51 0 88276 2 3.7830603 plmp1_3
51 0 99567 3 3.764849 plmp1_3
51 0 102998 4 3.7644007 plmp1_3
51 0 98894 5 3.7633355 plmp1_3
51 0 101134 6 3.70425 plmp1_3
51 0 96826 7 3.6775732 plmp1_3
51 0 106624 8 3.6572626 plmp1_3
51 0 86963 9 3.6531792 plmp1_3
52 0 117754 0 12.626416 plmp1_3
52 0 111908 1 12.40805 plmp1_3
52 0 109733 2 11.937584 plmp1_3
52 0 108059 3 11.279853 plmp1_3
52 0 102574 4 10.868291 plmp1_3
52 0 100134 5 10.044283 plmp1_3
52 0 110222 6 9.449958 plmp1_3
52 0 108317 7 9.321326 plmp1_3
52 0 100592 8 9.321326 plmp1_3
52 0 110838 9 9.321326 plmp1_3
53 0 110523 0 1.7966517 plmp1_3
53 0 102483 1 1.7943994 plmp1_3
53 0 111424 2 1.791868 plmp1_3
53 0 618679 3 1.7912369 plmp1_3
53 0 85859 4 1.7893696 plmp1_3
53 0 867657 5 1.7828766 plmp1_3
53 0 182992 6 1.7777888 plmp1_3
53 0 143378 7 1.7773775 plmp1_3
53 0 1087698 8 1.7769642 plmp1_3
53 0 100612 9 1.7768561 plmp1_3
54 0 110523 0 1.7966517 plmp1_3
54 0 102483 1 1.7943994 plmp1_3
54 0 111424 2 1.791868 plmp1_3
54 0 618679 3 1.7912369 plmp1_3
54 0 85859 4 1.7893696 plmp1_3
54 0 867657 5 1.7828766 plmp1_3
54 0 182992 6 1.7777888 plmp1_3
54 0 143378 7 1.7773775 plmp1_3
54 0 1087698 8 1.7769642 plmp1_3
54 0 100612 9 1.7768561 plmp1_3
55 0 800567 0 7.7270126 plmp1_3
55 0 109760 1 7.6918435 plmp1_3
55 0 2655597 2 7.6801286 plmp1_3
55 0 111952 3 7.6551466 plmp1_3
55 0 111775 4 7.622212 plmp1_3
55 0 109684 5 7.607837 plmp1_3
55 0 105696 6 7.595466 plmp1_3
55 0 146554 7 7.5863214 plmp1_3
55 0 2399333 8 7.581138 plmp1_3
55 0 112460 9 7.581069 plmp1_3
56 0 800567 0 7.7270126 plmp1_3
56 0 109760 1 7.6918435 plmp1_3
56 0 2655597 2 7.6801286 plmp1_3
56 0 111952 3 7.6551466 plmp1_3
56 0 111775 4 7.622212 plmp1_3
56 0 109684 5 7.607837 plmp1_3
56 0 105696 6 7.595466 plmp1_3
56 0 146554 7 7.5863214 plmp1_3
56 0 2399333 8 7.581138 plmp1_3
56 0 112460 9 7.581069 plmp1_3
57 0 105833 0 3.4099078 plmp1_3
57 0 95319 1 3.4013057 plmp1_3
57 0 109344 2 3.3993335 plmp1_3
57 0 104119 3 3.395529 plmp1_3
57 0 96751 4 3.391518 plmp1_3
57 0 106835 5 3.391102 plmp1_3
57 0 102694 6 3.38001 plmp1_3
57 0 85534 7 3.3695834 plmp1_3
57 0 88074 8 3.3556366 plmp1_3
57 0 88429 9 3.3530254 plmp1_3
58 0 118045 0 3.4448843 plmp1_3
58 0 118311 1 3.3700063 plmp1_3
58 0 134738 2 3.3620071 plmp1_3
58 0 112137 3 3.3428228 plmp1_3
58 0 88013 4 3.3422542 plmp1_3
58 0 90121 5 3.3422542 plmp1_3
58 0 142894 6 3.3292687 plmp1_3
58 0 118470 7 3.3226664 plmp1_3
58 0 86822 8 3.307632 plmp1_3
58 0 99639 9 3.3059988 plmp1_3
59 0 94813 0 2.2352092 plmp1_3
59 0 1087769 1 2.2282057 plmp1_3
59 0 101397 2 2.2232137 plmp1_3
59 0 2620971 3 2.2232137 plmp1_3
59 0 85641 4 2.2202823 plmp1_3
59 0 2621074 5 2.22001 plmp1_3
59 0 4170685 6 2.2194688 plmp1_3
59 0 106961 7 2.217533 plmp1_3
59 0 118129 8 2.2171843 plmp1_3
59 0 145627 9 2.2158961 plmp1_3
60 0 106944 0 6.297512 plmp1_3
60 0 104784 1 6.249897 plmp1_3
60 0 111736 2 6.2178936 plmp1_3
60 0 107314 3 6.2059836 plmp1_3
60 0 111793 4 6.1997356 plmp1_3
60 0 93899 5 6.180414 plmp1_3
60 0 108908 6 6.1776023 plmp1_3
60 0 106547 7 6.1707463 plmp1_3
60 0 112221 8 6.1631546 plmp1_3
60 0 117874 9 6.1596947 plmp1_3
61 0 137728 0 4.0223193 plmp1_3
61 0 4151820 1 4.0214143 plmp1_3
61 0 111097 2 4.0124493 plmp1_3
61 0 112508 3 4.0081406 plmp1_3
61 0 117959 4 4.004206 plmp1_3
61 0 112577 5 3.9956985 plmp1_3
61 0 118038 6 3.9947143 plmp1_3
61 0 112534 7 3.979599 plmp1_3
61 0 105008 8 3.9732895 plmp1_3
61 0 105678 9 3.9704618 plmp1_3
62 0 112010 0 4.405771 plmp1_3
62 0 90097 1 4.1935725 plmp1_3
62 0 90966 2 4.1683965 plmp1_3
62 0 212830 3 4.1683965 plmp1_3
62 0 2225264 4 4.158979 plmp1_3
62 0 112016 5 4.156734 plmp1_3
62 0 107038 6 4.139038 plmp1_3
62 0 110448 7 4.034568 plmp1_3
62 0 2806207 8 3.9599116 plmp1_3
62 0 85438 9 3.9551046 plmp1_3
63 0 109133 0 4.2111526 plmp1_3
63 0 110057 1 4.209484 plmp1_3
63 0 108843 2 4.20682 plmp1_3
63 0 109965 3 4.199793 plmp1_3
63 0 109814 4 4.1977086 plmp1_3
63 0 108793 5 4.195459 plmp1_3
63 0 101039 6 4.193741 plmp1_3
63 0 111861 7 4.191295 plmp1_3
63 0 105693 8 4.1881304 plmp1_3
63 0 108496 9 4.186402 plmp1_3
64 0 118284 0 9.693924 plmp1_3
64 0 618680 1 9.639532 plmp1_3
64 0 112016 2 9.634718 plmp1_3
64 0 111285 3 9.525872 plmp1_3
64 0 122242 4 9.504363 plmp1_3
64 0 4151824 5 9.491022 plmp1_3
64 0 111426 6 9.468882 plmp1_3
64 0 112935 7 9.424518 plmp1_3
64 0 110645 8 9.421755 plmp1_3
64 0 110266 9 9.251908 plmp1_3
65 0 102209 0 3.3630707 plmp1_3
65 0 142876 1 3.361122 plmp1_3
65 0 104421 2 3.3488133 plmp1_3
65 0 3160677 3 3.3479755 plmp1_3
65 0 94286 4 3.3411472 plmp1_3
65 0 100059 5 3.3393419 plmp1_3
65 0 103566 6 3.3377848 plmp1_3
65 0 105303 7 3.3373706 plmp1_3
65 0 100293 8 3.3334749 plmp1_3
65 0 109071 9 3.3313916 plmp1_3
66 0 118284 0 9.693924 plmp1_3
66 0 618680 1 9.639532 plmp1_3
66 0 112016 2 9.634718 plmp1_3
66 0 111285 3 9.525872 plmp1_3
66 0 122242 4 9.504363 plmp1_3
66 0 111426 5 9.468882 plmp1_3
66 0 112935 6 9.424518 plmp1_3
66 0 110645 7 9.421755 plmp1_3
66 0 4151825 8 9.4000845 plmp1_3
66 0 110266 9 9.251908 plmp1_3
67 0 101268 0 4.320317 plmp1_3
67 0 95577 1 4.2974405 plmp1_3
67 0 112245 2 4.27219 plmp1_3
67 0 2421140 3 4.2699428 plmp1_3
67 0 91364 4 4.265545 plmp1_3
67 0 90671 5 4.264965 plmp1_3
67 0 93400 6 4.263161 plmp1_3
67 0 87088 7 4.2622256 plmp1_3
67 0 105237 8 4.254149 plmp1_3
67 0 88066 9 4.254146 plmp1_3
68 0 101268 0 4.320317 plmp1_3
68 0 95577 1 4.2974405 plmp1_3
68 0 112245 2 4.27219 plmp1_3
68 0 2421140 3 4.2699428 plmp1_3
68 0 91364 4 4.265545 plmp1_3
68 0 90671 5 4.264965 plmp1_3
68 0 93400 6 4.263161 plmp1_3
68 0 87088 7 4.2622256 plmp1_3
68 0 105237 8 4.254149 plmp1_3
68 0 88066 9 4.254146 plmp1_3
69 0 137728 0 4.0223193 plmp1_3
69 0 111097 1 4.0124493 plmp1_3
69 0 112508 2 4.0081406 plmp1_3
69 0 117959 3 4.004206 plmp1_3
69 0 112577 4 3.9956985 plmp1_3
69 0 118038 5 3.9947143 plmp1_3
69 0 112534 6 3.979599 plmp1_3
69 0 105008 7 3.9732895 plmp1_3
69 0 105678 8 3.9704618 plmp1_3
69 0 4151831 9 3.9704618 plmp1_3
70 0 112765 0 5.464517 plmp1_3
70 0 112343 1 5.449747 plmp1_3
70 0 110932 2 5.4046135 plmp1_3
70 0 136989 3 5.3869677 plmp1_3
70 0 108963 4 5.3850145 plmp1_3
70 0 101863 5 5.3768044 plmp1_3
70 0 106787 6 5.373393 plmp1_3
70 0 101196 7 5.365334 plmp1_3
70 0 147531 8 5.364861 plmp1_3
70 0 105490 9 5.349415 plmp1_3
71 0 118497 0 3.1746285 plmp1_3
71 0 111825 1 3.1611745 plmp1_3
71 0 94647 2 3.1581266 plmp1_3
71 0 110958 3 3.1522884 plmp1_3
71 0 95196 4 3.1472242 plmp1_3
71 0 118322 5 3.1428561 plmp1_3
71 0 111572 6 3.1396408 plmp1_3
71 0 112171 7 3.1392791 plmp1_3
71 0 108190 8 3.1386871 plmp1_3
71 0 90674 9 3.1357446 plmp1_3
72 0 118497 0 3.1746285 plmp1_3
72 0 111825 1 3.1611745 plmp1_3
72 0 94647 2 3.1581266 plmp1_3
72 0 110958 3 3.1522884 plmp1_3
72 0 95196 4 3.1472242 plmp1_3
72 0 118322 5 3.1428561 plmp1_3
72 0 111572 6 3.1396408 plmp1_3
72 0 112171 7 3.1392791 plmp1_3
72 0 108190 8 3.1386871 plmp1_3
72 0 90674 9 3.1357446 plmp1_3
73 0 85641 0 0.0022680613 plmp1_3
73 0 109660 1 0.0022671984 plmp1_3
73 0 142885 2 0.0022667795 plmp1_3
73 0 89156 3 0.0022647078 plmp1_3
73 0 94492 4 0.002264289 plmp1_3
73 0 91675 5 0.0022636682 plmp1_3
73 0 98864 6 0.0022636517 plmp1_3
73 0 106843 7 0.0022634843 plmp1_3
73 0 85884 8 0.002263349 plmp1_3
73 0 110629 9 0.002262692 plmp1_3
74 0 112836 0 7.971441 plmp1_3
74 0 111754 1 7.967354 plmp1_3
74 0 112329 2 7.954161 plmp1_3
74 0 117924 3 7.8976903 plmp1_3
74 0 107168 4 7.872462 plmp1_3
74 0 2679557 5 7.861413 plmp1_3
74 0 1087950 6 7.852092 plmp1_3
74 0 145905 7 7.8432016 plmp1_3
74 0 110312 8 7.806548 plmp1_3
74 0 112774 9 7.793132 plmp1_3
75 0 102142 0 4.5001044 plmp1_3
75 0 107315 1 4.496725 plmp1_3
75 0 96799 2 4.496549 plmp1_3
75 0 109962 3 4.4959435 plmp1_3
75 0 145747 4 4.489514 plmp1_3
75 0 108196 5 4.4884453 plmp1_3
75 0 97165 6 4.487044 plmp1_3
75 0 100905 7 4.4860554 plmp1_3
75 0 109099 8 4.4857545 plmp1_3
75 0 108011 9 4.483936 plmp1_3
76 0 102142 0 4.5001044 plmp1_3
76 0 107315 1 4.496725 plmp1_3
76 0 96799 2 4.496549 plmp1_3
76 0 109962 3 4.4959435 plmp1_3
76 0 145747 4 4.489514 plmp1_3
76 0 108196 5 4.4884453 plmp1_3
76 0 97165 6 4.487044 plmp1_3
76 0 100905 7 4.4860554 plmp1_3
76 0 109099 8 4.4857545 plmp1_3
76 0 108011 9 4.483936 plmp1_3
77 0 140776 0 12.445359 plmp1_3
77 0 104311 1 12.216615 plmp1_3
77 0 96550 2 12.156701 plmp1_3
77 0 1087902 3 11.893326 plmp1_3
77 0 106811 4 11.801259 plmp1_3
77 0 85674 5 11.247991 plmp1_3
77 0 1860220 6 10.990569 plmp1_3
77 0 92878 7 10.574995 plmp1_3
77 0 107003 8 10.425039 plmp1_3
77 0 91680 9 10.425039 plmp1_3
78 0 1119358 0 3.837925 plmp1_3
78 0 101231 1 3.837925 plmp1_3
78 0 779833 2 3.8242552 plmp1_3
78 0 798511 3 3.8242552 plmp1_3
78 0 96919 4 3.8138418 plmp1_3
78 0 103945 5 3.7843878 plmp1_3
78 0 99792 6 3.7832074 plmp1_3
78 0 100606 7 3.7664924 plmp1_3
78 0 112342 8 3.7422748 plmp1_3
78 0 118311 9 3.7407472 plmp1_3
79 0 111470 0 15.590042 plmp1_3
79 0 118143 1 10.3251915 plmp1_3
79 0 111009 2 8.083597 plmp1_3
80 0 101886 0 5.5474687 plmp1_3
80 0 95940 1 5.5432725 plmp1_3
80 0 95505 2 5.5311923 plmp1_3
80 0 96431 3 5.5236664 plmp1_3
80 0 109018 4 5.5087485 plmp1_3
80 0 97401 5 5.5061765 plmp1_3
80 0 118411 6 5.50191 plmp1_3
80 0 99231 7 5.50191 plmp1_3
80 0 110329 8 5.488194 plmp1_3
80 0 103394 9 5.488182 plmp1_3
81 0 109535 0 7.33555 plmp1_3
81 0 4157383 1 7.313896 plmp1_3
81 0 109676 2 7.1746526 plmp1_3
81 0 111934 3 7.12399 plmp1_3
81 0 110864 4 7.0965014 plmp1_3
81 0 111472 5 7.091528 plmp1_3
81 0 111819 6 7.0819106 plmp1_3
81 0 802973 7 7.0565166 plmp1_3
81 0 803271 8 7.0565166 plmp1_3
81 0 2959737 9 7.0565166 plmp1_3
82 0 118055 0 2.2417524 plmp1_3
82 0 799983 1 2.2375264 plmp1_3
82 0 112919 2 2.235062 plmp1_3
82 0 621294 3 2.225358 plmp1_3
82 0 109005 4 2.2113674 plmp1_3
82 0 112374 5 2.2111642 plmp1_3
82 0 107901 6 2.2042243 plmp1_3
82 0 1088002 7 2.1970687 plmp1_3
82 0 142892 8 2.1962874 plmp1_3
82 0 112117 9 2.1943738 plmp1_3
83 0 94861 0 6.3878703 plmp1_3
83 0 84986 1 6.2919927 plmp1_3
83 0 110681 2 6.274526 plmp1_3
83 0 145859 3 6.261492 plmp1_3
83 0 93899 4 6.261144 plmp1_3
83 0 105821 5 6.256272 plmp1_3
83 0 90805 6 6.25591 plmp1_3
83 0 102865 7 6.2427573 plmp1_3
83 0 93013 8 6.2389317 plmp1_3
83 0 86279 9 6.2357616 plmp1_3
84 0 94861 0 6.3878703 plmp1_3
84 0 84986 1 6.2919927 plmp1_3
84 0 110681 2 6.274526 plmp1_3
84 0 145859 3 6.261492 plmp1_3
84 0 93899 4 6.261144 plmp1_3
84 0 105821 5 6.256272 plmp1_3
84 0 90805 6 6.25591 plmp1_3
84 0 102865 7 6.2427573 plmp1_3
84 0 93013 8 6.2389317 plmp1_3
84 0 86279 9 6.2357616 plmp1_3
85 0 117832 0 5.416569 plmp1_3
85 0 118091 1 5.4107976 plmp1_3
85 0 626206 2 5.410391 plmp1_3
85 0 4157383 3 5.394352 plmp1_3
85 0 112704 4 5.3938594 plmp1_3
85 0 205788 5 5.392837 plmp1_3
85 0 111473 6 5.390757 plmp1_3
85 0 105821 7 5.389822 plmp1_3
85 0 103040 8 5.38615 plmp1_3
85 0 111253 9 5.3815126 plmp1_3
86 0 3203623 0 7.9876256 plmp1_3
86 0 2421297 1 7.88035 plmp1_3
86 0 90659 2 7.7619276 plmp1_3
86 0 95786 3 7.7190604 plmp1_3
86 0 1036341 4 7.695861 plmp1_3
86 0 2679558 5 7.6874394 plmp1_3
86 0 4151826 6 7.6075053 plmp1_3
86 0 219731 7 7.586069 plmp1_3
86 0 1748 8 7.581369 plmp1_3
86 0 105128 9 7.581217 plmp1_3
87 0 99607 0 2.6611245 plmp1_3
87 0 106855 1 2.6549525 plmp1_3
87 0 2620855 2 2.6413 plmp1_3
87 0 99251 3 2.6370938 plmp1_3
87 0 106970 4 2.636239 plmp1_3
87 0 94667 5 2.6276302 plmp1_3
87 0 96270 6 2.6272259 plmp1_3
87 0 94858 7 2.6261287 plmp1_3
87 0 100738 8 2.6240785 plmp1_3
87 0 87761 9 2.6240785 plmp1_3
88 0 105985 0 7.1808395 plmp1_3
88 0 104753 1 7.0894074 plmp1_3
88 0 103898 2 7.048982 plmp1_3
88 0 109340 3 6.9775248 plmp1_3
88 0 101956 4 6.971423 plmp1_3
88 0 88844 5 6.9256444 plmp1_3
88 0 117992 6 6.9237685 plmp1_3
88 0 105267 7 6.886445 plmp1_3
88 0 103521 8 6.846705 plmp1_3
88 0 103181 9 6.8045306 plmp1_3
89 0 94281 0 2.2313104 plmp1_3
89 0 112866 1 2.2312808 plmp1_3
89 0 90462 2 2.2285306 plmp1_3
89 0 117985 3 2.2250302 plmp1_3
89 0 91102 4 2.2240891 plmp1_3
89 0 103462 5 2.22273 plmp1_3
89 0 106767 6 2.2185361 plmp1_3
89 0 93432 7 2.2185361 plmp1_3
89 0 88756 8 2.2103672 plmp1_3
89 0 92895 9 2.2089713 plmp1_3
90 0 2421178 0 3.63294 plmp1_3
90 0 84797 1 3.6288965 plmp1_3
90 0 95795 2 3.6256728 plmp1_3
90 0 112726 3 3.6220574 plmp1_3
90 0 85612 4 3.611043 plmp1_3
90 0 101756 5 3.60645 plmp1_3
90 0 86071 6 3.6046412 plmp1_3
90 0 102247 7 3.5969148 plmp1_3
90 0 94368 8 3.5916574 plmp1_3
90 0 86862 9 3.5882807 plmp1_3
91 0 111820 0 10.829281 plmp1_3
91 0 118454 1 10.74454 plmp1_3
91 0 118105 2 10.693512 plmp1_3
91 0 145782 3 10.685656 plmp1_3
91 0 1087692 4 10.598236 plmp1_3
91 0 3212514 5 10.5830145 plmp1_3
91 0 109818 6 10.568823 plmp1_3
91 0 112439 7 10.552558 plmp1_3
91 0 118212 8 10.526228 plmp1_3
91 0 111278 9 10.515114 plmp1_3
92 0 111820 0 10.829281 plmp1_3
92 0 118454 1 10.74454 plmp1_3
92 0 118105 2 10.693512 plmp1_3
92 0 145782 3 10.685656 plmp1_3
92 0 1087692 4 10.598236 plmp1_3
92 0 3212514 5 10.5830145 plmp1_3
92 0 109818 6 10.568823 plmp1_3
92 0 112439 7 10.552558 plmp1_3
92 0 118212 8 10.526228 plmp1_3
92 0 111278 9 10.515114 plmp1_3
93 0 106944 0 6.297512 plmp1_3
93 0 104784 1 6.249897 plmp1_3
93 0 111736 2 6.2178936 plmp1_3
93 0 107314 3 6.2059836 plmp1_3
93 0 111793 4 6.1997356 plmp1_3
93 0 93899 5 6.180414 plmp1_3
93 0 108908 6 6.1776023 plmp1_3
93 0 106547 7 6.1707463 plmp1_3
93 0 112221 8 6.1631546 plmp1_3
93 0 117874 9 6.1596947 plmp1_3
94 0 106944 0 6.297512 plmp1_3
94 0 104784 1 6.249897 plmp1_3
94 0 111736 2 6.2178936 plmp1_3
94 0 107314 3 6.2059836 plmp1_3
94 0 111793 4 6.1997356 plmp1_3
94 0 93899 5 6.180414 plmp1_3
94 0 108908 6 6.1776023 plmp1_3
94 0 106547 7 6.1707463 plmp1_3
94 0 112221 8 6.1631546 plmp1_3
94 0 117874 9 6.1596947 plmp1_3
95 0 2803251 0 6.507087 plmp1_3
95 0 106848 1 6.458768 plmp1_3
95 0 2676592 2 6.417417 plmp1_3
95 0 99304 3 6.3920045 plmp1_3
95 0 2650505 4 6.3907475 plmp1_3
95 0 180029 5 6.3612146 plmp1_3
95 0 88035 6 6.3388243 plmp1_3
95 0 106179 7 6.3273535 plmp1_3
95 0 799994 8 6.3197823 plmp1_3
95 0 217702 9 6.3054132 plmp1_3
96 0 94813 0 2.2352092 plmp1_3
96 0 1087769 1 2.2282057 plmp1_3
96 0 101397 2 2.2232137 plmp1_3
96 0 2620971 3 2.2232137 plmp1_3
96 0 85641 4 2.2202823 plmp1_3
96 0 2621074 5 2.22001 plmp1_3
96 0 4170685 6 2.2194688 plmp1_3
96 0 106961 7 2.217533 plmp1_3
96 0 118129 8 2.2171843 plmp1_3
96 0 145627 9 2.2158961 plmp1_3
97 0 118269 0 3.804875 plmp1_3
97 0 96194 1 3.79771 plmp1_3
97 0 799969 2 3.796542 plmp1_3
97 0 101334 3 3.7817085 plmp1_3
97 0 112864 4 3.7705812 plmp1_3
97 0 88201 5 3.766605 plmp1_3
97 0 101394 6 3.7644894 plmp1_3
97 0 112538 7 3.7611718 plmp1_3
97 0 111261 8 3.7597024 plmp1_3
97 0 92034 9 3.7595124 plmp1_3
98 0 108666 0 2.0917332 plmp1_3
98 0 118097 1 2.083548 plmp1_3
98 0 98851 2 2.0816638 plmp1_3
98 0 92143 3 2.066669 plmp1_3
98 0 117869 4 2.0657148 plmp1_3
98 0 88512 5 2.0621305 plmp1_3
98 0 101970 6 2.0509481 plmp1_3
98 0 84652 7 2.0506968 plmp1_3
98 0 89386 8 2.0442505 plmp1_3
98 0 2381641 9 2.0442505 plmp1_3
99 0 104561 0 10.102857 plmp1_3
99 0 111484 1 10.062426 plmp1_3
99 0 205712 2 10.058389 plmp1_3
99 0 109813 3 10.05424 plmp1_3
99 0 111884 4 10.020689 plmp1_3
99 0 110098 5 9.956726 plmp1_3
99 0 145885 6 9.909688 plmp1_3
99 0 104941 7 9.908083 plmp1_3
99 0 106274 8 9.903432 plmp1_3
99 0 108980 9 9.898342 plmp1_3
100 0 97728 0 8.466204 plmp1_3
100 0 92184 1 8.442306 plmp1_3
100 0 112723 2 8.438146 plmp1_3
100 0 91316 3 8.429188 plmp1_3
100 0 101394 4 8.404575 plmp1_3
100 0 110552 5 8.398541 plmp1_3
100 0 109756 6 8.398367 plmp1_3
100 0 2421380 7 8.393281 plmp1_3
100 0 102855 8 8.38727 plmp1_3
100 0 97913 9 8.362228 plmp1_3
