1 0 3204919 0 50.58968 plmp4_4
1 0 802972 1 46.452244 plmp4_4
1 0 3177197 2 40.201054 plmp4_4
1 0 3170730 3 40.17343 plmp4_4
1 0 2809767 4 38.021564 plmp4_4
1 0 2811850 5 38.021564 plmp4_4
1 0 2649076 6 37.638836 plmp4_4
1 0 2781925 7 37.491936 plmp4_4
1 0 2803251 8 36.875263 plmp4_4
1 0 2803249 9 35.89058 plmp4_4
2 0 103549 0 42.808918 plmp4_4
2 0 104671 1 42.690754 plmp4_4
2 0 104673 2 42.29056 plmp4_4
2 0 105116 3 41.213173 plmp4_4
2 0 104571 4 38.53683 plmp4_4
2 0 145692 5 38.360634 plmp4_4
2 0 105294 6 38.314373 plmp4_4
2 0 106843 7 37.923878 plmp4_4
2 0 103631 8 35.755497 plmp4_4
2 0 103644 9 35.486473 plmp4_4
3 0 3162143 0 65.575645 plmp4_4
3 0 145821 1 58.40523 plmp4_4
3 0 215496 2 56.78637 plmp4_4
3 0 215694 3 56.78637 plmp4_4
3 0 2959735 4 56.785328 plmp4_4
3 0 117907 5 56.573406 plmp4_4
3 0 112584 6 56.470566 plmp4_4
3 0 118029 7 54.5988 plmp4_4
3 0 111091 8 54.467644 plmp4_4
3 0 117959 9 54.16627 plmp4_4
4 0 215694 0 133.66989 plmp4_4
4 0 2959735 1 133.66782 plmp4_4
4 0 215496 2 133.65132 plmp4_4
4 0 3162143 3 125.01928 plmp4_4
4 0 623142 4 121.97195 plmp4_4
4 0 118029 5 111.54722 plmp4_4
4 0 149007 6 106.64371 plmp4_4
4 0 903973 7 100.14306 plmp4_4
4 0 812450 8 97.74355 plmp4_4
4 0 78783 9 90.069275 plmp4_4
5 0 145652 0 40.10688 plmp4_4
5 0 110056 1 39.819725 plmp4_4
5 0 1740 2 39.752724 plmp4_4
5 0 110831 3 39.44737 plmp4_4
5 0 2672209 4 37.59408 plmp4_4
5 0 2657779 5 37.59408 plmp4_4
5 0 118360 6 36.948174 plmp4_4
5 0 118217 7 35.481567 plmp4_4
5 0 131163 8 34.72743 plmp4_4
5 0 112708 9 34.406807 plmp4_4
6 0 110654 0 52.508705 plmp4_4
6 0 110056 1 52.255875 plmp4_4
6 0 183480 2 44.581585 plmp4_4
6 0 111258 3 37.00686 plmp4_4
6 0 3203656 4 34.179127 plmp4_4
6 0 3206414 5 34.179127 plmp4_4
6 0 111114 6 33.443684 plmp4_4
6 0 110097 7 32.509197 plmp4_4
6 0 2808290 8 32.0076 plmp4_4
6 0 110599 9 31.4728 plmp4_4
7 0 147531 0 33.220383 plmp4_4
7 0 2672535 1 30.187954 plmp4_4
7 0 110932 2 30.054249 plmp4_4
7 0 145715 3 28.946392 plmp4_4
7 0 147530 4 28.93258 plmp4_4
7 0 3195892 5 28.681515 plmp4_4
7 0 145713 6 28.240477 plmp4_4
7 0 2675751 7 27.46728 plmp4_4
7 0 2655591 8 27.360182 plmp4_4
7 0 127913 9 27.020092 plmp4_4
8 0 112174 0 60.046722 plmp4_4
8 0 145868 1 58.269947 plmp4_4
8 0 145715 2 55.992374 plmp4_4
8 0 110932 3 55.746456 plmp4_4
8 0 2678467 4 54.11823 plmp4_4
8 0 2679202 5 54.11823 plmp4_4
8 0 2959746 6 54.11823 plmp4_4
8 0 112834 7 50.90615 plmp4_4
8 0 134749 8 49.781654 plmp4_4
8 0 147531 9 49.079346 plmp4_4
9 0 127923 0 74.64422 plmp4_4
9 0 2675751 1 74.3957 plmp4_4
9 0 118212 2 73.670525 plmp4_4
9 0 127887 3 73.49193 plmp4_4
9 0 109720 4 71.22358 plmp4_4
9 0 118317 5 71.21065 plmp4_4
9 0 112641 6 70.57972 plmp4_4
9 0 118011 7 69.942154 plmp4_4
9 0 118454 8 69.79452 plmp4_4
9 0 118423 9 68.82184 plmp4_4
10 0 147531 0 71.32687 plmp4_4
10 0 112423 1 70.06674 plmp4_4
10 0 118087 2 68.88872 plmp4_4
10 0 145697 3 66.66222 plmp4_4
10 0 134743 4 66.47427 plmp4_4
10 0 111500 5 65.9546 plmp4_4
10 0 112318 6 64.08407 plmp4_4
10 0 112931 7 63.52652 plmp4_4
10 0 118484 8 63.3015 plmp4_4
10 0 118511 9 62.367393 plmp4_4
11 0 2672535 0 36.927166 plmp4_4
11 0 858288 1 36.091797 plmp4_4
11 0 112152 2 35.309982 plmp4_4
11 0 108197 3 34.941822 plmp4_4
11 0 145646 4 34.931744 plmp4_4
11 0 217512 5 34.88536 plmp4_4
11 0 2801435 6 34.871735 plmp4_4
11 0 110666 7 34.81803 plmp4_4
11 0 111280 8 34.702698 plmp4_4
11 0 1755 9 34.586964 plmp4_4
12 0 2672535 0 43.938423 plmp4_4
12 0 2752078 1 39.221416 plmp4_4
12 0 112024 2 34.22175 plmp4_4
12 0 111980 3 33.341675 plmp4_4
12 0 624280 4 32.529137 plmp4_4
12 0 3153112 5 32.37491 plmp4_4
12 0 105450 6 32.20013 plmp4_4
12 0 111905 7 32.032223 plmp4_4
12 0 110275 8 31.234879 plmp4_4
12 0 145918 9 30.86515 plmp4_4
13 0 145967 0 42.481453 plmp4_4
13 0 2642828 1 42.409855 plmp4_4
13 0 4162111 2 41.438725 plmp4_4
13 0 802973 3 38.50138 plmp4_4
13 0 803271 4 38.50138 plmp4_4
13 0 2959737 5 38.50138 plmp4_4
13 0 2812588 6 37.365036 plmp4_4
13 0 2959730 7 35.69247 plmp4_4
13 0 3168776 8 35.525852 plmp4_4
13 0 4106440 9 33.839672 plmp4_4
14 0 145931 0 30.319632 plmp4_4
14 0 2742710 1 25.642912 plmp4_4
14 0 145974 2 25.34977 plmp4_4
14 0 4162111 3 24.527517 plmp4_4
14 0 145967 4 23.805553 plmp4_4
14 0 2812588 5 23.51488 plmp4_4
14 0 145958 6 23.294615 plmp4_4
14 0 108730 7 23.140688 plmp4_4
14 0 2153 8 23.096825 plmp4_4
14 0 145925 9 22.28131 plmp4_4
15 0 2812588 0 86.39267 plmp4_4
15 0 4151822 1 84.02782 plmp4_4
15 0 4171965 2 68.14433 plmp4_4
15 0 2770446 3 52.804848 plmp4_4
15 0 4106440 4 50.440575 plmp4_4
15 0 2812210 5 49.94324 plmp4_4
15 0 2812587 6 48.471207 plmp4_4
15 0 2959748 7 48.471207 plmp4_4
15 0 4151826 8 47.528034 plmp4_4
15 0 2809767 9 47.045723 plmp4_4
16 0 4151822 0 70.42286 plmp4_4
16 0 4171965 1 54.127064 plmp4_4
16 0 4162111 2 42.138237 plmp4_4
16 0 4168362 3 41.838833 plmp4_4
16 0 4161362 4 40.23285 plmp4_4
16 0 4151826 5 39.538513 plmp4_4
16 0 2812588 6 38.768974 plmp4_4
16 0 4162936 7 38.66713 plmp4_4
16 0 4157405 8 38.398727 plmp4_4
16 0 4154603 9 38.047207 plmp4_4
17 0 148484 0 36.78277 plmp4_4
17 0 2672526 1 31.598156 plmp4_4
17 0 2674863 2 31.598156 plmp4_4
17 0 813289 3 30.855934 plmp4_4
17 0 147527 4 29.571297 plmp4_4
17 0 2670966 5 28.763422 plmp4_4
17 0 4161362 6 27.827799 plmp4_4
17 0 811779 7 26.370012 plmp4_4
17 0 903971 8 26.33201 plmp4_4
17 0 2959742 9 26.33201 plmp4_4
18 0 205712 0 72.63023 plmp4_4
18 0 145885 1 59.891792 plmp4_4
18 0 131156 2 57.283215 plmp4_4
18 0 145896 3 55.70766 plmp4_4
18 0 148484 4 55.100746 plmp4_4
18 0 620566 5 54.332607 plmp4_4
18 0 2681962 6 54.02168 plmp4_4
18 0 147952 7 52.621864 plmp4_4
18 0 1753 8 52.506805 plmp4_4
18 0 2795703 9 52.399837 plmp4_4
19 0 2654533 0 92.48334 plmp4_4
19 0 2654756 1 92.48334 plmp4_4
19 0 4172500 2 63.519993 plmp4_4
19 0 2679558 3 60.05504 plmp4_4
19 0 2654534 4 59.01759 plmp4_4
19 0 206098 5 55.78941 plmp4_4
19 0 2675752 6 55.102375 plmp4_4
19 0 2678466 7 54.894634 plmp4_4
19 0 2781925 8 54.783367 plmp4_4
19 0 2649076 9 54.22813 plmp4_4
20 0 2654533 0 96.38592 plmp4_4
20 0 2654756 1 96.38592 plmp4_4
20 0 4172500 2 61.115326 plmp4_4
20 0 206098 3 59.25073 plmp4_4
20 0 112775 4 55.86078 plmp4_4
20 0 2654534 5 55.848984 plmp4_4
20 0 2781925 6 55.744217 plmp4_4
20 0 2679558 7 55.550976 plmp4_4
20 0 219509 8 55.104244 plmp4_4
20 0 2678466 9 54.894634 plmp4_4
21 0 873660 0 76.85688 plmp4_4
21 0 867657 1 72.18271 plmp4_4
21 0 117890 2 66.100136 plmp4_4
21 0 2659300 3 63.012863 plmp4_4
21 0 902267 4 58.842636 plmp4_4
21 0 112799 5 57.195454 plmp4_4
21 0 820904 6 56.154163 plmp4_4
21 0 2804673 7 53.389275 plmp4_4
21 0 118081 8 53.192627 plmp4_4
21 0 3181482 9 52.653584 plmp4_4
22 0 2659300 0 113.77698 plmp4_4
22 0 117890 1 94.46267 plmp4_4
22 0 867657 2 77.20526 plmp4_4
22 0 112799 3 73.53063 plmp4_4
22 0 112774 4 69.05483 plmp4_4
22 0 145829 5 66.17234 plmp4_4
22 0 118081 6 66.010735 plmp4_4
22 0 112846 7 63.698765 plmp4_4
22 0 112742 8 61.032776 plmp4_4
22 0 118416 9 60.83687 plmp4_4
23 0 118449 0 58.813694 plmp4_4
23 0 1738 1 57.48562 plmp4_4
23 0 2810525 2 56.96532 plmp4_4
23 0 2811847 3 56.96532 plmp4_4
23 0 112257 4 53.226234 plmp4_4
23 0 118180 5 51.565655 plmp4_4
23 0 2801435 6 49.314228 plmp4_4
23 0 4151832 7 47.414314 plmp4_4
23 0 110916 8 46.97511 plmp4_4
23 0 2675750 9 46.53981 plmp4_4
24 0 1738 0 24.555653 plmp4_4
24 0 145778 1 21.9334 plmp4_4
24 0 109265 2 17.084858 plmp4_4
24 0 85289 3 16.394934 plmp4_4
24 0 182558 4 16.142616 plmp4_4
24 0 2678133 5 15.898842 plmp4_4
24 0 2801435 6 15.213977 plmp4_4
24 0 118449 7 14.530398 plmp4_4
24 0 110916 8 14.3256445 plmp4_4
24 0 112872 9 14.164376 plmp4_4
25 0 112616 0 71.57917 plmp4_4
25 0 2655499 1 52.230255 plmp4_4
25 0 2621067 2 40.89426 plmp4_4
25 0 821305 3 40.131237 plmp4_4
25 0 3211503 4 38.645226 plmp4_4
25 0 118021 5 38.53462 plmp4_4
25 0 117845 6 36.202442 plmp4_4
25 0 4104821 7 33.468895 plmp4_4
25 0 2621053 8 32.36251 plmp4_4
25 0 108792 9 32.021667 plmp4_4
26 0 112616 0 67.76322 plmp4_4
26 0 117872 1 64.08519 plmp4_4
26 0 112700 2 59.2896 plmp4_4
26 0 118026 3 59.157692 plmp4_4
26 0 145758 4 59.09333 plmp4_4
26 0 1087946 5 58.19866 plmp4_4
26 0 112457 6 58.06348 plmp4_4
26 0 112539 7 56.71543 plmp4_4
26 0 111986 8 56.516907 plmp4_4
26 0 109989 9 56.255093 plmp4_4
27 0 4157382 0 100.84753 plmp4_4
27 0 4157405 1 100.84753 plmp4_4
27 0 111141 2 60.819263 plmp4_4
27 0 112792 3 58.560287 plmp4_4
27 0 112523 4 56.215874 plmp4_4
27 0 111061 5 54.579895 plmp4_4
27 0 112346 6 53.160248 plmp4_4
27 0 217703 7 46.95775 plmp4_4
27 0 2679557 8 46.34502 plmp4_4
27 0 106933 9 44.971657 plmp4_4
28 0 4157382 0 88.91187 plmp4_4
28 0 4157405 1 88.91187 plmp4_4
28 0 112346 2 71.86621 plmp4_4
28 0 111141 3 57.190796 plmp4_4
28 0 112523 4 43.320644 plmp4_4
28 0 110460 5 42.6139 plmp4_4
28 0 110060 6 41.619892 plmp4_4
28 0 112792 7 41.336 plmp4_4
28 0 118161 8 40.870155 plmp4_4
28 0 111217 9 40.543873 plmp4_4
29 0 109560 0 21.937286 plmp4_4
29 0 108717 1 21.81877 plmp4_4
29 0 109622 2 21.76531 plmp4_4
29 0 111092 3 21.63984 plmp4_4
29 0 111471 4 21.634668 plmp4_4
29 0 112620 5 21.401218 plmp4_4
29 0 108579 6 21.036808 plmp4_4
29 0 110474 7 20.877945 plmp4_4
29 0 3204919 8 20.824373 plmp4_4
29 0 112080 9 20.81758 plmp4_4
30 0 205788 0 80.81554 plmp4_4
30 0 218921 1 67.90183 plmp4_4
30 0 2642828 2 63.663822 plmp4_4
30 0 802770 3 61.070545 plmp4_4
30 0 899483 4 61.056004 plmp4_4
30 0 4151826 5 60.075596 plmp4_4
30 0 148795 6 59.478455 plmp4_4
30 0 626206 7 57.952442 plmp4_4
30 0 179213 8 54.968395 plmp4_4
30 0 802973 9 53.69261 plmp4_4
31 0 118023 0 56.097237 plmp4_4
31 0 2795279 1 51.982822 plmp4_4
31 0 118458 2 49.277054 plmp4_4
31 0 117924 3 48.971085 plmp4_4
31 0 110015 4 47.96768 plmp4_4
31 0 109006 5 47.784657 plmp4_4
31 0 109450 6 47.766956 plmp4_4
31 0 112356 7 46.297623 plmp4_4
31 0 109649 8 46.193573 plmp4_4
31 0 109727 9 46.09761 plmp4_4
32 0 112329 0 48.916195 plmp4_4
32 0 1728 1 46.453716 plmp4_4
32 0 112850 2 46.230434 plmp4_4
32 0 125839 3 46.05729 plmp4_4
32 0 112090 4 43.98476 plmp4_4
32 0 118455 5 43.407085 plmp4_4
32 0 111434 6 42.327286 plmp4_4
32 0 112447 7 40.58991 plmp4_4
32 0 145710 8 40.344376 plmp4_4
32 0 111596 9 40.329323 plmp4_4
33 0 2809767 0 39.97519 plmp4_4
33 0 2811850 1 39.97519 plmp4_4
33 0 2676594 2 39.9703 plmp4_4
33 0 2675753 3 39.023476 plmp4_4
33 0 2679204 4 39.023476 plmp4_4
33 0 145870 5 37.377182 plmp4_4
33 0 799973 6 37.022945 plmp4_4
33 0 3205766 7 36.97103 plmp4_4
33 0 215806 8 35.107174 plmp4_4
33 0 110089 9 33.82891 plmp4_4
34 0 2676594 0 148.3843 plmp4_4
34 0 2675753 1 146.46936 plmp4_4
34 0 2679204 2 146.46936 plmp4_4
34 0 2809767 3 115.93944 plmp4_4
34 0 2811850 4 115.93944 plmp4_4
34 0 121158 5 71.32948 plmp4_4
34 0 136994 6 68.72133 plmp4_4
34 0 137727 7 66.847664 plmp4_4
34 0 112325 8 66.64288 plmp4_4
34 0 3216389 9 64.875626 plmp4_4
35 0 821306 0 31.087719 plmp4_4
35 0 2768888 1 30.529167 plmp4_4
35 0 205203 2 29.366987 plmp4_4
35 0 2654532 3 28.506933 plmp4_4
35 0 931124 4 27.690159 plmp4_4
35 0 3181025 5 27.055483 plmp4_4
35 0 625833 6 26.330925 plmp4_4
35 0 623843 7 26.207108 plmp4_4
35 0 2801434 8 25.58684 plmp4_4
35 0 1757 9 25.40468 plmp4_4
36 0 118319 0 42.19725 plmp4_4
36 0 3170730 1 41.572475 plmp4_4
36 0 3177197 2 41.572475 plmp4_4
36 0 112476 3 41.13625 plmp4_4
36 0 118142 4 40.083324 plmp4_4
36 0 1087952 5 39.671173 plmp4_4
36 0 218927 6 39.457127 plmp4_4
36 0 118329 7 39.43493 plmp4_4
36 0 779833 8 39.196835 plmp4_4
36 0 798511 9 39.196835 plmp4_4
37 0 4151829 0 37.086094 plmp4_4
37 0 145629 1 34.803745 plmp4_4
37 0 107652 2 31.497679 plmp4_4
37 0 118269 3 31.237099 plmp4_4
37 0 145855 4 29.402016 plmp4_4
37 0 145731 5 29.295425 plmp4_4
37 0 110007 6 29.167284 plmp4_4
37 0 111982 7 28.632444 plmp4_4
37 0 110137 8 28.622055 plmp4_4
37 0 103870 9 27.976715 plmp4_4
38 0 145855 0 69.63181 plmp4_4
38 0 145731 1 68.19417 plmp4_4
38 0 4151829 2 62.831085 plmp4_4
38 0 118269 3 51.30607 plmp4_4
38 0 1993216 4 49.1174 plmp4_4
38 0 111420 5 44.16091 plmp4_4
38 0 112292 6 43.72605 plmp4_4
38 0 111982 7 43.312214 plmp4_4
38 0 110774 8 41.046837 plmp4_4
38 0 112910 9 39.88503 plmp4_4
39 0 112568 0 55.263077 plmp4_4
39 0 112420 1 45.654305 plmp4_4
39 0 118457 2 43.484188 plmp4_4
39 0 130141 3 40.043716 plmp4_4
39 0 111432 4 39.724564 plmp4_4
39 0 621044 5 38.867714 plmp4_4
39 0 621090 6 38.867714 plmp4_4
39 0 2959739 7 38.867714 plmp4_4
39 0 108442 8 38.02179 plmp4_4
39 0 2959744 9 37.816113 plmp4_4
40 0 105200 0 55.57308 plmp4_4
40 0 621044 1 52.822266 plmp4_4
40 0 621090 2 52.822266 plmp4_4
40 0 2959739 3 52.822266 plmp4_4
40 0 145905 4 52.133076 plmp4_4
40 0 1731 5 51.60314 plmp4_4
40 0 118457 6 51.29655 plmp4_4
40 0 108818 7 51.041893 plmp4_4
40 0 2144 8 50.668167 plmp4_4
40 0 97466 9 50.515846 plmp4_4
41 0 112924 0 66.24502 plmp4_4
41 0 2811847 1 59.094612 plmp4_4
41 0 2810525 2 59.089912 plmp4_4
41 0 145756 3 54.510696 plmp4_4
41 0 112585 4 52.103874 plmp4_4
41 0 111198 5 51.727783 plmp4_4
41 0 109186 6 50.86261 plmp4_4
41 0 109196 7 48.71952 plmp4_4
41 0 110132 8 48.66483 plmp4_4
41 0 2654533 9 48.628395 plmp4_4
42 0 112585 0 67.02922 plmp4_4
42 0 2654533 1 62.838608 plmp4_4
42 0 2654756 2 62.838608 plmp4_4
42 0 109186 3 60.927574 plmp4_4
42 0 110132 4 60.459747 plmp4_4
42 0 111891 5 56.25981 plmp4_4
42 0 111198 6 56.00712 plmp4_4
42 0 112924 7 54.675636 plmp4_4
42 0 112440 8 50.50596 plmp4_4
42 0 117833 9 50.056774 plmp4_4
43 0 2680590 0 47.14632 plmp4_4
43 0 2959745 1 47.14632 plmp4_4
43 0 121170 2 42.069286 plmp4_4
43 0 112920 3 41.771168 plmp4_4
43 0 112305 4 40.190826 plmp4_4
43 0 101906 5 38.18756 plmp4_4
43 0 99953 6 34.985123 plmp4_4
43 0 2812589 7 34.65342 plmp4_4
43 0 2959749 8 34.65342 plmp4_4
43 0 89813 9 34.390583 plmp4_4
44 0 183480 0 15.76622 plmp4_4
44 0 1755 1 13.915462 plmp4_4
44 0 135284 2 13.729057 plmp4_4
44 0 96678 3 13.351741 plmp4_4
44 0 2781925 4 13.190357 plmp4_4
44 0 92563 5 13.148494 plmp4_4
44 0 99616 6 13.079235 plmp4_4
44 0 91444 7 13.056753 plmp4_4
44 0 145712 8 12.984035 plmp4_4
44 0 92375 9 12.670679 plmp4_4
45 0 3204917 0 76.127655 plmp4_4
45 0 3181481 1 74.28667 plmp4_4
45 0 800568 2 66.817604 plmp4_4
45 0 623145 3 65.631516 plmp4_4
45 0 145861 4 65.16513 plmp4_4
45 0 150542 5 64.80487 plmp4_4
45 0 2804673 6 64.0689 plmp4_4
45 0 866024 7 63.180447 plmp4_4
45 0 858802 8 63.180447 plmp4_4
45 0 3205766 9 62.561687 plmp4_4
46 0 866024 0 159.19315 plmp4_4
46 0 858802 1 159.18283 plmp4_4
46 0 3204917 2 111.12298 plmp4_4
46 0 2804673 3 105.711975 plmp4_4
46 0 150542 4 102.981316 plmp4_4
46 0 623145 5 100.78486 plmp4_4
46 0 145861 6 96.1964 plmp4_4
46 0 903971 7 88.289894 plmp4_4
46 0 2959742 8 88.289894 plmp4_4
46 0 145764 9 88.04984 plmp4_4
47 0 2674861 0 73.55015 plmp4_4
47 0 2675754 1 73.55015 plmp4_4
47 0 903973 2 38.306934 plmp4_4
47 0 2678133 3 37.960968 plmp4_4
47 0 4164893 4 36.92627 plmp4_4
47 0 3170730 5 36.912735 plmp4_4
47 0 3177197 6 36.912735 plmp4_4
47 0 2147 7 36.63757 plmp4_4
47 0 2672209 8 36.60765 plmp4_4
47 0 2657779 9 36.60765 plmp4_4
48 0 2674861 0 76.21161 plmp4_4
48 0 2675754 1 76.21161 plmp4_4
48 0 96147 2 41.04971 plmp4_4
48 0 142882 3 39.604595 plmp4_4
48 0 111362 4 38.74626 plmp4_4
48 0 92421 5 38.38461 plmp4_4
48 0 112867 6 37.747818 plmp4_4
48 0 118471 7 37.203087 plmp4_4
48 0 94040 8 36.5044 plmp4_4
48 0 3170727 9 36.49503 plmp4_4
49 0 2810525 0 52.570187 plmp4_4
49 0 2811847 1 52.570187 plmp4_4
49 0 4162535 2 36.835957 plmp4_4
49 0 2812210 3 32.020454 plmp4_4
49 0 2809767 4 31.628178 plmp4_4
49 0 2811850 5 31.628178 plmp4_4
49 0 4151826 6 31.450813 plmp4_4
49 0 3207858 7 28.683344 plmp4_4
49 0 4162110 8 28.298313 plmp4_4
49 0 2809764 9 28.286455 plmp4_4
50 0 3153112 0 51.73673 plmp4_4
50 0 4162535 1 51.345196 plmp4_4
50 0 2810525 2 41.21082 plmp4_4
50 0 2811847 3 41.21082 plmp4_4
50 0 2789928 4 35.993824 plmp4_4
50 0 2812210 5 34.28383 plmp4_4
50 0 4151826 6 33.99405 plmp4_4
50 0 3216391 7 33.98514 plmp4_4
50 0 2809767 8 33.78734 plmp4_4
50 0 2811850 9 33.78734 plmp4_4
51 0 134741 0 35.12238 plmp4_4
51 0 112770 1 34.71835 plmp4_4
51 0 4172500 2 34.500465 plmp4_4
51 0 149006 3 34.37629 plmp4_4
51 0 145872 4 33.506104 plmp4_4
51 0 112931 5 33.08182 plmp4_4
51 0 105869 6 32.676918 plmp4_4
51 0 4170684 7 32.469807 plmp4_4
51 0 111908 8 32.09514 plmp4_4
51 0 106986 9 31.946129 plmp4_4
52 0 112931 0 21.882656 plmp4_4
52 0 112770 1 21.866243 plmp4_4
52 0 802399 2 21.652777 plmp4_4
52 0 112005 3 21.273134 plmp4_4
52 0 105869 4 21.075583 plmp4_4
52 0 112250 5 20.391989 plmp4_4
52 0 134741 6 20.04294 plmp4_4
52 0 100134 7 19.922314 plmp4_4
52 0 111908 8 19.687614 plmp4_4
52 0 103302 9 19.64697 plmp4_4
53 0 145792 0 51.452827 plmp4_4
53 0 799985 1 48.844597 plmp4_4
53 0 145647 2 44.97792 plmp4_4
53 0 112677 3 44.746452 plmp4_4
53 0 2808291 4 43.989822 plmp4_4
53 0 108879 5 43.721924 plmp4_4
53 0 1744 6 42.86099 plmp4_4
53 0 118262 7 41.396496 plmp4_4
53 0 145714 8 39.87577 plmp4_4
53 0 2771250 9 39.41386 plmp4_4
54 0 872994 0 57.49571 plmp4_4
54 0 616862 1 53.7797 plmp4_4
54 0 811778 2 51.392662 plmp4_4
54 0 145792 3 49.68962 plmp4_4
54 0 112677 4 48.175144 plmp4_4
54 0 1744 5 47.043495 plmp4_4
54 0 2808291 6 45.952255 plmp4_4
54 0 811777 7 45.71361 plmp4_4
54 0 108879 8 43.782345 plmp4_4
54 0 799985 9 42.301247 plmp4_4
55 0 4154603 0 87.60501 plmp4_4
55 0 145855 1 64.49824 plmp4_4
55 0 145731 2 57.495712 plmp4_4
55 0 145629 3 53.218426 plmp4_4
55 0 118269 4 48.607357 plmp4_4
55 0 112910 5 42.891605 plmp4_4
55 0 111261 6 42.57969 plmp4_4
55 0 145917 7 38.812172 plmp4_4
55 0 2676594 8 38.500004 plmp4_4
55 0 111982 9 38.445816 plmp4_4
56 0 4154603 0 143.6709 plmp4_4
56 0 145731 1 86.03358 plmp4_4
56 0 118269 2 81.47516 plmp4_4
56 0 112910 3 77.990036 plmp4_4
56 0 145629 4 69.22841 plmp4_4
56 0 145855 5 68.489944 plmp4_4
56 0 111261 6 64.13225 plmp4_4
56 0 1993216 7 62.79146 plmp4_4
56 0 110774 8 61.650085 plmp4_4
56 0 111420 9 54.903927 plmp4_4
57 0 867644 0 42.55177 plmp4_4
57 0 117856 1 41.88595 plmp4_4
57 0 800859 2 40.770733 plmp4_4
57 0 800569 3 39.441525 plmp4_4
57 0 145815 4 38.723682 plmp4_4
57 0 118470 5 38.617973 plmp4_4
57 0 802408 6 37.69566 plmp4_4
57 0 118224 7 36.984512 plmp4_4
57 0 2651114 8 36.387104 plmp4_4
57 0 117831 9 36.255966 plmp4_4
58 0 145735 0 57.959873 plmp4_4
58 0 112467 1 47.528778 plmp4_4
58 0 145800 2 46.02951 plmp4_4
58 0 106179 3 44.585278 plmp4_4
58 0 2676592 4 44.395695 plmp4_4
58 0 217702 5 43.119617 plmp4_4
58 0 108547 6 42.971767 plmp4_4
58 0 106848 7 42.131924 plmp4_4
58 0 110330 8 41.07065 plmp4_4
58 0 4172497 9 40.238583 plmp4_4
59 0 2788983 0 154.51685 plmp4_4
59 0 4170685 1 140.4951 plmp4_4
59 0 145627 2 117.844864 plmp4_4
59 0 118037 3 116.271545 plmp4_4
59 0 3205767 4 116.22427 plmp4_4
59 0 118129 5 115.40446 plmp4_4
59 0 117968 6 114.96717 plmp4_4
59 0 118040 7 110.7258 plmp4_4
59 0 118422 8 106.27719 plmp4_4
59 0 134735 9 105.31826 plmp4_4
60 0 3195891 0 136.43628 plmp4_4
60 0 118334 1 126.99832 plmp4_4
60 0 2788983 2 119.678055 plmp4_4
60 0 4170685 3 116.898186 plmp4_4
60 0 118107 4 115.21289 plmp4_4
60 0 118129 5 113.2602 plmp4_4
60 0 621195 6 113.155075 plmp4_4
60 0 621270 7 113.155075 plmp4_4
60 0 130158 8 112.87252 plmp4_4
60 0 117968 9 111.49499 plmp4_4
61 0 145743 0 71.963715 plmp4_4
61 0 2812210 1 71.28215 plmp4_4
61 0 145923 2 67.061745 plmp4_4
61 0 112854 3 65.1047 plmp4_4
61 0 218457 4 61.414566 plmp4_4
61 0 179213 5 58.428543 plmp4_4
61 0 3195092 6 56.955868 plmp4_4
61 0 219815 7 56.86747 plmp4_4
61 0 148795 8 56.695103 plmp4_4
61 0 205788 9 55.318386 plmp4_4
62 0 2812210 0 37.498234 plmp4_4
62 0 118098 1 31.158318 plmp4_4
62 0 110091 2 28.829771 plmp4_4
62 0 117875 3 28.819504 plmp4_4
62 0 110926 4 28.371899 plmp4_4
62 0 218457 5 28.141033 plmp4_4
62 0 109681 6 27.851757 plmp4_4
62 0 145876 7 27.535358 plmp4_4
62 0 112794 8 27.438442 plmp4_4
62 0 145743 9 27.394854 plmp4_4
63 0 2812589 0 31.849655 plmp4_4
63 0 2959749 1 31.849655 plmp4_4
63 0 112803 2 30.261908 plmp4_4
63 0 118148 3 30.07328 plmp4_4
63 0 112394 4 28.228153 plmp4_4
63 0 117935 5 26.685736 plmp4_4
63 0 3191119 6 26.675816 plmp4_4
63 0 2784695 7 26.260654 plmp4_4
63 0 106985 8 26.205294 plmp4_4
63 0 111250 9 25.526846 plmp4_4
64 0 3205767 0 52.579132 plmp4_4
64 0 3205768 1 48.264038 plmp4_4
64 0 3207860 2 45.755836 plmp4_4
64 0 2758568 3 45.679195 plmp4_4
64 0 3214775 4 43.12916 plmp4_4
64 0 2809766 5 41.43186 plmp4_4
64 0 2811849 6 41.43186 plmp4_4
64 0 821189 7 40.27697 plmp4_4
64 0 3204919 8 39.623657 plmp4_4
64 0 3205736 9 39.477802 plmp4_4
65 0 118123 0 98.52181 plmp4_4
65 0 150540 1 64.651535 plmp4_4
65 0 873668 2 60.42179 plmp4_4
65 0 110645 3 59.425907 plmp4_4
65 0 112441 4 58.141323 plmp4_4
65 0 3211501 5 57.975105 plmp4_4
65 0 1750 6 57.83459 plmp4_4
65 0 1745 7 57.763695 plmp4_4
65 0 149285 8 57.061802 plmp4_4
65 0 112738 9 56.08374 plmp4_4
66 0 145867 0 98.24813 plmp4_4
66 0 3211501 1 97.92295 plmp4_4
66 0 118123 2 82.06143 plmp4_4
66 0 112935 3 67.725174 plmp4_4
66 0 111632 4 65.90458 plmp4_4
66 0 109237 5 65.89714 plmp4_4
66 0 143378 6 65.387314 plmp4_4
66 0 112106 7 63.653748 plmp4_4
66 0 4151827 8 63.099125 plmp4_4
66 0 121170 9 59.921947 plmp4_4
67 0 145800 0 116.08881 plmp4_4
67 0 867645 1 109.034744 plmp4_4
67 0 103675 2 60.49434 plmp4_4
67 0 110330 3 48.04118 plmp4_4
67 0 104522 4 47.244705 plmp4_4
67 0 106844 5 46.5679 plmp4_4
67 0 106757 6 46.29324 plmp4_4
67 0 103678 7 46.19299 plmp4_4
67 0 4104822 8 45.49234 plmp4_4
67 0 111139 9 44.459972 plmp4_4
68 0 145800 0 100.74472 plmp4_4
68 0 867645 1 81.397484 plmp4_4
68 0 97893 2 62.713676 plmp4_4
68 0 88704 3 62.337032 plmp4_4
68 0 87585 4 55.5727 plmp4_4
68 0 88756 5 55.435467 plmp4_4
68 0 94177 6 54.17292 plmp4_4
68 0 88819 7 51.309864 plmp4_4
68 0 93847 8 51.024693 plmp4_4
68 0 103093 9 50.566757 plmp4_4
69 0 182558 0 62.408215 plmp4_4
69 0 3214777 1 60.236668 plmp4_4
69 0 149289 2 58.225018 plmp4_4
69 0 112534 3 57.29103 plmp4_4
69 0 3214778 4 55.68753 plmp4_4
69 0 118111 5 55.129723 plmp4_4
69 0 111709 6 54.93812 plmp4_4
69 0 112565 7 53.821854 plmp4_4
69 0 112301 8 53.5429 plmp4_4
69 0 2676593 9 52.822968 plmp4_4
70 0 118111 0 68.45211 plmp4_4
70 0 182558 1 68.17403 plmp4_4
70 0 112534 2 67.80553 plmp4_4
70 0 3214777 3 66.834114 plmp4_4
70 0 149289 4 66.447395 plmp4_4
70 0 3214778 5 66.00591 plmp4_4
70 0 111709 6 64.66898 plmp4_4
70 0 112565 7 63.157646 plmp4_4
70 0 112301 8 62.961082 plmp4_4
70 0 2676593 9 62.513382 plmp4_4
71 0 118052 0 73.28755 plmp4_4
71 0 112904 1 68.74399 plmp4_4
71 0 118234 2 65.983444 plmp4_4
71 0 3189783 3 62.4614 plmp4_4
71 0 112914 4 62.1139 plmp4_4
71 0 112823 5 60.863087 plmp4_4
71 0 145121 6 60.186237 plmp4_4
71 0 118005 7 56.195324 plmp4_4
71 0 111103 8 55.437073 plmp4_4
71 0 106096 9 55.432186 plmp4_4
72 0 118052 0 72.071495 plmp4_4
72 0 112904 1 68.74399 plmp4_4
72 0 118234 2 63.9341 plmp4_4
72 0 3189783 3 61.24534 plmp4_4
72 0 112823 4 60.863087 plmp4_4
72 0 112914 5 60.61114 plmp4_4
72 0 145121 6 58.68348 plmp4_4
72 0 111103 7 55.437073 plmp4_4
72 0 118005 8 55.36052 plmp4_4
72 0 117979 9 55.133427 plmp4_4
73 0 2804674 0 24.016907 plmp4_4
73 0 110175 1 22.165901 plmp4_4
73 0 145624 2 21.752186 plmp4_4
73 0 118043 3 20.62218 plmp4_4
73 0 109931 4 20.414295 plmp4_4
73 0 1087954 5 20.317469 plmp4_4
73 0 112600 6 19.890118 plmp4_4
73 0 109750 7 19.724886 plmp4_4
73 0 110540 8 19.717867 plmp4_4
73 0 112637 9 19.63828 plmp4_4
74 0 2804674 0 55.489555 plmp4_4
74 0 109284 1 51.769283 plmp4_4
74 0 107904 2 48.28238 plmp4_4
74 0 112774 3 47.431023 plmp4_4
74 0 2675749 4 44.464867 plmp4_4
74 0 127908 5 41.355915 plmp4_4
74 0 110798 6 40.778046 plmp4_4
74 0 104844 7 39.402557 plmp4_4
74 0 219511 8 39.10265 plmp4_4
74 0 219616 9 39.10265 plmp4_4
75 0 89410 0 61.280037 plmp4_4
75 0 96318 1 59.142895 plmp4_4
75 0 98058 2 59.132133 plmp4_4
75 0 89224 3 58.014633 plmp4_4
75 0 92916 4 56.973976 plmp4_4
75 0 110964 5 55.180546 plmp4_4
75 0 86533 6 54.72289 plmp4_4
75 0 91724 7 49.55792 plmp4_4
75 0 92470 8 49.245007 plmp4_4
75 0 89728 9 48.841026 plmp4_4
76 0 2679833 0 61.152122 plmp4_4
76 0 2680440 1 61.152122 plmp4_4
76 0 2670966 2 52.882786 plmp4_4
76 0 145652 3 52.076912 plmp4_4
76 0 110779 4 51.720905 plmp4_4
76 0 2674863 5 50.88141 plmp4_4
76 0 2672526 6 50.860165 plmp4_4
76 0 108900 7 50.77056 plmp4_4
76 0 145725 8 50.539253 plmp4_4
76 0 2672210 9 49.961376 plmp4_4
77 0 145817 0 72.89837 plmp4_4
77 0 2812588 1 68.84149 plmp4_4
77 0 112726 2 68.74985 plmp4_4
77 0 2770446 3 66.68638 plmp4_4
77 0 4151822 4 65.914986 plmp4_4
77 0 134747 5 65.13166 plmp4_4
77 0 1087693 6 65.10016 plmp4_4
77 0 145647 7 63.0814 plmp4_4
77 0 111029 8 61.317223 plmp4_4
77 0 111455 9 60.274513 plmp4_4
78 0 2812588 0 27.72959 plmp4_4
78 0 145632 1 26.339495 plmp4_4
78 0 110045 2 25.057606 plmp4_4
78 0 112358 3 22.956646 plmp4_4
78 0 118022 4 22.301271 plmp4_4
78 0 109932 5 22.161777 plmp4_4
78 0 112139 6 21.645573 plmp4_4
78 0 903977 7 21.618395 plmp4_4
78 0 902767 8 21.618395 plmp4_4
78 0 799976 9 21.549753 plmp4_4
79 0 111009 0 93.92767 plmp4_4
79 0 111470 1 86.523994 plmp4_4
79 0 118143 2 84.93407 plmp4_4
79 0 110221 3 62.85943 plmp4_4
79 0 2680438 4 59.045696 plmp4_4
79 0 145932 5 44.378902 plmp4_4
79 0 903979 6 44.342278 plmp4_4
79 0 902768 7 44.342278 plmp4_4
79 0 3171728 8 43.891438 plmp4_4
79 0 118513 9 43.75791 plmp4_4
80 0 118143 0 82.75866 plmp4_4
80 0 111009 1 79.73196 plmp4_4
80 0 111470 2 78.939514 plmp4_4
80 0 626054 3 61.35069 plmp4_4
80 0 106328 4 60.43389 plmp4_4
80 0 109342 5 59.32293 plmp4_4
80 0 145859 6 58.85397 plmp4_4
80 0 2672210 7 56.371456 plmp4_4
80 0 2654755 8 56.371456 plmp4_4
80 0 110221 9 56.337162 plmp4_4
81 0 148484 0 55.926456 plmp4_4
81 0 112440 1 45.396305 plmp4_4
81 0 122253 2 35.921154 plmp4_4
81 0 117833 3 35.510155 plmp4_4
81 0 118445 4 30.276377 plmp4_4
81 0 145755 5 29.186174 plmp4_4
81 0 799981 6 28.727451 plmp4_4
81 0 145121 7 28.01785 plmp4_4
81 0 127900 8 26.00578 plmp4_4
81 0 112421 9 25.03745 plmp4_4
82 0 2803250 0 58.139397 plmp4_4
82 0 127900 1 57.386654 plmp4_4
82 0 118368 2 56.735664 plmp4_4
82 0 799981 3 54.574608 plmp4_4
82 0 145865 4 53.33028 plmp4_4
82 0 1726 5 53.063297 plmp4_4
82 0 118126 6 52.10674 plmp4_4
82 0 216735 7 51.588932 plmp4_4
82 0 216806 8 51.588932 plmp4_4
82 0 3213871 9 39.696434 plmp4_4
83 0 145859 0 75.178925 plmp4_4
83 0 110289 1 53.412254 plmp4_4
83 0 112922 2 50.551277 plmp4_4
83 0 112368 3 49.982067 plmp4_4
83 0 109894 4 49.11347 plmp4_4
83 0 111333 5 46.446888 plmp4_4
83 0 137746 6 45.497963 plmp4_4
83 0 145870 7 44.553524 plmp4_4
83 0 111286 8 43.812183 plmp4_4
83 0 109038 9 42.69254 plmp4_4
84 0 145859 0 73.949265 plmp4_4
84 0 112922 1 58.938744 plmp4_4
84 0 107293 2 56.17047 plmp4_4
84 0 110289 3 53.820816 plmp4_4
84 0 800858 4 52.592934 plmp4_4
84 0 109894 5 50.190445 plmp4_4
84 0 109895 6 49.399933 plmp4_4
84 0 110681 7 48.647057 plmp4_4
84 0 111286 8 48.358326 plmp4_4
84 0 107980 9 47.060814 plmp4_4
85 0 2959737 0 84.66281 plmp4_4
85 0 802973 1 83.93848 plmp4_4
85 0 803271 2 83.93848 plmp4_4
85 0 3177199 3 66.0846 plmp4_4
85 0 3171724 4 65.9117 plmp4_4
85 0 3177200 5 65.9117 plmp4_4
85 0 150543 6 52.25293 plmp4_4
85 0 2959732 7 52.25293 plmp4_4
85 0 146553 8 52.109898 plmp4_4
85 0 146790 9 52.109898 plmp4_4
86 0 3205766 0 58.876453 plmp4_4
86 0 3171724 1 57.756577 plmp4_4
86 0 3177199 2 57.756577 plmp4_4
86 0 3177200 3 57.756577 plmp4_4
86 0 802973 4 44.03987 plmp4_4
86 0 803271 5 44.03987 plmp4_4
86 0 2959737 6 44.03987 plmp4_4
86 0 150543 7 42.72912 plmp4_4
86 0 2959732 8 42.72912 plmp4_4
86 0 146553 9 42.222237 plmp4_4
87 0 104480 0 24.605265 plmp4_4
87 0 1088038 1 22.259754 plmp4_4
87 0 106464 2 21.804604 plmp4_4
87 0 110760 3 21.609104 plmp4_4
87 0 110372 4 20.712967 plmp4_4
87 0 111446 5 20.410164 plmp4_4
87 0 112689 6 19.93535 plmp4_4
87 0 104998 7 19.837975 plmp4_4
87 0 136998 8 19.654814 plmp4_4
87 0 143378 9 19.579445 plmp4_4
88 0 182992 0 48.702137 plmp4_4
88 0 182991 1 47.320156 plmp4_4
88 0 145897 2 46.389015 plmp4_4
88 0 625832 3 45.611256 plmp4_4
88 0 626055 4 45.611256 plmp4_4
88 0 149653 5 42.96005 plmp4_4
88 0 2654277 6 40.789566 plmp4_4
88 0 1756 7 40.45796 plmp4_4
88 0 118339 8 40.20568 plmp4_4
88 0 213842 9 39.52167 plmp4_4
89 0 4151822 0 124.63305 plmp4_4
89 0 2770446 1 117.370766 plmp4_4
89 0 2812588 2 101.13337 plmp4_4
89 0 4162110 3 93.68375 plmp4_4
89 0 145817 4 65.196045 plmp4_4
89 0 145647 5 64.484985 plmp4_4
89 0 134747 6 63.806107 plmp4_4
89 0 4162111 7 58.19959 plmp4_4
89 0 145954 8 55.957447 plmp4_4
89 0 219509 9 46.549046 plmp4_4
90 0 2812588 0 96.85293 plmp4_4
90 0 4151822 1 89.577 plmp4_4
90 0 2770446 2 79.09301 plmp4_4
90 0 145626 3 77.50233 plmp4_4
90 0 118054 4 70.43795 plmp4_4
90 0 111913 5 69.261215 plmp4_4
90 0 109921 6 68.27954 plmp4_4
90 0 109718 7 68.2392 plmp4_4
90 0 626454 8 67.69299 plmp4_4
90 0 2654534 9 66.27475 plmp4_4
91 0 3212514 0 150.25587 plmp4_4
91 0 1087959 1 69.79608 plmp4_4
91 0 109857 2 66.75438 plmp4_4
91 0 118507 3 66.25724 plmp4_4
91 0 110249 4 65.54339 plmp4_4
91 0 145892 5 65.5107 plmp4_4
91 0 145785 6 60.579327 plmp4_4
91 0 219097 7 59.146572 plmp4_4
91 0 134732 8 57.81683 plmp4_4
91 0 145873 9 55.756744 plmp4_4
92 0 3212514 0 147.37715 plmp4_4
92 0 1087959 1 69.79608 plmp4_4
92 0 109857 2 66.75438 plmp4_4
92 0 118507 3 66.25724 plmp4_4
92 0 110249 4 65.54339 plmp4_4
92 0 145892 5 64.24319 plmp4_4
92 0 219097 6 59.146572 plmp4_4
92 0 134732 7 57.81683 plmp4_4
92 0 856791 8 55.29375 plmp4_4
92 0 145785 9 54.995216 plmp4_4
93 0 118334 0 97.956535 plmp4_4
93 0 118107 1 96.69636 plmp4_4
93 0 130158 2 88.67484 plmp4_4
93 0 145901 3 86.30198 plmp4_4
93 0 112824 4 83.357735 plmp4_4
93 0 117874 5 82.53591 plmp4_4
93 0 118129 6 81.99594 plmp4_4
93 0 112905 7 80.38903 plmp4_4
93 0 110877 8 80.06128 plmp4_4
93 0 145627 9 75.98747 plmp4_4
94 0 931614 0 91.990326 plmp4_4
94 0 145901 1 85.99206 plmp4_4
94 0 2788983 2 85.30943 plmp4_4
94 0 118334 3 80.39422 plmp4_4
94 0 118129 4 79.8505 plmp4_4
94 0 117874 5 78.00567 plmp4_4
94 0 3195891 6 76.52371 plmp4_4
94 0 118107 7 76.421234 plmp4_4
94 0 112824 8 74.12995 plmp4_4
94 0 4151827 9 73.83178 plmp4_4
95 0 108555 0 54.283188 plmp4_4
95 0 105495 1 52.55436 plmp4_4
95 0 107232 2 49.272995 plmp4_4
95 0 106171 3 46.908585 plmp4_4
95 0 107475 4 42.79617 plmp4_4
95 0 106073 5 36.47368 plmp4_4
95 0 109444 6 35.74239 plmp4_4
95 0 103631 7 34.907387 plmp4_4
95 0 112750 8 34.613304 plmp4_4
95 0 101111 9 31.880009 plmp4_4
96 0 92705 0 48.283844 plmp4_4
96 0 96542 1 47.629395 plmp4_4
96 0 96341 2 47.488613 plmp4_4
96 0 92746 3 46.526897 plmp4_4
96 0 93739 4 46.077747 plmp4_4
96 0 93395 5 45.66529 plmp4_4
96 0 92672 6 45.37966 plmp4_4
96 0 103631 7 45.219814 plmp4_4
96 0 108555 8 45.194164 plmp4_4
96 0 96359 9 44.839836 plmp4_4
97 0 112101 0 71.2746 plmp4_4
97 0 111922 1 52.79823 plmp4_4
97 0 820748 2 33.992233 plmp4_4
97 0 146554 3 32.501522 plmp4_4
97 0 2655597 4 31.152632 plmp4_4
97 0 117959 5 30.67796 plmp4_4
97 0 112574 6 28.359888 plmp4_4
97 0 112247 7 27.81882 plmp4_4
97 0 2959743 8 27.484795 plmp4_4
97 0 858289 9 27.484795 plmp4_4
98 0 118467 0 21.393318 plmp4_4
98 0 134732 1 20.840046 plmp4_4
98 0 112092 2 19.30439 plmp4_4
98 0 2655591 3 18.604034 plmp4_4
98 0 108100 4 17.885538 plmp4_4
98 0 106593 5 17.632904 plmp4_4
98 0 2676593 6 17.523428 plmp4_4
98 0 110996 7 17.355019 plmp4_4
98 0 112398 8 16.922684 plmp4_4
98 0 118061 9 16.846859 plmp4_4
99 0 112267 0 66.261246 plmp4_4
99 0 111884 1 48.902172 plmp4_4
99 0 110552 2 42.0601 plmp4_4
99 0 109976 3 35.276768 plmp4_4
99 0 118121 4 35.184677 plmp4_4
99 0 112723 5 34.146 plmp4_4
99 0 110578 6 33.66457 plmp4_4
99 0 104759 7 31.983261 plmp4_4
99 0 109673 8 29.993097 plmp4_4
99 0 112033 9 28.36922 plmp4_4
100 0 112267 0 82.069916 plmp4_4
100 0 111884 1 74.02818 plmp4_4
100 0 110552 2 65.89681 plmp4_4
100 0 108405 3 63.91599 plmp4_4
100 0 112033 4 61.124123 plmp4_4
100 0 109673 5 60.480553 plmp4_4
100 0 110296 6 59.919834 plmp4_4
100 0 110578 7 58.555565 plmp4_4
100 0 102906 8 58.51356 plmp4_4
100 0 111381 9 56.672935 plmp4_4
