1 0 118009 0 18.673946 plmp2_1
1 0 102391 1 18.306171 plmp2_1
1 0 112717 2 17.114819 plmp2_1
1 0 96875 3 16.77798 plmp2_1
1 0 118105 4 16.453043 plmp2_1
1 0 94362 5 16.424448 plmp2_1
1 0 112066 6 16.412458 plmp2_1
1 0 102256 7 16.38813 plmp2_1
1 0 89281 8 16.28102 plmp2_1
1 0 145782 9 16.123104 plmp2_1
2 0 103631 0 25.910912 plmp2_1
2 0 145692 1 23.28669 plmp2_1
2 0 104516 2 23.004135 plmp2_1
2 0 103549 3 22.946737 plmp2_1
2 0 100105 4 22.302313 plmp2_1
2 0 108555 5 22.18915 plmp2_1
2 0 106788 6 21.409231 plmp2_1
2 0 106522 7 21.20407 plmp2_1
2 0 2644673 8 21.199444 plmp2_1
2 0 4170684 9 21.197937 plmp2_1
3 0 145821 0 47.602848 plmp2_1
3 0 117907 1 47.344234 plmp2_1
3 0 111091 2 46.518887 plmp2_1
3 0 112584 3 45.76674 plmp2_1
3 0 3162143 4 45.384357 plmp2_1
3 0 130157 5 44.9131 plmp2_1
3 0 118475 6 44.82437 plmp2_1
3 0 899484 7 44.778458 plmp2_1
3 0 112212 8 44.67914 plmp2_1
3 0 149007 9 44.222466 plmp2_1
4 0 623142 0 64.36676 plmp2_1
4 0 215496 1 62.940327 plmp2_1
4 0 215694 2 62.940327 plmp2_1
4 0 2959735 3 62.938244 plmp2_1
4 0 145821 4 62.475605 plmp2_1
4 0 78783 5 59.876877 plmp2_1
4 0 3162143 6 59.82256 plmp2_1
4 0 149007 7 59.73901 plmp2_1
4 0 903973 8 59.59836 plmp2_1
4 0 812450 9 58.016247 plmp2_1
5 0 1740 0 25.521883 plmp2_1
5 0 112699 1 25.077332 plmp2_1
5 0 3197746 2 24.3187 plmp2_1
5 0 118360 3 23.853264 plmp2_1
5 0 127924 4 23.6112 plmp2_1
5 0 118329 5 23.314545 plmp2_1
5 0 3203656 6 23.100616 plmp2_1
5 0 3206414 7 23.100616 plmp2_1
5 0 127892 8 22.6742 plmp2_1
5 0 112257 9 22.458233 plmp2_1
6 0 2808290 0 29.0349 plmp2_1
6 0 2808291 1 23.048685 plmp2_1
6 0 3214776 2 22.926609 plmp2_1
6 0 3191116 3 21.523191 plmp2_1
6 0 2801435 4 20.747168 plmp2_1
6 0 2808292 5 20.628538 plmp2_1
6 0 2812589 6 20.34502 plmp2_1
6 0 2959749 7 20.34502 plmp2_1
6 0 2771752 8 20.166792 plmp2_1
6 0 4162535 9 20.127968 plmp2_1
7 0 145715 0 23.656633 plmp2_1
7 0 118423 1 22.861996 plmp2_1
7 0 110932 2 22.275557 plmp2_1
7 0 134749 3 22.171366 plmp2_1
7 0 110923 4 21.893158 plmp2_1
7 0 147531 5 21.585405 plmp2_1
7 0 110018 6 21.516224 plmp2_1
7 0 3195892 7 21.281427 plmp2_1
7 0 112834 8 21.105738 plmp2_1
7 0 112827 9 20.815598 plmp2_1
8 0 110932 0 30.154276 plmp2_1
8 0 112174 1 30.018063 plmp2_1
8 0 145715 2 29.646523 plmp2_1
8 0 134749 3 28.877665 plmp2_1
8 0 145868 4 28.775927 plmp2_1
8 0 112827 5 28.494345 plmp2_1
8 0 112834 6 28.380077 plmp2_1
8 0 147531 7 28.241144 plmp2_1
8 0 2678467 8 28.032953 plmp2_1
8 0 2679202 9 28.032953 plmp2_1
9 0 2675751 0 39.254288 plmp2_1
9 0 118212 1 38.373447 plmp2_1
9 0 112230 2 37.646477 plmp2_1
9 0 127923 3 37.423206 plmp2_1
9 0 118423 4 37.280716 plmp2_1
9 0 109720 5 36.694637 plmp2_1
9 0 127887 6 36.220776 plmp2_1
9 0 110543 7 35.656757 plmp2_1
9 0 118011 8 35.014168 plmp2_1
9 0 111694 9 34.766453 plmp2_1
10 0 214949 0 41.004116 plmp2_1
10 0 215071 1 41.004116 plmp2_1
10 0 112423 2 40.7245 plmp2_1
10 0 147531 3 40.66654 plmp2_1
10 0 111500 4 40.592052 plmp2_1
10 0 4164892 5 39.872692 plmp2_1
10 0 118087 6 39.11189 plmp2_1
10 0 145794 7 37.784203 plmp2_1
10 0 112931 8 37.74977 plmp2_1
10 0 110974 9 36.997833 plmp2_1
11 0 118017 0 17.47388 plmp2_1
11 0 2672535 1 17.266994 plmp2_1
11 0 2742710 2 17.256924 plmp2_1
11 0 110593 3 17.087868 plmp2_1
11 0 2654277 4 16.707539 plmp2_1
11 0 2752078 5 16.662773 plmp2_1
11 0 3183080 6 16.499458 plmp2_1
11 0 1758 7 16.463158 plmp2_1
11 0 2675752 8 16.263187 plmp2_1
11 0 3171728 9 16.233273 plmp2_1
12 0 112024 0 21.995539 plmp2_1
12 0 109255 1 21.309752 plmp2_1
12 0 2672535 2 19.710062 plmp2_1
12 0 101524 3 19.634134 plmp2_1
12 0 3207860 4 19.444052 plmp2_1
12 0 118294 5 19.272148 plmp2_1
12 0 111537 6 19.231699 plmp2_1
12 0 112073 7 19.07516 plmp2_1
12 0 111576 8 18.912615 plmp2_1
12 0 110777 9 18.905022 plmp2_1
13 0 2642828 0 24.553026 plmp2_1
13 0 802973 1 23.825796 plmp2_1
13 0 803271 2 23.825796 plmp2_1
13 0 2959737 3 23.825796 plmp2_1
13 0 802770 4 23.585938 plmp2_1
13 0 2959730 5 22.367193 plmp2_1
13 0 145967 6 22.267962 plmp2_1
13 0 3171724 7 21.117723 plmp2_1
13 0 3177199 8 21.117723 plmp2_1
13 0 3177200 9 21.117723 plmp2_1
14 0 104211 0 16.45133 plmp2_1
14 0 2959754 1 15.481401 plmp2_1
14 0 145931 2 14.623475 plmp2_1
14 0 145974 3 14.486469 plmp2_1
14 0 145958 4 13.116174 plmp2_1
14 0 110870 5 13.033314 plmp2_1
14 0 105400 6 12.978148 plmp2_1
14 0 118263 7 12.80495 plmp2_1
14 0 107099 8 12.537227 plmp2_1
14 0 107189 9 12.520501 plmp2_1
15 0 4151822 0 53.85172 plmp2_1
15 0 2812588 1 52.3926 plmp2_1
15 0 4171965 2 41.477695 plmp2_1
15 0 2770446 3 39.272247 plmp2_1
15 0 4106440 4 22.506271 plmp2_1
15 0 111610 5 17.907284 plmp2_1
15 0 145817 6 17.412304 plmp2_1
15 0 177420 7 17.359594 plmp2_1
15 0 145954 8 16.967957 plmp2_1
15 0 2806207 9 16.208405 plmp2_1
16 0 4171965 0 27.204933 plmp2_1
16 0 4151817 1 22.866362 plmp2_1
16 0 4162936 2 22.721119 plmp2_1
16 0 4168362 3 22.24007 plmp2_1
16 0 4161362 4 21.82735 plmp2_1
16 0 4154238 5 20.995705 plmp2_1
16 0 4168364 6 20.939205 plmp2_1
16 0 4151822 7 20.815483 plmp2_1
16 0 4172497 8 20.769579 plmp2_1
16 0 4164892 9 20.69197 plmp2_1
17 0 103841 0 13.465698 plmp2_1
17 0 109396 1 13.19378 plmp2_1
17 0 109249 2 12.974741 plmp2_1
17 0 145119 3 12.94462 plmp2_1
17 0 118436 4 12.859786 plmp2_1
17 0 108902 5 12.819813 plmp2_1
17 0 205712 6 12.749306 plmp2_1
17 0 102585 7 12.670689 plmp2_1
17 0 99274 8 12.624577 plmp2_1
17 0 105979 9 12.532846 plmp2_1
18 0 145918 0 28.484997 plmp2_1
18 0 205712 1 27.137403 plmp2_1
18 0 148484 2 26.91288 plmp2_1
18 0 1431445 3 24.814117 plmp2_1
18 0 799969 4 24.442957 plmp2_1
18 0 620566 5 24.308481 plmp2_1
18 0 145763 6 24.0293 plmp2_1
18 0 145119 7 24.021679 plmp2_1
18 0 799972 8 23.865084 plmp2_1
18 0 2679558 9 23.773504 plmp2_1
19 0 2654533 0 43.106934 plmp2_1
19 0 2654756 1 43.106934 plmp2_1
19 0 206098 2 35.138153 plmp2_1
19 0 112775 3 34.358616 plmp2_1
19 0 4172500 4 33.45979 plmp2_1
19 0 219509 5 33.28055 plmp2_1
19 0 205712 6 33.235004 plmp2_1
19 0 2152 7 32.805103 plmp2_1
19 0 2654534 8 32.16955 plmp2_1
19 0 4151826 9 31.854364 plmp2_1
20 0 2654533 0 43.106934 plmp2_1
20 0 2654756 1 43.106934 plmp2_1
20 0 206098 2 35.138153 plmp2_1
20 0 112775 3 34.358616 plmp2_1
20 0 4172500 4 33.45979 plmp2_1
20 0 219509 5 33.28055 plmp2_1
20 0 205712 6 33.235004 plmp2_1
20 0 2152 7 32.805103 plmp2_1
20 0 2654534 8 32.16955 plmp2_1
20 0 4151826 9 31.854364 plmp2_1
21 0 2659300 0 33.746597 plmp2_1
21 0 117890 1 32.2075 plmp2_1
21 0 112799 2 31.93811 plmp2_1
21 0 118081 3 31.459723 plmp2_1
21 0 118119 4 30.22614 plmp2_1
21 0 108001 5 30.162146 plmp2_1
21 0 112512 6 28.58329 plmp2_1
21 0 118416 7 28.398495 plmp2_1
21 0 118039 8 27.674156 plmp2_1
21 0 867657 9 27.370802 plmp2_1
22 0 2659300 0 37.402767 plmp2_1
22 0 117890 1 35.596397 plmp2_1
22 0 112799 2 35.239563 plmp2_1
22 0 118081 3 34.641945 plmp2_1
22 0 118119 4 33.140602 plmp2_1
22 0 112512 5 31.322899 plmp2_1
22 0 118416 6 30.568989 plmp2_1
22 0 118039 7 29.910324 plmp2_1
22 0 867657 8 29.551641 plmp2_1
22 0 145925 9 29.444565 plmp2_1
23 0 1738 0 36.401825 plmp2_1
23 0 118449 1 28.915165 plmp2_1
23 0 2810525 2 28.103987 plmp2_1
23 0 2811847 3 28.103987 plmp2_1
23 0 112257 4 23.81946 plmp2_1
23 0 2801435 5 21.258497 plmp2_1
23 0 112810 6 20.586153 plmp2_1
23 0 4151832 7 19.748583 plmp2_1
23 0 118180 8 19.63143 plmp2_1
23 0 145738 9 19.005795 plmp2_1
24 0 1738 0 24.555653 plmp2_1
24 0 145778 1 14.056503 plmp2_1
24 0 110916 2 13.667492 plmp2_1
24 0 109265 3 12.859055 plmp2_1
24 0 112872 4 12.332945 plmp2_1
24 0 109698 5 11.901661 plmp2_1
24 0 109674 6 11.495392 plmp2_1
24 0 111318 7 11.182396 plmp2_1
24 0 91444 8 10.953227 plmp2_1
24 0 109699 9 10.811033 plmp2_1
25 0 112616 0 35.786827 plmp2_1
25 0 2655499 1 19.098186 plmp2_1
25 0 118021 2 18.36253 plmp2_1
25 0 2621067 3 18.13346 plmp2_1
25 0 821305 4 17.152866 plmp2_1
25 0 110318 5 15.541174 plmp2_1
25 0 2671723 6 15.290055 plmp2_1
25 0 117845 7 15.221092 plmp2_1
25 0 108315 8 15.109544 plmp2_1
25 0 3211503 9 14.277456 plmp2_1
26 0 112616 0 40.780693 plmp2_1
26 0 112724 1 37.23619 plmp2_1
26 0 145758 2 36.466537 plmp2_1
26 0 102987 3 36.262676 plmp2_1
26 0 117872 4 35.893875 plmp2_1
26 0 127899 5 34.718876 plmp2_1
26 0 112700 6 34.63558 plmp2_1
26 0 109989 7 34.59218 plmp2_1
26 0 1087946 8 34.543194 plmp2_1
26 0 118026 9 34.52783 plmp2_1
27 0 4157382 0 41.849365 plmp2_1
27 0 4157405 1 41.849365 plmp2_1
27 0 112346 2 37.123398 plmp2_1
27 0 111141 3 36.576324 plmp2_1
27 0 112523 4 33.981712 plmp2_1
27 0 111217 5 32.408524 plmp2_1
27 0 110384 6 32.40643 plmp2_1
27 0 112792 7 32.03866 plmp2_1
27 0 109101 8 29.725983 plmp2_1
27 0 107063 9 29.121983 plmp2_1
28 0 4157382 0 40.876434 plmp2_1
28 0 4157405 1 40.876434 plmp2_1
28 0 112346 2 34.1921 plmp2_1
28 0 111141 3 30.632267 plmp2_1
28 0 112523 4 25.43201 plmp2_1
28 0 109101 5 24.89275 plmp2_1
28 0 104855 6 23.287157 plmp2_1
28 0 1087666 7 23.050446 plmp2_1
28 0 112792 8 22.607082 plmp2_1
28 0 109621 9 21.97271 plmp2_1
29 0 626206 0 16.316214 plmp2_1
29 0 145843 1 16.269978 plmp2_1
29 0 104578 2 16.241938 plmp2_1
29 0 899483 3 16.228548 plmp2_1
29 0 4151826 4 16.168219 plmp2_1
29 0 112485 5 16.066933 plmp2_1
29 0 100286 6 16.04432 plmp2_1
29 0 145761 7 16.03928 plmp2_1
29 0 112190 8 16.038698 plmp2_1
29 0 111917 9 16.015892 plmp2_1
30 0 112704 0 42.243538 plmp2_1
30 0 218921 1 41.871803 plmp2_1
30 0 205788 2 40.799232 plmp2_1
30 0 118045 3 40.168293 plmp2_1
30 0 145841 4 39.9119 plmp2_1
30 0 137739 5 39.524387 plmp2_1
30 0 145708 6 39.355274 plmp2_1
30 0 145843 7 39.06765 plmp2_1
30 0 4151826 8 39.05474 plmp2_1
30 0 145796 9 37.639545 plmp2_1
31 0 2795279 0 30.363186 plmp2_1
31 0 100547 1 28.827824 plmp2_1
31 0 3195444 2 28.469957 plmp2_1
31 0 118023 3 27.553484 plmp2_1
31 0 104267 4 26.900732 plmp2_1
31 0 130144 5 26.58984 plmp2_1
31 0 112429 6 26.253807 plmp2_1
31 0 3171727 7 26.160929 plmp2_1
31 0 3177198 8 26.160929 plmp2_1
31 0 3177201 9 26.160929 plmp2_1
32 0 118458 0 17.950144 plmp2_1
32 0 109291 1 17.795944 plmp2_1
32 0 130149 2 17.581131 plmp2_1
32 0 118321 3 17.56041 plmp2_1
32 0 104623 4 17.516907 plmp2_1
32 0 118420 5 17.412859 plmp2_1
32 0 109505 6 17.40802 plmp2_1
32 0 108965 7 17.206003 plmp2_1
32 0 2621077 8 17.152214 plmp2_1
32 0 118427 9 17.077372 plmp2_1
33 0 2676594 0 30.25794 plmp2_1
33 0 2675753 1 29.858198 plmp2_1
33 0 2679204 2 29.858198 plmp2_1
33 0 2809767 3 27.852528 plmp2_1
33 0 2811850 4 27.852528 plmp2_1
33 0 121158 5 24.082098 plmp2_1
33 0 112325 6 23.988747 plmp2_1
33 0 137727 7 22.869837 plmp2_1
33 0 3205766 8 21.413338 plmp2_1
33 0 117187 9 20.576632 plmp2_1
34 0 2675753 0 78.57342 plmp2_1
34 0 2679204 1 78.57342 plmp2_1
34 0 2676594 2 78.56971 plmp2_1
34 0 2809767 3 76.517136 plmp2_1
34 0 2811850 4 76.517136 plmp2_1
34 0 136994 5 50.648857 plmp2_1
34 0 137727 6 43.709717 plmp2_1
34 0 3216389 7 40.026764 plmp2_1
34 0 121158 8 39.95734 plmp2_1
34 0 146985 9 37.0543 plmp2_1
35 0 2654532 0 21.773987 plmp2_1
35 0 821306 1 21.144337 plmp2_1
35 0 3214778 2 20.044933 plmp2_1
35 0 110101 3 19.962925 plmp2_1
35 0 109586 4 19.592234 plmp2_1
35 0 213843 5 19.407118 plmp2_1
35 0 214063 6 19.407118 plmp2_1
35 0 214467 7 19.407118 plmp2_1
35 0 149005 8 19.382362 plmp2_1
35 0 145851 9 18.887915 plmp2_1
36 0 100648 0 26.042675 plmp2_1
36 0 111192 1 25.132822 plmp2_1
36 0 145661 2 23.407446 plmp2_1
36 0 111777 3 23.403502 plmp2_1
36 0 111693 4 22.594095 plmp2_1
36 0 118142 5 22.402113 plmp2_1
36 0 88911 6 22.166227 plmp2_1
36 0 112476 7 21.520836 plmp2_1
36 0 110101 8 21.241508 plmp2_1
36 0 110752 9 21.186104 plmp2_1
37 0 4151829 0 27.179996 plmp2_1
37 0 118269 1 25.730782 plmp2_1
37 0 145731 2 25.628246 plmp2_1
37 0 112910 3 25.212505 plmp2_1
37 0 111982 4 25.16121 plmp2_1
37 0 145855 5 24.567694 plmp2_1
37 0 145629 6 24.047644 plmp2_1
37 0 1993216 7 24.046251 plmp2_1
37 0 110742 8 23.586935 plmp2_1
37 0 107652 9 23.351315 plmp2_1
38 0 4151829 0 47.210377 plmp2_1
38 0 145731 1 44.232765 plmp2_1
38 0 145855 2 43.732533 plmp2_1
38 0 118269 3 29.023363 plmp2_1
38 0 111982 4 27.212784 plmp2_1
38 0 145629 5 26.223793 plmp2_1
38 0 110742 6 26.207415 plmp2_1
38 0 110774 7 25.932777 plmp2_1
38 0 111261 8 25.298351 plmp2_1
38 0 112910 9 25.212505 plmp2_1
39 0 112568 0 37.588234 plmp2_1
39 0 112420 1 36.523197 plmp2_1
39 0 108442 2 35.35257 plmp2_1
39 0 111432 3 34.738464 plmp2_1
39 0 118192 4 32.91451 plmp2_1
39 0 107747 5 32.176743 plmp2_1
39 0 2959744 6 31.454319 plmp2_1
39 0 855518 7 31.454319 plmp2_1
39 0 118457 8 30.32033 plmp2_1
39 0 2674861 9 30.169102 plmp2_1
40 0 105200 0 40.359364 plmp2_1
40 0 621044 1 39.28545 plmp2_1
40 0 621090 2 39.28545 plmp2_1
40 0 2959739 3 39.28545 plmp2_1
40 0 2674861 4 36.920673 plmp2_1
40 0 2675754 5 36.920673 plmp2_1
40 0 1731 6 36.9184 plmp2_1
40 0 2959744 7 36.048325 plmp2_1
40 0 855518 8 36.048325 plmp2_1
40 0 96731 9 35.913654 plmp2_1
41 0 109186 0 35.094524 plmp2_1
41 0 112585 1 32.195553 plmp2_1
41 0 111198 2 31.87519 plmp2_1
41 0 111891 3 30.186958 plmp2_1
41 0 110660 4 29.62518 plmp2_1
41 0 2654533 5 29.1361 plmp2_1
41 0 2654756 6 29.1361 plmp2_1
41 0 110635 7 28.629955 plmp2_1
41 0 112257 8 28.434542 plmp2_1
41 0 217703 9 27.751896 plmp2_1
42 0 109186 0 35.094524 plmp2_1
42 0 2654533 1 32.24224 plmp2_1
42 0 2654756 2 32.24224 plmp2_1
42 0 112585 3 32.195553 plmp2_1
42 0 111198 4 31.87519 plmp2_1
42 0 111891 5 30.186958 plmp2_1
42 0 110660 6 29.62518 plmp2_1
42 0 110635 7 28.629955 plmp2_1
42 0 112257 8 28.434542 plmp2_1
42 0 217703 9 27.751896 plmp2_1
43 0 101906 0 35.588104 plmp2_1
43 0 2680590 1 30.58995 plmp2_1
43 0 2959745 2 30.58995 plmp2_1
43 0 112305 3 30.398073 plmp2_1
43 0 99904 4 28.874283 plmp2_1
43 0 95854 5 27.898706 plmp2_1
43 0 99953 6 27.224825 plmp2_1
43 0 89813 7 26.49745 plmp2_1
43 0 112920 8 26.405062 plmp2_1
43 0 85450 9 26.269337 plmp2_1
44 0 135284 0 13.729057 plmp2_1
44 0 92563 1 13.148494 plmp2_1
44 0 99616 2 13.079235 plmp2_1
44 0 92375 3 12.670679 plmp2_1
44 0 109785 4 12.202106 plmp2_1
44 0 93877 5 11.801191 plmp2_1
44 0 145064 6 11.551667 plmp2_1
44 0 123997 7 11.457546 plmp2_1
44 0 125742 8 11.457546 plmp2_1
44 0 96678 9 11.087627 plmp2_1
45 0 3181481 0 37.62933 plmp2_1
45 0 3204917 1 37.627758 plmp2_1
45 0 111754 2 29.709227 plmp2_1
45 0 4013905 3 28.770576 plmp2_1
45 0 3212514 4 28.319548 plmp2_1
45 0 3211501 5 28.312757 plmp2_1
45 0 4089982 6 28.008135 plmp2_1
45 0 219731 7 27.87258 plmp2_1
45 0 118496 8 27.849588 plmp2_1
45 0 107663 9 26.837889 plmp2_1
46 0 866024 0 83.92525 plmp2_1
46 0 858802 1 83.91493 plmp2_1
46 0 623145 2 57.05886 plmp2_1
46 0 3204917 3 56.678345 plmp2_1
46 0 2804673 4 53.484882 plmp2_1
46 0 150542 5 53.181564 plmp2_1
46 0 903971 6 48.839817 plmp2_1
46 0 2959742 7 48.839817 plmp2_1
46 0 218457 8 48.5184 plmp2_1
46 0 3216388 9 46.48396 plmp2_1
47 0 2674861 0 38.582947 plmp2_1
47 0 2675754 1 38.582947 plmp2_1
47 0 4151822 2 21.588856 plmp2_1
47 0 4164893 3 21.483004 plmp2_1
47 0 3170730 4 21.392254 plmp2_1
47 0 3177197 5 21.392254 plmp2_1
47 0 2803251 6 21.36301 plmp2_1
47 0 2679835 7 21.094072 plmp2_1
47 0 2147 8 20.832222 plmp2_1
47 0 3212516 9 20.744345 plmp2_1
48 0 2674861 0 51.185223 plmp2_1
48 0 2675754 1 51.185223 plmp2_1
48 0 96147 2 28.431906 plmp2_1
48 0 96612 3 24.629303 plmp2_1
48 0 103019 4 22.57106 plmp2_1
48 0 2518018 5 21.928398 plmp2_1
48 0 99491 6 21.701973 plmp2_1
48 0 92421 7 21.534431 plmp2_1
48 0 104250 8 21.207127 plmp2_1
48 0 91430 9 21.055517 plmp2_1
49 0 2810525 0 18.01782 plmp2_1
49 0 2811847 1 18.01782 plmp2_1
49 0 99017 2 15.954028 plmp2_1
49 0 101852 3 15.934376 plmp2_1
49 0 85125 4 15.521024 plmp2_1
49 0 95847 5 15.397846 plmp2_1
49 0 92656 6 15.064954 plmp2_1
49 0 99018 7 14.799164 plmp2_1
49 0 95414 8 14.674048 plmp2_1
49 0 99119 9 14.094314 plmp2_1
50 0 2789928 0 32.76711 plmp2_1
50 0 3216391 1 30.838772 plmp2_1
50 0 4151826 2 30.832832 plmp2_1
50 0 2771249 3 30.740572 plmp2_1
50 0 2803251 4 30.68124 plmp2_1
50 0 2789927 5 30.488184 plmp2_1
50 0 4162535 6 30.133894 plmp2_1
50 0 2801435 7 30.115551 plmp2_1
50 0 2809767 8 30.048195 plmp2_1
50 0 2811850 9 30.048195 plmp2_1
51 0 111908 0 22.051737 plmp2_1
51 0 107187 1 20.393639 plmp2_1
51 0 134741 2 20.049902 plmp2_1
51 0 100134 3 18.895393 plmp2_1
51 0 110222 4 18.62902 plmp2_1
51 0 112640 5 15.391577 plmp2_1
51 0 92777 6 15.248558 plmp2_1
51 0 109733 7 14.705271 plmp2_1
51 0 105869 8 14.61074 plmp2_1
51 0 106644 9 14.605376 plmp2_1
52 0 100134 0 17.068943 plmp2_1
52 0 111908 1 16.8603 plmp2_1
52 0 107187 2 16.781742 plmp2_1
52 0 110222 3 16.489035 plmp2_1
52 0 92777 4 16.185083 plmp2_1
52 0 97465 5 16.022852 plmp2_1
52 0 112931 6 15.638245 plmp2_1
52 0 112770 7 15.55656 plmp2_1
52 0 2768888 8 15.4573965 plmp2_1
52 0 112094 9 15.133173 plmp2_1
53 0 145792 0 36.071243 plmp2_1
53 0 2808291 1 31.344997 plmp2_1
53 0 108879 2 30.987064 plmp2_1
53 0 112677 3 30.92978 plmp2_1
53 0 1744 4 30.581833 plmp2_1
53 0 110419 5 27.379374 plmp2_1
53 0 118262 6 27.320736 plmp2_1
53 0 110153 7 26.683775 plmp2_1
53 0 145714 8 25.80234 plmp2_1
53 0 111911 9 25.75766 plmp2_1
54 0 145792 0 36.071243 plmp2_1
54 0 2808291 1 31.344997 plmp2_1
54 0 108879 2 30.987064 plmp2_1
54 0 112677 3 30.92978 plmp2_1
54 0 1744 4 30.581833 plmp2_1
54 0 110419 5 27.379374 plmp2_1
54 0 118262 6 27.320736 plmp2_1
54 0 110153 7 26.683775 plmp2_1
54 0 145714 8 25.80234 plmp2_1
54 0 111911 9 25.75766 plmp2_1
55 0 4154603 0 70.56445 plmp2_1
55 0 145855 1 50.21176 plmp2_1
55 0 145731 2 49.53462 plmp2_1
55 0 145629 3 36.05219 plmp2_1
55 0 112910 4 35.20721 plmp2_1
55 0 118269 5 32.681976 plmp2_1
55 0 111261 6 27.056509 plmp2_1
55 0 110774 7 25.617586 plmp2_1
55 0 111420 8 24.611073 plmp2_1
55 0 111982 9 22.902874 plmp2_1
56 0 4154603 0 77.11428 plmp2_1
56 0 145731 1 51.89057 plmp2_1
56 0 145855 2 50.21176 plmp2_1
56 0 112910 3 41.003716 plmp2_1
56 0 145629 4 38.98682 plmp2_1
56 0 118269 5 37.81122 plmp2_1
56 0 110774 6 27.247816 plmp2_1
56 0 111261 7 27.056509 plmp2_1
56 0 1993216 8 25.56483 plmp2_1
56 0 111420 9 24.611073 plmp2_1
57 0 117856 0 26.456451 plmp2_1
57 0 800859 1 26.093592 plmp2_1
57 0 802408 2 25.069921 plmp2_1
57 0 87781 3 21.930578 plmp2_1
57 0 800569 4 21.512648 plmp2_1
57 0 867644 5 20.68637 plmp2_1
57 0 105014 6 20.431376 plmp2_1
57 0 117831 7 20.187365 plmp2_1
57 0 2803250 8 20.131922 plmp2_1
57 0 118089 9 19.972086 plmp2_1
58 0 145735 0 36.537422 plmp2_1
58 0 106179 1 30.767769 plmp2_1
58 0 108547 2 30.090622 plmp2_1
58 0 145800 3 28.225922 plmp2_1
58 0 112467 4 28.063147 plmp2_1
58 0 110330 5 27.2714 plmp2_1
58 0 106848 6 27.03885 plmp2_1
58 0 104832 7 26.685621 plmp2_1
58 0 4172497 8 26.671047 plmp2_1
58 0 217702 9 25.846622 plmp2_1
59 0 2788983 0 71.65863 plmp2_1
59 0 4170685 1 71.60684 plmp2_1
59 0 118129 2 64.170906 plmp2_1
59 0 118422 3 63.97656 plmp2_1
59 0 118040 4 63.2948 plmp2_1
59 0 118037 5 61.525936 plmp2_1
59 0 117968 6 61.283825 plmp2_1
59 0 145627 7 59.78642 plmp2_1
59 0 134735 8 56.976147 plmp2_1
59 0 1087691 9 55.45732 plmp2_1
60 0 621195 0 76.57646 plmp2_1
60 0 621270 1 76.57646 plmp2_1
60 0 118334 2 75.446785 plmp2_1
60 0 3195891 3 72.86408 plmp2_1
60 0 4170685 4 70.97914 plmp2_1
60 0 130158 5 70.59901 plmp2_1
60 0 118129 6 70.38583 plmp2_1
60 0 110510 7 69.72624 plmp2_1
60 0 127905 8 69.40698 plmp2_1
60 0 117968 9 69.22241 plmp2_1
61 0 2812210 0 32.96624 plmp2_1
61 0 3195092 1 30.590153 plmp2_1
61 0 118109 2 27.933874 plmp2_1
61 0 218457 3 24.559128 plmp2_1
61 0 145743 4 23.825077 plmp2_1
61 0 112746 5 22.746145 plmp2_1
61 0 117875 6 22.7345 plmp2_1
61 0 104890 7 22.441324 plmp2_1
61 0 112084 8 22.372316 plmp2_1
61 0 107147 9 22.282892 plmp2_1
62 0 118381 0 18.040007 plmp2_1
62 0 145632 1 17.871931 plmp2_1
62 0 112485 2 17.484219 plmp2_1
62 0 118200 3 17.413548 plmp2_1
62 0 110525 4 17.338053 plmp2_1
62 0 111934 5 17.196033 plmp2_1
62 0 111340 6 17.153154 plmp2_1
62 0 137739 7 17.135914 plmp2_1
62 0 127930 8 17.09073 plmp2_1
62 0 111018 9 17.01684 plmp2_1
63 0 145936 0 19.325161 plmp2_1
63 0 3007018 1 17.535164 plmp2_1
63 0 118186 2 17.138874 plmp2_1
63 0 105373 3 15.374571 plmp2_1
63 0 100762 4 15.367225 plmp2_1
63 0 2528498 5 15.203825 plmp2_1
63 0 134724 6 15.1592245 plmp2_1
63 0 112721 7 14.923285 plmp2_1
63 0 91054 8 14.711117 plmp2_1
63 0 103647 9 14.684376 plmp2_1
64 0 110645 0 31.389072 plmp2_1
64 0 2758568 1 30.814684 plmp2_1
64 0 112056 2 27.871073 plmp2_1
64 0 108951 3 27.535984 plmp2_1
64 0 112371 4 27.172743 plmp2_1
64 0 108662 5 26.99486 plmp2_1
64 0 111660 6 26.938097 plmp2_1
64 0 102061 7 26.737633 plmp2_1
64 0 105359 8 26.365574 plmp2_1
64 0 110463 9 25.456339 plmp2_1
65 0 118123 0 54.981255 plmp2_1
65 0 150540 1 35.122982 plmp2_1
65 0 110645 2 33.41302 plmp2_1
65 0 218667 3 30.261274 plmp2_1
65 0 112441 4 30.098173 plmp2_1
65 0 149286 5 29.816587 plmp2_1
65 0 3211501 6 29.502325 plmp2_1
65 0 105029 7 29.352959 plmp2_1
65 0 112355 8 28.715227 plmp2_1
65 0 149285 9 28.384277 plmp2_1
66 0 3211501 0 49.422604 plmp2_1
66 0 145867 1 46.61248 plmp2_1
66 0 111632 2 42.81952 plmp2_1
66 0 112935 3 39.12868 plmp2_1
66 0 143378 4 38.91485 plmp2_1
66 0 218667 5 37.54976 plmp2_1
66 0 112106 6 36.387295 plmp2_1
66 0 134921 7 34.206932 plmp2_1
66 0 118495 8 33.02198 plmp2_1
66 0 110645 9 32.422874 plmp2_1
67 0 867645 0 38.736465 plmp2_1
67 0 145800 1 38.01769 plmp2_1
67 0 110330 2 34.984028 plmp2_1
67 0 97893 3 34.53443 plmp2_1
67 0 88756 4 33.951004 plmp2_1
67 0 93847 5 32.722496 plmp2_1
67 0 99090 6 32.594376 plmp2_1
67 0 97584 7 32.51443 plmp2_1
67 0 94177 8 32.149788 plmp2_1
67 0 145673 9 32.058273 plmp2_1
68 0 867645 0 36.744957 plmp2_1
68 0 145800 1 36.086143 plmp2_1
68 0 110330 2 33.20454 plmp2_1
68 0 97893 3 32.350636 plmp2_1
68 0 88756 4 31.792665 plmp2_1
68 0 93847 5 30.893229 plmp2_1
68 0 145673 6 30.517244 plmp2_1
68 0 99090 7 30.46733 plmp2_1
68 0 97584 8 30.391542 plmp2_1
68 0 94177 9 29.97736 plmp2_1
69 0 117927 0 35.065784 plmp2_1
69 0 110068 1 34.683273 plmp2_1
69 0 111709 2 34.23485 plmp2_1
69 0 118111 3 33.602474 plmp2_1
69 0 112534 4 33.58711 plmp2_1
69 0 109835 5 33.58385 plmp2_1
69 0 110927 6 33.54459 plmp2_1
69 0 799995 7 33.470432 plmp2_1
69 0 110881 8 33.190907 plmp2_1
69 0 118363 9 33.137047 plmp2_1
70 0 110068 0 43.15173 plmp2_1
70 0 118111 1 42.859955 plmp2_1
70 0 109835 2 41.838444 plmp2_1
70 0 117927 3 41.03709 plmp2_1
70 0 110881 4 40.88906 plmp2_1
70 0 110927 5 40.32531 plmp2_1
70 0 136989 6 40.07622 plmp2_1
70 0 111709 7 39.95096 plmp2_1
70 0 118363 8 39.829998 plmp2_1
70 0 110718 9 39.43173 plmp2_1
71 0 112823 0 38.505608 plmp2_1
71 0 112904 1 37.241455 plmp2_1
71 0 118052 2 36.910175 plmp2_1
71 0 118005 3 33.576828 plmp2_1
71 0 88803 4 32.54665 plmp2_1
71 0 112797 5 32.3385 plmp2_1
71 0 109026 6 31.795656 plmp2_1
71 0 89375 7 31.763313 plmp2_1
71 0 118234 8 31.74207 plmp2_1
71 0 3189783 9 31.319267 plmp2_1
72 0 112823 0 38.505608 plmp2_1
72 0 112904 1 37.241455 plmp2_1
72 0 118052 2 36.910175 plmp2_1
72 0 118005 3 33.576828 plmp2_1
72 0 88803 4 32.54665 plmp2_1
72 0 112797 5 32.3385 plmp2_1
72 0 109026 6 31.795656 plmp2_1
72 0 89375 7 31.763313 plmp2_1
72 0 118234 8 31.74207 plmp2_1
72 0 3189783 9 31.319267 plmp2_1
73 0 108729 0 15.473241 plmp2_1
73 0 106577 1 15.342612 plmp2_1
73 0 800858 2 15.266813 plmp2_1
73 0 109550 3 15.090999 plmp2_1
73 0 108469 4 15.06568 plmp2_1
73 0 107464 5 14.934061 plmp2_1
73 0 109893 6 14.92061 plmp2_1
73 0 104660 7 14.6248455 plmp2_1
73 0 109666 8 14.560806 plmp2_1
73 0 108264 9 14.377933 plmp2_1
74 0 112774 0 24.699253 plmp2_1
74 0 130162 1 23.062107 plmp2_1
74 0 803268 2 22.732641 plmp2_1
74 0 110398 3 22.553352 plmp2_1
74 0 110798 4 22.471659 plmp2_1
74 0 150541 5 22.263723 plmp2_1
74 0 130149 6 22.091702 plmp2_1
74 0 2804674 7 22.020271 plmp2_1
74 0 112902 8 21.971851 plmp2_1
74 0 111946 9 21.42138 plmp2_1
75 0 93534 0 32.060635 plmp2_1
75 0 90423 1 30.809486 plmp2_1
75 0 108011 2 30.527958 plmp2_1
75 0 92916 3 30.463802 plmp2_1
75 0 87646 4 29.784029 plmp2_1
75 0 92470 5 28.039694 plmp2_1
75 0 96318 6 27.56886 plmp2_1
75 0 89282 7 27.545963 plmp2_1
75 0 100360 8 27.40485 plmp2_1
75 0 110415 9 27.371498 plmp2_1
76 0 2679833 0 34.70093 plmp2_1
76 0 2680440 1 34.70093 plmp2_1
76 0 2672526 2 33.615417 plmp2_1
76 0 2674863 3 33.615417 plmp2_1
76 0 145652 4 33.35766 plmp2_1
76 0 2670966 5 31.017214 plmp2_1
76 0 108900 6 29.667713 plmp2_1
76 0 2672210 7 29.127766 plmp2_1
76 0 2654755 8 29.127766 plmp2_1
76 0 1740 9 26.92482 plmp2_1
77 0 112726 0 38.91562 plmp2_1
77 0 145817 1 38.18198 plmp2_1
77 0 4151822 2 35.182045 plmp2_1
77 0 111455 3 34.97153 plmp2_1
77 0 1087693 4 34.119343 plmp2_1
77 0 2812588 5 33.033676 plmp2_1
77 0 111029 6 32.807667 plmp2_1
77 0 134747 7 32.604794 plmp2_1
77 0 145647 8 31.421902 plmp2_1
77 0 111346 9 28.806942 plmp2_1
78 0 145632 0 17.491457 plmp2_1
78 0 101362 1 15.868971 plmp2_1
78 0 2812588 2 15.103344 plmp2_1
78 0 112255 3 14.522961 plmp2_1
78 0 99736 4 13.827028 plmp2_1
78 0 94531 5 13.480613 plmp2_1
78 0 106964 6 13.392095 plmp2_1
78 0 112097 7 13.368984 plmp2_1
78 0 110128 8 13.364172 plmp2_1
78 0 802973 9 13.319994 plmp2_1
79 0 111470 0 51.08208 plmp2_1
79 0 111009 1 51.080933 plmp2_1
79 0 118143 2 49.11569 plmp2_1
79 0 110221 3 26.765453 plmp2_1
79 0 107367 4 24.491287 plmp2_1
79 0 118246 5 23.298916 plmp2_1
79 0 110183 6 22.524965 plmp2_1
79 0 106722 7 22.484829 plmp2_1
79 0 111412 8 22.482664 plmp2_1
79 0 101909 9 22.276375 plmp2_1
80 0 111009 0 62.7639 plmp2_1
80 0 111470 1 60.38755 plmp2_1
80 0 118143 2 56.08187 plmp2_1
80 0 145859 3 39.894398 plmp2_1
80 0 110221 4 37.293274 plmp2_1
80 0 109342 5 35.4625 plmp2_1
80 0 626054 6 34.532093 plmp2_1
80 0 2680438 7 33.203125 plmp2_1
80 0 111964 8 32.925205 plmp2_1
80 0 106328 9 32.72532 plmp2_1
81 0 148484 0 40.349964 plmp2_1
81 0 112440 1 31.937754 plmp2_1
81 0 122253 2 25.993757 plmp2_1
81 0 117833 3 21.968708 plmp2_1
81 0 118445 4 20.9553 plmp2_1
81 0 145121 5 18.96328 plmp2_1
81 0 127984 6 16.037502 plmp2_1
81 0 135955 7 15.3515625 plmp2_1
81 0 118964 8 15.080078 plmp2_1
81 0 135345 9 15.080078 plmp2_1
82 0 145865 0 42.793743 plmp2_1
82 0 2803250 1 40.725853 plmp2_1
82 0 118126 2 40.086735 plmp2_1
82 0 127900 3 40.04904 plmp2_1
82 0 799981 4 39.957607 plmp2_1
82 0 1726 5 38.44471 plmp2_1
82 0 118368 6 37.726753 plmp2_1
82 0 216735 7 37.55825 plmp2_1
82 0 216806 8 37.55825 plmp2_1
82 0 3213871 9 26.901289 plmp2_1
83 0 145859 0 46.90837 plmp2_1
83 0 110289 1 37.36735 plmp2_1
83 0 112922 2 33.440144 plmp2_1
83 0 110961 3 30.513525 plmp2_1
83 0 112368 4 28.484388 plmp2_1
83 0 112590 5 27.739716 plmp2_1
83 0 111093 6 27.393456 plmp2_1
83 0 799978 7 26.985565 plmp2_1
83 0 111103 8 26.924322 plmp2_1
83 0 145870 9 26.906363 plmp2_1
84 0 145859 0 46.90837 plmp2_1
84 0 110289 1 37.36735 plmp2_1
84 0 112922 2 33.440144 plmp2_1
84 0 110961 3 30.513525 plmp2_1
84 0 112368 4 28.484388 plmp2_1
84 0 112590 5 27.739716 plmp2_1
84 0 111093 6 27.393456 plmp2_1
84 0 799978 7 26.985565 plmp2_1
84 0 111103 8 26.924322 plmp2_1
84 0 145870 9 26.906363 plmp2_1
85 0 802973 0 39.708195 plmp2_1
85 0 803271 1 39.708195 plmp2_1
85 0 2959737 2 39.708195 plmp2_1
85 0 3177199 3 36.360878 plmp2_1
85 0 3171724 4 36.273735 plmp2_1
85 0 3177200 5 36.273735 plmp2_1
85 0 4151826 6 34.682568 plmp2_1
85 0 872994 7 32.34197 plmp2_1
85 0 3205766 8 31.971218 plmp2_1
85 0 149653 9 31.510204 plmp2_1
86 0 3205766 0 28.849545 plmp2_1
86 0 802973 1 28.4635 plmp2_1
86 0 803271 2 28.4635 plmp2_1
86 0 2959737 3 28.4635 plmp2_1
86 0 3171724 4 27.973991 plmp2_1
86 0 3177199 5 27.973991 plmp2_1
86 0 3177200 6 27.973991 plmp2_1
86 0 3216388 7 21.959923 plmp2_1
86 0 4151826 8 21.668816 plmp2_1
86 0 3181481 9 21.577667 plmp2_1
87 0 85160 0 10.002407 plmp2_1
87 0 106970 1 9.931418 plmp2_1
87 0 97356 2 9.929461 plmp2_1
87 0 84759 3 9.910907 plmp2_1
87 0 84800 4 9.901281 plmp2_1
87 0 96086 5 9.884305 plmp2_1
87 0 108247 6 9.872223 plmp2_1
87 0 97326 7 9.865141 plmp2_1
87 0 85330 8 9.856664 plmp2_1
87 0 1960562 9 9.850329 plmp2_1
88 0 1756 0 26.22915 plmp2_1
88 0 145897 1 26.164764 plmp2_1
88 0 1742 2 25.062424 plmp2_1
88 0 145839 3 23.338902 plmp2_1
88 0 182992 4 23.004704 plmp2_1
88 0 118339 5 22.831484 plmp2_1
88 0 182991 6 22.587448 plmp2_1
88 0 112807 7 22.400795 plmp2_1
88 0 88985 8 22.02858 plmp2_1
88 0 111801 9 21.978455 plmp2_1
89 0 2770446 0 61.42187 plmp2_1
89 0 4151822 1 59.102898 plmp2_1
89 0 2812588 2 55.122623 plmp2_1
89 0 4162110 3 41.13379 plmp2_1
89 0 145817 4 41.01626 plmp2_1
89 0 134747 5 38.804504 plmp2_1
89 0 145647 6 38.696426 plmp2_1
89 0 145954 7 31.506824 plmp2_1
89 0 111029 8 28.112513 plmp2_1
89 0 1087693 9 27.571936 plmp2_1
90 0 2812588 0 48.64573 plmp2_1
90 0 145626 1 47.08814 plmp2_1
90 0 118054 2 43.992306 plmp2_1
90 0 3181025 3 40.951565 plmp2_1
90 0 2680439 4 39.828278 plmp2_1
90 0 109921 5 38.61694 plmp2_1
90 0 110518 6 38.4087 plmp2_1
90 0 130150 7 37.575417 plmp2_1
90 0 111913 8 37.13965 plmp2_1
90 0 109718 9 36.956654 plmp2_1
91 0 3212514 0 61.212765 plmp2_1
91 0 1087959 1 34.462624 plmp2_1
91 0 118507 2 34.046257 plmp2_1
91 0 110249 3 32.19795 plmp2_1
91 0 109243 4 28.543644 plmp2_1
91 0 110032 5 28.367872 plmp2_1
91 0 1087955 6 28.152592 plmp2_1
91 0 111622 7 27.594345 plmp2_1
91 0 2621078 8 27.412964 plmp2_1
91 0 94479 9 27.336687 plmp2_1
92 0 3212514 0 58.290394 plmp2_1
92 0 118507 1 31.923887 plmp2_1
92 0 1087959 2 31.602747 plmp2_1
92 0 110249 3 29.242418 plmp2_1
92 0 110032 4 28.367872 plmp2_1
92 0 109243 5 26.556435 plmp2_1
92 0 1087955 6 25.93269 plmp2_1
92 0 109414 7 25.75606 plmp2_1
92 0 106091 8 25.51569 plmp2_1
92 0 118243 9 25.470179 plmp2_1
93 0 2788983 0 43.845314 plmp2_1
93 0 4151827 1 35.91179 plmp2_1
93 0 3195891 2 34.859974 plmp2_1
93 0 117874 3 32.64121 plmp2_1
93 0 130158 4 32.59119 plmp2_1
93 0 110877 5 31.90156 plmp2_1
93 0 118107 6 31.835293 plmp2_1
93 0 931614 7 31.567179 plmp2_1
93 0 112818 8 31.479685 plmp2_1
93 0 111736 9 31.262033 plmp2_1
94 0 2788983 0 40.497463 plmp2_1
94 0 117874 1 39.239902 plmp2_1
94 0 931614 2 38.337963 plmp2_1
94 0 117876 3 37.25314 plmp2_1
94 0 118129 4 37.1346 plmp2_1
94 0 111736 5 36.631508 plmp2_1
94 0 117968 6 36.574265 plmp2_1
94 0 109610 7 36.519905 plmp2_1
94 0 110510 8 36.502747 plmp2_1
94 0 112818 9 36.417175 plmp2_1
95 0 105495 0 35.811874 plmp2_1
95 0 108555 1 34.874897 plmp2_1
95 0 106171 2 33.804756 plmp2_1
95 0 107232 3 32.76205 plmp2_1
95 0 107475 4 23.239473 plmp2_1
95 0 103631 5 22.264112 plmp2_1
95 0 106073 6 21.103909 plmp2_1
95 0 86596 7 21.076393 plmp2_1
95 0 104671 8 20.363485 plmp2_1
95 0 101996 9 19.4555 plmp2_1
96 0 94014 0 21.983105 plmp2_1
96 0 94316 1 21.768261 plmp2_1
96 0 93789 2 21.626202 plmp2_1
96 0 96542 3 21.408113 plmp2_1
96 0 92705 4 21.380924 plmp2_1
96 0 103631 5 21.27211 plmp2_1
96 0 100134 6 21.094303 plmp2_1
96 0 97133 7 21.076122 plmp2_1
96 0 96850 8 21.019438 plmp2_1
96 0 90408 9 21.01614 plmp2_1
97 0 112101 0 48.651344 plmp2_1
97 0 111922 1 42.486263 plmp2_1
97 0 820748 2 23.667362 plmp2_1
97 0 112574 3 23.557423 plmp2_1
97 0 2655597 4 23.145365 plmp2_1
97 0 146554 5 22.150164 plmp2_1
97 0 117959 6 21.391212 plmp2_1
97 0 112247 7 21.339653 plmp2_1
97 0 136993 8 18.932465 plmp2_1
97 0 100793 9 18.376509 plmp2_1
98 0 118065 0 12.698451 plmp2_1
98 0 108376 1 12.585159 plmp2_1
98 0 111684 2 12.398374 plmp2_1
98 0 108849 3 11.086149 plmp2_1
98 0 111821 4 10.656766 plmp2_1
98 0 118467 5 10.245153 plmp2_1
98 0 1283337 6 10.072543 plmp2_1
98 0 2769806 7 10.05346 plmp2_1
98 0 3213872 8 9.881699 plmp2_1
98 0 111736 9 9.615613 plmp2_1
99 0 112267 0 44.917347 plmp2_1
99 0 111884 1 32.712425 plmp2_1
99 0 110552 2 21.408157 plmp2_1
99 0 109673 3 18.667263 plmp2_1
99 0 118121 4 18.548769 plmp2_1
99 0 110578 5 18.405077 plmp2_1
99 0 109976 6 17.995274 plmp2_1
99 0 112033 7 16.775326 plmp2_1
99 0 109569 8 16.423653 plmp2_1
99 0 102592 9 15.921065 plmp2_1
100 0 112267 0 56.528618 plmp2_1
100 0 111884 1 53.64063 plmp2_1
100 0 102906 2 52.098846 plmp2_1
100 0 112033 3 49.86301 plmp2_1
100 0 108405 4 47.230278 plmp2_1
100 0 104883 5 44.16751 plmp2_1
100 0 102592 6 41.42699 plmp2_1
100 0 111381 7 40.59413 plmp2_1
100 0 102294 8 40.19544 plmp2_1
100 0 103125 9 39.94179 plmp2_1
