1 0 3204919 0 80.65216 plmp7_2
1 0 2649076 1 73.670074 plmp7_2
1 0 4164893 2 68.89947 plmp7_2
1 0 2809767 3 66.72458 plmp7_2
1 0 2811850 4 66.72458 plmp7_2
1 0 149702 5 66.51453 plmp7_2
1 0 3177197 6 64.2404 plmp7_2
1 0 3170730 7 64.212776 plmp7_2
1 0 2812210 8 63.681644 plmp7_2
1 0 219733 9 63.081135 plmp7_2
2 0 103631 0 74.59533 plmp7_2
2 0 145692 1 69.65429 plmp7_2
2 0 103549 2 69.45591 plmp7_2
2 0 104671 3 66.9908 plmp7_2
2 0 104571 4 64.84883 plmp7_2
2 0 108555 5 63.852795 plmp7_2
2 0 105116 6 59.096638 plmp7_2
2 0 4170684 7 58.97925 plmp7_2
2 0 96850 8 58.409027 plmp7_2
2 0 93789 9 58.21507 plmp7_2
3 0 3162143 0 94.91523 plmp7_2
3 0 215496 1 87.89367 plmp7_2
3 0 215694 2 87.89367 plmp7_2
3 0 2959735 3 87.892624 plmp7_2
3 0 118475 4 85.234634 plmp7_2
3 0 145890 5 83.3288 plmp7_2
3 0 130157 6 83.176384 plmp7_2
3 0 112584 7 80.51723 plmp7_2
3 0 118394 8 79.37613 plmp7_2
3 0 117907 9 78.908394 plmp7_2
4 0 215694 0 203.39499 plmp7_2
4 0 2959735 1 203.39291 plmp7_2
4 0 215496 2 203.37642 plmp7_2
4 0 3162143 3 177.0765 plmp7_2
4 0 623142 4 172.69113 plmp7_2
4 0 118029 5 171.10493 plmp7_2
4 0 149007 6 155.32632 plmp7_2
4 0 903973 7 146.98117 plmp7_2
4 0 78783 8 128.85316 plmp7_2
4 0 111920 9 126.396965 plmp7_2
5 0 2672209 0 64.69051 plmp7_2
5 0 2657779 1 64.69051 plmp7_2
5 0 145652 2 63.697502 plmp7_2
5 0 110831 3 62.773907 plmp7_2
5 0 110056 4 62.34616 plmp7_2
5 0 1740 5 62.29711 plmp7_2
5 0 183480 6 58.4105 plmp7_2
5 0 112708 7 57.784527 plmp7_2
5 0 118217 8 55.11175 plmp7_2
5 0 131163 9 54.24629 plmp7_2
6 0 110654 0 118.28818 plmp7_2
6 0 110056 1 92.25758 plmp7_2
6 0 183480 2 84.31761 plmp7_2
6 0 111258 3 73.21623 plmp7_2
6 0 3203656 4 73.18109 plmp7_2
6 0 3206414 5 73.18109 plmp7_2
6 0 111114 6 72.94364 plmp7_2
6 0 117932 7 71.999825 plmp7_2
6 0 110789 8 59.79857 plmp7_2
6 0 111661 9 55.279728 plmp7_2
7 0 2672535 0 48.59144 plmp7_2
7 0 134749 1 45.283012 plmp7_2
7 0 147530 2 44.935314 plmp7_2
7 0 147531 3 44.929245 plmp7_2
7 0 219733 4 44.48715 plmp7_2
7 0 220342 5 44.48715 plmp7_2
7 0 118511 6 44.453693 plmp7_2
7 0 3195892 7 44.253376 plmp7_2
7 0 2678467 8 44.13503 plmp7_2
7 0 2679202 9 44.13503 plmp7_2
8 0 134749 0 105.160774 plmp7_2
8 0 112174 1 104.14507 plmp7_2
8 0 145868 2 94.35693 plmp7_2
8 0 145715 3 92.86695 plmp7_2
8 0 112834 4 89.06284 plmp7_2
8 0 147531 5 88.360435 plmp7_2
8 0 2678467 6 82.79151 plmp7_2
8 0 2679202 7 82.79151 plmp7_2
8 0 2959746 8 82.79151 plmp7_2
8 0 110932 9 82.63873 plmp7_2
9 0 2675751 0 105.58495 plmp7_2
9 0 854177 1 103.19912 plmp7_2
9 0 147530 2 95.688416 plmp7_2
9 0 145678 3 92.90064 plmp7_2
9 0 118212 4 91.94659 plmp7_2
9 0 112931 5 91.28045 plmp7_2
9 0 118317 6 90.84114 plmp7_2
9 0 112641 7 89.36747 plmp7_2
9 0 2679557 8 86.68618 plmp7_2
9 0 118504 9 85.8406 plmp7_2
10 0 111500 0 117.723076 plmp7_2
10 0 118087 1 115.994064 plmp7_2
10 0 112423 2 110.224495 plmp7_2
10 0 147531 3 108.097374 plmp7_2
10 0 118236 4 106.631165 plmp7_2
10 0 112657 5 104.59153 plmp7_2
10 0 214949 6 103.26873 plmp7_2
10 0 215071 7 103.26873 plmp7_2
10 0 134743 8 103.01849 plmp7_2
10 0 118504 9 101.84573 plmp7_2
11 0 2810524 0 70.772385 plmp7_2
11 0 2811846 1 70.772385 plmp7_2
11 0 145960 2 62.61844 plmp7_2
11 0 217512 3 61.63142 plmp7_2
11 0 873668 4 61.172043 plmp7_2
11 0 2670966 5 60.8809 plmp7_2
11 0 802770 6 60.685135 plmp7_2
11 0 2812210 7 60.40122 plmp7_2
11 0 3007018 8 60.320736 plmp7_2
11 0 4151830 9 60.2749 plmp7_2
12 0 2672535 0 85.54341 plmp7_2
12 0 3207860 1 62.579216 plmp7_2
12 0 3153112 2 59.496117 plmp7_2
12 0 183479 3 57.13039 plmp7_2
12 0 3211503 4 56.358395 plmp7_2
12 0 3216389 5 55.626923 plmp7_2
12 0 3204919 6 55.40667 plmp7_2
12 0 2790213 7 55.340107 plmp7_2
12 0 4151830 8 55.32985 plmp7_2
12 0 3181025 9 54.28616 plmp7_2
13 0 2812588 0 84.5728 plmp7_2
13 0 4162111 1 75.27622 plmp7_2
13 0 802973 2 74.72468 plmp7_2
13 0 803271 3 74.72468 plmp7_2
13 0 2959737 4 74.72468 plmp7_2
13 0 145967 5 74.02525 plmp7_2
13 0 2642828 6 73.21051 plmp7_2
13 0 2959730 7 69.57458 plmp7_2
13 0 150543 8 67.63922 plmp7_2
13 0 2959732 9 67.63922 plmp7_2
14 0 614392 0 52.447163 plmp7_2
14 0 614485 1 52.447163 plmp7_2
14 0 2812588 2 50.823933 plmp7_2
14 0 2153 3 49.056404 plmp7_2
14 0 108730 4 48.316807 plmp7_2
14 0 118296 5 46.19293 plmp7_2
14 0 124715 6 45.712955 plmp7_2
14 0 1921234 7 45.009464 plmp7_2
14 0 2670965 8 44.78819 plmp7_2
14 0 111330 9 44.311684 plmp7_2
15 0 2812588 0 127.015434 plmp7_2
15 0 4151822 1 113.361244 plmp7_2
15 0 2770446 2 90.7093 plmp7_2
15 0 2809767 3 79.51059 plmp7_2
15 0 2811850 4 79.51059 plmp7_2
15 0 4171965 5 78.299126 plmp7_2
15 0 2771249 6 77.415726 plmp7_2
15 0 2812210 7 73.05969 plmp7_2
15 0 4155979 8 70.66062 plmp7_2
15 0 2812587 9 69.51658 plmp7_2
16 0 4151822 0 116.071396 plmp7_2
16 0 2812588 1 86.999176 plmp7_2
16 0 2770446 2 79.42577 plmp7_2
16 0 4171965 3 74.31092 plmp7_2
16 0 145817 4 73.485916 plmp7_2
16 0 134747 5 64.91553 plmp7_2
16 0 4151830 6 63.175365 plmp7_2
16 0 3209687 7 62.078926 plmp7_2
16 0 3170728 8 62.012737 plmp7_2
16 0 1921234 9 61.28585 plmp7_2
17 0 148484 0 48.397995 plmp7_2
17 0 4161362 1 46.878345 plmp7_2
17 0 813289 2 46.671085 plmp7_2
17 0 111122 3 46.63939 plmp7_2
17 0 2771249 4 46.60363 plmp7_2
17 0 117987 5 46.481728 plmp7_2
17 0 145865 6 45.72979 plmp7_2
17 0 625847 7 45.150997 plmp7_2
17 0 620566 8 45.02368 plmp7_2
17 0 109218 9 44.861237 plmp7_2
18 0 205712 0 126.58014 plmp7_2
18 0 148484 1 111.9857 plmp7_2
18 0 620566 2 100.98657 plmp7_2
18 0 1753 3 96.17306 plmp7_2
18 0 217512 4 94.59512 plmp7_2
18 0 131156 5 94.31061 plmp7_2
18 0 2795703 6 92.22281 plmp7_2
18 0 2797292 7 92.22281 plmp7_2
18 0 206097 8 92.04181 plmp7_2
18 0 219106 9 91.666824 plmp7_2
19 0 2654533 0 138.60422 plmp7_2
19 0 2654756 1 138.60422 plmp7_2
19 0 4172500 2 97.56662 plmp7_2
19 0 4151826 3 96.50778 plmp7_2
19 0 4151825 4 96.428 plmp7_2
19 0 2670966 5 93.85679 plmp7_2
19 0 118018 6 93.84085 plmp7_2
19 0 219509 7 92.275505 plmp7_2
19 0 112775 8 92.16025 plmp7_2
19 0 112808 9 91.24554 plmp7_2
20 0 2654533 0 144.19876 plmp7_2
20 0 2654756 1 144.19876 plmp7_2
20 0 4151825 2 97.432365 plmp7_2
20 0 112775 3 96.865845 plmp7_2
20 0 4172500 4 96.28562 plmp7_2
20 0 2670966 5 92.47219 plmp7_2
20 0 219509 6 92.275505 plmp7_2
20 0 4151826 7 92.22258 plmp7_2
20 0 110085 8 90.26667 plmp7_2
20 0 147528 9 88.61662 plmp7_2
21 0 873660 0 129.05678 plmp7_2
21 0 117890 1 114.316086 plmp7_2
21 0 112799 2 112.58269 plmp7_2
21 0 867657 3 109.544 plmp7_2
21 0 145925 4 106.11653 plmp7_2
21 0 902267 5 103.69269 plmp7_2
21 0 3181482 6 101.96199 plmp7_2
21 0 118081 7 101.11355 plmp7_2
21 0 2654534 8 100.370865 plmp7_2
21 0 121159 9 99.266335 plmp7_2
22 0 2659300 0 155.18388 plmp7_2
22 0 117890 1 151.05525 plmp7_2
22 0 112799 2 138.83334 plmp7_2
22 0 145829 3 124.51649 plmp7_2
22 0 145925 4 121.40287 plmp7_2
22 0 118081 5 119.86968 plmp7_2
22 0 867657 6 118.69395 plmp7_2
22 0 112774 7 115.553734 plmp7_2
22 0 118416 8 109.90679 plmp7_2
22 0 4164893 9 108.071556 plmp7_2
23 0 2810525 0 91.440475 plmp7_2
23 0 2811847 1 91.440475 plmp7_2
23 0 118449 2 87.99137 plmp7_2
23 0 145738 3 82.61952 plmp7_2
23 0 2801435 4 82.24053 plmp7_2
23 0 112257 5 74.858734 plmp7_2
23 0 118180 6 73.89993 plmp7_2
23 0 142878 7 72.00046 plmp7_2
23 0 623242 8 71.8125 plmp7_2
23 0 137736 9 69.398384 plmp7_2
24 0 1738 0 38.96075 plmp7_2
24 0 145778 1 37.550198 plmp7_2
24 0 802408 2 34.082577 plmp7_2
24 0 145866 3 31.866283 plmp7_2
24 0 2790213 4 31.745089 plmp7_2
24 0 2678133 5 31.230053 plmp7_2
24 0 2804671 6 31.12916 plmp7_2
24 0 616433 7 30.64788 plmp7_2
24 0 2675751 8 30.475306 plmp7_2
24 0 2801435 9 30.077251 plmp7_2
25 0 112616 0 116.80645 plmp7_2
25 0 2655499 1 81.1544 plmp7_2
25 0 110318 2 70.981964 plmp7_2
25 0 108792 3 66.94592 plmp7_2
25 0 3211503 4 65.42124 plmp7_2
25 0 118021 5 62.294445 plmp7_2
25 0 821305 6 61.91107 plmp7_2
25 0 111495 7 58.59956 plmp7_2
25 0 2621067 8 57.144787 plmp7_2
25 0 112457 9 55.534725 plmp7_2
26 0 117872 0 115.404915 plmp7_2
26 0 112616 1 99.18548 plmp7_2
26 0 112045 2 93.34089 plmp7_2
26 0 145758 3 90.370575 plmp7_2
26 0 105698 4 90.248535 plmp7_2
26 0 118026 5 90.034546 plmp7_2
26 0 112324 6 87.611916 plmp7_2
26 0 112457 7 86.02382 plmp7_2
26 0 110915 8 85.39813 plmp7_2
26 0 4161362 9 85.03008 plmp7_2
27 0 4157382 0 194.77873 plmp7_2
27 0 4157405 1 194.77873 plmp7_2
27 0 111141 2 102.002365 plmp7_2
27 0 112346 3 101.10832 plmp7_2
27 0 112523 4 92.301384 plmp7_2
27 0 3204918 5 80.94338 plmp7_2
27 0 112792 6 79.60268 plmp7_2
27 0 213842 7 78.77254 plmp7_2
27 0 182992 8 78.11503 plmp7_2
27 0 145636 9 78.07904 plmp7_2
28 0 4157382 0 158.40884 plmp7_2
28 0 4157405 1 158.40884 plmp7_2
28 0 112346 2 99.54407 plmp7_2
28 0 111141 3 87.71456 plmp7_2
28 0 110706 4 66.044464 plmp7_2
28 0 118489 5 63.511948 plmp7_2
28 0 118475 6 61.469967 plmp7_2
28 0 110384 7 60.920395 plmp7_2
28 0 931121 8 59.868214 plmp7_2
28 0 112071 9 59.713123 plmp7_2
29 0 111471 0 38.72602 plmp7_2
29 0 205788 1 38.236885 plmp7_2
29 0 4151826 2 38.07614 plmp7_2
29 0 117875 3 37.93056 plmp7_2
29 0 118044 4 37.748146 plmp7_2
29 0 118351 5 37.6381 plmp7_2
29 0 137739 6 37.402103 plmp7_2
29 0 112485 7 36.68306 plmp7_2
29 0 108606 8 36.449074 plmp7_2
29 0 109560 9 36.232388 plmp7_2
30 0 205788 0 126.00894 plmp7_2
30 0 218921 1 111.03428 plmp7_2
30 0 4151826 2 101.710266 plmp7_2
30 0 148795 3 100.784 plmp7_2
30 0 145841 4 100.097115 plmp7_2
30 0 899483 5 99.70981 plmp7_2
30 0 626206 6 99.35688 plmp7_2
30 0 179213 7 96.44328 plmp7_2
30 0 802770 8 95.4789 plmp7_2
30 0 145761 9 93.70011 plmp7_2
31 0 145925 0 81.1614 plmp7_2
31 0 112486 1 76.80908 plmp7_2
31 0 110561 2 73.59205 plmp7_2
31 0 2809763 3 72.578384 plmp7_2
31 0 118353 4 71.31898 plmp7_2
31 0 118023 5 70.85892 plmp7_2
31 0 118501 6 70.51688 plmp7_2
31 0 2795279 7 70.42684 plmp7_2
31 0 902267 8 70.27704 plmp7_2
31 0 118458 9 69.7994 plmp7_2
32 0 112329 0 78.71452 plmp7_2
32 0 111434 1 76.10739 plmp7_2
32 0 1728 2 76.05411 plmp7_2
32 0 112850 3 72.6655 plmp7_2
32 0 112447 4 69.84497 plmp7_2
32 0 112090 5 68.128105 plmp7_2
32 0 118455 6 63.76154 plmp7_2
32 0 111596 7 63.003834 plmp7_2
32 0 125839 8 62.68213 plmp7_2
32 0 117853 9 62.1898 plmp7_2
33 0 109535 0 77.4809 plmp7_2
33 0 121158 1 75.63057 plmp7_2
33 0 109532 2 74.88899 plmp7_2
33 0 110795 3 74.31292 plmp7_2
33 0 112485 4 74.212 plmp7_2
33 0 802973 5 73.423225 plmp7_2
33 0 803271 6 73.423225 plmp7_2
33 0 2959737 7 73.423225 plmp7_2
33 0 109935 8 72.588486 plmp7_2
33 0 111863 9 71.9093 plmp7_2
34 0 2676594 0 235.69766 plmp7_2
34 0 2675753 1 230.04568 plmp7_2
34 0 2679204 2 230.04568 plmp7_2
34 0 2809767 3 173.10208 plmp7_2
34 0 2811850 4 173.10208 plmp7_2
34 0 3216389 5 98.89935 plmp7_2
34 0 121158 6 92.77801 plmp7_2
34 0 625710 7 89.26071 plmp7_2
34 0 112325 8 88.914246 plmp7_2
34 0 136994 9 84.754105 plmp7_2
35 0 821306 0 49.046852 plmp7_2
35 0 205203 1 44.483253 plmp7_2
35 0 218927 2 42.408077 plmp7_2
35 0 932061 3 41.39056 plmp7_2
35 0 213843 4 40.58217 plmp7_2
35 0 214063 5 40.58217 plmp7_2
35 0 214467 6 40.58217 plmp7_2
35 0 931124 7 40.57705 plmp7_2
35 0 149005 8 39.526783 plmp7_2
35 0 118079 9 39.372375 plmp7_2
36 0 118319 0 81.694984 plmp7_2
36 0 118142 1 74.60617 plmp7_2
36 0 902769 2 74.51299 plmp7_2
36 0 118238 3 73.37433 plmp7_2
36 0 118329 4 71.87063 plmp7_2
36 0 109923 5 70.78844 plmp7_2
36 0 3170730 6 70.59447 plmp7_2
36 0 3177197 7 70.59447 plmp7_2
36 0 118187 8 70.55793 plmp7_2
36 0 112314 9 69.17189 plmp7_2
37 0 4151829 0 58.559006 plmp7_2
37 0 110774 1 55.81861 plmp7_2
37 0 118269 2 54.090477 plmp7_2
37 0 118290 3 53.524403 plmp7_2
37 0 145731 4 53.381454 plmp7_2
37 0 110742 5 52.139565 plmp7_2
37 0 145629 6 50.80247 plmp7_2
37 0 112910 7 50.662727 plmp7_2
37 0 112133 8 49.981552 plmp7_2
37 0 121168 9 49.877773 plmp7_2
38 0 145855 0 93.55044 plmp7_2
38 0 145731 1 89.756805 plmp7_2
38 0 4151829 2 87.366905 plmp7_2
38 0 118269 3 70.856285 plmp7_2
38 0 1993216 4 68.38202 plmp7_2
38 0 112910 5 62.439434 plmp7_2
38 0 110774 6 62.406654 plmp7_2
38 0 111982 7 61.415215 plmp7_2
38 0 112292 8 60.32898 plmp7_2
38 0 111420 9 57.622524 plmp7_2
39 0 112568 0 79.489746 plmp7_2
39 0 112420 1 71.56582 plmp7_2
39 0 118457 2 66.84382 plmp7_2
39 0 111432 3 60.77915 plmp7_2
39 0 2959744 4 57.936348 plmp7_2
39 0 855518 5 57.936348 plmp7_2
39 0 2674861 6 57.512238 plmp7_2
39 0 2675754 7 57.512238 plmp7_2
39 0 621044 8 57.241085 plmp7_2
39 0 621090 9 57.241085 plmp7_2
40 0 105200 0 104.5456 plmp7_2
40 0 621044 1 90.53664 plmp7_2
40 0 621090 2 90.53664 plmp7_2
40 0 2959739 3 90.53664 plmp7_2
40 0 1731 4 89.19555 plmp7_2
40 0 122254 5 88.91084 plmp7_2
40 0 118457 6 87.39926 plmp7_2
40 0 2959744 7 82.21027 plmp7_2
40 0 855518 8 82.21027 plmp7_2
40 0 108818 9 81.45059 plmp7_2
41 0 112924 0 112.40879 plmp7_2
41 0 111198 1 95.85839 plmp7_2
41 0 2811847 2 95.33842 plmp7_2
41 0 2810525 3 95.33372 plmp7_2
41 0 2654533 4 93.89264 plmp7_2
41 0 2654756 5 93.89264 plmp7_2
41 0 112585 6 92.63738 plmp7_2
41 0 109186 7 88.188484 plmp7_2
41 0 112731 8 86.81274 plmp7_2
41 0 111891 9 86.49067 plmp7_2
42 0 112585 0 115.000114 plmp7_2
42 0 2654533 1 111.60643 plmp7_2
42 0 2654756 2 111.60643 plmp7_2
42 0 112924 3 105.57924 plmp7_2
42 0 111198 4 104.32412 plmp7_2
42 0 110132 5 103.77931 plmp7_2
42 0 109186 6 102.5923 plmp7_2
42 0 111891 7 102.23864 plmp7_2
42 0 109352 8 99.770355 plmp7_2
42 0 145785 9 94.455894 plmp7_2
43 0 2680590 0 88.6332 plmp7_2
43 0 2959745 1 88.6332 plmp7_2
43 0 112920 2 80.34709 plmp7_2
43 0 112305 3 76.47577 plmp7_2
43 0 112803 4 69.685715 plmp7_2
43 0 2784695 5 67.43399 plmp7_2
43 0 118148 6 66.584145 plmp7_2
43 0 2812589 7 64.42947 plmp7_2
43 0 2959749 8 64.42947 plmp7_2
43 0 112644 9 61.84525 plmp7_2
44 0 92563 0 23.6776 plmp7_2
44 0 2781925 1 23.239569 plmp7_2
44 0 183480 2 22.445917 plmp7_2
44 0 802408 3 22.438421 plmp7_2
44 0 145903 4 21.763884 plmp7_2
44 0 111107 5 21.442259 plmp7_2
44 0 99873 6 21.275026 plmp7_2
44 0 145834 7 21.019264 plmp7_2
44 0 108965 8 20.885517 plmp7_2
44 0 3213871 9 20.869629 plmp7_2
45 0 3204917 0 158.34923 plmp7_2
45 0 866024 1 132.56279 plmp7_2
45 0 858802 2 132.56279 plmp7_2
45 0 150542 3 131.1661 plmp7_2
45 0 145861 4 124.7621 plmp7_2
45 0 800568 5 122.32271 plmp7_2
45 0 145772 6 122.19146 plmp7_2
45 0 137725 7 115.47158 plmp7_2
45 0 623145 8 114.945274 plmp7_2
45 0 626207 9 113.29166 plmp7_2
46 0 866024 0 255.84848 plmp7_2
46 0 858802 1 255.83817 plmp7_2
46 0 623145 2 175.68567 plmp7_2
46 0 3204917 3 168.15936 plmp7_2
46 0 2804673 4 163.85484 plmp7_2
46 0 903971 5 163.01006 plmp7_2
46 0 2959742 6 163.01006 plmp7_2
46 0 145861 7 150.99489 plmp7_2
46 0 150542 8 148.50047 plmp7_2
46 0 1732 9 144.8512 plmp7_2
47 0 2674861 0 116.29954 plmp7_2
47 0 2675754 1 116.29954 plmp7_2
47 0 2795703 2 65.661354 plmp7_2
47 0 2797292 3 65.661354 plmp7_2
47 0 2678133 4 65.39439 plmp7_2
47 0 2790213 5 65.31005 plmp7_2
47 0 2771250 6 64.434296 plmp7_2
47 0 148483 7 62.8034 plmp7_2
47 0 626207 8 62.725906 plmp7_2
47 0 121149 9 62.373978 plmp7_2
48 0 2674861 0 110.21389 plmp7_2
48 0 2675754 1 110.21389 plmp7_2
48 0 3170727 2 67.8822 plmp7_2
48 0 111362 3 59.839504 plmp7_2
48 0 96147 4 59.76775 plmp7_2
48 0 2646093 5 58.102394 plmp7_2
48 0 103019 6 57.819843 plmp7_2
48 0 145896 7 55.65928 plmp7_2
48 0 2790213 8 55.65513 plmp7_2
48 0 96612 9 55.42689 plmp7_2
49 0 2810525 0 64.69474 plmp7_2
49 0 2811847 1 64.69474 plmp7_2
49 0 4162535 2 59.965874 plmp7_2
49 0 3153112 3 50.414024 plmp7_2
49 0 4151826 4 49.35527 plmp7_2
49 0 2809767 5 45.439865 plmp7_2
49 0 2811850 6 45.439865 plmp7_2
49 0 2812210 7 45.298275 plmp7_2
49 0 2803251 8 45.148327 plmp7_2
49 0 2811845 9 44.61106 plmp7_2
50 0 3153112 0 98.69294 plmp7_2
50 0 4162535 1 94.06956 plmp7_2
50 0 2810525 2 69.43308 plmp7_2
50 0 2811847 3 69.43308 plmp7_2
50 0 4151826 4 55.18191 plmp7_2
50 0 3181025 5 55.006767 plmp7_2
50 0 2809767 6 53.0123 plmp7_2
50 0 2811850 7 53.0123 plmp7_2
50 0 2812210 8 51.160194 plmp7_2
50 0 3170730 9 50.803097 plmp7_2
51 0 112770 0 69.16463 plmp7_2
51 0 616433 1 61.511257 plmp7_2
51 0 78783 2 56.63755 plmp7_2
51 0 145872 3 54.72405 plmp7_2
51 0 873668 4 52.544952 plmp7_2
51 0 145868 5 52.00237 plmp7_2
51 0 213842 6 51.76552 plmp7_2
51 0 2752078 7 51.632534 plmp7_2
51 0 112931 8 51.372215 plmp7_2
51 0 2812589 9 50.845642 plmp7_2
52 0 112770 0 53.42806 plmp7_2
52 0 112243 1 47.81156 plmp7_2
52 0 112931 2 47.360188 plmp7_2
52 0 105869 3 41.845528 plmp7_2
52 0 103302 4 41.805965 plmp7_2
52 0 103145 5 40.93928 plmp7_2
52 0 98744 6 40.35045 plmp7_2
52 0 95391 7 40.002056 plmp7_2
52 0 1859075 8 39.745308 plmp7_2
52 0 85451 9 39.484795 plmp7_2
53 0 799985 0 87.82588 plmp7_2
53 0 2808291 1 75.166016 plmp7_2
53 0 2771250 2 72.92555 plmp7_2
53 0 145792 3 71.20849 plmp7_2
53 0 148483 4 69.381905 plmp7_2
53 0 621045 5 64.81536 plmp7_2
53 0 2650505 6 63.4623 plmp7_2
53 0 145664 7 63.313774 plmp7_2
53 0 145647 8 62.11626 plmp7_2
53 0 112677 9 61.5749 plmp7_2
54 0 872994 0 119.38867 plmp7_2
54 0 811778 1 107.47647 plmp7_2
54 0 943668 2 91.07905 plmp7_2
54 0 931123 3 90.80984 plmp7_2
54 0 625711 4 90.51774 plmp7_2
54 0 811777 5 89.25551 plmp7_2
54 0 2808291 6 80.66566 plmp7_2
54 0 621045 7 73.411026 plmp7_2
54 0 3195890 8 72.150894 plmp7_2
54 0 799985 9 71.85436 plmp7_2
55 0 4154603 0 131.21579 plmp7_2
55 0 145731 1 96.250786 plmp7_2
55 0 118269 2 94.201645 plmp7_2
55 0 145855 3 93.65073 plmp7_2
55 0 145629 4 91.45051 plmp7_2
55 0 111261 5 84.0185 plmp7_2
55 0 110774 6 80.86737 plmp7_2
55 0 112910 7 80.35388 plmp7_2
55 0 111420 8 74.54513 plmp7_2
55 0 111982 9 74.08142 plmp7_2
56 0 4154603 0 192.79703 plmp7_2
56 0 118269 1 131.86928 plmp7_2
56 0 145731 2 129.19202 plmp7_2
56 0 112910 3 124.74783 plmp7_2
56 0 110774 4 110.256226 plmp7_2
56 0 145629 5 109.193115 plmp7_2
56 0 111261 6 105.75805 plmp7_2
56 0 145855 7 101.26054 plmp7_2
56 0 111420 8 97.04183 plmp7_2
56 0 1993216 9 96.23177 plmp7_2
57 0 867644 0 84.89654 plmp7_2
57 0 802408 1 84.327736 plmp7_2
57 0 800569 2 83.87465 plmp7_2
57 0 118297 3 80.69919 plmp7_2
57 0 815320 4 78.00262 plmp7_2
57 0 182567 5 76.34044 plmp7_2
57 0 4170683 6 76.11545 plmp7_2
57 0 118224 7 73.779915 plmp7_2
57 0 800859 8 73.327385 plmp7_2
57 0 2959744 9 73.232254 plmp7_2
58 0 145735 0 91.0178 plmp7_2
58 0 217702 1 69.11273 plmp7_2
58 0 108547 2 68.39037 plmp7_2
58 0 2676592 3 65.94894 plmp7_2
58 0 106179 4 63.857616 plmp7_2
58 0 112467 5 63.292534 plmp7_2
58 0 110330 6 60.050713 plmp7_2
58 0 145800 7 60.037228 plmp7_2
58 0 149585 8 59.462425 plmp7_2
58 0 149649 9 59.462425 plmp7_2
59 0 2788983 0 240.27254 plmp7_2
59 0 4170685 1 216.19841 plmp7_2
59 0 118037 2 191.73007 plmp7_2
59 0 145627 3 190.39383 plmp7_2
59 0 117968 4 185.49142 plmp7_2
59 0 118129 5 182.02052 plmp7_2
59 0 118040 6 178.52681 plmp7_2
59 0 1087691 7 165.18114 plmp7_2
59 0 118422 8 161.30646 plmp7_2
59 0 134735 9 155.85852 plmp7_2
60 0 3195891 0 235.22818 plmp7_2
60 0 2788983 1 214.59554 plmp7_2
60 0 4170685 2 213.0182 plmp7_2
60 0 118129 3 186.36356 plmp7_2
60 0 145627 4 185.94067 plmp7_2
60 0 130158 5 179.74452 plmp7_2
60 0 621195 6 175.3935 plmp7_2
60 0 621270 7 175.3935 plmp7_2
60 0 931614 8 174.19482 plmp7_2
60 0 118334 9 173.44345 plmp7_2
61 0 145743 0 139.24721 plmp7_2
61 0 2812210 1 134.56313 plmp7_2
61 0 145923 2 131.51114 plmp7_2
61 0 218457 3 121.141396 plmp7_2
61 0 1732 4 110.5093 plmp7_2
61 0 145815 5 108.66259 plmp7_2
61 0 3195092 6 104.25063 plmp7_2
61 0 112854 7 103.59925 plmp7_2
61 0 2657927 8 98.993095 plmp7_2
61 0 112435 9 98.29031 plmp7_2
62 0 2812210 0 61.787918 plmp7_2
62 0 110661 1 52.462467 plmp7_2
62 0 110091 2 50.805294 plmp7_2
62 0 110926 3 48.918068 plmp7_2
62 0 118299 4 48.020523 plmp7_2
62 0 109846 5 46.44158 plmp7_2
62 0 118098 6 45.98171 plmp7_2
62 0 117875 7 45.36519 plmp7_2
62 0 109966 8 44.956486 plmp7_2
62 0 150540 9 44.602283 plmp7_2
63 0 106985 0 59.386616 plmp7_2
63 0 149702 1 57.419365 plmp7_2
63 0 107685 2 57.16264 plmp7_2
63 0 104521 3 56.190895 plmp7_2
63 0 108539 4 55.42144 plmp7_2
63 0 108111 5 54.187904 plmp7_2
63 0 111250 6 54.083237 plmp7_2
63 0 108538 7 53.977974 plmp7_2
63 0 91054 8 53.04821 plmp7_2
63 0 108713 9 52.638824 plmp7_2
64 0 3205768 0 70.46568 plmp7_2
64 0 2758568 1 67.77849 plmp7_2
64 0 2809766 2 65.90936 plmp7_2
64 0 2811849 3 65.90936 plmp7_2
64 0 3205767 4 62.95784 plmp7_2
64 0 4151827 5 62.374233 plmp7_2
64 0 110645 6 59.75945 plmp7_2
64 0 3205736 7 59.370647 plmp7_2
64 0 3207860 8 59.255215 plmp7_2
64 0 145895 9 57.556423 plmp7_2
65 0 118123 0 152.60376 plmp7_2
65 0 3211501 1 100.4731 plmp7_2
65 0 150540 2 99.52484 plmp7_2
65 0 4151825 3 94.91705 plmp7_2
65 0 3183080 4 93.13858 plmp7_2
65 0 110645 5 92.22621 plmp7_2
65 0 4089982 6 91.98341 plmp7_2
65 0 145883 7 91.52487 plmp7_2
65 0 131165 8 91.10204 plmp7_2
65 0 873668 9 89.537315 plmp7_2
66 0 3211501 0 170.26012 plmp7_2
66 0 145867 1 142.92046 plmp7_2
66 0 4151827 2 127.73867 plmp7_2
66 0 3213872 3 116.375435 plmp7_2
66 0 150540 4 113.53822 plmp7_2
66 0 3212516 5 112.193214 plmp7_2
66 0 3217422 6 110.288246 plmp7_2
66 0 218925 7 110.2761 plmp7_2
66 0 3214775 8 110.25849 plmp7_2
66 0 3217423 9 110.041214 plmp7_2
67 0 145800 0 162.36772 plmp7_2
67 0 867645 1 152.05283 plmp7_2
67 0 103675 2 100.69308 plmp7_2
67 0 106757 3 85.189285 plmp7_2
67 0 103678 4 80.86521 plmp7_2
67 0 104522 5 79.40312 plmp7_2
67 0 110330 6 74.87283 plmp7_2
67 0 103916 7 73.492294 plmp7_2
67 0 107938 8 73.32345 plmp7_2
67 0 2810526 9 69.0432 plmp7_2
68 0 145800 0 145.15927 plmp7_2
68 0 867645 1 117.229546 plmp7_2
68 0 94177 2 83.85606 plmp7_2
68 0 103675 3 83.208046 plmp7_2
68 0 97893 4 81.39141 plmp7_2
68 0 103093 5 80.060585 plmp7_2
68 0 103678 6 79.67773 plmp7_2
68 0 88704 7 78.68014 plmp7_2
68 0 97584 8 77.39649 plmp7_2
68 0 88756 9 75.15774 plmp7_2
69 0 3214778 0 103.43806 plmp7_2
69 0 149289 1 98.04436 plmp7_2
69 0 182558 2 95.70644 plmp7_2
69 0 219733 3 93.87707 plmp7_2
69 0 220342 4 93.87707 plmp7_2
69 0 117859 5 93.48978 plmp7_2
69 0 2676593 6 93.33042 plmp7_2
69 0 111709 7 90.24077 plmp7_2
69 0 110068 8 89.481544 plmp7_2
69 0 2959743 9 89.37256 plmp7_2
70 0 149289 0 109.008545 plmp7_2
70 0 3214778 1 106.38694 plmp7_2
70 0 2676593 2 105.785995 plmp7_2
70 0 182558 3 102.682106 plmp7_2
70 0 219733 4 99.15628 plmp7_2
70 0 220342 5 99.15628 plmp7_2
70 0 858289 6 97.75037 plmp7_2
70 0 2959743 7 97.7334 plmp7_2
70 0 2675751 8 97.24973 plmp7_2
70 0 931120 9 97.059235 plmp7_2
71 0 118052 0 102.7042 plmp7_2
71 0 145121 1 102.47944 plmp7_2
71 0 112914 2 100.09342 plmp7_2
71 0 3189783 3 96.919655 plmp7_2
71 0 118287 4 92.67596 plmp7_2
71 0 112904 5 92.31341 plmp7_2
71 0 118005 6 89.534096 plmp7_2
71 0 118234 7 88.68182 plmp7_2
71 0 112823 8 84.282364 plmp7_2
71 0 2654533 9 83.417076 plmp7_2
72 0 118052 0 114.086914 plmp7_2
72 0 112904 1 100.567955 plmp7_2
72 0 145121 2 99.14966 plmp7_2
72 0 118234 3 98.32044 plmp7_2
72 0 3189783 4 98.224236 plmp7_2
72 0 112914 5 98.19363 plmp7_2
72 0 118005 6 96.15673 plmp7_2
72 0 117979 7 83.990234 plmp7_2
72 0 2654533 8 81.61365 plmp7_2
72 0 2654756 9 81.61365 plmp7_2
73 0 2804674 0 55.19606 plmp7_2
73 0 110692 1 50.74633 plmp7_2
73 0 108538 2 50.37524 plmp7_2
73 0 109931 3 48.15013 plmp7_2
73 0 1087954 4 46.74672 plmp7_2
73 0 217514 5 46.645733 plmp7_2
73 0 145624 6 46.606125 plmp7_2
73 0 118043 7 45.039978 plmp7_2
73 0 110175 8 44.973385 plmp7_2
73 0 111425 9 44.94654 plmp7_2
74 0 2804674 0 79.70362 plmp7_2
74 0 107904 1 76.86664 plmp7_2
74 0 109284 2 73.904976 plmp7_2
74 0 112774 3 67.546 plmp7_2
74 0 127908 4 65.54452 plmp7_2
74 0 2675749 5 62.287235 plmp7_2
74 0 111245 6 57.033585 plmp7_2
74 0 108616 7 55.47704 plmp7_2
74 0 110798 8 53.577827 plmp7_2
74 0 803268 9 53.564342 plmp7_2
75 0 118226 0 76.24377 plmp7_2
75 0 92916 1 76.23694 plmp7_2
75 0 110964 2 73.14744 plmp7_2
75 0 92470 3 72.72089 plmp7_2
75 0 3189783 4 72.55626 plmp7_2
75 0 111291 5 71.85964 plmp7_2
75 0 802770 6 70.26163 plmp7_2
75 0 89728 7 70.11855 plmp7_2
75 0 96318 8 70.05916 plmp7_2
75 0 98058 9 69.50699 plmp7_2
76 0 2679833 0 87.694786 plmp7_2
76 0 2680440 1 87.694786 plmp7_2
76 0 110964 2 82.37743 plmp7_2
76 0 112919 3 81.660934 plmp7_2
76 0 108900 4 81.06593 plmp7_2
76 0 150540 5 79.39841 plmp7_2
76 0 111945 6 78.18919 plmp7_2
76 0 112010 7 75.76668 plmp7_2
76 0 118298 8 75.40861 plmp7_2
76 0 867644 9 75.34382 plmp7_2
77 0 2812588 0 120.861084 plmp7_2
77 0 4151822 1 117.20583 plmp7_2
77 0 145817 2 110.416466 plmp7_2
77 0 112726 3 100.27634 plmp7_2
77 0 111455 4 95.83223 plmp7_2
77 0 111029 5 95.23105 plmp7_2
77 0 2770446 6 93.433266 plmp7_2
77 0 134747 7 92.063034 plmp7_2
77 0 145902 8 84.38259 plmp7_2
77 0 145647 9 83.65942 plmp7_2
78 0 117968 0 47.853752 plmp7_2
78 0 2812588 1 46.448196 plmp7_2
78 0 118037 2 44.74751 plmp7_2
78 0 145632 3 43.401268 plmp7_2
78 0 118022 4 42.699097 plmp7_2
78 0 117836 5 42.654137 plmp7_2
78 0 117899 6 42.401947 plmp7_2
78 0 112358 7 42.352997 plmp7_2
78 0 799976 8 41.14685 plmp7_2
78 0 111717 9 39.832954 plmp7_2
79 0 111009 0 144.11684 plmp7_2
79 0 118143 1 130.32884 plmp7_2
79 0 111470 2 119.54615 plmp7_2
79 0 110221 3 99.308075 plmp7_2
79 0 118513 4 77.47805 plmp7_2
79 0 2680438 5 76.560814 plmp7_2
79 0 111964 6 72.30535 plmp7_2
79 0 110183 7 65.78394 plmp7_2
79 0 106328 8 63.759445 plmp7_2
79 0 109626 9 61.240448 plmp7_2
80 0 118143 0 115.378654 plmp7_2
80 0 111009 1 109.06655 plmp7_2
80 0 111470 2 107.239494 plmp7_2
80 0 145859 3 85.94871 plmp7_2
80 0 150540 4 80.30673 plmp7_2
80 0 110221 5 77.53482 plmp7_2
80 0 106328 6 73.91365 plmp7_2
80 0 2672210 7 72.22334 plmp7_2
80 0 2654755 8 72.22334 plmp7_2
80 0 109342 9 71.1385 plmp7_2
81 0 148484 0 86.21497 plmp7_2
81 0 122253 1 61.50063 plmp7_2
81 0 112440 2 61.095768 plmp7_2
81 0 118445 3 53.031246 plmp7_2
81 0 112867 4 50.173397 plmp7_2
81 0 117841 5 48.9819 plmp7_2
81 0 799981 6 48.46318 plmp7_2
81 0 127900 7 47.22878 plmp7_2
81 0 112616 8 46.410957 plmp7_2
81 0 118368 9 45.838028 plmp7_2
82 0 1726 0 83.018555 plmp7_2
82 0 118368 1 82.14739 plmp7_2
82 0 127900 2 78.18842 plmp7_2
82 0 2803250 3 76.986084 plmp7_2
82 0 216735 4 73.4411 plmp7_2
82 0 216806 5 73.4411 plmp7_2
82 0 799981 6 70.355835 plmp7_2
82 0 145625 7 69.632866 plmp7_2
82 0 112292 8 69.06213 plmp7_2
82 0 112305 9 68.66136 plmp7_2
83 0 145859 0 119.39362 plmp7_2
83 0 112922 1 89.582115 plmp7_2
83 0 137746 2 78.76902 plmp7_2
83 0 111246 3 77.288765 plmp7_2
83 0 111151 4 76.3679 plmp7_2
83 0 145870 5 75.78171 plmp7_2
83 0 109894 6 75.59719 plmp7_2
83 0 111286 7 74.6802 plmp7_2
83 0 110289 8 74.6597 plmp7_2
83 0 800858 9 73.47755 plmp7_2
84 0 145859 0 116.31288 plmp7_2
84 0 112922 1 100.49923 plmp7_2
84 0 800858 2 89.01205 plmp7_2
84 0 111151 3 86.95679 plmp7_2
84 0 107293 4 86.679054 plmp7_2
84 0 109895 5 85.04597 plmp7_2
84 0 109893 6 83.28553 plmp7_2
84 0 122251 7 82.18871 plmp7_2
84 0 110361 8 81.48198 plmp7_2
84 0 107980 9 81.42652 plmp7_2
85 0 2959737 0 165.40123 plmp7_2
85 0 802973 1 164.6769 plmp7_2
85 0 803271 2 164.6769 plmp7_2
85 0 3177199 3 120.51922 plmp7_2
85 0 3171724 4 120.34631 plmp7_2
85 0 3177200 5 120.34631 plmp7_2
85 0 150543 6 103.77652 plmp7_2
85 0 2959732 7 103.77652 plmp7_2
85 0 146553 8 103.19696 plmp7_2
85 0 146790 9 103.19696 plmp7_2
86 0 3171724 0 105.97717 plmp7_2
86 0 3177199 1 105.97717 plmp7_2
86 0 3177200 2 105.97717 plmp7_2
86 0 3205766 3 96.80249 plmp7_2
86 0 802973 4 92.25148 plmp7_2
86 0 803271 5 92.25148 plmp7_2
86 0 2959737 6 92.25148 plmp7_2
86 0 150543 7 85.214264 plmp7_2
86 0 2959732 8 85.214264 plmp7_2
86 0 146553 9 84.66983 plmp7_2
87 0 143378 0 37.11323 plmp7_2
87 0 110760 1 34.280983 plmp7_2
87 0 136998 2 33.854416 plmp7_2
87 0 1088038 3 33.47405 plmp7_2
87 0 111170 4 33.224663 plmp7_2
87 0 112807 5 32.482258 plmp7_2
87 0 111186 6 31.956123 plmp7_2
87 0 112746 7 31.252312 plmp7_2
87 0 111660 8 31.189426 plmp7_2
87 0 111905 9 30.96405 plmp7_2
88 0 182992 0 98.94656 plmp7_2
88 0 182991 1 92.121284 plmp7_2
88 0 145897 2 89.912445 plmp7_2
88 0 149653 3 88.174126 plmp7_2
88 0 2654277 4 84.429184 plmp7_2
88 0 111170 5 83.946594 plmp7_2
88 0 625832 6 80.71895 plmp7_2
88 0 626055 7 80.71895 plmp7_2
88 0 112807 8 78.89014 plmp7_2
88 0 118339 9 78.18958 plmp7_2
89 0 4151822 0 189.12128 plmp7_2
89 0 2812588 1 165.42715 plmp7_2
89 0 2770446 2 164.8941 plmp7_2
89 0 4162110 3 110.35574 plmp7_2
89 0 145817 4 101.53172 plmp7_2
89 0 145647 5 100.48217 plmp7_2
89 0 134747 6 95.73934 plmp7_2
89 0 145954 7 77.9324 plmp7_2
89 0 4106440 8 70.60276 plmp7_2
89 0 145722 9 70.452385 plmp7_2
90 0 4151822 0 199.21771 plmp7_2
90 0 2812588 1 193.00157 plmp7_2
90 0 2770446 2 151.60541 plmp7_2
90 0 145626 3 130.25316 plmp7_2
90 0 130150 4 123.24264 plmp7_2
90 0 137748 5 122.18482 plmp7_2
90 0 626454 6 119.564316 plmp7_2
90 0 118054 7 118.70296 plmp7_2
90 0 111913 8 112.45686 plmp7_2
90 0 3181025 9 111.86223 plmp7_2
91 0 3212514 0 234.41724 plmp7_2
91 0 109857 1 103.67388 plmp7_2
91 0 145782 2 103.27536 plmp7_2
91 0 134732 3 98.914925 plmp7_2
91 0 112439 4 97.71716 plmp7_2
91 0 1087959 5 97.57908 plmp7_2
91 0 145785 6 96.14842 plmp7_2
91 0 118507 7 93.79622 plmp7_2
91 0 219097 8 93.1122 plmp7_2
91 0 110249 9 93.04423 plmp7_2
92 0 3212514 0 230.18199 plmp7_2
92 0 110249 1 125.299965 plmp7_2
92 0 1087959 2 120.20329 plmp7_2
92 0 118507 3 112.876236 plmp7_2
92 0 109857 4 100.91702 plmp7_2
92 0 110213 5 98.88265 plmp7_2
92 0 134732 6 98.171524 plmp7_2
92 0 134725 7 96.49061 plmp7_2
92 0 110032 8 95.24448 plmp7_2
92 0 112439 9 93.46337 plmp7_2
93 0 145901 0 165.96567 plmp7_2
93 0 118334 1 159.17934 plmp7_2
93 0 117874 2 156.0889 plmp7_2
93 0 112905 3 154.52255 plmp7_2
93 0 118107 4 153.22256 plmp7_2
93 0 130158 5 152.5096 plmp7_2
93 0 112824 6 151.53351 plmp7_2
93 0 118129 7 143.11714 plmp7_2
93 0 110877 8 142.7098 plmp7_2
93 0 931614 9 141.51894 plmp7_2
94 0 931614 0 173.36511 plmp7_2
94 0 145901 1 172.84906 plmp7_2
94 0 117874 2 155.37909 plmp7_2
94 0 2788983 3 150.70055 plmp7_2
94 0 112905 4 143.45082 plmp7_2
94 0 4151827 5 142.18205 plmp7_2
94 0 112824 6 140.86479 plmp7_2
94 0 118129 7 140.79013 plmp7_2
94 0 111736 8 139.7678 plmp7_2
94 0 145627 9 138.83345 plmp7_2
95 0 105495 0 85.74444 plmp7_2
95 0 108555 1 84.26514 plmp7_2
95 0 107232 2 77.41364 plmp7_2
95 0 107475 3 74.02357 plmp7_2
95 0 106171 4 65.19945 plmp7_2
95 0 103631 5 59.9091 plmp7_2
95 0 106073 6 58.177555 plmp7_2
95 0 109444 7 57.540012 plmp7_2
95 0 112750 8 55.221436 plmp7_2
95 0 104571 9 52.96394 plmp7_2
96 0 108555 0 92.46682 plmp7_2
96 0 103631 1 86.75509 plmp7_2
96 0 92746 2 69.52233 plmp7_2
96 0 96542 3 67.231895 plmp7_2
96 0 93395 4 65.48166 plmp7_2
96 0 799986 5 64.88094 plmp7_2
96 0 96359 6 64.20223 plmp7_2
96 0 96341 7 64.1223 plmp7_2
96 0 103511 8 64.07053 plmp7_2
96 0 96850 9 63.84157 plmp7_2
97 0 112101 0 106.89499 plmp7_2
97 0 111922 1 79.176025 plmp7_2
97 0 2655597 2 51.329155 plmp7_2
97 0 117959 3 51.189075 plmp7_2
97 0 2795279 4 51.097115 plmp7_2
97 0 146554 5 49.103065 plmp7_2
97 0 2676593 6 48.754555 plmp7_2
97 0 111709 7 47.834213 plmp7_2
97 0 110718 8 47.756847 plmp7_2
97 0 2959743 9 47.385555 plmp7_2
98 0 118467 0 28.886806 plmp7_2
98 0 134732 1 28.562908 plmp7_2
98 0 145804 2 27.634604 plmp7_2
98 0 2676593 3 26.919277 plmp7_2
98 0 2811845 4 26.69188 plmp7_2
98 0 117832 5 26.546982 plmp7_2
98 0 3181481 6 26.414537 plmp7_2
98 0 112574 7 26.30645 plmp7_2
98 0 118148 8 25.994038 plmp7_2
98 0 2655591 9 25.910713 plmp7_2
99 0 112267 0 112.07256 plmp7_2
99 0 111884 1 81.6808 plmp7_2
99 0 110552 2 70.7618 plmp7_2
99 0 112723 3 65.60049 plmp7_2
99 0 110578 4 59.27395 plmp7_2
99 0 109976 5 57.53321 plmp7_2
99 0 145914 6 55.229244 plmp7_2
99 0 118121 7 55.065556 plmp7_2
99 0 142887 8 54.889805 plmp7_2
99 0 109673 9 54.871014 plmp7_2
100 0 112267 0 126.02441 plmp7_2
100 0 110552 1 100.746284 plmp7_2
100 0 111884 2 89.49875 plmp7_2
100 0 111886 3 82.24917 plmp7_2
100 0 110098 4 80.5581 plmp7_2
100 0 110296 5 79.55266 plmp7_2
100 0 109633 6 79.55234 plmp7_2
100 0 854177 7 77.79327 plmp7_2
100 0 112723 8 77.74817 plmp7_2
100 0 108980 9 77.18662 plmp7_2
