1 0 3204919 0 82.34868 plmp7_4
1 0 2649076 1 75.43648 plmp7_4
1 0 4164893 2 70.632774 plmp7_4
1 0 2809767 3 68.48669 plmp7_4
1 0 2811850 4 68.48669 plmp7_4
1 0 149702 5 68.122536 plmp7_4
1 0 219733 6 64.833954 plmp7_4
1 0 220342 7 64.833954 plmp7_4
1 0 4151826 8 64.46863 plmp7_4
1 0 219732 9 63.738228 plmp7_4
2 0 103631 0 69.77156 plmp7_4
2 0 103549 1 64.95102 plmp7_4
2 0 145692 2 64.31768 plmp7_4
2 0 104671 3 63.0586 plmp7_4
2 0 104571 4 60.497913 plmp7_4
2 0 108555 5 58.754955 plmp7_4
2 0 105116 6 57.422832 plmp7_4
2 0 96850 7 54.960423 plmp7_4
2 0 4170684 8 54.246056 plmp7_4
2 0 109928 9 54.179504 plmp7_4
3 0 3162143 0 94.91523 plmp7_4
3 0 215496 1 87.89367 plmp7_4
3 0 215694 2 87.89367 plmp7_4
3 0 2959735 3 87.892624 plmp7_4
3 0 118475 4 85.234634 plmp7_4
3 0 145890 5 83.3288 plmp7_4
3 0 130157 6 83.176384 plmp7_4
3 0 112584 7 80.51723 plmp7_4
3 0 118394 8 79.37613 plmp7_4
3 0 117907 9 78.908394 plmp7_4
4 0 215694 0 202.49751 plmp7_4
4 0 2959735 1 202.49542 plmp7_4
4 0 215496 2 202.47894 plmp7_4
4 0 3162143 3 175.55135 plmp7_4
4 0 118029 4 172.84247 plmp7_4
4 0 623142 5 170.9253 plmp7_4
4 0 149007 6 157.06613 plmp7_4
4 0 903973 7 145.03105 plmp7_4
4 0 78783 8 128.96178 plmp7_4
4 0 111920 9 128.0686 plmp7_4
5 0 2672209 0 64.69051 plmp7_4
5 0 2657779 1 64.69051 plmp7_4
5 0 145652 2 63.697502 plmp7_4
5 0 110831 3 62.773907 plmp7_4
5 0 110056 4 62.34616 plmp7_4
5 0 1740 5 62.29711 plmp7_4
5 0 183480 6 58.4105 plmp7_4
5 0 112708 7 57.784527 plmp7_4
5 0 118217 8 55.11175 plmp7_4
5 0 131163 9 54.24629 plmp7_4
6 0 110654 0 112.19912 plmp7_4
6 0 110056 1 89.805336 plmp7_4
6 0 183480 2 80.447845 plmp7_4
6 0 117932 3 70.96262 plmp7_4
6 0 3203656 4 70.41416 plmp7_4
6 0 3206414 5 70.41416 plmp7_4
6 0 111258 6 67.716934 plmp7_4
6 0 111114 7 65.14492 plmp7_4
6 0 110789 8 55.571518 plmp7_4
6 0 2811844 9 50.67296 plmp7_4
7 0 2672535 0 48.59144 plmp7_4
7 0 134749 1 45.283012 plmp7_4
7 0 147530 2 44.935314 plmp7_4
7 0 147531 3 44.929245 plmp7_4
7 0 219733 4 44.48715 plmp7_4
7 0 220342 5 44.48715 plmp7_4
7 0 118511 6 44.453693 plmp7_4
7 0 3195892 7 44.253376 plmp7_4
7 0 2678467 8 44.13503 plmp7_4
7 0 2679202 9 44.13503 plmp7_4
8 0 134749 0 105.160774 plmp7_4
8 0 112174 1 104.14507 plmp7_4
8 0 145868 2 94.35693 plmp7_4
8 0 145715 3 92.86695 plmp7_4
8 0 112834 4 89.06284 plmp7_4
8 0 147531 5 88.360435 plmp7_4
8 0 2678467 6 82.79151 plmp7_4
8 0 2679202 7 82.79151 plmp7_4
8 0 2959746 8 82.79151 plmp7_4
8 0 110932 9 82.63873 plmp7_4
9 0 2675751 0 106.20121 plmp7_4
9 0 854177 1 100.5418 plmp7_4
9 0 147530 2 95.405205 plmp7_4
9 0 118212 3 93.42027 plmp7_4
9 0 112641 4 92.46762 plmp7_4
9 0 118317 5 89.4697 plmp7_4
9 0 145678 6 87.89553 plmp7_4
9 0 112931 7 86.282555 plmp7_4
9 0 118316 8 86.20141 plmp7_4
9 0 118318 9 86.00598 plmp7_4
10 0 111500 0 117.723076 plmp7_4
10 0 118087 1 115.994064 plmp7_4
10 0 112423 2 110.224495 plmp7_4
10 0 147531 3 108.097374 plmp7_4
10 0 118236 4 106.631165 plmp7_4
10 0 112657 5 104.59153 plmp7_4
10 0 214949 6 103.26873 plmp7_4
10 0 215071 7 103.26873 plmp7_4
10 0 134743 8 103.01849 plmp7_4
10 0 118504 9 101.84573 plmp7_4
11 0 2810524 0 69.26654 plmp7_4
11 0 2811846 1 69.26654 plmp7_4
11 0 873668 2 62.322487 plmp7_4
11 0 217512 3 62.180004 plmp7_4
11 0 145960 4 62.1564 plmp7_4
11 0 145632 5 59.91266 plmp7_4
11 0 2812210 6 59.391422 plmp7_4
11 0 802770 7 59.17583 plmp7_4
11 0 3007018 8 59.10189 plmp7_4
11 0 2670966 9 59.033672 plmp7_4
12 0 2672535 0 85.47031 plmp7_4
12 0 3207860 1 63.965508 plmp7_4
12 0 3153112 2 59.356895 plmp7_4
12 0 3216389 3 56.407185 plmp7_4
12 0 3204919 4 56.26293 plmp7_4
12 0 4151830 5 56.213737 plmp7_4
12 0 3197367 6 55.237366 plmp7_4
12 0 3211503 7 55.07472 plmp7_4
12 0 127929 8 54.900753 plmp7_4
12 0 3203658 9 54.867626 plmp7_4
13 0 2812588 0 83.88844 plmp7_4
13 0 4162111 1 74.66275 plmp7_4
13 0 802973 2 74.08403 plmp7_4
13 0 803271 3 74.08403 plmp7_4
13 0 2959737 4 74.08403 plmp7_4
13 0 2642828 5 74.00729 plmp7_4
13 0 145967 6 73.84215 plmp7_4
13 0 2959730 7 69.20017 plmp7_4
13 0 150543 8 67.44451 plmp7_4
13 0 2959732 9 67.44431 plmp7_4
14 0 614392 0 54.101295 plmp7_4
14 0 614485 1 54.101295 plmp7_4
14 0 2812588 2 51.163277 plmp7_4
14 0 2153 3 50.800148 plmp7_4
14 0 108730 4 49.171978 plmp7_4
14 0 118296 5 46.687767 plmp7_4
14 0 2670965 6 45.961266 plmp7_4
14 0 1921234 7 45.418373 plmp7_4
14 0 124715 8 45.389866 plmp7_4
14 0 118015 9 45.025757 plmp7_4
15 0 2812588 0 127.015434 plmp7_4
15 0 4151822 1 113.361244 plmp7_4
15 0 2770446 2 90.7093 plmp7_4
15 0 2809767 3 79.51059 plmp7_4
15 0 2811850 4 79.51059 plmp7_4
15 0 4171965 5 78.299126 plmp7_4
15 0 2771249 6 77.415726 plmp7_4
15 0 2812210 7 73.05969 plmp7_4
15 0 4155979 8 70.66062 plmp7_4
15 0 2812587 9 69.51658 plmp7_4
16 0 4151822 0 116.071396 plmp7_4
16 0 2812588 1 86.999176 plmp7_4
16 0 2770446 2 79.42577 plmp7_4
16 0 4171965 3 74.31092 plmp7_4
16 0 145817 4 73.485916 plmp7_4
16 0 134747 5 64.91553 plmp7_4
16 0 4151830 6 63.175365 plmp7_4
16 0 3209687 7 62.078926 plmp7_4
16 0 3170728 8 62.012737 plmp7_4
16 0 1921234 9 61.28585 plmp7_4
17 0 148484 0 48.397995 plmp7_4
17 0 4161362 1 46.878345 plmp7_4
17 0 813289 2 46.671085 plmp7_4
17 0 111122 3 46.63939 plmp7_4
17 0 2771249 4 46.60363 plmp7_4
17 0 117987 5 46.481728 plmp7_4
17 0 145865 6 45.72979 plmp7_4
17 0 625847 7 45.150997 plmp7_4
17 0 620566 8 45.02368 plmp7_4
17 0 109218 9 44.861237 plmp7_4
18 0 205712 0 126.58014 plmp7_4
18 0 148484 1 111.9857 plmp7_4
18 0 620566 2 100.98657 plmp7_4
18 0 1753 3 96.17306 plmp7_4
18 0 217512 4 94.59512 plmp7_4
18 0 131156 5 94.31061 plmp7_4
18 0 2795703 6 92.22281 plmp7_4
18 0 2797292 7 92.22281 plmp7_4
18 0 206097 8 92.04181 plmp7_4
18 0 219106 9 91.666824 plmp7_4
19 0 2654533 0 139.61115 plmp7_4
19 0 2654756 1 139.61115 plmp7_4
19 0 4151826 2 96.88784 plmp7_4
19 0 4151825 3 96.7006 plmp7_4
19 0 4172500 4 96.476166 plmp7_4
19 0 118018 5 94.66064 plmp7_4
19 0 2670966 6 93.54508 plmp7_4
19 0 112775 7 93.4644 plmp7_4
19 0 219509 8 92.96233 plmp7_4
19 0 112808 9 92.08424 plmp7_4
20 0 2654533 0 145.20569 plmp7_4
20 0 2654756 1 145.20569 plmp7_4
20 0 112775 2 98.16999 plmp7_4
20 0 4151825 3 97.70497 plmp7_4
20 0 4172500 4 95.19517 plmp7_4
20 0 219509 5 92.96233 plmp7_4
20 0 4151826 6 92.60264 plmp7_4
20 0 2670966 7 92.16049 plmp7_4
20 0 110085 8 89.89634 plmp7_4
20 0 3203656 9 89.13459 plmp7_4
21 0 873660 0 127.26339 plmp7_4
21 0 112799 1 113.81005 plmp7_4
21 0 117890 2 113.571434 plmp7_4
21 0 867657 3 110.77451 plmp7_4
21 0 145925 4 104.34673 plmp7_4
21 0 902267 5 102.25597 plmp7_4
21 0 118081 6 101.14466 plmp7_4
21 0 121159 7 100.80731 plmp7_4
21 0 3181482 8 100.341095 plmp7_4
21 0 2804673 9 100.166374 plmp7_4
22 0 2659300 0 156.7535 plmp7_4
22 0 117890 1 152.01366 plmp7_4
22 0 112799 2 139.09454 plmp7_4
22 0 145829 3 126.01793 plmp7_4
22 0 145925 4 121.849205 plmp7_4
22 0 867657 5 119.92446 plmp7_4
22 0 118081 6 119.75661 plmp7_4
22 0 112774 7 115.00304 plmp7_4
22 0 118416 8 110.65821 plmp7_4
22 0 4164893 9 108.99945 plmp7_4
23 0 2810525 0 91.02545 plmp7_4
23 0 2811847 1 91.02545 plmp7_4
23 0 118449 2 86.396385 plmp7_4
23 0 145738 3 79.61107 plmp7_4
23 0 2801435 4 77.52824 plmp7_4
23 0 112257 5 75.03016 plmp7_4
23 0 2657927 6 72.96792 plmp7_4
23 0 4162535 7 72.64762 plmp7_4
23 0 118180 8 70.75724 plmp7_4
23 0 2675750 9 68.78996 plmp7_4
24 0 1738 0 38.96075 plmp7_4
24 0 145778 1 37.550198 plmp7_4
24 0 802408 2 34.082577 plmp7_4
24 0 145866 3 31.866283 plmp7_4
24 0 2790213 4 31.745089 plmp7_4
24 0 2678133 5 31.230053 plmp7_4
24 0 2804671 6 31.12916 plmp7_4
24 0 616433 7 30.64788 plmp7_4
24 0 2675751 8 30.475306 plmp7_4
24 0 2801435 9 30.077251 plmp7_4
25 0 112616 0 115.51586 plmp7_4
25 0 2655499 1 80.041145 plmp7_4
25 0 110318 2 69.47652 plmp7_4
25 0 108792 3 66.88612 plmp7_4
25 0 3211503 4 65.01441 plmp7_4
25 0 821305 5 62.994728 plmp7_4
25 0 118021 6 62.703304 plmp7_4
25 0 117845 7 58.24845 plmp7_4
25 0 111495 8 57.23942 plmp7_4
25 0 2621067 9 56.23902 plmp7_4
26 0 117872 0 110.543884 plmp7_4
26 0 112616 1 98.854164 plmp7_4
26 0 112045 2 90.39758 plmp7_4
26 0 145758 3 89.5249 plmp7_4
26 0 105698 4 86.66091 plmp7_4
26 0 112457 5 86.6067 plmp7_4
26 0 118026 6 86.53959 plmp7_4
26 0 117841 7 84.42668 plmp7_4
26 0 110915 8 84.27981 plmp7_4
26 0 112324 9 83.80817 plmp7_4
27 0 4157382 0 193.11607 plmp7_4
27 0 4157405 1 193.11607 plmp7_4
27 0 111141 2 102.43302 plmp7_4
27 0 112346 3 101.55146 plmp7_4
27 0 112523 4 90.958534 plmp7_4
27 0 3204918 5 80.03708 plmp7_4
27 0 213842 6 79.707825 plmp7_4
27 0 145636 7 79.65368 plmp7_4
27 0 182992 8 79.11657 plmp7_4
27 0 112792 9 78.88485 plmp7_4
28 0 4157382 0 156.0032 plmp7_4
28 0 4157405 1 156.0032 plmp7_4
28 0 112346 2 97.60336 plmp7_4
28 0 111141 3 86.36532 plmp7_4
28 0 110706 4 63.877487 plmp7_4
28 0 118489 5 61.571247 plmp7_4
28 0 112523 6 60.6312 plmp7_4
28 0 118475 7 59.653397 plmp7_4
28 0 110384 8 59.590736 plmp7_4
28 0 931121 9 59.314175 plmp7_4
29 0 111471 0 38.72602 plmp7_4
29 0 205788 1 38.236885 plmp7_4
29 0 4151826 2 38.07614 plmp7_4
29 0 117875 3 37.93056 plmp7_4
29 0 118044 4 37.748146 plmp7_4
29 0 118351 5 37.6381 plmp7_4
29 0 137739 6 37.402103 plmp7_4
29 0 112485 7 36.68306 plmp7_4
29 0 108606 8 36.449074 plmp7_4
29 0 109560 9 36.232388 plmp7_4
30 0 205788 0 126.00894 plmp7_4
30 0 218921 1 111.03428 plmp7_4
30 0 4151826 2 101.710266 plmp7_4
30 0 148795 3 100.784 plmp7_4
30 0 145841 4 100.097115 plmp7_4
30 0 899483 5 99.70981 plmp7_4
30 0 626206 6 99.35688 plmp7_4
30 0 179213 7 96.44328 plmp7_4
30 0 802770 8 95.4789 plmp7_4
30 0 145761 9 93.70011 plmp7_4
31 0 145925 0 79.33824 plmp7_4
31 0 112486 1 73.96297 plmp7_4
31 0 110561 2 72.1697 plmp7_4
31 0 2809763 3 71.63147 plmp7_4
31 0 2795279 4 69.115944 plmp7_4
31 0 118023 5 68.94699 plmp7_4
31 0 902267 6 68.620415 plmp7_4
31 0 118501 7 68.30406 plmp7_4
31 0 118458 8 67.61004 plmp7_4
31 0 118353 9 67.36207 plmp7_4
32 0 112329 0 74.95384 plmp7_4
32 0 111434 1 72.32793 plmp7_4
32 0 1728 2 72.29168 plmp7_4
32 0 112850 3 68.74072 plmp7_4
32 0 112447 4 66.55606 plmp7_4
32 0 112090 5 64.60616 plmp7_4
32 0 125839 6 62.68425 plmp7_4
32 0 145710 7 61.89952 plmp7_4
32 0 118455 8 59.92648 plmp7_4
32 0 111596 9 59.026 plmp7_4
33 0 109535 0 77.4809 plmp7_4
33 0 121158 1 75.63057 plmp7_4
33 0 109532 2 74.88899 plmp7_4
33 0 110795 3 74.31292 plmp7_4
33 0 112485 4 74.212 plmp7_4
33 0 802973 5 73.423225 plmp7_4
33 0 803271 6 73.423225 plmp7_4
33 0 2959737 7 73.423225 plmp7_4
33 0 109935 8 72.588486 plmp7_4
33 0 111863 9 71.9093 plmp7_4
34 0 2676594 0 230.63724 plmp7_4
34 0 2675753 1 225.11609 plmp7_4
34 0 2679204 2 225.11609 plmp7_4
34 0 2809767 3 167.69952 plmp7_4
34 0 2811850 4 167.69952 plmp7_4
34 0 3216389 5 97.69045 plmp7_4
34 0 121158 6 89.10851 plmp7_4
34 0 625710 7 86.55027 plmp7_4
34 0 112325 8 86.10269 plmp7_4
34 0 130155 9 81.406746 plmp7_4
35 0 821306 0 49.046852 plmp7_4
35 0 205203 1 44.483253 plmp7_4
35 0 218927 2 42.408077 plmp7_4
35 0 932061 3 41.39056 plmp7_4
35 0 213843 4 40.58217 plmp7_4
35 0 214063 5 40.58217 plmp7_4
35 0 214467 6 40.58217 plmp7_4
35 0 931124 7 40.57705 plmp7_4
35 0 149005 8 39.526783 plmp7_4
35 0 118079 9 39.372375 plmp7_4
36 0 118319 0 80.185455 plmp7_4
36 0 118142 1 75.17591 plmp7_4
36 0 902769 2 74.36781 plmp7_4
36 0 118238 3 73.86955 plmp7_4
36 0 3170730 4 72.35065 plmp7_4
36 0 3177197 5 72.35065 plmp7_4
36 0 109923 6 71.982346 plmp7_4
36 0 118329 7 71.747025 plmp7_4
36 0 112314 8 70.918915 plmp7_4
36 0 118187 9 69.23013 plmp7_4
37 0 4151829 0 58.559006 plmp7_4
37 0 110774 1 55.81861 plmp7_4
37 0 118269 2 54.090477 plmp7_4
37 0 118290 3 53.524403 plmp7_4
37 0 145731 4 53.381454 plmp7_4
37 0 110742 5 52.139565 plmp7_4
37 0 145629 6 50.80247 plmp7_4
37 0 112910 7 50.662727 plmp7_4
37 0 112133 8 49.981552 plmp7_4
37 0 121168 9 49.877773 plmp7_4
38 0 145855 0 93.55044 plmp7_4
38 0 145731 1 89.756805 plmp7_4
38 0 4151829 2 87.366905 plmp7_4
38 0 118269 3 70.856285 plmp7_4
38 0 1993216 4 68.38202 plmp7_4
38 0 112910 5 62.439434 plmp7_4
38 0 110774 6 62.406654 plmp7_4
38 0 111982 7 61.415215 plmp7_4
38 0 112292 8 60.32898 plmp7_4
38 0 111420 9 57.622524 plmp7_4
39 0 112568 0 79.489746 plmp7_4
39 0 112420 1 71.56582 plmp7_4
39 0 118457 2 66.84382 plmp7_4
39 0 111432 3 60.77915 plmp7_4
39 0 2959744 4 57.936348 plmp7_4
39 0 855518 5 57.936348 plmp7_4
39 0 2674861 6 57.512238 plmp7_4
39 0 2675754 7 57.512238 plmp7_4
39 0 621044 8 57.241085 plmp7_4
39 0 621090 9 57.241085 plmp7_4
40 0 105200 0 100.26631 plmp7_4
40 0 1731 1 87.872025 plmp7_4
40 0 621044 2 87.541145 plmp7_4
40 0 621090 3 87.541145 plmp7_4
40 0 2959739 4 87.541145 plmp7_4
40 0 122254 5 87.163925 plmp7_4
40 0 118457 6 82.75074 plmp7_4
40 0 112273 7 81.37716 plmp7_4
40 0 2959744 8 80.46663 plmp7_4
40 0 855518 9 80.46663 plmp7_4
41 0 112924 0 112.86956 plmp7_4
41 0 111198 1 96.06762 plmp7_4
41 0 2811847 2 95.678215 plmp7_4
41 0 2810525 3 95.67351 plmp7_4
41 0 2654533 4 94.007286 plmp7_4
41 0 2654756 5 94.007286 plmp7_4
41 0 112585 6 92.2139 plmp7_4
41 0 109186 7 87.971695 plmp7_4
41 0 112731 8 86.88013 plmp7_4
41 0 111891 9 86.64598 plmp7_4
42 0 112585 0 114.57663 plmp7_4
42 0 2654533 1 111.72108 plmp7_4
42 0 2654756 2 111.72108 plmp7_4
42 0 112924 3 106.04001 plmp7_4
42 0 111198 4 104.53334 plmp7_4
42 0 110132 5 103.55091 plmp7_4
42 0 111891 6 102.39396 plmp7_4
42 0 109186 7 102.37551 plmp7_4
42 0 109352 8 99.896324 plmp7_4
42 0 145785 9 94.7453 plmp7_4
43 0 2680590 0 88.6332 plmp7_4
43 0 2959745 1 88.6332 plmp7_4
43 0 112920 2 80.34709 plmp7_4
43 0 112305 3 76.47577 plmp7_4
43 0 112803 4 69.685715 plmp7_4
43 0 2784695 5 67.43399 plmp7_4
43 0 118148 6 66.584145 plmp7_4
43 0 2812589 7 64.42947 plmp7_4
43 0 2959749 8 64.42947 plmp7_4
43 0 112644 9 61.84525 plmp7_4
44 0 92563 0 23.6776 plmp7_4
44 0 2781925 1 23.239569 plmp7_4
44 0 183480 2 22.445917 plmp7_4
44 0 802408 3 22.438421 plmp7_4
44 0 145903 4 21.763884 plmp7_4
44 0 111107 5 21.442259 plmp7_4
44 0 99873 6 21.275026 plmp7_4
44 0 145834 7 21.019264 plmp7_4
44 0 108965 8 20.885517 plmp7_4
44 0 3213871 9 20.869629 plmp7_4
45 0 3204917 0 158.34923 plmp7_4
45 0 866024 1 132.56279 plmp7_4
45 0 858802 2 132.56279 plmp7_4
45 0 150542 3 131.1661 plmp7_4
45 0 145861 4 124.7621 plmp7_4
45 0 800568 5 122.32271 plmp7_4
45 0 145772 6 122.19146 plmp7_4
45 0 137725 7 115.47158 plmp7_4
45 0 623145 8 114.945274 plmp7_4
45 0 626207 9 113.29166 plmp7_4
46 0 866024 0 248.91087 plmp7_4
46 0 858802 1 248.90056 plmp7_4
46 0 623145 2 173.10075 plmp7_4
46 0 3204917 3 167.64067 plmp7_4
46 0 2804673 4 163.89134 plmp7_4
46 0 903971 5 154.6249 plmp7_4
46 0 2959742 6 154.6249 plmp7_4
46 0 150542 7 150.36896 plmp7_4
46 0 145861 8 145.33372 plmp7_4
46 0 1732 9 138.72826 plmp7_4
47 0 2674861 0 116.29954 plmp7_4
47 0 2675754 1 116.29954 plmp7_4
47 0 2795703 2 65.661354 plmp7_4
47 0 2797292 3 65.661354 plmp7_4
47 0 2678133 4 65.39439 plmp7_4
47 0 2790213 5 65.31005 plmp7_4
47 0 2771250 6 64.434296 plmp7_4
47 0 148483 7 62.8034 plmp7_4
47 0 626207 8 62.725906 plmp7_4
47 0 121149 9 62.373978 plmp7_4
48 0 2674861 0 110.21389 plmp7_4
48 0 2675754 1 110.21389 plmp7_4
48 0 3170727 2 67.8822 plmp7_4
48 0 111362 3 59.839504 plmp7_4
48 0 96147 4 59.76775 plmp7_4
48 0 2646093 5 58.102394 plmp7_4
48 0 103019 6 57.819843 plmp7_4
48 0 145896 7 55.65928 plmp7_4
48 0 2790213 8 55.65513 plmp7_4
48 0 96612 9 55.42689 plmp7_4
49 0 2810525 0 62.830074 plmp7_4
49 0 2811847 1 62.830074 plmp7_4
49 0 4162535 2 59.968052 plmp7_4
49 0 3153112 3 48.777065 plmp7_4
49 0 4151826 4 47.959805 plmp7_4
49 0 2809767 5 44.01254 plmp7_4
49 0 2811850 6 44.01254 plmp7_4
49 0 2812210 7 43.896 plmp7_4
49 0 2803251 8 43.8746 plmp7_4
49 0 2801435 9 43.341057 plmp7_4
50 0 3153112 0 94.126884 plmp7_4
50 0 4162535 1 88.65766 plmp7_4
50 0 2810525 2 68.731514 plmp7_4
50 0 2811847 3 68.731514 plmp7_4
50 0 4151826 4 52.054447 plmp7_4
50 0 3181025 5 51.961514 plmp7_4
50 0 2809767 6 51.500225 plmp7_4
50 0 2811850 7 51.500225 plmp7_4
50 0 2812210 8 49.89854 plmp7_4
50 0 2801435 9 48.453445 plmp7_4
51 0 112770 0 68.69027 plmp7_4
51 0 616433 1 63.246227 plmp7_4
51 0 78783 2 56.145687 plmp7_4
51 0 145872 3 54.345337 plmp7_4
51 0 873668 4 54.288464 plmp7_4
51 0 2752078 5 53.332653 plmp7_4
51 0 213842 6 53.247288 plmp7_4
51 0 145868 7 52.823708 plmp7_4
51 0 215412 8 52.577454 plmp7_4
51 0 620566 9 52.47262 plmp7_4
52 0 112770 0 47.624535 plmp7_4
52 0 112931 1 42.618294 plmp7_4
52 0 112243 2 41.619892 plmp7_4
52 0 802399 3 36.552948 plmp7_4
52 0 105869 4 35.967396 plmp7_4
52 0 103302 5 35.77041 plmp7_4
52 0 109704 6 35.577938 plmp7_4
52 0 103145 7 35.25128 plmp7_4
52 0 854177 8 35.24429 plmp7_4
52 0 109087 9 35.071114 plmp7_4
53 0 799985 0 87.82588 plmp7_4
53 0 2808291 1 75.166016 plmp7_4
53 0 2771250 2 72.92555 plmp7_4
53 0 145792 3 71.20849 plmp7_4
53 0 148483 4 69.381905 plmp7_4
53 0 621045 5 64.81536 plmp7_4
53 0 2650505 6 63.4623 plmp7_4
53 0 145664 7 63.313774 plmp7_4
53 0 145647 8 62.11626 plmp7_4
53 0 112677 9 61.5749 plmp7_4
54 0 872994 0 119.44794 plmp7_4
54 0 811778 1 105.224365 plmp7_4
54 0 943668 2 91.13583 plmp7_4
54 0 811777 3 89.31484 plmp7_4
54 0 625711 4 89.07784 plmp7_4
54 0 931123 5 88.539154 plmp7_4
54 0 2808291 6 78.6021 plmp7_4
54 0 3195890 7 72.20985 plmp7_4
54 0 621045 8 71.88651 plmp7_4
54 0 2676594 9 69.39011 plmp7_4
55 0 4154603 0 126.92728 plmp7_4
55 0 145731 1 90.63584 plmp7_4
55 0 145855 2 90.57333 plmp7_4
55 0 118269 3 89.188995 plmp7_4
55 0 145629 4 88.0507 plmp7_4
55 0 111261 5 79.007614 plmp7_4
55 0 110774 6 74.964325 plmp7_4
55 0 112910 7 74.598366 plmp7_4
55 0 111982 8 69.79319 plmp7_4
55 0 111420 9 69.58596 plmp7_4
56 0 4154603 0 192.79703 plmp7_4
56 0 118269 1 131.86928 plmp7_4
56 0 145731 2 129.19202 plmp7_4
56 0 112910 3 124.74783 plmp7_4
56 0 110774 4 110.256226 plmp7_4
56 0 145629 5 109.193115 plmp7_4
56 0 111261 6 105.75805 plmp7_4
56 0 145855 7 101.26054 plmp7_4
56 0 111420 8 97.04183 plmp7_4
56 0 1993216 9 96.23177 plmp7_4
57 0 802408 0 85.604294 plmp7_4
57 0 800569 1 85.56578 plmp7_4
57 0 867644 2 85.30543 plmp7_4
57 0 815320 3 79.75908 plmp7_4
57 0 118297 4 78.89277 plmp7_4
57 0 4170683 5 77.84425 plmp7_4
57 0 182567 6 77.37362 plmp7_4
57 0 205720 7 74.69023 plmp7_4
57 0 2959744 8 74.22904 plmp7_4
57 0 855518 9 74.22904 plmp7_4
58 0 145735 0 91.0178 plmp7_4
58 0 217702 1 69.11273 plmp7_4
58 0 108547 2 68.39037 plmp7_4
58 0 2676592 3 65.94894 plmp7_4
58 0 106179 4 63.857616 plmp7_4
58 0 112467 5 63.292534 plmp7_4
58 0 110330 6 60.050713 plmp7_4
58 0 145800 7 60.037228 plmp7_4
58 0 149585 8 59.462425 plmp7_4
58 0 149649 9 59.462425 plmp7_4
59 0 2788983 0 237.39172 plmp7_4
59 0 4170685 1 212.32526 plmp7_4
59 0 118037 2 188.28047 plmp7_4
59 0 145627 3 186.44618 plmp7_4
59 0 117968 4 182.74803 plmp7_4
59 0 118129 5 179.84375 plmp7_4
59 0 118040 6 176.42226 plmp7_4
59 0 1087691 7 165.19557 plmp7_4
59 0 118422 8 159.60909 plmp7_4
59 0 134735 9 153.82199 plmp7_4
60 0 3195891 0 237.06142 plmp7_4
60 0 2788983 1 217.61943 plmp7_4
60 0 4170685 2 215.41232 plmp7_4
60 0 145627 3 188.68642 plmp7_4
60 0 118129 4 188.36179 plmp7_4
60 0 130158 5 183.09915 plmp7_4
60 0 621195 6 178.85039 plmp7_4
60 0 621270 7 178.85039 plmp7_4
60 0 931614 8 177.63167 plmp7_4
60 0 118334 9 176.22069 plmp7_4
61 0 145743 0 139.24721 plmp7_4
61 0 2812210 1 134.56313 plmp7_4
61 0 145923 2 131.51114 plmp7_4
61 0 218457 3 121.141396 plmp7_4
61 0 1732 4 110.5093 plmp7_4
61 0 145815 5 108.66259 plmp7_4
61 0 3195092 6 104.25063 plmp7_4
61 0 112854 7 103.59925 plmp7_4
61 0 2657927 8 98.993095 plmp7_4
61 0 112435 9 98.29031 plmp7_4
62 0 2812210 0 58.216183 plmp7_4
62 0 110661 1 49.731697 plmp7_4
62 0 110091 2 47.74386 plmp7_4
62 0 118299 3 45.821625 plmp7_4
62 0 110926 4 45.44863 plmp7_4
62 0 117875 5 45.367275 plmp7_4
62 0 109966 6 44.95868 plmp7_4
62 0 109846 7 44.560947 plmp7_4
62 0 118098 8 44.003574 plmp7_4
62 0 110984 9 43.6397 plmp7_4
63 0 106985 0 59.386616 plmp7_4
63 0 149702 1 57.419365 plmp7_4
63 0 107685 2 57.16264 plmp7_4
63 0 104521 3 56.190895 plmp7_4
63 0 108539 4 55.42144 plmp7_4
63 0 108111 5 54.187904 plmp7_4
63 0 111250 6 54.083237 plmp7_4
63 0 108538 7 53.977974 plmp7_4
63 0 91054 8 53.04821 plmp7_4
63 0 108713 9 52.638824 plmp7_4
64 0 3205768 0 70.46568 plmp7_4
64 0 2758568 1 67.77849 plmp7_4
64 0 2809766 2 65.90936 plmp7_4
64 0 2811849 3 65.90936 plmp7_4
64 0 3205767 4 62.95784 plmp7_4
64 0 4151827 5 62.374233 plmp7_4
64 0 110645 6 59.75945 plmp7_4
64 0 3205736 7 59.370647 plmp7_4
64 0 3207860 8 59.255215 plmp7_4
64 0 145895 9 57.556423 plmp7_4
65 0 118123 0 148.63493 plmp7_4
65 0 150540 1 97.91787 plmp7_4
65 0 3211501 2 96.059586 plmp7_4
65 0 4151825 3 90.00408 plmp7_4
65 0 110645 4 89.8021 plmp7_4
65 0 3183080 5 89.03218 plmp7_4
65 0 131165 6 87.81704 plmp7_4
65 0 4089982 7 86.84617 plmp7_4
65 0 145883 8 86.36387 plmp7_4
65 0 3199502 9 85.39983 plmp7_4
66 0 3211501 0 169.89442 plmp7_4
66 0 145867 1 143.93976 plmp7_4
66 0 4151827 2 127.72963 plmp7_4
66 0 150540 3 114.767265 plmp7_4
66 0 3213872 4 114.56692 plmp7_4
66 0 3212516 5 113.473206 plmp7_4
66 0 3195445 6 110.6816 plmp7_4
66 0 3217422 7 110.31819 plmp7_4
66 0 3214775 8 110.25849 plmp7_4
66 0 218925 9 110.11408 plmp7_4
67 0 145800 0 164.15407 plmp7_4
67 0 867645 1 151.91563 plmp7_4
67 0 103675 2 100.31157 plmp7_4
67 0 106757 3 86.855385 plmp7_4
67 0 103678 4 80.1215 plmp7_4
67 0 104522 5 79.6256 plmp7_4
67 0 110330 6 75.025536 plmp7_4
67 0 107938 7 74.71219 plmp7_4
67 0 103916 8 72.94463 plmp7_4
67 0 2810526 9 68.52325 plmp7_4
68 0 145800 0 143.70401 plmp7_4
68 0 867645 1 117.28742 plmp7_4
68 0 94177 2 82.778625 plmp7_4
68 0 97893 3 81.45071 plmp7_4
68 0 103675 4 81.029205 plmp7_4
68 0 103093 5 78.776436 plmp7_4
68 0 88704 6 78.73658 plmp7_4
68 0 103678 7 78.22101 plmp7_4
68 0 97584 8 76.313156 plmp7_4
68 0 88756 9 75.208466 plmp7_4
69 0 3214778 0 104.89537 plmp7_4
69 0 182558 1 100.69067 plmp7_4
69 0 149289 2 97.308334 plmp7_4
69 0 2676593 3 94.27679 plmp7_4
69 0 117859 4 94.20111 plmp7_4
69 0 111709 5 93.20727 plmp7_4
69 0 866022 6 92.20355 plmp7_4
69 0 219733 7 92.15232 plmp7_4
69 0 220342 8 92.15232 plmp7_4
69 0 147528 9 88.66565 plmp7_4
70 0 3214778 0 109.72258 plmp7_4
70 0 182558 1 108.90199 plmp7_4
70 0 2676593 2 106.98749 plmp7_4
70 0 149289 3 106.56748 plmp7_4
70 0 2790213 4 99.92357 plmp7_4
70 0 2675751 5 99.83683 plmp7_4
70 0 931120 6 99.219986 plmp7_4
70 0 858289 7 98.78907 plmp7_4
70 0 2959743 8 98.77211 plmp7_4
70 0 802971 9 98.76682 plmp7_4
71 0 118052 0 102.7042 plmp7_4
71 0 145121 1 102.47944 plmp7_4
71 0 112914 2 100.09342 plmp7_4
71 0 3189783 3 96.919655 plmp7_4
71 0 118287 4 92.67596 plmp7_4
71 0 112904 5 92.31341 plmp7_4
71 0 118005 6 89.534096 plmp7_4
71 0 118234 7 88.68182 plmp7_4
71 0 112823 8 84.282364 plmp7_4
71 0 2654533 9 83.417076 plmp7_4
72 0 118052 0 114.086914 plmp7_4
72 0 112904 1 100.567955 plmp7_4
72 0 145121 2 99.14966 plmp7_4
72 0 118234 3 98.32044 plmp7_4
72 0 3189783 4 98.224236 plmp7_4
72 0 112914 5 98.19363 plmp7_4
72 0 118005 6 96.15673 plmp7_4
72 0 117979 7 83.990234 plmp7_4
72 0 2654533 8 81.61365 plmp7_4
72 0 2654756 9 81.61365 plmp7_4
73 0 2804674 0 55.19606 plmp7_4
73 0 110692 1 50.74633 plmp7_4
73 0 108538 2 50.37524 plmp7_4
73 0 109931 3 48.15013 plmp7_4
73 0 1087954 4 46.74672 plmp7_4
73 0 217514 5 46.645733 plmp7_4
73 0 145624 6 46.606125 plmp7_4
73 0 118043 7 45.039978 plmp7_4
73 0 110175 8 44.973385 plmp7_4
73 0 111425 9 44.94654 plmp7_4
74 0 2804674 0 79.70362 plmp7_4
74 0 107904 1 76.86664 plmp7_4
74 0 109284 2 73.904976 plmp7_4
74 0 112774 3 67.546 plmp7_4
74 0 127908 4 65.54452 plmp7_4
74 0 2675749 5 62.287235 plmp7_4
74 0 111245 6 57.033585 plmp7_4
74 0 108616 7 55.47704 plmp7_4
74 0 110798 8 53.577827 plmp7_4
74 0 803268 9 53.564342 plmp7_4
75 0 118226 0 76.24377 plmp7_4
75 0 92916 1 76.23694 plmp7_4
75 0 110964 2 73.14744 plmp7_4
75 0 92470 3 72.72089 plmp7_4
75 0 3189783 4 72.55626 plmp7_4
75 0 111291 5 71.85964 plmp7_4
75 0 802770 6 70.26163 plmp7_4
75 0 89728 7 70.11855 plmp7_4
75 0 96318 8 70.05916 plmp7_4
75 0 98058 9 69.50699 plmp7_4
76 0 2679833 0 90.31048 plmp7_4
76 0 2680440 1 90.31048 plmp7_4
76 0 110964 2 85.07623 plmp7_4
76 0 108900 3 81.0765 plmp7_4
76 0 112919 4 80.69527 plmp7_4
76 0 150540 5 80.44754 plmp7_4
76 0 111945 6 80.11613 plmp7_4
76 0 867644 7 76.183136 plmp7_4
76 0 2781925 8 75.58258 plmp7_4
76 0 118298 9 75.50597 plmp7_4
77 0 2812588 0 115.85381 plmp7_4
77 0 4151822 1 112.89784 plmp7_4
77 0 145817 2 104.477554 plmp7_4
77 0 112726 3 95.07012 plmp7_4
77 0 2770446 4 94.06668 plmp7_4
77 0 134747 5 91.57265 plmp7_4
77 0 111029 6 89.934975 plmp7_4
77 0 111455 7 89.12931 plmp7_4
77 0 145902 8 83.12254 plmp7_4
77 0 145647 9 81.20178 plmp7_4
78 0 117968 0 47.853752 plmp7_4
78 0 2812588 1 46.448196 plmp7_4
78 0 118037 2 44.74751 plmp7_4
78 0 145632 3 43.401268 plmp7_4
78 0 118022 4 42.699097 plmp7_4
78 0 117836 5 42.654137 plmp7_4
78 0 117899 6 42.401947 plmp7_4
78 0 112358 7 42.352997 plmp7_4
78 0 799976 8 41.14685 plmp7_4
78 0 111717 9 39.832954 plmp7_4
79 0 111009 0 144.11684 plmp7_4
79 0 118143 1 130.32884 plmp7_4
79 0 111470 2 119.54615 plmp7_4
79 0 110221 3 99.308075 plmp7_4
79 0 118513 4 77.47805 plmp7_4
79 0 2680438 5 76.560814 plmp7_4
79 0 111964 6 72.30535 plmp7_4
79 0 110183 7 65.78394 plmp7_4
79 0 106328 8 63.759445 plmp7_4
79 0 109626 9 61.240448 plmp7_4
80 0 118143 0 115.378654 plmp7_4
80 0 111009 1 109.06655 plmp7_4
80 0 111470 2 107.239494 plmp7_4
80 0 145859 3 85.94871 plmp7_4
80 0 150540 4 80.30673 plmp7_4
80 0 110221 5 77.53482 plmp7_4
80 0 106328 6 73.91365 plmp7_4
80 0 2672210 7 72.22334 plmp7_4
80 0 2654755 8 72.22334 plmp7_4
80 0 109342 9 71.1385 plmp7_4
81 0 148484 0 86.21497 plmp7_4
81 0 122253 1 61.50063 plmp7_4
81 0 112440 2 61.095768 plmp7_4
81 0 118445 3 53.031246 plmp7_4
81 0 112867 4 50.173397 plmp7_4
81 0 117841 5 48.9819 plmp7_4
81 0 799981 6 48.46318 plmp7_4
81 0 127900 7 47.22878 plmp7_4
81 0 112616 8 46.410957 plmp7_4
81 0 118368 9 45.838028 plmp7_4
82 0 118368 0 78.96433 plmp7_4
82 0 2803250 1 78.72259 plmp7_4
82 0 1726 2 78.39311 plmp7_4
82 0 127900 3 76.40763 plmp7_4
82 0 216735 4 71.29783 plmp7_4
82 0 216806 5 71.29783 plmp7_4
82 0 145865 6 69.04018 plmp7_4
82 0 799981 7 68.95843 plmp7_4
82 0 145625 8 66.96325 plmp7_4
82 0 112305 9 65.06581 plmp7_4
83 0 145859 0 119.39362 plmp7_4
83 0 112922 1 89.582115 plmp7_4
83 0 137746 2 78.76902 plmp7_4
83 0 111246 3 77.288765 plmp7_4
83 0 111151 4 76.3679 plmp7_4
83 0 145870 5 75.78171 plmp7_4
83 0 109894 6 75.59719 plmp7_4
83 0 111286 7 74.6802 plmp7_4
83 0 110289 8 74.6597 plmp7_4
83 0 800858 9 73.47755 plmp7_4
84 0 145859 0 116.31288 plmp7_4
84 0 112922 1 100.49923 plmp7_4
84 0 800858 2 89.01205 plmp7_4
84 0 111151 3 86.95679 plmp7_4
84 0 107293 4 86.679054 plmp7_4
84 0 109895 5 85.04597 plmp7_4
84 0 109893 6 83.28553 plmp7_4
84 0 122251 7 82.18871 plmp7_4
84 0 110361 8 81.48198 plmp7_4
84 0 107980 9 81.42652 plmp7_4
85 0 2959737 0 165.40123 plmp7_4
85 0 802973 1 164.6769 plmp7_4
85 0 803271 2 164.6769 plmp7_4
85 0 3177199 3 120.51922 plmp7_4
85 0 3171724 4 120.34631 plmp7_4
85 0 3177200 5 120.34631 plmp7_4
85 0 150543 6 103.77652 plmp7_4
85 0 2959732 7 103.77652 plmp7_4
85 0 146553 8 103.19696 plmp7_4
85 0 146790 9 103.19696 plmp7_4
86 0 3171724 0 105.97717 plmp7_4
86 0 3177199 1 105.97717 plmp7_4
86 0 3177200 2 105.97717 plmp7_4
86 0 3205766 3 96.80249 plmp7_4
86 0 802973 4 92.25148 plmp7_4
86 0 803271 5 92.25148 plmp7_4
86 0 2959737 6 92.25148 plmp7_4
86 0 150543 7 85.214264 plmp7_4
86 0 2959732 8 85.214264 plmp7_4
86 0 146553 9 84.66983 plmp7_4
87 0 143378 0 37.11323 plmp7_4
87 0 110760 1 34.280983 plmp7_4
87 0 136998 2 33.854416 plmp7_4
87 0 1088038 3 33.47405 plmp7_4
87 0 111170 4 33.224663 plmp7_4
87 0 112807 5 32.482258 plmp7_4
87 0 111186 6 31.956123 plmp7_4
87 0 112746 7 31.252312 plmp7_4
87 0 111660 8 31.189426 plmp7_4
87 0 111905 9 30.96405 plmp7_4
88 0 182992 0 98.94656 plmp7_4
88 0 182991 1 92.121284 plmp7_4
88 0 145897 2 89.912445 plmp7_4
88 0 149653 3 88.174126 plmp7_4
88 0 2654277 4 84.429184 plmp7_4
88 0 111170 5 83.946594 plmp7_4
88 0 625832 6 80.71895 plmp7_4
88 0 626055 7 80.71895 plmp7_4
88 0 112807 8 78.89014 plmp7_4
88 0 118339 9 78.18958 plmp7_4
89 0 4151822 0 189.12128 plmp7_4
89 0 2812588 1 165.42715 plmp7_4
89 0 2770446 2 164.8941 plmp7_4
89 0 4162110 3 110.35574 plmp7_4
89 0 145817 4 101.53172 plmp7_4
89 0 145647 5 100.48217 plmp7_4
89 0 134747 6 95.73934 plmp7_4
89 0 145954 7 77.9324 plmp7_4
89 0 4106440 8 70.60276 plmp7_4
89 0 145722 9 70.452385 plmp7_4
90 0 4151822 0 199.66367 plmp7_4
90 0 2812588 1 192.34384 plmp7_4
90 0 2770446 2 153.32443 plmp7_4
90 0 145626 3 130.25084 plmp7_4
90 0 130150 4 122.83276 plmp7_4
90 0 137748 5 122.15313 plmp7_4
90 0 626454 6 119.28787 plmp7_4
90 0 118054 7 117.89339 plmp7_4
90 0 3181025 8 113.69752 plmp7_4
90 0 111913 9 113.01684 plmp7_4
91 0 3212514 0 231.3424 plmp7_4
91 0 109857 1 103.56015 plmp7_4
91 0 145782 2 101.79642 plmp7_4
91 0 134732 3 99.076256 plmp7_4
91 0 1087959 4 96.34595 plmp7_4
91 0 112439 5 96.05557 plmp7_4
91 0 110249 6 95.69094 plmp7_4
91 0 145785 7 95.67488 plmp7_4
91 0 118507 8 94.90304 plmp7_4
91 0 219097 9 94.06189 plmp7_4
92 0 3212514 0 226.45657 plmp7_4
92 0 110249 1 127.046844 plmp7_4
92 0 1087959 2 117.742775 plmp7_4
92 0 118507 3 112.91137 plmp7_4
92 0 109857 4 99.03977 plmp7_4
92 0 110032 5 97.63983 plmp7_4
92 0 110213 6 96.869865 plmp7_4
92 0 134732 7 96.761185 plmp7_4
92 0 134725 8 94.05945 plmp7_4
92 0 112439 9 91.072624 plmp7_4
93 0 145901 0 165.96567 plmp7_4
93 0 118334 1 159.17934 plmp7_4
93 0 117874 2 156.0889 plmp7_4
93 0 112905 3 154.52255 plmp7_4
93 0 118107 4 153.22256 plmp7_4
93 0 130158 5 152.5096 plmp7_4
93 0 112824 6 151.53351 plmp7_4
93 0 118129 7 143.11714 plmp7_4
93 0 110877 8 142.7098 plmp7_4
93 0 931614 9 141.51894 plmp7_4
94 0 931614 0 173.36511 plmp7_4
94 0 145901 1 172.84906 plmp7_4
94 0 117874 2 155.37909 plmp7_4
94 0 2788983 3 150.70055 plmp7_4
94 0 112905 4 143.45082 plmp7_4
94 0 4151827 5 142.18205 plmp7_4
94 0 112824 6 140.86479 plmp7_4
94 0 118129 7 140.79013 plmp7_4
94 0 111736 8 139.7678 plmp7_4
94 0 145627 9 138.83345 plmp7_4
95 0 105495 0 85.74444 plmp7_4
95 0 108555 1 84.26514 plmp7_4
95 0 107232 2 77.41364 plmp7_4
95 0 107475 3 74.02357 plmp7_4
95 0 106171 4 65.19945 plmp7_4
95 0 103631 5 59.9091 plmp7_4
95 0 106073 6 58.177555 plmp7_4
95 0 109444 7 57.540012 plmp7_4
95 0 112750 8 55.221436 plmp7_4
95 0 104571 9 52.96394 plmp7_4
96 0 108555 0 92.46682 plmp7_4
96 0 103631 1 86.75509 plmp7_4
96 0 92746 2 69.52233 plmp7_4
96 0 96542 3 67.231895 plmp7_4
96 0 93395 4 65.48166 plmp7_4
96 0 799986 5 64.88094 plmp7_4
96 0 96359 6 64.20223 plmp7_4
96 0 96341 7 64.1223 plmp7_4
96 0 103511 8 64.07053 plmp7_4
96 0 96850 9 63.84157 plmp7_4
97 0 112101 0 107.470604 plmp7_4
97 0 111922 1 79.88258 plmp7_4
97 0 2655597 2 53.07196 plmp7_4
97 0 117959 3 51.774242 plmp7_4
97 0 2795279 4 51.030468 plmp7_4
97 0 2676593 5 50.488605 plmp7_4
97 0 146554 6 50.199635 plmp7_4
97 0 2959743 7 48.632534 plmp7_4
97 0 858289 8 48.632534 plmp7_4
97 0 820748 9 48.305546 plmp7_4
98 0 118467 0 28.886806 plmp7_4
98 0 134732 1 28.562908 plmp7_4
98 0 145804 2 27.634604 plmp7_4
98 0 2676593 3 26.919277 plmp7_4
98 0 2811845 4 26.69188 plmp7_4
98 0 117832 5 26.546982 plmp7_4
98 0 3181481 6 26.414537 plmp7_4
98 0 112574 7 26.30645 plmp7_4
98 0 118148 8 25.994038 plmp7_4
98 0 2655591 9 25.910713 plmp7_4
99 0 112267 0 109.32728 plmp7_4
99 0 111884 1 80.42258 plmp7_4
99 0 110552 2 69.43394 plmp7_4
99 0 112723 3 63.964737 plmp7_4
99 0 110578 4 58.586994 plmp7_4
99 0 109976 5 56.38341 plmp7_4
99 0 145914 6 52.707924 plmp7_4
99 0 118121 7 52.394257 plmp7_4
99 0 109673 8 52.231472 plmp7_4
99 0 142887 9 52.13129 plmp7_4
100 0 112267 0 125.46418 plmp7_4
100 0 110552 1 98.64811 plmp7_4
100 0 111884 2 91.68502 plmp7_4
100 0 111886 3 82.59521 plmp7_4
100 0 110296 4 78.96621 plmp7_4
100 0 110098 5 78.903175 plmp7_4
100 0 112723 6 78.46301 plmp7_4
100 0 854177 7 77.63992 plmp7_4
100 0 102981 8 77.43023 plmp7_4
100 0 109633 9 75.62912 plmp7_4
