1 0 3204919 0 46.47856 plmp5_10
1 0 2771249 1 41.88411 plmp5_10
1 0 2812588 2 40.888954 plmp5_10
1 0 110097 3 40.84491 plmp5_10
1 0 110134 4 40.780445 plmp5_10
1 0 110563 5 40.617702 plmp5_10
1 0 2812210 6 40.249 plmp5_10
1 0 2812209 7 39.865875 plmp5_10
1 0 2801433 8 39.850533 plmp5_10
1 0 4151826 9 39.606594 plmp5_10
2 0 103631 0 52.317215 plmp5_10
2 0 145692 1 47.91923 plmp5_10
2 0 104516 2 42.615517 plmp5_10
2 0 100105 3 41.494102 plmp5_10
2 0 112750 4 41.419216 plmp5_10
2 0 110134 5 41.373234 plmp5_10
2 0 107016 6 40.995613 plmp5_10
2 0 104671 7 40.77343 plmp5_10
2 0 103549 8 40.679466 plmp5_10
2 0 108555 9 39.81245 plmp5_10
3 0 3162143 0 81.3177 plmp5_10
3 0 117907 1 74.62574 plmp5_10
3 0 111091 2 74.05545 plmp5_10
3 0 118475 3 73.97755 plmp5_10
3 0 215496 4 73.95934 plmp5_10
3 0 215694 5 73.95934 plmp5_10
3 0 2959735 6 73.9583 plmp5_10
3 0 903973 7 72.62953 plmp5_10
3 0 117959 8 71.43713 plmp5_10
3 0 112212 9 70.390114 plmp5_10
4 0 215694 0 134.69292 plmp5_10
4 0 2959735 1 134.69084 plmp5_10
4 0 215496 2 134.62741 plmp5_10
4 0 3162143 3 123.80362 plmp5_10
4 0 623142 4 112.318054 plmp5_10
4 0 118029 5 111.87078 plmp5_10
4 0 78783 6 107.91166 plmp5_10
4 0 149007 7 107.42592 plmp5_10
4 0 903973 8 104.12863 plmp5_10
4 0 112212 9 100.78224 plmp5_10
5 0 110056 0 51.531307 plmp5_10
5 0 110831 1 51.4764 plmp5_10
5 0 145652 2 49.5688 plmp5_10
5 0 1740 3 48.087788 plmp5_10
5 0 131163 4 46.91363 plmp5_10
5 0 118329 5 44.414402 plmp5_10
5 0 118360 6 44.361504 plmp5_10
5 0 107162 7 44.227802 plmp5_10
5 0 110654 8 43.741615 plmp5_10
5 0 105889 9 43.54244 plmp5_10
6 0 112072 0 39.5247 plmp5_10
6 0 111081 1 37.89084 plmp5_10
6 0 175945 2 37.488617 plmp5_10
6 0 111164 3 37.341576 plmp5_10
6 0 110520 4 36.621117 plmp5_10
6 0 111366 5 36.23007 plmp5_10
6 0 110654 6 35.449154 plmp5_10
6 0 111198 7 35.418194 plmp5_10
6 0 108702 8 35.219143 plmp5_10
6 0 2804676 9 35.00684 plmp5_10
7 0 3195892 0 38.19002 plmp5_10
7 0 2672535 1 36.206394 plmp5_10
7 0 147531 2 35.948524 plmp5_10
7 0 2675751 3 35.697346 plmp5_10
7 0 118511 4 35.313583 plmp5_10
7 0 147530 5 34.853935 plmp5_10
7 0 2678467 6 33.834194 plmp5_10
7 0 2679202 7 33.834194 plmp5_10
7 0 2959746 8 33.834194 plmp5_10
7 0 145715 9 33.74658 plmp5_10
8 0 112174 0 75.681526 plmp5_10
8 0 145868 1 73.19487 plmp5_10
8 0 110932 2 67.8587 plmp5_10
8 0 145715 3 65.940384 plmp5_10
8 0 112834 4 64.06692 plmp5_10
8 0 134749 5 64.00525 plmp5_10
8 0 147531 6 62.523838 plmp5_10
8 0 2678467 7 58.82703 plmp5_10
8 0 2679202 8 58.82703 plmp5_10
8 0 2959746 9 58.82703 plmp5_10
9 0 2675751 0 84.87404 plmp5_10
9 0 127923 1 84.44051 plmp5_10
9 0 118212 2 83.89213 plmp5_10
9 0 127887 3 83.293175 plmp5_10
9 0 118317 4 81.273895 plmp5_10
9 0 112641 5 80.28493 plmp5_10
9 0 118011 6 80.166885 plmp5_10
9 0 109720 7 79.728615 plmp5_10
9 0 118454 8 79.553085 plmp5_10
9 0 118423 9 79.07814 plmp5_10
10 0 111500 0 87.2931 plmp5_10
10 0 112423 1 85.00008 plmp5_10
10 0 118087 2 81.35521 plmp5_10
10 0 112657 3 80.335236 plmp5_10
10 0 112800 4 78.5156 plmp5_10
10 0 112931 5 77.27232 plmp5_10
10 0 111949 6 76.72209 plmp5_10
10 0 112291 7 76.393936 plmp5_10
10 0 112318 8 74.67397 plmp5_10
10 0 118511 9 73.57597 plmp5_10
11 0 873668 0 46.427822 plmp5_10
11 0 2672535 1 45.75269 plmp5_10
11 0 3214780 2 44.199387 plmp5_10
11 0 4151824 3 44.163662 plmp5_10
11 0 858288 4 44.064857 plmp5_10
11 0 217512 5 43.33562 plmp5_10
11 0 3153112 6 43.060734 plmp5_10
11 0 2801435 7 42.994965 plmp5_10
11 0 112884 8 42.482338 plmp5_10
11 0 110916 9 41.84576 plmp5_10
12 0 3207860 0 51.140667 plmp5_10
12 0 3204919 1 46.457478 plmp5_10
12 0 3209686 2 46.264687 plmp5_10
12 0 3213873 3 45.38502 plmp5_10
12 0 3171725 4 45.162285 plmp5_10
12 0 2790213 5 45.11901 plmp5_10
12 0 3214780 6 44.960728 plmp5_10
12 0 3216389 7 44.822105 plmp5_10
12 0 2672535 8 43.96772 plmp5_10
12 0 3204918 9 43.69549 plmp5_10
13 0 614392 0 67.10574 plmp5_10
13 0 614485 1 67.10574 plmp5_10
13 0 2812588 2 64.90399 plmp5_10
13 0 124715 3 55.497623 plmp5_10
13 0 108605 4 54.387188 plmp5_10
13 0 4106440 5 54.273735 plmp5_10
13 0 4162111 6 53.644806 plmp5_10
13 0 2959730 7 52.873096 plmp5_10
13 0 145632 8 52.42073 plmp5_10
13 0 121158 9 51.482346 plmp5_10
14 0 2670965 0 38.351986 plmp5_10
14 0 111330 1 37.00948 plmp5_10
14 0 118015 2 36.92575 plmp5_10
14 0 108730 3 36.50857 plmp5_10
14 0 108414 4 36.196003 plmp5_10
14 0 213842 5 36.091003 plmp5_10
14 0 118296 6 34.956562 plmp5_10
14 0 111726 7 34.945614 plmp5_10
14 0 182992 8 34.625263 plmp5_10
14 0 112728 9 34.51817 plmp5_10
15 0 2812588 0 87.70416 plmp5_10
15 0 4151822 1 75.61623 plmp5_10
15 0 2770446 2 61.976456 plmp5_10
15 0 2810525 3 56.91135 plmp5_10
15 0 2811847 4 56.91135 plmp5_10
15 0 2809767 5 56.455704 plmp5_10
15 0 2811850 6 56.455704 plmp5_10
15 0 2812587 7 54.447266 plmp5_10
15 0 2959748 8 54.447266 plmp5_10
15 0 2771249 9 53.339676 plmp5_10
16 0 4151822 0 74.497444 plmp5_10
16 0 4161362 1 51.198402 plmp5_10
16 0 4168362 2 50.742214 plmp5_10
16 0 4157405 3 48.996918 plmp5_10
16 0 4172499 4 48.36826 plmp5_10
16 0 4155979 5 48.30026 plmp5_10
16 0 4170683 6 47.890575 plmp5_10
16 0 4151826 7 47.82001 plmp5_10
16 0 4157382 8 46.953182 plmp5_10
16 0 4157406 9 46.953182 plmp5_10
17 0 112076 0 36.10274 plmp5_10
17 0 111427 1 35.12312 plmp5_10
17 0 148484 2 34.31126 plmp5_10
17 0 118436 3 34.22847 plmp5_10
17 0 112143 4 33.952568 plmp5_10
17 0 112428 5 33.907337 plmp5_10
17 0 131156 6 33.794617 plmp5_10
17 0 106745 7 33.633812 plmp5_10
17 0 118230 8 33.220703 plmp5_10
17 0 111873 9 33.13589 plmp5_10
18 0 205712 0 84.74547 plmp5_10
18 0 620566 1 78.261856 plmp5_10
18 0 182568 2 72.25097 plmp5_10
18 0 206097 3 70.71467 plmp5_10
18 0 205788 4 70.70015 plmp5_10
18 0 148484 5 69.92055 plmp5_10
18 0 182990 6 69.711876 plmp5_10
18 0 206098 7 69.37064 plmp5_10
18 0 145635 8 68.69583 plmp5_10
18 0 212970 9 68.52908 plmp5_10
19 0 2654533 0 93.448235 plmp5_10
19 0 2654756 1 93.448235 plmp5_10
19 0 118018 2 78.41856 plmp5_10
19 0 112808 3 77.093834 plmp5_10
19 0 112775 4 76.93961 plmp5_10
19 0 2654534 5 73.94568 plmp5_10
19 0 145121 6 72.51666 plmp5_10
19 0 4172500 7 70.384605 plmp5_10
19 0 112793 8 70.25628 plmp5_10
19 0 2678466 9 70.08874 plmp5_10
20 0 2654533 0 93.68108 plmp5_10
20 0 2654756 1 93.68108 plmp5_10
20 0 112775 2 74.69412 plmp5_10
20 0 2654534 3 70.77707 plmp5_10
20 0 4172500 4 69.1036 plmp5_10
20 0 2678466 5 68.35981 plmp5_10
20 0 219509 6 68.32498 plmp5_10
20 0 145121 7 68.29485 plmp5_10
20 0 3195890 8 67.92221 plmp5_10
20 0 110085 9 67.4967 plmp5_10
21 0 867657 0 82.65077 plmp5_10
21 0 117890 1 80.3772 plmp5_10
21 0 2659300 2 80.326 plmp5_10
21 0 873660 3 74.92395 plmp5_10
21 0 2681317 4 74.21158 plmp5_10
21 0 112799 5 74.21024 plmp5_10
21 0 118119 6 74.07019 plmp5_10
21 0 2804673 7 73.85199 plmp5_10
21 0 858288 8 72.67341 plmp5_10
21 0 2657927 9 72.504776 plmp5_10
22 0 2659300 0 106.23697 plmp5_10
22 0 117890 1 101.83891 plmp5_10
22 0 112799 2 88.37563 plmp5_10
22 0 112774 3 88.11837 plmp5_10
22 0 867657 4 81.16507 plmp5_10
22 0 111731 5 81.056206 plmp5_10
22 0 2681317 6 80.2878 plmp5_10
22 0 118081 7 80.150986 plmp5_10
22 0 2657927 8 78.83055 plmp5_10
22 0 145925 9 78.59613 plmp5_10
23 0 118449 0 62.424103 plmp5_10
23 0 2810525 1 61.83166 plmp5_10
23 0 2811847 2 61.83166 plmp5_10
23 0 112257 3 58.524 plmp5_10
23 0 1738 4 58.433327 plmp5_10
23 0 118180 5 54.91774 plmp5_10
23 0 145738 6 54.64545 plmp5_10
23 0 145755 7 54.199184 plmp5_10
23 0 110916 8 54.051144 plmp5_10
23 0 145121 9 53.640053 plmp5_10
24 0 1738 0 27.481201 plmp5_10
24 0 112693 1 24.502724 plmp5_10
24 0 118449 2 23.566666 plmp5_10
24 0 112257 3 23.546022 plmp5_10
24 0 2811847 4 22.837326 plmp5_10
24 0 2810525 5 22.832626 plmp5_10
24 0 145778 6 22.752245 plmp5_10
24 0 109087 7 21.980951 plmp5_10
24 0 1087960 8 21.730442 plmp5_10
24 0 112846 9 21.698586 plmp5_10
25 0 112616 0 71.64311 plmp5_10
25 0 2655499 1 54.96639 plmp5_10
25 0 108792 2 53.550262 plmp5_10
25 0 110318 3 49.157097 plmp5_10
25 0 111495 4 46.781006 plmp5_10
25 0 821305 5 44.893635 plmp5_10
25 0 1087946 6 43.370586 plmp5_10
25 0 112700 7 43.347645 plmp5_10
25 0 4104821 8 42.082676 plmp5_10
25 0 118026 9 41.065674 plmp5_10
26 0 117872 0 90.195984 plmp5_10
26 0 112616 1 77.67711 plmp5_10
26 0 112045 2 70.4356 plmp5_10
26 0 112700 3 69.08664 plmp5_10
26 0 112457 4 67.75104 plmp5_10
26 0 118026 5 66.11295 plmp5_10
26 0 1087946 6 63.48099 plmp5_10
26 0 112324 7 63.346653 plmp5_10
26 0 145758 8 62.61077 plmp5_10
26 0 109837 9 62.584896 plmp5_10
27 0 4157382 0 112.23025 plmp5_10
27 0 4157405 1 112.23025 plmp5_10
27 0 112346 2 85.99675 plmp5_10
27 0 111141 3 84.32412 plmp5_10
27 0 110384 4 73.85155 plmp5_10
27 0 112523 5 71.08466 plmp5_10
27 0 145827 6 65.09002 plmp5_10
27 0 112792 7 63.86361 plmp5_10
27 0 111861 8 63.20986 plmp5_10
27 0 110944 9 62.227905 plmp5_10
28 0 4157382 0 104.947975 plmp5_10
28 0 4157405 1 104.947975 plmp5_10
28 0 112346 2 81.67865 plmp5_10
28 0 111141 3 71.007835 plmp5_10
28 0 110460 4 53.000008 plmp5_10
28 0 112523 5 52.67403 plmp5_10
28 0 110060 6 51.90814 plmp5_10
28 0 118161 7 50.402763 plmp5_10
28 0 112162 8 50.390038 plmp5_10
28 0 118489 9 50.029575 plmp5_10
29 0 112383 0 26.522793 plmp5_10
29 0 145843 1 26.100853 plmp5_10
29 0 118073 2 25.765789 plmp5_10
29 0 4151826 3 25.586786 plmp5_10
29 0 899483 4 25.452518 plmp5_10
29 0 145632 5 25.401878 plmp5_10
29 0 205788 6 25.29608 plmp5_10
29 0 112485 7 25.16783 plmp5_10
29 0 145708 8 24.972492 plmp5_10
29 0 112173 9 24.96931 plmp5_10
30 0 205788 0 74.325325 plmp5_10
30 0 145841 1 73.53168 plmp5_10
30 0 145708 2 72.43338 plmp5_10
30 0 137739 3 71.38357 plmp5_10
30 0 4151826 4 70.08901 plmp5_10
30 0 218921 5 68.15145 plmp5_10
30 0 145761 6 67.482475 plmp5_10
30 0 118045 7 66.71113 plmp5_10
30 0 145843 8 66.234085 plmp5_10
30 0 118117 9 66.056076 plmp5_10
31 0 118023 0 61.63413 plmp5_10
31 0 110561 1 55.87323 plmp5_10
31 0 118458 2 55.622208 plmp5_10
31 0 2795279 3 54.235497 plmp5_10
31 0 117924 4 54.054176 plmp5_10
31 0 111786 5 52.725967 plmp5_10
31 0 109450 6 52.42275 plmp5_10
31 0 112774 7 52.265556 plmp5_10
31 0 110015 8 52.08283 plmp5_10
31 0 118499 9 51.885693 plmp5_10
32 0 112329 0 47.699535 plmp5_10
32 0 112850 1 44.93491 plmp5_10
32 0 112090 2 40.51352 plmp5_10
32 0 117963 3 40.209167 plmp5_10
32 0 1728 4 40.11879 plmp5_10
32 0 111744 5 40.084324 plmp5_10
32 0 125839 6 39.73743 plmp5_10
32 0 112447 7 39.59494 plmp5_10
32 0 145710 8 39.26147 plmp5_10
32 0 118455 9 39.030067 plmp5_10
33 0 145870 0 54.520126 plmp5_10
33 0 112325 1 53.832344 plmp5_10
33 0 2676594 2 53.70861 plmp5_10
33 0 2675753 3 51.882042 plmp5_10
33 0 2679204 4 51.882042 plmp5_10
33 0 2153 5 51.29167 plmp5_10
33 0 2809767 6 51.098083 plmp5_10
33 0 2811850 7 51.098083 plmp5_10
33 0 121158 8 50.767773 plmp5_10
33 0 4151822 9 50.02938 plmp5_10
34 0 2676594 0 183.56844 plmp5_10
34 0 2675753 1 180.50967 plmp5_10
34 0 2679204 2 180.50967 plmp5_10
34 0 2809767 3 135.92972 plmp5_10
34 0 2811850 4 135.92972 plmp5_10
34 0 121158 5 82.06638 plmp5_10
34 0 3216389 6 79.20358 plmp5_10
34 0 136994 7 76.72203 plmp5_10
34 0 625710 8 76.41236 plmp5_10
34 0 137727 9 72.25715 plmp5_10
35 0 107645 0 36.60064 plmp5_10
35 0 821306 1 36.34187 plmp5_10
35 0 102737 2 35.173058 plmp5_10
35 0 2621066 3 34.605152 plmp5_10
35 0 97827 4 34.339245 plmp5_10
35 0 145858 5 34.312664 plmp5_10
35 0 110654 6 34.160076 plmp5_10
35 0 110416 7 34.07945 plmp5_10
35 0 118251 8 33.782333 plmp5_10
35 0 110373 9 33.546654 plmp5_10
36 0 1087952 0 56.46797 plmp5_10
36 0 118319 1 54.499546 plmp5_10
36 0 104640 2 53.677498 plmp5_10
36 0 118142 3 52.944122 plmp5_10
36 0 112314 4 51.846996 plmp5_10
36 0 127904 5 51.22725 plmp5_10
36 0 109703 6 51.1075 plmp5_10
36 0 109923 7 50.707943 plmp5_10
36 0 118329 8 50.626717 plmp5_10
36 0 118262 9 50.616535 plmp5_10
37 0 118269 0 42.81591 plmp5_10
37 0 145731 1 42.70396 plmp5_10
37 0 4151829 2 41.479298 plmp5_10
37 0 111982 3 40.00821 plmp5_10
37 0 110007 4 38.62517 plmp5_10
37 0 110742 5 38.595226 plmp5_10
37 0 110774 6 38.391754 plmp5_10
37 0 111561 7 37.887886 plmp5_10
37 0 112910 8 37.8294 plmp5_10
37 0 110141 9 37.40259 plmp5_10
38 0 118269 0 62.591476 plmp5_10
38 0 145731 1 62.50776 plmp5_10
38 0 145855 2 61.621716 plmp5_10
38 0 1993216 3 56.707607 plmp5_10
38 0 112292 4 55.31876 plmp5_10
38 0 111982 5 54.60561 plmp5_10
38 0 111420 6 54.344902 plmp5_10
38 0 110774 7 52.337734 plmp5_10
38 0 111261 8 51.96673 plmp5_10
38 0 4151829 9 51.80969 plmp5_10
39 0 112568 0 63.01703 plmp5_10
39 0 112420 1 58.260628 plmp5_10
39 0 2959744 2 50.715767 plmp5_10
39 0 855518 3 50.715767 plmp5_10
39 0 111432 4 50.40114 plmp5_10
39 0 118457 5 49.32201 plmp5_10
39 0 621044 6 49.251385 plmp5_10
39 0 621090 7 49.251385 plmp5_10
39 0 2959739 8 49.251385 plmp5_10
39 0 2674861 9 47.775387 plmp5_10
40 0 105200 0 80.42101 plmp5_10
40 0 621044 1 77.5636 plmp5_10
40 0 621090 2 77.5636 plmp5_10
40 0 2959739 3 77.5636 plmp5_10
40 0 2959744 4 71.17305 plmp5_10
40 0 855518 5 71.17305 plmp5_10
40 0 1731 6 71.15943 plmp5_10
40 0 122254 7 70.9705 plmp5_10
40 0 104688 8 68.78982 plmp5_10
40 0 118457 9 66.41697 plmp5_10
41 0 111198 0 77.32308 plmp5_10
41 0 112924 1 75.1861 plmp5_10
41 0 2654533 2 75.06504 plmp5_10
41 0 2654756 3 75.06504 plmp5_10
41 0 2811847 4 72.65973 plmp5_10
41 0 2810525 5 72.65503 plmp5_10
41 0 109186 6 68.68843 plmp5_10
41 0 111891 7 66.68499 plmp5_10
41 0 217703 8 63.71674 plmp5_10
41 0 145756 9 63.61253 plmp5_10
42 0 2654533 0 88.3854 plmp5_10
42 0 2654756 1 88.3854 plmp5_10
42 0 111198 2 85.9269 plmp5_10
42 0 109186 3 80.73929 plmp5_10
42 0 111891 4 80.31088 plmp5_10
42 0 112585 5 79.7419 plmp5_10
42 0 110132 6 76.39029 plmp5_10
42 0 112924 7 74.551094 plmp5_10
42 0 110926 8 72.839134 plmp5_10
42 0 109352 9 72.561806 plmp5_10
43 0 112305 0 60.68601 plmp5_10
43 0 112920 1 57.72842 plmp5_10
43 0 2680590 2 56.163704 plmp5_10
43 0 2959745 3 56.163704 plmp5_10
43 0 101906 4 52.788857 plmp5_10
43 0 95854 5 51.835995 plmp5_10
43 0 100926 6 50.829357 plmp5_10
43 0 93137 7 47.988846 plmp5_10
43 0 112803 8 46.79075 plmp5_10
43 0 121170 9 46.6656 plmp5_10
44 0 92563 0 21.884624 plmp5_10
44 0 86932 1 18.516058 plmp5_10
44 0 111107 2 18.484999 plmp5_10
44 0 96678 3 18.37331 plmp5_10
44 0 4104823 4 18.30841 plmp5_10
44 0 142881 5 18.184109 plmp5_10
44 0 99873 6 18.004255 plmp5_10
44 0 110076 7 17.856697 plmp5_10
44 0 145712 8 17.558922 plmp5_10
44 0 100505 9 17.517159 plmp5_10
45 0 3204917 0 103.70941 plmp5_10
45 0 800568 1 85.83383 plmp5_10
45 0 3181481 2 85.17039 plmp5_10
45 0 623145 3 85.02697 plmp5_10
45 0 145861 4 84.8447 plmp5_10
45 0 2804673 5 83.90297 plmp5_10
45 0 866024 6 82.43539 plmp5_10
45 0 858802 7 82.43539 plmp5_10
45 0 150542 8 80.618805 plmp5_10
45 0 626207 9 79.411415 plmp5_10
46 0 866024 0 180.28987 plmp5_10
46 0 858802 1 180.27956 plmp5_10
46 0 2804673 2 131.19482 plmp5_10
46 0 3204917 3 130.08044 plmp5_10
46 0 623145 4 118.54462 plmp5_10
46 0 150542 5 116.227646 plmp5_10
46 0 145861 6 115.61387 plmp5_10
46 0 145772 7 105.90703 plmp5_10
46 0 618680 8 105.83503 plmp5_10
46 0 903971 9 103.13256 plmp5_10
47 0 2674861 0 71.97355 plmp5_10
47 0 2675754 1 71.97355 plmp5_10
47 0 2147 2 49.611572 plmp5_10
47 0 4172500 3 48.878555 plmp5_10
47 0 2795703 4 48.448215 plmp5_10
47 0 2797292 5 48.448215 plmp5_10
47 0 2803251 6 46.594543 plmp5_10
47 0 121149 7 46.43306 plmp5_10
47 0 4164893 8 46.325546 plmp5_10
47 0 145727 9 46.21027 plmp5_10
48 0 2674861 0 87.42914 plmp5_10
48 0 2675754 1 87.42914 plmp5_10
48 0 145664 2 49.088467 plmp5_10
48 0 3170727 3 48.61756 plmp5_10
48 0 112867 4 47.82359 plmp5_10
48 0 111362 5 47.65997 plmp5_10
48 0 96147 6 47.341717 plmp5_10
48 0 142882 7 46.59221 plmp5_10
48 0 107451 8 45.784996 plmp5_10
48 0 103019 9 45.64529 plmp5_10
49 0 2810525 0 45.928635 plmp5_10
49 0 2811847 1 45.928635 plmp5_10
49 0 2812585 2 33.41549 plmp5_10
49 0 2809767 3 32.619217 plmp5_10
49 0 2811850 4 32.619217 plmp5_10
49 0 2809765 5 32.39572 plmp5_10
49 0 2809766 6 32.388187 plmp5_10
49 0 2811849 7 32.388187 plmp5_10
49 0 2812588 8 31.859247 plmp5_10
49 0 2803251 9 31.002329 plmp5_10
50 0 3153112 0 53.582523 plmp5_10
50 0 4151826 1 53.255123 plmp5_10
50 0 2812585 2 49.34978 plmp5_10
50 0 2809767 3 48.8661 plmp5_10
50 0 2811850 4 48.8661 plmp5_10
50 0 2812210 5 48.57092 plmp5_10
50 0 2811844 6 48.38054 plmp5_10
50 0 2959750 7 48.38054 plmp5_10
50 0 3181025 8 47.29022 plmp5_10
50 0 2789928 9 46.918377 plmp5_10
51 0 112770 0 57.638252 plmp5_10
51 0 112931 1 43.14407 plmp5_10
51 0 127923 2 42.039005 plmp5_10
51 0 118423 3 41.979843 plmp5_10
51 0 134741 4 41.968693 plmp5_10
51 0 142898 5 40.890507 plmp5_10
51 0 98744 6 40.706196 plmp5_10
51 0 103244 7 40.205166 plmp5_10
51 0 127887 8 40.018055 plmp5_10
51 0 105869 9 40.01233 plmp5_10
52 0 112770 0 37.158745 plmp5_10
52 0 112931 1 34.37717 plmp5_10
52 0 112243 2 32.690174 plmp5_10
52 0 84894 3 32.49767 plmp5_10
52 0 103302 4 31.945353 plmp5_10
52 0 98744 5 31.435957 plmp5_10
52 0 93242 6 30.078169 plmp5_10
52 0 112094 7 29.993032 plmp5_10
52 0 86387 8 29.733458 plmp5_10
52 0 107635 9 29.351767 plmp5_10
53 0 145792 0 64.37734 plmp5_10
53 0 799985 1 60.745678 plmp5_10
53 0 2808291 2 60.46271 plmp5_10
53 0 1744 3 54.27557 plmp5_10
53 0 2771250 4 52.64843 plmp5_10
53 0 112677 5 51.335022 plmp5_10
53 0 145714 6 50.121464 plmp5_10
53 0 118262 7 49.701744 plmp5_10
53 0 117916 8 49.60464 plmp5_10
53 0 117922 9 49.030624 plmp5_10
54 0 2808291 0 67.19823 plmp5_10
54 0 811778 1 62.13912 plmp5_10
54 0 872994 2 58.548004 plmp5_10
54 0 2654534 3 58.54386 plmp5_10
54 0 2677565 4 57.39062 plmp5_10
54 0 2676594 5 56.92013 plmp5_10
54 0 3177197 6 56.871986 plmp5_10
54 0 145792 7 56.699074 plmp5_10
54 0 858288 8 56.52367 plmp5_10
54 0 3170730 9 55.456413 plmp5_10
55 0 4154603 0 103.439575 plmp5_10
55 0 145731 1 83.004425 plmp5_10
55 0 118269 2 72.782135 plmp5_10
55 0 145855 3 72.0543 plmp5_10
55 0 145629 4 71.84214 plmp5_10
55 0 111261 5 68.357155 plmp5_10
55 0 112910 6 58.06451 plmp5_10
55 0 110774 7 57.877922 plmp5_10
55 0 111420 8 54.67803 plmp5_10
55 0 111982 9 52.2913 plmp5_10
56 0 4154603 0 124.06235 plmp5_10
56 0 145731 1 91.09608 plmp5_10
56 0 118269 2 78.58647 plmp5_10
56 0 145855 3 77.15555 plmp5_10
56 0 145629 4 76.00678 plmp5_10
56 0 111261 5 74.512184 plmp5_10
56 0 112910 6 70.94607 plmp5_10
56 0 110774 7 67.24418 plmp5_10
56 0 111420 8 61.007008 plmp5_10
56 0 1993216 9 57.982677 plmp5_10
57 0 802408 0 63.74642 plmp5_10
57 0 867644 1 58.785786 plmp5_10
57 0 2680590 2 57.96593 plmp5_10
57 0 2959745 3 57.96593 plmp5_10
57 0 2803250 4 55.676094 plmp5_10
57 0 111882 5 55.610622 plmp5_10
57 0 117856 6 54.930676 plmp5_10
57 0 118297 7 53.764675 plmp5_10
57 0 145804 8 53.277077 plmp5_10
57 0 4172498 9 53.194756 plmp5_10
58 0 145735 0 64.96046 plmp5_10
58 0 112811 1 58.98281 plmp5_10
58 0 145800 2 54.91852 plmp5_10
58 0 112467 3 54.156754 plmp5_10
58 0 108547 4 53.64769 plmp5_10
58 0 217702 5 52.834038 plmp5_10
58 0 106179 6 51.222694 plmp5_10
58 0 2676592 7 50.69144 plmp5_10
58 0 110330 8 49.094273 plmp5_10
58 0 4172497 9 48.494427 plmp5_10
59 0 2788983 0 154.84032 plmp5_10
59 0 4170685 1 138.87547 plmp5_10
59 0 118037 2 126.01158 plmp5_10
59 0 118129 3 125.99224 plmp5_10
59 0 117968 4 124.8302 plmp5_10
59 0 145627 5 122.22815 plmp5_10
59 0 118422 6 120.83072 plmp5_10
59 0 1087691 7 119.71613 plmp5_10
59 0 118040 8 114.16368 plmp5_10
59 0 134735 9 104.59205 plmp5_10
60 0 3195891 0 160.6743 plmp5_10
60 0 4170685 1 152.66672 plmp5_10
60 0 2788983 2 145.28912 plmp5_10
60 0 118129 3 138.25735 plmp5_10
60 0 118334 4 137.92744 plmp5_10
60 0 130158 5 137.21233 plmp5_10
60 0 621195 6 132.39993 plmp5_10
60 0 621270 7 132.39993 plmp5_10
60 0 117968 8 131.25514 plmp5_10
60 0 145627 9 130.97966 plmp5_10
61 0 145743 0 82.13631 plmp5_10
61 0 2812210 1 79.59591 plmp5_10
61 0 145923 2 79.04773 plmp5_10
61 0 218457 3 73.709694 plmp5_10
61 0 145844 4 65.81056 plmp5_10
61 0 179213 5 65.63757 plmp5_10
61 0 145808 6 65.54529 plmp5_10
61 0 3195092 7 64.8026 plmp5_10
61 0 1732 8 64.03343 plmp5_10
61 0 219815 9 63.025265 plmp5_10
62 0 110091 0 41.222256 plmp5_10
62 0 2812210 1 40.337322 plmp5_10
62 0 118188 2 38.246544 plmp5_10
62 0 110984 3 37.566586 plmp5_10
62 0 218457 4 37.39977 plmp5_10
62 0 118381 5 37.2454 plmp5_10
62 0 1269289 6 37.231094 plmp5_10
62 0 118098 7 37.215557 plmp5_10
62 0 118026 8 37.175636 plmp5_10
62 0 145743 9 37.16216 plmp5_10
63 0 108539 0 39.342697 plmp5_10
63 0 118019 1 38.998226 plmp5_10
63 0 109623 2 38.078564 plmp5_10
63 0 112324 3 37.287445 plmp5_10
63 0 2812589 4 36.92809 plmp5_10
63 0 2959749 5 36.92809 plmp5_10
63 0 118192 6 36.84171 plmp5_10
63 0 108713 7 36.243935 plmp5_10
63 0 112808 8 36.108078 plmp5_10
63 0 111948 9 36.106617 plmp5_10
64 0 3205768 0 54.276226 plmp5_10
64 0 2758568 1 51.03025 plmp5_10
64 0 3204919 2 49.15671 plmp5_10
64 0 3214775 3 48.24149 plmp5_10
64 0 3205736 4 47.927757 plmp5_10
64 0 3205767 5 47.922855 plmp5_10
64 0 110645 6 46.89682 plmp5_10
64 0 4151827 7 45.805622 plmp5_10
64 0 3209687 8 45.38112 plmp5_10
64 0 3214776 9 45.121273 plmp5_10
65 0 118123 0 107.043106 plmp5_10
65 0 3211501 1 71.78861 plmp5_10
65 0 150540 2 69.497 plmp5_10
65 0 4102799 3 69.31364 plmp5_10
65 0 3199502 4 67.01677 plmp5_10
65 0 110645 5 66.635925 plmp5_10
65 0 3204919 6 63.5283 plmp5_10
65 0 873668 7 63.364227 plmp5_10
65 0 127930 8 63.34877 plmp5_10
65 0 4089982 9 62.92364 plmp5_10
66 0 3211501 0 112.23529 plmp5_10
66 0 145867 1 112.10278 plmp5_10
66 0 118123 2 97.74801 plmp5_10
66 0 143378 3 95.5217 plmp5_10
66 0 112935 4 91.89226 plmp5_10
66 0 111632 5 87.94475 plmp5_10
66 0 110645 6 84.52781 plmp5_10
66 0 150540 7 84.214005 plmp5_10
66 0 111303 8 84.096466 plmp5_10
66 0 3213872 9 82.7924 plmp5_10
67 0 867645 0 82.04133 plmp5_10
67 0 145800 1 67.61906 plmp5_10
67 0 107938 2 56.659107 plmp5_10
67 0 110330 3 56.383755 plmp5_10
67 0 106757 4 55.954372 plmp5_10
67 0 105131 5 54.16323 plmp5_10
67 0 104522 6 53.21385 plmp5_10
67 0 106179 7 52.58894 plmp5_10
67 0 88704 8 52.38866 plmp5_10
67 0 145673 9 51.879177 plmp5_10
68 0 145800 0 74.13027 plmp5_10
68 0 867645 1 69.71973 plmp5_10
68 0 88704 2 62.94647 plmp5_10
68 0 97893 3 62.383583 plmp5_10
68 0 94177 4 55.192394 plmp5_10
68 0 93847 5 55.12459 plmp5_10
68 0 88756 6 55.002766 plmp5_10
68 0 97584 7 54.93151 plmp5_10
68 0 87585 8 54.816998 plmp5_10
68 0 88819 9 53.929638 plmp5_10
69 0 112534 0 73.270065 plmp5_10
69 0 110439 1 73.0133 plmp5_10
69 0 111709 2 68.14382 plmp5_10
69 0 117859 3 67.335236 plmp5_10
69 0 821306 4 67.289246 plmp5_10
69 0 110308 5 65.23115 plmp5_10
69 0 110881 6 64.8496 plmp5_10
69 0 112846 7 64.3977 plmp5_10
69 0 110290 8 63.995552 plmp5_10
69 0 110516 9 63.917507 plmp5_10
70 0 118111 0 80.66793 plmp5_10
70 0 109835 1 80.554085 plmp5_10
70 0 110068 2 77.97229 plmp5_10
70 0 110718 3 77.697464 plmp5_10
70 0 110881 4 76.526955 plmp5_10
70 0 821306 5 76.328224 plmp5_10
70 0 111244 6 74.84543 plmp5_10
70 0 111709 7 74.8147 plmp5_10
70 0 110290 8 74.25399 plmp5_10
70 0 2676593 9 74.16755 plmp5_10
71 0 118052 0 76.76605 plmp5_10
71 0 112904 1 73.688354 plmp5_10
71 0 112914 2 72.540695 plmp5_10
71 0 145121 3 72.3315 plmp5_10
71 0 112823 4 68.68172 plmp5_10
71 0 118005 5 68.225464 plmp5_10
71 0 118234 6 67.72272 plmp5_10
71 0 117979 7 67.02066 plmp5_10
71 0 118287 8 64.43453 plmp5_10
71 0 108303 9 62.463707 plmp5_10
72 0 118052 0 94.80634 plmp5_10
72 0 112904 1 86.74964 plmp5_10
72 0 118005 2 82.22625 plmp5_10
72 0 118234 3 79.3865 plmp5_10
72 0 112914 4 79.248535 plmp5_10
72 0 145121 5 78.98793 plmp5_10
72 0 117979 6 71.64763 plmp5_10
72 0 112823 7 68.39739 plmp5_10
72 0 3189783 8 65.82661 plmp5_10
72 0 1087946 9 65.00972 plmp5_10
73 0 110666 0 35.161674 plmp5_10
73 0 109893 1 34.945564 plmp5_10
73 0 109688 2 34.741776 plmp5_10
73 0 111344 3 33.624557 plmp5_10
73 0 117851 4 33.46745 plmp5_10
73 0 145895 5 33.461723 plmp5_10
73 0 111471 6 33.460575 plmp5_10
73 0 108469 7 33.253876 plmp5_10
73 0 112206 8 33.223007 plmp5_10
73 0 108538 9 33.118313 plmp5_10
74 0 107904 0 50.503315 plmp5_10
74 0 112774 1 49.457592 plmp5_10
74 0 109284 2 48.922108 plmp5_10
74 0 112902 3 47.82318 plmp5_10
74 0 2804674 4 47.714348 plmp5_10
74 0 111755 5 46.69492 plmp5_10
74 0 127908 6 42.521828 plmp5_10
74 0 108991 7 41.963257 plmp5_10
74 0 112404 8 41.909077 plmp5_10
74 0 109016 9 41.79886 plmp5_10
75 0 110964 0 67.778694 plmp5_10
75 0 86533 1 65.238144 plmp5_10
75 0 89410 2 64.01091 plmp5_10
75 0 98058 3 63.672054 plmp5_10
75 0 96318 4 61.922184 plmp5_10
75 0 2655499 5 61.61576 plmp5_10
75 0 2675751 6 60.244503 plmp5_10
75 0 92916 7 60.04273 plmp5_10
75 0 89224 8 58.71986 plmp5_10
75 0 1752 9 57.734768 plmp5_10
76 0 112919 0 72.98161 plmp5_10
76 0 2679833 1 69.442955 plmp5_10
76 0 2680440 2 69.442955 plmp5_10
76 0 118360 3 64.48871 plmp5_10
76 0 2670966 4 64.211494 plmp5_10
76 0 117837 5 63.14202 plmp5_10
76 0 145861 6 62.84754 plmp5_10
76 0 112737 7 61.84257 plmp5_10
76 0 109626 8 61.65542 plmp5_10
76 0 112867 9 61.43667 plmp5_10
77 0 4151822 0 76.37766 plmp5_10
77 0 2812588 1 74.43421 plmp5_10
77 0 145817 2 67.84212 plmp5_10
77 0 111455 3 66.77745 plmp5_10
77 0 112726 4 66.41743 plmp5_10
77 0 111029 5 62.945133 plmp5_10
77 0 145647 6 62.820942 plmp5_10
77 0 145902 7 62.239407 plmp5_10
77 0 1087693 8 61.579647 plmp5_10
77 0 134747 9 60.637623 plmp5_10
78 0 145632 0 31.753757 plmp5_10
78 0 2812588 1 31.105028 plmp5_10
78 0 108859 2 29.717308 plmp5_10
78 0 117968 3 29.011778 plmp5_10
78 0 104784 4 28.451328 plmp5_10
78 0 112632 5 28.190304 plmp5_10
78 0 106739 6 27.994354 plmp5_10
78 0 217703 7 27.765789 plmp5_10
78 0 110598 8 27.729868 plmp5_10
78 0 108913 9 27.625675 plmp5_10
79 0 111009 0 117.44562 plmp5_10
79 0 118143 1 103.3611 plmp5_10
79 0 111470 2 101.19962 plmp5_10
79 0 110221 3 78.26196 plmp5_10
79 0 2680438 4 74.07382 plmp5_10
79 0 118513 5 57.67619 plmp5_10
79 0 3171728 6 55.009636 plmp5_10
79 0 110183 7 54.667618 plmp5_10
79 0 218665 8 51.29391 plmp5_10
79 0 118372 9 51.215523 plmp5_10
80 0 118143 0 100.04419 plmp5_10
80 0 111009 1 91.93189 plmp5_10
80 0 111470 2 90.67791 plmp5_10
80 0 109342 3 74.90301 plmp5_10
80 0 626054 4 73.99982 plmp5_10
80 0 106328 5 73.913826 plmp5_10
80 0 108776 6 70.818054 plmp5_10
80 0 110221 7 70.534164 plmp5_10
80 0 108426 8 70.00506 plmp5_10
80 0 145859 9 67.53139 plmp5_10
81 0 148484 0 45.719707 plmp5_10
81 0 118126 1 45.201286 plmp5_10
81 0 799981 2 43.893635 plmp5_10
81 0 117841 3 43.60272 plmp5_10
81 0 112867 4 40.174767 plmp5_10
81 0 145865 5 39.516285 plmp5_10
81 0 117837 6 38.72884 plmp5_10
81 0 112529 7 38.557472 plmp5_10
81 0 118368 8 38.17807 plmp5_10
81 0 117857 9 37.99622 plmp5_10
82 0 2803250 0 70.99748 plmp5_10
82 0 118368 1 69.27824 plmp5_10
82 0 127900 2 68.22512 plmp5_10
82 0 145865 3 67.90304 plmp5_10
82 0 799981 4 65.544365 plmp5_10
82 0 1726 5 65.24878 plmp5_10
82 0 118126 6 63.077198 plmp5_10
82 0 216735 7 62.599403 plmp5_10
82 0 216806 8 62.599403 plmp5_10
82 0 3213871 9 53.275394 plmp5_10
83 0 145859 0 88.548325 plmp5_10
83 0 110289 1 66.22246 plmp5_10
83 0 112922 2 61.231236 plmp5_10
83 0 111286 3 60.76439 plmp5_10
83 0 112368 4 57.760437 plmp5_10
83 0 137746 5 56.947147 plmp5_10
83 0 110590 6 54.782745 plmp5_10
83 0 109894 7 54.677475 plmp5_10
83 0 107980 8 54.37637 plmp5_10
83 0 118073 9 53.357708 plmp5_10
84 0 145859 0 83.57601 plmp5_10
84 0 112922 1 68.49449 plmp5_10
84 0 110289 2 66.63102 plmp5_10
84 0 107293 3 63.449436 plmp5_10
84 0 800858 4 60.93269 plmp5_10
84 0 111286 5 60.828705 plmp5_10
84 0 107980 6 60.553734 plmp5_10
84 0 109894 7 59.736927 plmp5_10
84 0 109895 8 58.89083 plmp5_10
84 0 110681 9 57.726517 plmp5_10
85 0 2959737 0 97.85133 plmp5_10
85 0 802973 1 97.127 plmp5_10
85 0 803271 2 97.127 plmp5_10
85 0 3177199 3 74.115456 plmp5_10
85 0 3171724 4 73.94255 plmp5_10
85 0 3177200 5 73.94255 plmp5_10
85 0 150543 6 67.411125 plmp5_10
85 0 2959732 7 67.411125 plmp5_10
85 0 146553 8 67.283936 plmp5_10
85 0 146790 9 67.283936 plmp5_10
86 0 3177199 0 53.66167 plmp5_10
86 0 3171724 1 53.567894 plmp5_10
86 0 3177200 2 53.567894 plmp5_10
86 0 802973 3 46.034294 plmp5_10
86 0 803271 4 46.034294 plmp5_10
86 0 2959737 5 46.034294 plmp5_10
86 0 3205766 6 45.36114 plmp5_10
86 0 150543 7 37.679848 plmp5_10
86 0 2959732 8 37.679848 plmp5_10
86 0 3181481 9 37.107796 plmp5_10
87 0 111134 0 31.704552 plmp5_10
87 0 124715 1 30.681849 plmp5_10
87 0 2812588 2 28.807081 plmp5_10
87 0 112807 3 28.51502 plmp5_10
87 0 145818 4 27.961807 plmp5_10
87 0 109981 5 27.795307 plmp5_10
87 0 111170 6 27.475943 plmp5_10
87 0 148483 7 27.255617 plmp5_10
87 0 111182 8 27.09919 plmp5_10
87 0 111591 9 26.83286 plmp5_10
88 0 145897 0 65.814445 plmp5_10
88 0 182992 1 62.236183 plmp5_10
88 0 182991 2 61.620705 plmp5_10
88 0 130159 3 56.459408 plmp5_10
88 0 127691 4 56.258846 plmp5_10
88 0 118339 5 55.969593 plmp5_10
88 0 1756 6 55.73121 plmp5_10
88 0 112807 7 54.856968 plmp5_10
88 0 111170 8 54.768524 plmp5_10
88 0 1757 9 53.31229 plmp5_10
89 0 4151822 0 132.08197 plmp5_10
89 0 2812588 1 107.85371 plmp5_10
89 0 2770446 2 106.80636 plmp5_10
89 0 4162110 3 97.40709 plmp5_10
89 0 134747 4 79.992584 plmp5_10
89 0 145647 5 78.47802 plmp5_10
89 0 145817 6 72.15845 plmp5_10
89 0 4162111 7 65.92733 plmp5_10
89 0 145954 8 58.86569 plmp5_10
89 0 4106440 9 55.071426 plmp5_10
90 0 145626 0 109.31121 plmp5_10
90 0 4151822 1 105.17979 plmp5_10
90 0 2812588 2 100.96783 plmp5_10
90 0 118054 3 95.62996 plmp5_10
90 0 3181025 4 95.48752 plmp5_10
90 0 2620698 5 94.14155 plmp5_10
90 0 130150 6 92.21037 plmp5_10
90 0 118420 7 91.91135 plmp5_10
90 0 137748 8 89.453354 plmp5_10
90 0 112258 9 88.24644 plmp5_10
91 0 3212514 0 126.957535 plmp5_10
91 0 145782 1 78.765434 plmp5_10
91 0 109857 2 71.41299 plmp5_10
91 0 134732 3 66.40806 plmp5_10
91 0 118507 4 63.9196 plmp5_10
91 0 146552 5 63.336803 plmp5_10
91 0 219097 6 62.328632 plmp5_10
91 0 145785 7 61.835075 plmp5_10
91 0 1087959 8 60.970108 plmp5_10
91 0 109818 9 60.751984 plmp5_10
92 0 3212514 0 125.04641 plmp5_10
92 0 110249 1 78.80848 plmp5_10
92 0 1087959 2 75.28355 plmp5_10
92 0 118507 3 75.0008 plmp5_10
92 0 109857 4 69.82128 plmp5_10
92 0 110032 5 64.35213 plmp5_10
92 0 219097 6 62.65176 plmp5_10
92 0 134732 7 62.129997 plmp5_10
92 0 110213 8 61.63981 plmp5_10
92 0 118071 9 59.826767 plmp5_10
93 0 118334 0 98.63312 plmp5_10
93 0 118107 1 96.15918 plmp5_10
93 0 110877 2 95.31761 plmp5_10
93 0 130158 3 94.99849 plmp5_10
93 0 109610 4 87.81161 plmp5_10
93 0 112905 5 87.491936 plmp5_10
93 0 112824 6 86.43421 plmp5_10
93 0 2788983 7 86.201805 plmp5_10
93 0 117874 8 85.346695 plmp5_10
93 0 110248 9 84.90267 plmp5_10
94 0 931614 0 96.56691 plmp5_10
94 0 2788983 1 93.2648 plmp5_10
94 0 3195891 2 89.18391 plmp5_10
94 0 145901 3 86.70804 plmp5_10
94 0 117874 4 85.66258 plmp5_10
94 0 4151827 5 82.280136 plmp5_10
94 0 118334 6 80.76707 plmp5_10
94 0 112824 7 79.82629 plmp5_10
94 0 112905 8 79.14291 plmp5_10
94 0 111736 9 79.07355 plmp5_10
95 0 105495 0 66.83751 plmp5_10
95 0 108555 1 65.39989 plmp5_10
95 0 107232 2 62.107765 plmp5_10
95 0 106171 3 59.90279 plmp5_10
95 0 107475 4 55.015842 plmp5_10
95 0 103631 5 47.737125 plmp5_10
95 0 106073 6 46.51474 plmp5_10
95 0 109444 7 44.78028 plmp5_10
95 0 110134 8 42.497475 plmp5_10
95 0 112750 9 42.258904 plmp5_10
96 0 96542 0 57.162716 plmp5_10
96 0 103631 1 55.736027 plmp5_10
96 0 108555 2 55.41452 plmp5_10
96 0 92746 3 55.34049 plmp5_10
96 0 92705 4 54.98247 plmp5_10
96 0 93395 5 54.269615 plmp5_10
96 0 93739 6 54.130196 plmp5_10
96 0 92672 7 53.68508 plmp5_10
96 0 96359 8 53.625572 plmp5_10
96 0 96850 9 52.293606 plmp5_10
97 0 112101 0 80.694626 plmp5_10
97 0 111922 1 67.45691 plmp5_10
97 0 112574 2 43.562943 plmp5_10
97 0 2655597 3 43.204384 plmp5_10
97 0 117959 4 41.90877 plmp5_10
97 0 112247 5 41.449947 plmp5_10
97 0 136993 6 41.335747 plmp5_10
97 0 820748 7 40.591106 plmp5_10
97 0 146554 8 40.437653 plmp5_10
97 0 134749 9 37.28597 plmp5_10
98 0 150541 0 21.883747 plmp5_10
98 0 130155 1 21.370256 plmp5_10
98 0 148484 2 21.205261 plmp5_10
98 0 118459 3 20.899982 plmp5_10
98 0 118094 4 20.676086 plmp5_10
98 0 104675 5 20.190414 plmp5_10
98 0 111249 6 20.162233 plmp5_10
98 0 110996 7 20.108421 plmp5_10
98 0 109400 8 20.07941 plmp5_10
98 0 112123 9 19.99476 plmp5_10
99 0 112267 0 74.66232 plmp5_10
99 0 111884 1 54.931946 plmp5_10
99 0 110552 2 49.51484 plmp5_10
99 0 109976 3 41.5061 plmp5_10
99 0 112723 4 40.263554 plmp5_10
99 0 110578 5 39.792244 plmp5_10
99 0 118121 6 38.82489 plmp5_10
99 0 104759 7 37.658054 plmp5_10
99 0 109673 8 36.783157 plmp5_10
99 0 145914 9 34.272434 plmp5_10
100 0 112267 0 99.64548 plmp5_10
100 0 111884 1 81.60153 plmp5_10
100 0 110552 2 80.071365 plmp5_10
100 0 108405 3 70.1061 plmp5_10
100 0 110296 4 69.28692 plmp5_10
100 0 109673 5 68.45192 plmp5_10
100 0 112033 6 66.14353 plmp5_10
100 0 110578 7 65.54966 plmp5_10
100 0 108980 8 65.038055 plmp5_10
100 0 102906 9 64.42026 plmp5_10
