1 0 3204919 0 59.442772 plmp6_10
1 0 2812209 1 50.739292 plmp6_10
1 0 3158927 2 50.724308 plmp6_10
1 0 111824 3 50.19991 plmp6_10
1 0 2812210 4 49.547127 plmp6_10
1 0 2771249 5 49.51474 plmp6_10
1 0 111491 6 49.21048 plmp6_10
1 0 111116 7 49.099148 plmp6_10
1 0 2812588 8 48.662556 plmp6_10
1 0 4161362 9 48.60159 plmp6_10
2 0 145692 0 64.95312 plmp6_10
2 0 103631 1 58.77151 plmp6_10
2 0 104571 2 53.23168 plmp6_10
2 0 112750 3 52.830307 plmp6_10
2 0 103549 4 51.520596 plmp6_10
2 0 106522 5 51.211884 plmp6_10
2 0 110134 6 51.16012 plmp6_10
2 0 107016 7 51.14541 plmp6_10
2 0 108555 8 50.07901 plmp6_10
2 0 104516 9 49.722183 plmp6_10
3 0 3162143 0 95.18738 plmp6_10
3 0 215496 1 84.80722 plmp6_10
3 0 215694 2 84.80722 plmp6_10
3 0 2959735 3 84.80618 plmp6_10
3 0 118475 4 84.504 plmp6_10
3 0 117907 5 84.27992 plmp6_10
3 0 111091 6 82.11603 plmp6_10
3 0 117959 7 81.45617 plmp6_10
3 0 903973 8 81.27719 plmp6_10
3 0 145821 9 80.525 plmp6_10
4 0 215694 0 156.25832 plmp6_10
4 0 2959735 1 156.25623 plmp6_10
4 0 215496 2 156.19281 plmp6_10
4 0 3162143 3 141.56192 plmp6_10
4 0 623142 4 132.83415 plmp6_10
4 0 118029 5 128.49687 plmp6_10
4 0 149007 6 122.35723 plmp6_10
4 0 78783 7 121.588844 plmp6_10
4 0 903973 8 116.00474 plmp6_10
4 0 145890 9 115.28512 plmp6_10
5 0 110831 0 57.470764 plmp6_10
5 0 110056 1 55.98179 plmp6_10
5 0 1740 2 55.880405 plmp6_10
5 0 145652 3 54.21247 plmp6_10
5 0 131163 4 51.731636 plmp6_10
5 0 112699 5 51.623314 plmp6_10
5 0 118329 6 50.65201 plmp6_10
5 0 118360 7 49.908516 plmp6_10
5 0 3214778 8 49.711884 plmp6_10
5 0 110916 9 49.068237 plmp6_10
6 0 110654 0 50.131706 plmp6_10
6 0 108702 1 48.19304 plmp6_10
6 0 112072 2 46.663395 plmp6_10
6 0 111258 3 44.517303 plmp6_10
6 0 111081 4 44.3835 plmp6_10
6 0 110774 5 44.17272 plmp6_10
6 0 110999 6 43.5676 plmp6_10
6 0 110701 7 43.530277 plmp6_10
6 0 111252 8 43.294483 plmp6_10
6 0 3203656 9 43.231598 plmp6_10
7 0 3195892 0 43.77149 plmp6_10
7 0 147531 1 42.489956 plmp6_10
7 0 118511 2 42.205044 plmp6_10
7 0 145715 3 40.362175 plmp6_10
7 0 2675751 4 39.70201 plmp6_10
7 0 134749 5 39.566334 plmp6_10
7 0 147530 6 39.442078 plmp6_10
7 0 219733 7 39.25354 plmp6_10
7 0 220342 8 39.25354 plmp6_10
7 0 117950 9 38.986824 plmp6_10
8 0 112174 0 102.86828 plmp6_10
8 0 134749 1 96.691475 plmp6_10
8 0 145868 2 92.26653 plmp6_10
8 0 145715 3 86.55912 plmp6_10
8 0 147531 4 82.48551 plmp6_10
8 0 112834 5 82.157555 plmp6_10
8 0 2678467 6 75.76374 plmp6_10
8 0 2679202 7 75.76374 plmp6_10
8 0 2959746 8 75.76374 plmp6_10
8 0 112748 9 75.26825 plmp6_10
9 0 2675751 0 102.211716 plmp6_10
9 0 127923 1 94.59416 plmp6_10
9 0 118212 2 92.818016 plmp6_10
9 0 127887 3 91.53318 plmp6_10
9 0 118011 4 90.64801 plmp6_10
9 0 118317 5 90.32058 plmp6_10
9 0 112641 6 90.23977 plmp6_10
9 0 109720 7 88.80038 plmp6_10
9 0 118318 8 87.628296 plmp6_10
9 0 118454 9 87.45167 plmp6_10
10 0 111500 0 109.63148 plmp6_10
10 0 112423 1 105.521706 plmp6_10
10 0 118087 2 104.027145 plmp6_10
10 0 112800 3 99.29816 plmp6_10
10 0 112657 4 98.67242 plmp6_10
10 0 118511 5 95.13484 plmp6_10
10 0 112293 6 94.62825 plmp6_10
10 0 118236 7 93.821526 plmp6_10
10 0 111949 8 93.47994 plmp6_10
10 0 145665 9 92.20929 plmp6_10
11 0 145960 0 51.435272 plmp6_10
11 0 873668 1 50.76775 plmp6_10
11 0 2801435 2 49.931355 plmp6_10
11 0 2810524 3 49.726364 plmp6_10
11 0 2811846 4 49.726364 plmp6_10
11 0 3214780 5 49.562218 plmp6_10
11 0 2672535 6 49.37017 plmp6_10
11 0 218926 7 49.137447 plmp6_10
11 0 2809767 8 48.807617 plmp6_10
11 0 2811850 9 48.807617 plmp6_10
12 0 2672535 0 58.042675 plmp6_10
12 0 3211503 1 53.00494 plmp6_10
12 0 3177197 2 52.483963 plmp6_10
12 0 3214780 3 52.19659 plmp6_10
12 0 3207860 4 51.685486 plmp6_10
12 0 3153112 5 51.45544 plmp6_10
12 0 2790213 6 51.303856 plmp6_10
12 0 3170730 7 51.184208 plmp6_10
12 0 3216389 8 50.937813 plmp6_10
12 0 3171725 9 50.860424 plmp6_10
13 0 2812588 0 74.456276 plmp6_10
13 0 614392 1 71.43151 plmp6_10
13 0 614485 2 71.43151 plmp6_10
13 0 108605 3 62.917152 plmp6_10
13 0 124715 4 62.409996 plmp6_10
13 0 111455 5 61.03542 plmp6_10
13 0 4106440 6 60.392494 plmp6_10
13 0 2959730 7 60.31395 plmp6_10
13 0 145632 8 60.276623 plmp6_10
13 0 109532 9 59.786594 plmp6_10
14 0 2670965 0 43.517147 plmp6_10
14 0 111330 1 43.43551 plmp6_10
14 0 118015 2 42.70902 plmp6_10
14 0 213842 3 42.115826 plmp6_10
14 0 122258 4 41.012215 plmp6_10
14 0 2809766 5 40.865414 plmp6_10
14 0 2811849 6 40.865414 plmp6_10
14 0 111271 7 40.752987 plmp6_10
14 0 111125 8 40.591022 plmp6_10
14 0 799976 9 40.32898 plmp6_10
15 0 2812588 0 103.39826 plmp6_10
15 0 4151822 1 83.98126 plmp6_10
15 0 2770446 2 79.425285 plmp6_10
15 0 2809767 3 70.72892 plmp6_10
15 0 2811850 4 70.72892 plmp6_10
15 0 2810525 5 62.630306 plmp6_10
15 0 2811847 6 62.630306 plmp6_10
15 0 2809766 7 62.36451 plmp6_10
15 0 2811849 8 62.36451 plmp6_10
15 0 2771249 9 59.8904 plmp6_10
16 0 4151822 0 85.04444 plmp6_10
16 0 4161362 1 57.30013 plmp6_10
16 0 4155979 2 56.848503 plmp6_10
16 0 2812588 3 55.08235 plmp6_10
16 0 3177198 4 54.910965 plmp6_10
16 0 4151826 5 54.81597 plmp6_10
16 0 4168362 6 54.719913 plmp6_10
16 0 3171727 7 53.95258 plmp6_10
16 0 3177201 8 53.95258 plmp6_10
16 0 4157405 9 53.565964 plmp6_10
17 0 112428 0 40.17376 plmp6_10
17 0 148484 1 39.561684 plmp6_10
17 0 111427 2 39.51196 plmp6_10
17 0 131156 3 38.7854 plmp6_10
17 0 109218 4 38.732296 plmp6_10
17 0 112143 5 38.306755 plmp6_10
17 0 118436 6 38.27105 plmp6_10
17 0 112076 7 38.146626 plmp6_10
17 0 134749 8 37.800495 plmp6_10
17 0 112895 9 37.78766 plmp6_10
18 0 205712 0 94.94811 plmp6_10
18 0 620566 1 92.015656 plmp6_10
18 0 206097 2 86.41516 plmp6_10
18 0 148484 3 85.16705 plmp6_10
18 0 205788 4 84.19908 plmp6_10
18 0 145664 5 83.76403 plmp6_10
18 0 145635 6 82.03184 plmp6_10
18 0 217512 7 81.87502 plmp6_10
18 0 206098 8 81.56472 plmp6_10
18 0 145119 9 80.82397 plmp6_10
19 0 2654533 0 109.27332 plmp6_10
19 0 2654756 1 109.27332 plmp6_10
19 0 112775 2 95.03423 plmp6_10
19 0 112808 3 92.863495 plmp6_10
19 0 118018 4 90.63199 plmp6_10
19 0 2654534 5 87.818794 plmp6_10
19 0 145121 6 85.821686 plmp6_10
19 0 4172500 7 83.13974 plmp6_10
19 0 4151825 8 82.24149 plmp6_10
19 0 112793 9 81.97563 plmp6_10
20 0 2654533 0 115.17324 plmp6_10
20 0 2654756 1 115.17324 plmp6_10
20 0 112775 2 98.375175 plmp6_10
20 0 110085 3 88.025665 plmp6_10
20 0 145121 4 87.46811 plmp6_10
20 0 110126 5 87.3905 plmp6_10
20 0 110506 6 86.01633 plmp6_10
20 0 111745 7 85.89093 plmp6_10
20 0 4151825 8 85.71397 plmp6_10
20 0 112808 9 85.44084 plmp6_10
21 0 2659300 0 99.202446 plmp6_10
21 0 117890 1 94.37411 plmp6_10
21 0 112799 2 93.87329 plmp6_10
21 0 867657 3 93.754265 plmp6_10
21 0 2681317 4 91.04549 plmp6_10
21 0 118081 5 90.83712 plmp6_10
21 0 873660 6 89.785225 plmp6_10
21 0 118119 7 89.33976 plmp6_10
21 0 117898 8 89.06829 plmp6_10
21 0 118416 9 88.50322 plmp6_10
22 0 2659300 0 129.03276 plmp6_10
22 0 117890 1 119.76733 plmp6_10
22 0 112799 2 110.52929 plmp6_10
22 0 118081 3 104.013756 plmp6_10
22 0 112774 4 101.445206 plmp6_10
22 0 112846 5 100.39775 plmp6_10
22 0 2681317 6 99.885414 plmp6_10
22 0 118416 7 99.47219 plmp6_10
22 0 111731 8 98.892075 plmp6_10
22 0 145925 9 98.69106 plmp6_10
23 0 118449 0 80.681335 plmp6_10
23 0 2810525 1 77.77527 plmp6_10
23 0 2811847 2 77.77527 plmp6_10
23 0 112257 3 75.03463 plmp6_10
23 0 1738 4 70.121704 plmp6_10
23 0 142878 5 68.56545 plmp6_10
23 0 2675750 6 66.626945 plmp6_10
23 0 145738 7 66.27248 plmp6_10
23 0 118180 8 65.4581 plmp6_10
23 0 145802 9 65.140236 plmp6_10
24 0 118449 0 27.91117 plmp6_10
24 0 112693 1 27.68368 plmp6_10
24 0 145778 2 27.576418 plmp6_10
24 0 1738 3 27.481201 plmp6_10
24 0 112257 4 27.332787 plmp6_10
24 0 142894 5 26.323893 plmp6_10
24 0 118401 6 26.024414 plmp6_10
24 0 2678133 7 25.889849 plmp6_10
24 0 112773 8 25.599361 plmp6_10
24 0 799978 9 25.586143 plmp6_10
25 0 112616 0 87.54066 plmp6_10
25 0 108792 1 64.8053 plmp6_10
25 0 2655499 2 63.851345 plmp6_10
25 0 110318 3 61.61136 plmp6_10
25 0 821305 4 56.436363 plmp6_10
25 0 111495 5 54.810204 plmp6_10
25 0 4104821 6 50.496243 plmp6_10
25 0 112700 7 50.461555 plmp6_10
25 0 109919 8 50.40622 plmp6_10
25 0 3212516 9 49.96512 plmp6_10
26 0 117872 0 106.11996 plmp6_10
26 0 112616 1 96.50211 plmp6_10
26 0 118026 2 87.99814 plmp6_10
26 0 112045 3 85.74068 plmp6_10
26 0 112324 4 85.31491 plmp6_10
26 0 112457 5 82.1254 plmp6_10
26 0 145758 6 81.9481 plmp6_10
26 0 117841 7 80.575 plmp6_10
26 0 112700 8 79.79087 plmp6_10
26 0 109919 9 78.4766 plmp6_10
27 0 4157382 0 136.95996 plmp6_10
27 0 4157405 1 136.95996 plmp6_10
27 0 111141 2 97.28538 plmp6_10
27 0 112346 3 97.046745 plmp6_10
27 0 112523 4 85.57657 plmp6_10
27 0 110384 5 84.19505 plmp6_10
27 0 145827 6 76.88731 plmp6_10
27 0 112792 7 75.295944 plmp6_10
27 0 111145 8 75.032745 plmp6_10
27 0 111712 9 74.67396 plmp6_10
28 0 4157382 0 127.963066 plmp6_10
28 0 4157405 1 127.963066 plmp6_10
28 0 112346 2 99.70878 plmp6_10
28 0 111141 3 88.019775 plmp6_10
28 0 118489 4 69.719505 plmp6_10
28 0 110384 5 65.77615 plmp6_10
28 0 110460 6 65.323044 plmp6_10
28 0 112071 7 64.39294 plmp6_10
28 0 110706 8 64.351074 plmp6_10
28 0 145827 9 64.22023 plmp6_10
29 0 118400 0 32.54261 plmp6_10
29 0 109922 1 30.867205 plmp6_10
29 0 112080 2 30.31842 plmp6_10
29 0 111471 3 29.973051 plmp6_10
29 0 112173 4 29.959906 plmp6_10
29 0 112383 5 29.898773 plmp6_10
29 0 118073 6 29.871416 plmp6_10
29 0 4151826 7 29.82782 plmp6_10
29 0 111433 8 29.62849 plmp6_10
29 0 145632 9 29.516552 plmp6_10
30 0 145841 0 98.16025 plmp6_10
30 0 205788 1 98.096985 plmp6_10
30 0 145708 2 95.122025 plmp6_10
30 0 137739 3 93.494736 plmp6_10
30 0 4151826 4 92.864525 plmp6_10
30 0 218921 5 92.829735 plmp6_10
30 0 145761 6 90.614365 plmp6_10
30 0 112704 7 89.177216 plmp6_10
30 0 145843 8 87.23084 plmp6_10
30 0 118117 9 87.14892 plmp6_10
31 0 118023 0 66.78143 plmp6_10
31 0 2795279 1 61.790478 plmp6_10
31 0 145909 2 59.80518 plmp6_10
31 0 110561 3 59.774548 plmp6_10
31 0 118458 4 59.715305 plmp6_10
31 0 145925 5 59.70318 plmp6_10
31 0 109727 6 59.26186 plmp6_10
31 0 118139 7 58.997837 plmp6_10
31 0 111786 8 58.780033 plmp6_10
31 0 112356 9 58.537888 plmp6_10
32 0 112329 0 56.399036 plmp6_10
32 0 1728 1 54.773563 plmp6_10
32 0 112850 2 54.617332 plmp6_10
32 0 111434 3 53.775536 plmp6_10
32 0 112447 4 53.584606 plmp6_10
32 0 117853 5 49.625908 plmp6_10
32 0 125839 6 48.981457 plmp6_10
32 0 145710 7 48.943893 plmp6_10
32 0 112090 8 47.74953 plmp6_10
32 0 111596 9 47.41592 plmp6_10
33 0 145870 0 66.509926 plmp6_10
33 0 2676594 1 65.578735 plmp6_10
33 0 112325 2 65.39937 plmp6_10
33 0 2675753 3 63.445835 plmp6_10
33 0 2679204 4 63.445835 plmp6_10
33 0 4151822 5 62.61884 plmp6_10
33 0 121158 6 62.263218 plmp6_10
33 0 2153 7 61.806763 plmp6_10
33 0 2812588 8 61.215378 plmp6_10
33 0 2809767 9 60.56882 plmp6_10
34 0 2676594 0 213.93643 plmp6_10
34 0 2675753 1 209.67291 plmp6_10
34 0 2679204 2 209.67291 plmp6_10
34 0 2809767 3 152.63908 plmp6_10
34 0 2811850 4 152.63908 plmp6_10
34 0 121158 5 91.71737 plmp6_10
34 0 3216389 6 90.64137 plmp6_10
34 0 625710 7 83.18916 plmp6_10
34 0 112325 8 83.04111 plmp6_10
34 0 136994 9 82.39731 plmp6_10
35 0 821306 0 41.357426 plmp6_10
35 0 2621066 1 40.531914 plmp6_10
35 0 205203 2 39.26829 plmp6_10
35 0 134742 3 39.05122 plmp6_10
35 0 2678134 4 38.665592 plmp6_10
35 0 97827 5 38.6323 plmp6_10
35 0 148796 6 38.61304 plmp6_10
35 0 213843 7 38.36712 plmp6_10
35 0 214063 8 38.36712 plmp6_10
35 0 214467 9 38.36712 plmp6_10
36 0 218927 0 61.760494 plmp6_10
36 0 1087952 1 61.515797 plmp6_10
36 0 118319 2 61.396336 plmp6_10
36 0 104640 3 61.385647 plmp6_10
36 0 821306 4 61.03304 plmp6_10
36 0 118238 5 60.986313 plmp6_10
36 0 899494 6 59.37854 plmp6_10
36 0 110225 7 59.06419 plmp6_10
36 0 118142 8 58.940536 plmp6_10
36 0 112314 9 58.81892 plmp6_10
37 0 4151829 0 48.146515 plmp6_10
37 0 145731 1 47.87408 plmp6_10
37 0 118269 2 46.9966 plmp6_10
37 0 145629 3 45.585888 plmp6_10
37 0 111982 4 44.220528 plmp6_10
37 0 110742 5 44.187458 plmp6_10
37 0 110774 6 43.641075 plmp6_10
37 0 112910 7 43.33792 plmp6_10
37 0 103870 8 42.666862 plmp6_10
37 0 110007 9 42.44414 plmp6_10
38 0 145855 0 69.46512 plmp6_10
38 0 145731 1 66.422264 plmp6_10
38 0 118269 2 65.38568 plmp6_10
38 0 111982 3 60.54679 plmp6_10
38 0 111420 4 60.266846 plmp6_10
38 0 1993216 5 58.924362 plmp6_10
38 0 112292 6 58.556324 plmp6_10
38 0 110774 7 58.433655 plmp6_10
38 0 4151829 8 56.403683 plmp6_10
38 0 112910 9 55.550705 plmp6_10
39 0 112568 0 66.99058 plmp6_10
39 0 112420 1 61.162518 plmp6_10
39 0 2959744 2 54.86478 plmp6_10
39 0 855518 3 54.86478 plmp6_10
39 0 111432 4 54.82012 plmp6_10
39 0 621044 5 53.50694 plmp6_10
39 0 621090 6 53.50694 plmp6_10
39 0 2959739 7 53.50694 plmp6_10
39 0 118457 8 53.15159 plmp6_10
39 0 2674861 9 53.092266 plmp6_10
40 0 105200 0 88.32179 plmp6_10
40 0 621044 1 84.301575 plmp6_10
40 0 621090 2 84.301575 plmp6_10
40 0 2959739 3 84.301575 plmp6_10
40 0 122254 4 80.0739 plmp6_10
40 0 1731 5 79.544716 plmp6_10
40 0 2959744 6 79.14304 plmp6_10
40 0 855518 7 79.14304 plmp6_10
40 0 118457 8 74.355194 plmp6_10
40 0 2144 9 74.0863 plmp6_10
41 0 111198 0 92.831154 plmp6_10
41 0 2654533 1 91.98103 plmp6_10
41 0 2654756 2 91.98103 plmp6_10
41 0 112924 3 89.21718 plmp6_10
41 0 109186 4 82.62606 plmp6_10
41 0 111891 5 82.59154 plmp6_10
41 0 2811847 6 80.959694 plmp6_10
41 0 2810525 7 80.954994 plmp6_10
41 0 110926 8 77.732994 plmp6_10
41 0 112731 9 77.26974 plmp6_10
42 0 2654533 0 100.719696 plmp6_10
42 0 2654756 1 100.719696 plmp6_10
42 0 111198 2 98.4201 plmp6_10
42 0 111891 3 93.54246 plmp6_10
42 0 112585 4 91.38924 plmp6_10
42 0 109186 5 90.50571 plmp6_10
42 0 110132 6 89.3014 plmp6_10
42 0 112924 7 86.5789 plmp6_10
42 0 112731 8 85.650566 plmp6_10
42 0 109352 9 85.147255 plmp6_10
43 0 112920 0 75.90949 plmp6_10
43 0 112305 1 72.2311 plmp6_10
43 0 2680590 2 72.07157 plmp6_10
43 0 2959745 3 72.07157 plmp6_10
43 0 112803 4 65.1656 plmp6_10
43 0 100926 5 58.947918 plmp6_10
43 0 112644 6 56.807182 plmp6_10
43 0 121170 7 55.78952 plmp6_10
43 0 112139 8 55.7389 plmp6_10
43 0 118148 9 55.616325 plmp6_10
44 0 92563 0 26.072498 plmp6_10
44 0 96678 1 22.36137 plmp6_10
44 0 2390269 2 20.890488 plmp6_10
44 0 86932 3 20.788292 plmp6_10
44 0 142881 4 20.719847 plmp6_10
44 0 99873 5 20.635197 plmp6_10
44 0 118182 6 20.51691 plmp6_10
44 0 109907 7 19.981945 plmp6_10
44 0 112280 8 19.672401 plmp6_10
44 0 4104823 9 19.660927 plmp6_10
45 0 3204917 0 123.25796 plmp6_10
45 0 866024 1 103.45845 plmp6_10
45 0 858802 2 103.45845 plmp6_10
45 0 623145 3 103.1256 plmp6_10
45 0 3181481 4 101.52746 plmp6_10
45 0 150542 5 101.043076 plmp6_10
45 0 145861 6 100.40126 plmp6_10
45 0 800568 7 98.43012 plmp6_10
45 0 2804673 8 96.989365 plmp6_10
45 0 626207 9 96.10209 plmp6_10
46 0 866024 0 212.8608 plmp6_10
46 0 858802 1 212.85048 plmp6_10
46 0 2804673 2 148.87502 plmp6_10
46 0 3204917 3 146.21135 plmp6_10
46 0 623145 4 135.70908 plmp6_10
46 0 903971 5 131.68024 plmp6_10
46 0 2959742 6 131.68024 plmp6_10
46 0 150542 7 127.4852 plmp6_10
46 0 145861 8 124.30031 plmp6_10
46 0 2657927 9 122.32854 plmp6_10
47 0 2674861 0 93.64439 plmp6_10
47 0 2675754 1 93.64439 plmp6_10
47 0 4172500 2 55.935913 plmp6_10
47 0 2803251 3 55.174488 plmp6_10
47 0 121149 4 54.695 plmp6_10
47 0 2671723 5 54.677788 plmp6_10
47 0 2678133 6 54.47215 plmp6_10
47 0 2795703 7 54.11183 plmp6_10
47 0 2797292 8 54.11183 plmp6_10
47 0 2147 9 53.258797 plmp6_10
48 0 2674861 0 105.11298 plmp6_10
48 0 2675754 1 105.11298 plmp6_10
48 0 112867 2 60.73846 plmp6_10
48 0 111362 3 59.108086 plmp6_10
48 0 142882 4 57.92048 plmp6_10
48 0 3170727 5 57.555405 plmp6_10
48 0 111166 6 56.39662 plmp6_10
48 0 96147 7 56.110367 plmp6_10
48 0 106385 8 55.98453 plmp6_10
48 0 100065 9 55.953777 plmp6_10
49 0 2810525 0 48.647457 plmp6_10
49 0 2811847 1 48.647457 plmp6_10
49 0 3153112 2 38.09201 plmp6_10
49 0 4151826 3 36.65174 plmp6_10
49 0 2809767 4 35.003345 plmp6_10
49 0 2811850 5 35.003345 plmp6_10
49 0 2809766 6 34.934917 plmp6_10
49 0 2811849 7 34.934917 plmp6_10
49 0 2803251 8 34.758892 plmp6_10
49 0 2809765 9 34.507145 plmp6_10
50 0 4151826 0 57.75522 plmp6_10
50 0 3153112 1 56.700985 plmp6_10
50 0 2812585 2 56.341385 plmp6_10
50 0 2809767 3 54.742596 plmp6_10
50 0 2811850 4 54.742596 plmp6_10
50 0 2811844 5 53.34505 plmp6_10
50 0 2959750 6 53.34505 plmp6_10
50 0 2789927 7 53.186733 plmp6_10
50 0 2812210 8 52.46431 plmp6_10
50 0 2803251 9 51.26106 plmp6_10
51 0 112770 0 71.33444 plmp6_10
51 0 142898 1 50.28797 plmp6_10
51 0 112931 2 48.672035 plmp6_10
51 0 103244 3 48.411243 plmp6_10
51 0 616433 4 48.016487 plmp6_10
51 0 112094 5 47.217365 plmp6_10
51 0 98744 6 46.94709 plmp6_10
51 0 2812589 7 46.93947 plmp6_10
51 0 2959749 8 46.93947 plmp6_10
51 0 145643 9 46.68007 plmp6_10
52 0 112770 0 46.006805 plmp6_10
52 0 112243 1 40.98265 plmp6_10
52 0 112931 2 40.60148 plmp6_10
52 0 98744 3 39.48736 plmp6_10
52 0 89354 4 34.82593 plmp6_10
52 0 85451 5 34.63543 plmp6_10
52 0 103302 6 34.22127 plmp6_10
52 0 103439 7 33.98053 plmp6_10
52 0 90150 8 33.624195 plmp6_10
52 0 85452 9 33.35229 plmp6_10
53 0 799985 0 69.000694 plmp6_10
53 0 145792 1 66.70441 plmp6_10
53 0 2808291 2 63.057384 plmp6_10
53 0 2771250 3 61.147465 plmp6_10
53 0 1744 4 57.33531 plmp6_10
53 0 117916 5 56.76467 plmp6_10
53 0 145647 6 56.098595 plmp6_10
53 0 112677 7 56.03174 plmp6_10
53 0 145714 8 54.653385 plmp6_10
53 0 118262 9 54.6244 plmp6_10
54 0 2808291 0 71.617424 plmp6_10
54 0 811778 1 71.0578 plmp6_10
54 0 2677565 2 67.14154 plmp6_10
54 0 3177197 3 65.708626 plmp6_10
54 0 872994 4 64.57782 plmp6_10
54 0 3170730 5 64.29305 plmp6_10
54 0 931123 6 64.064926 plmp6_10
54 0 2654534 7 63.207417 plmp6_10
54 0 2649075 8 63.004204 plmp6_10
54 0 2676594 9 62.965572 plmp6_10
55 0 4154603 0 118.19092 plmp6_10
55 0 145731 1 92.17397 plmp6_10
55 0 145855 2 84.149536 plmp6_10
55 0 118269 3 83.523476 plmp6_10
55 0 145629 4 83.065636 plmp6_10
55 0 111261 5 78.39458 plmp6_10
55 0 110774 6 70.788956 plmp6_10
55 0 112910 7 66.45681 plmp6_10
55 0 112359 8 64.17722 plmp6_10
55 0 111420 9 63.53558 plmp6_10
56 0 4154603 0 141.23677 plmp6_10
56 0 145731 1 107.37918 plmp6_10
56 0 118269 2 93.85722 plmp6_10
56 0 145629 3 90.647385 plmp6_10
56 0 145855 4 87.39141 plmp6_10
56 0 112910 5 84.03599 plmp6_10
56 0 111261 6 82.2315 plmp6_10
56 0 110774 7 76.70782 plmp6_10
56 0 1993216 8 69.22651 plmp6_10
56 0 111420 9 66.665794 plmp6_10
57 0 802408 0 75.621284 plmp6_10
57 0 867644 1 74.30081 plmp6_10
57 0 117856 2 72.33099 plmp6_10
57 0 118297 3 71.09006 plmp6_10
57 0 2680590 4 70.1672 plmp6_10
57 0 2959745 5 70.1672 plmp6_10
57 0 112324 6 69.93888 plmp6_10
57 0 145804 7 69.10467 plmp6_10
57 0 110661 8 68.155174 plmp6_10
57 0 800569 9 67.987 plmp6_10
58 0 145735 0 79.17015 plmp6_10
58 0 112467 1 69.8595 plmp6_10
58 0 145800 2 67.97061 plmp6_10
58 0 217702 3 66.77586 plmp6_10
58 0 108547 4 66.26994 plmp6_10
58 0 106179 5 66.248985 plmp6_10
58 0 112811 6 64.75223 plmp6_10
58 0 2676592 7 64.56455 plmp6_10
58 0 106848 8 63.8514 plmp6_10
58 0 110330 9 63.15186 plmp6_10
59 0 2788983 0 174.35194 plmp6_10
59 0 4170685 1 155.04482 plmp6_10
59 0 118129 2 142.9381 plmp6_10
59 0 118037 3 140.77432 plmp6_10
59 0 117968 4 137.00938 plmp6_10
59 0 145627 5 136.34033 plmp6_10
59 0 118422 6 130.81026 plmp6_10
59 0 118040 7 126.34845 plmp6_10
59 0 1087691 8 125.85065 plmp6_10
59 0 134735 9 117.34175 plmp6_10
60 0 3195891 0 191.71463 plmp6_10
60 0 2788983 1 170.49681 plmp6_10
60 0 4170685 2 167.0387 plmp6_10
60 0 118129 3 162.12866 plmp6_10
60 0 118334 4 156.69354 plmp6_10
60 0 145627 5 153.33 plmp6_10
60 0 127905 6 150.38898 plmp6_10
60 0 130158 7 149.65292 plmp6_10
60 0 117968 8 149.51447 plmp6_10
60 0 931614 9 148.17429 plmp6_10
61 0 145743 0 99.85407 plmp6_10
61 0 2812210 1 99.40458 plmp6_10
61 0 145923 2 98.19479 plmp6_10
61 0 218457 3 89.40778 plmp6_10
61 0 3195092 4 84.13625 plmp6_10
61 0 179213 5 82.99579 plmp6_10
61 0 1732 6 81.18607 plmp6_10
61 0 145808 7 78.38702 plmp6_10
61 0 145815 8 77.611855 plmp6_10
61 0 219815 9 76.132805 plmp6_10
62 0 2812210 0 50.157093 plmp6_10
62 0 110091 1 46.08735 plmp6_10
62 0 118188 2 45.71234 plmp6_10
62 0 110661 3 45.586056 plmp6_10
62 0 110926 4 45.5014 plmp6_10
62 0 118299 5 44.822582 plmp6_10
62 0 112485 6 43.994473 plmp6_10
62 0 145743 7 43.889484 plmp6_10
62 0 111869 8 42.48232 plmp6_10
62 0 150540 9 42.4376 plmp6_10
63 0 108539 0 47.942356 plmp6_10
63 0 108713 1 45.30595 plmp6_10
63 0 112324 2 45.02813 plmp6_10
63 0 118019 3 44.8138 plmp6_10
63 0 111250 4 44.086395 plmp6_10
63 0 108187 5 43.867306 plmp6_10
63 0 112142 6 43.83641 plmp6_10
63 0 104521 7 43.711212 plmp6_10
63 0 112678 8 43.63882 plmp6_10
63 0 106985 9 43.23051 plmp6_10
64 0 3205768 0 62.134533 plmp6_10
64 0 2758568 1 58.68195 plmp6_10
64 0 3205767 2 57.819733 plmp6_10
64 0 3205736 3 56.488144 plmp6_10
64 0 3207860 4 54.152084 plmp6_10
64 0 3214775 5 53.475147 plmp6_10
64 0 2809766 6 53.457592 plmp6_10
64 0 2811849 7 53.457592 plmp6_10
64 0 3204919 8 53.233322 plmp6_10
64 0 110645 9 51.839825 plmp6_10
65 0 118123 0 122.80284 plmp6_10
65 0 3211501 1 85.044876 plmp6_10
65 0 150540 2 84.89192 plmp6_10
65 0 110645 3 80.71857 plmp6_10
65 0 873668 4 80.03667 plmp6_10
65 0 4102799 5 79.28684 plmp6_10
65 0 3199502 6 78.26076 plmp6_10
65 0 112738 7 75.54156 plmp6_10
65 0 127930 8 74.62496 plmp6_10
65 0 3183080 9 74.48509 plmp6_10
66 0 3211501 0 138.36288 plmp6_10
66 0 145867 1 131.9601 plmp6_10
66 0 118123 2 112.24628 plmp6_10
66 0 111632 3 111.466286 plmp6_10
66 0 112935 4 107.52294 plmp6_10
66 0 3213872 5 107.330124 plmp6_10
66 0 150540 6 105.54318 plmp6_10
66 0 143378 7 104.22558 plmp6_10
66 0 110645 8 104.206 plmp6_10
66 0 110251 9 102.95188 plmp6_10
67 0 867645 0 101.28306 plmp6_10
67 0 145800 1 90.652885 plmp6_10
67 0 111139 2 65.77306 plmp6_10
67 0 110330 3 64.5286 plmp6_10
67 0 107938 4 64.23088 plmp6_10
67 0 2810526 5 63.75006 plmp6_10
67 0 105131 6 63.397465 plmp6_10
67 0 106757 7 60.87216 plmp6_10
67 0 103675 8 60.582806 plmp6_10
67 0 104522 9 60.474083 plmp6_10
68 0 145800 0 90.697014 plmp6_10
68 0 867645 1 85.42028 plmp6_10
68 0 97893 2 64.96826 plmp6_10
68 0 88704 3 64.573135 plmp6_10
68 0 97584 4 63.94017 plmp6_10
68 0 94177 5 60.86709 plmp6_10
68 0 103093 6 59.950623 plmp6_10
68 0 107938 7 59.706703 plmp6_10
68 0 111139 8 59.67042 plmp6_10
68 0 88756 9 59.246952 plmp6_10
69 0 112534 0 87.4404 plmp6_10
69 0 111709 1 87.31047 plmp6_10
69 0 110439 2 84.52029 plmp6_10
69 0 821306 3 83.81023 plmp6_10
69 0 117859 4 83.19469 plmp6_10
69 0 866022 5 82.31575 plmp6_10
69 0 118111 6 81.34371 plmp6_10
69 0 2676593 7 79.59646 plmp6_10
69 0 110881 8 77.53455 plmp6_10
69 0 931122 9 77.226364 plmp6_10
70 0 118111 0 98.48731 plmp6_10
70 0 821306 1 96.19734 plmp6_10
70 0 111709 2 95.075615 plmp6_10
70 0 2676593 3 94.30409 plmp6_10
70 0 109835 4 91.36958 plmp6_10
70 0 118379 5 91.06512 plmp6_10
70 0 110718 6 89.12835 plmp6_10
70 0 117859 7 89.04372 plmp6_10
70 0 110068 8 88.72289 plmp6_10
70 0 112382 9 88.26301 plmp6_10
71 0 118052 0 86.86743 plmp6_10
71 0 145121 1 83.28913 plmp6_10
71 0 112904 2 83.08407 plmp6_10
71 0 112914 3 82.7199 plmp6_10
71 0 118005 4 78.80012 plmp6_10
71 0 3189783 5 78.011055 plmp6_10
71 0 112823 6 76.46291 plmp6_10
71 0 118234 7 76.22724 plmp6_10
71 0 117979 8 75.75125 plmp6_10
71 0 118287 9 73.81859 plmp6_10
72 0 118052 0 101.21442 plmp6_10
72 0 112904 1 93.14499 plmp6_10
72 0 118005 2 87.963776 plmp6_10
72 0 118234 3 85.944115 plmp6_10
72 0 112914 4 85.21177 plmp6_10
72 0 145121 5 84.951164 plmp6_10
72 0 3189783 6 80.724754 plmp6_10
72 0 117979 7 78.817795 plmp6_10
72 0 112823 8 74.63268 plmp6_10
72 0 112311 9 70.4745 plmp6_10
73 0 110666 0 42.3286 plmp6_10
73 0 109893 1 42.177616 plmp6_10
73 0 108729 2 41.35159 plmp6_10
73 0 110692 3 41.226917 plmp6_10
73 0 106391 4 41.08891 plmp6_10
73 0 112206 5 40.85848 plmp6_10
73 0 109688 6 40.844177 plmp6_10
73 0 117851 7 40.735085 plmp6_10
73 0 108538 8 40.669075 plmp6_10
73 0 110702 9 40.426296 plmp6_10
74 0 2804674 0 57.29045 plmp6_10
74 0 109284 1 54.870293 plmp6_10
74 0 107904 2 54.227406 plmp6_10
74 0 112774 3 53.356396 plmp6_10
74 0 112902 4 51.195385 plmp6_10
74 0 111755 5 51.088837 plmp6_10
74 0 2675749 6 50.358444 plmp6_10
74 0 127908 7 49.308163 plmp6_10
74 0 145810 8 46.699337 plmp6_10
74 0 108991 9 45.977528 plmp6_10
75 0 110964 0 83.33848 plmp6_10
75 0 86533 1 78.69595 plmp6_10
75 0 2675751 2 76.95607 plmp6_10
75 0 89410 3 76.349014 plmp6_10
75 0 2677565 4 75.38628 plmp6_10
75 0 96318 5 75.19978 plmp6_10
75 0 98058 6 72.90507 plmp6_10
75 0 2655499 7 72.614784 plmp6_10
75 0 89224 8 71.952034 plmp6_10
75 0 3195892 9 71.37287 plmp6_10
76 0 112919 0 83.394196 plmp6_10
76 0 118360 1 78.694405 plmp6_10
76 0 2679833 2 77.08976 plmp6_10
76 0 2680440 3 77.08976 plmp6_10
76 0 2670966 4 75.98134 plmp6_10
76 0 145861 5 72.62578 plmp6_10
76 0 112737 6 72.48209 plmp6_10
76 0 117837 7 72.26195 plmp6_10
76 0 110779 8 71.893295 plmp6_10
76 0 112434 9 70.69719 plmp6_10
77 0 4151822 0 89.40962 plmp6_10
77 0 2812588 1 87.59189 plmp6_10
77 0 111455 2 80.66862 plmp6_10
77 0 145817 3 80.25707 plmp6_10
77 0 112726 4 76.74087 plmp6_10
77 0 145902 5 75.17369 plmp6_10
77 0 111029 6 70.954994 plmp6_10
77 0 2770446 7 69.15365 plmp6_10
77 0 108605 8 69.11771 plmp6_10
77 0 145647 9 68.40846 plmp6_10
78 0 145632 0 41.969204 plmp6_10
78 0 2812588 1 39.598614 plmp6_10
78 0 111250 2 36.690823 plmp6_10
78 0 104296 3 36.498928 plmp6_10
78 0 110863 4 35.77718 plmp6_10
78 0 117836 5 35.74492 plmp6_10
78 0 112485 6 35.59972 plmp6_10
78 0 111019 7 35.512684 plmp6_10
78 0 117968 8 35.39198 plmp6_10
78 0 802973 9 35.066227 plmp6_10
79 0 111009 0 129.63475 plmp6_10
79 0 118143 1 116.994514 plmp6_10
79 0 111470 2 111.42206 plmp6_10
79 0 110221 3 92.139305 plmp6_10
79 0 2680438 4 76.915054 plmp6_10
79 0 110183 5 67.571014 plmp6_10
79 0 118513 6 65.00692 plmp6_10
79 0 111964 7 59.347652 plmp6_10
79 0 218665 8 58.609505 plmp6_10
79 0 106328 9 57.662636 plmp6_10
80 0 118143 0 110.55767 plmp6_10
80 0 111470 1 100.445244 plmp6_10
80 0 111009 2 99.38366 plmp6_10
80 0 145859 3 83.30544 plmp6_10
80 0 626054 4 83.14158 plmp6_10
80 0 106328 5 82.34033 plmp6_10
80 0 109342 6 82.19449 plmp6_10
80 0 150540 7 79.49273 plmp6_10
80 0 110221 8 78.72107 plmp6_10
80 0 108776 9 76.76724 plmp6_10
81 0 117841 0 51.141808 plmp6_10
81 0 148484 1 50.092396 plmp6_10
81 0 799981 2 48.702587 plmp6_10
81 0 118126 3 47.736324 plmp6_10
81 0 121157 4 45.949818 plmp6_10
81 0 112867 5 45.402557 plmp6_10
81 0 117837 6 45.362347 plmp6_10
81 0 112529 7 44.355434 plmp6_10
81 0 134749 8 43.63685 plmp6_10
81 0 110086 9 43.35367 plmp6_10
82 0 118368 0 78.986206 plmp6_10
82 0 127900 1 77.06634 plmp6_10
82 0 2803250 2 77.025345 plmp6_10
82 0 1726 3 76.79594 plmp6_10
82 0 799981 4 74.69059 plmp6_10
82 0 118126 5 73.703995 plmp6_10
82 0 216735 6 71.62482 plmp6_10
82 0 216806 7 71.62482 plmp6_10
82 0 145865 8 71.35881 plmp6_10
82 0 3213871 9 62.232124 plmp6_10
83 0 145859 0 99.30698 plmp6_10
83 0 110289 1 72.26984 plmp6_10
83 0 112922 2 70.452354 plmp6_10
83 0 137746 3 67.053 plmp6_10
83 0 112368 4 66.00633 plmp6_10
83 0 111286 5 64.91815 plmp6_10
83 0 107980 6 64.33031 plmp6_10
83 0 109894 7 64.07419 plmp6_10
83 0 111246 8 62.29468 plmp6_10
83 0 145870 9 61.91544 plmp6_10
84 0 145859 0 94.33466 plmp6_10
84 0 112922 1 78.751274 plmp6_10
84 0 110289 2 72.6784 plmp6_10
84 0 107293 3 71.60491 plmp6_10
84 0 800858 4 70.83122 plmp6_10
84 0 107980 5 70.50767 plmp6_10
84 0 111664 6 69.16995 plmp6_10
84 0 109894 7 69.133644 plmp6_10
84 0 109895 8 68.55198 plmp6_10
84 0 111151 9 67.344246 plmp6_10
85 0 2959737 0 126.36262 plmp6_10
85 0 802973 1 125.63828 plmp6_10
85 0 803271 2 125.63828 plmp6_10
85 0 3177199 3 93.65902 plmp6_10
85 0 3171724 4 93.48612 plmp6_10
85 0 3177200 5 93.48612 plmp6_10
85 0 150543 6 87.201645 plmp6_10
85 0 2959732 7 87.201645 plmp6_10
85 0 146553 8 86.64515 plmp6_10
85 0 146790 9 86.64515 plmp6_10
86 0 3177199 0 72.900604 plmp6_10
86 0 3171724 1 72.80682 plmp6_10
86 0 3177200 2 72.80682 plmp6_10
86 0 3205766 3 66.213165 plmp6_10
86 0 802973 4 64.01663 plmp6_10
86 0 803271 5 64.01663 plmp6_10
86 0 2959737 6 64.01663 plmp6_10
86 0 150543 7 55.604282 plmp6_10
86 0 2959732 8 55.604282 plmp6_10
86 0 146553 9 54.96629 plmp6_10
87 0 124715 0 36.695293 plmp6_10
87 0 111134 1 33.992336 plmp6_10
87 0 112807 2 33.83714 plmp6_10
87 0 111728 3 32.33184 plmp6_10
87 0 2812588 4 31.580025 plmp6_10
87 0 111170 5 31.287045 plmp6_10
87 0 143378 6 31.254978 plmp6_10
87 0 148483 7 30.565899 plmp6_10
87 0 2788474 8 30.271517 plmp6_10
87 0 111471 9 29.9538 plmp6_10
88 0 182992 0 75.50036 plmp6_10
88 0 145897 1 72.8471 plmp6_10
88 0 182991 2 70.26445 plmp6_10
88 0 111170 3 68.69579 plmp6_10
88 0 130159 4 66.93201 plmp6_10
88 0 127691 5 66.68278 plmp6_10
88 0 118339 6 66.227394 plmp6_10
88 0 112807 7 65.02664 plmp6_10
88 0 149653 8 61.287167 plmp6_10
88 0 111724 9 61.101536 plmp6_10
89 0 4151822 0 140.41643 plmp6_10
89 0 2812588 1 116.01139 plmp6_10
89 0 2770446 2 110.86578 plmp6_10
89 0 4162110 3 107.2131 plmp6_10
89 0 134747 4 90.5666 plmp6_10
89 0 145647 5 84.82562 plmp6_10
89 0 145817 6 79.482925 plmp6_10
89 0 4162111 7 69.815956 plmp6_10
89 0 4106440 8 64.44911 plmp6_10
89 0 111029 9 64.03127 plmp6_10
90 0 145626 0 120.26876 plmp6_10
90 0 4151822 1 117.50302 plmp6_10
90 0 2812588 2 114.43954 plmp6_10
90 0 118054 3 113.92769 plmp6_10
90 0 111913 4 105.36932 plmp6_10
90 0 130150 5 105.234184 plmp6_10
90 0 137748 6 104.49264 plmp6_10
90 0 3181025 7 104.07525 plmp6_10
90 0 4151825 8 103.46931 plmp6_10
90 0 2620698 9 103.026245 plmp6_10
91 0 3212514 0 153.57362 plmp6_10
91 0 145782 1 94.18833 plmp6_10
91 0 219097 2 83.7003 plmp6_10
91 0 109857 3 81.17553 plmp6_10
91 0 145785 4 80.44128 plmp6_10
91 0 134732 5 80.18041 plmp6_10
91 0 145892 6 76.69027 plmp6_10
91 0 118507 7 76.39823 plmp6_10
91 0 1723 8 75.674255 plmp6_10
91 0 146552 9 74.847824 plmp6_10
92 0 3212514 0 144.85126 plmp6_10
92 0 110249 1 92.64642 plmp6_10
92 0 1087959 2 90.46218 plmp6_10
92 0 118507 3 89.24932 plmp6_10
92 0 109857 4 83.697876 plmp6_10
92 0 110032 5 80.03597 plmp6_10
92 0 134732 6 79.85779 plmp6_10
92 0 219097 7 79.04169 plmp6_10
92 0 110213 8 77.34222 plmp6_10
92 0 145892 9 75.400215 plmp6_10
93 0 118334 0 121.77333 plmp6_10
93 0 118107 1 114.25656 plmp6_10
93 0 117874 2 109.50583 plmp6_10
93 0 112905 3 105.88179 plmp6_10
93 0 110877 4 105.69619 plmp6_10
93 0 112824 5 104.663414 plmp6_10
93 0 109610 6 104.2105 plmp6_10
93 0 130158 7 104.13668 plmp6_10
93 0 110248 8 104.115685 plmp6_10
93 0 145901 9 102.206795 plmp6_10
94 0 931614 0 114.78255 plmp6_10
94 0 117874 1 111.58475 plmp6_10
94 0 145901 2 109.687874 plmp6_10
94 0 2788983 3 107.327995 plmp6_10
94 0 118334 4 105.968216 plmp6_10
94 0 112629 5 105.63744 plmp6_10
94 0 112824 6 101.46013 plmp6_10
94 0 110248 7 100.39632 plmp6_10
94 0 3195891 8 100.35203 plmp6_10
94 0 111736 9 100.26858 plmp6_10
95 0 105495 0 73.70591 plmp6_10
95 0 108555 1 71.99615 plmp6_10
95 0 107232 2 67.85701 plmp6_10
95 0 106171 3 64.18507 plmp6_10
95 0 107475 4 61.55298 plmp6_10
95 0 103631 5 53.402206 plmp6_10
95 0 109444 6 51.909733 plmp6_10
95 0 106073 7 50.182606 plmp6_10
95 0 104571 8 48.98029 plmp6_10
95 0 104671 9 46.220955 plmp6_10
96 0 103631 0 70.37773 plmp6_10
96 0 108555 1 64.189865 plmp6_10
96 0 92746 2 62.14636 plmp6_10
96 0 96542 3 61.444717 plmp6_10
96 0 92705 4 60.413074 plmp6_10
96 0 96359 5 58.524277 plmp6_10
96 0 93395 6 58.492794 plmp6_10
96 0 93739 7 57.86493 plmp6_10
96 0 96850 8 57.442436 plmp6_10
96 0 92672 9 56.6875 plmp6_10
97 0 112101 0 93.86352 plmp6_10
97 0 111922 1 73.39395 plmp6_10
97 0 112574 2 49.087482 plmp6_10
97 0 2655597 3 48.59509 plmp6_10
97 0 111709 4 47.259983 plmp6_10
97 0 117959 5 46.425327 plmp6_10
97 0 110718 6 46.002377 plmp6_10
97 0 820748 7 45.988857 plmp6_10
97 0 136993 8 45.66332 plmp6_10
97 0 112247 9 45.540325 plmp6_10
98 0 118094 0 24.912445 plmp6_10
98 0 150541 1 24.409897 plmp6_10
98 0 148484 2 24.084116 plmp6_10
98 0 112513 3 23.965536 plmp6_10
98 0 108650 4 23.871922 plmp6_10
98 0 130155 5 23.840687 plmp6_10
98 0 118459 6 23.677565 plmp6_10
98 0 117885 7 23.155642 plmp6_10
98 0 111014 8 23.127193 plmp6_10
98 0 112329 9 22.921944 plmp6_10
99 0 112267 0 86.4933 plmp6_10
99 0 111884 1 61.01671 plmp6_10
99 0 110552 2 57.95784 plmp6_10
99 0 112723 3 51.853497 plmp6_10
99 0 109976 4 48.184208 plmp6_10
99 0 118121 5 46.52671 plmp6_10
99 0 110578 6 45.689346 plmp6_10
99 0 109673 7 44.381653 plmp6_10
99 0 142887 8 42.31952 plmp6_10
99 0 104759 9 41.418465 plmp6_10
100 0 112267 0 111.63648 plmp6_10
100 0 110552 1 91.24384 plmp6_10
100 0 111884 2 89.22662 plmp6_10
100 0 110296 3 79.72199 plmp6_10
100 0 109673 4 77.22362 plmp6_10
100 0 109633 5 76.53978 plmp6_10
100 0 108405 6 76.144585 plmp6_10
100 0 102906 7 73.71323 plmp6_10
100 0 111886 8 73.25386 plmp6_10
100 0 110578 9 72.52351 plmp6_10
