1 0 116536 0 0.0077199703 plmp1_10
1 0 106107 1 0.007655426 plmp1_10
1 0 95904 2 0.0076507265 plmp1_10
1 0 94873 3 0.0076479707 plmp1_10
1 0 91149 4 0.0076478645 plmp1_10
1 0 116537 5 0.007645253 plmp1_10
1 0 94876 6 0.007642741 plmp1_10
1 0 97448 7 0.0076426296 plmp1_10
1 0 92702 8 0.0076420046 plmp1_10
1 0 109146 9 0.0076418803 plmp1_10
2 0 102543 0 5.614527 plmp1_10
2 0 111722 1 5.5397234 plmp1_10
2 0 112216 2 5.448133 plmp1_10
2 0 102562 3 5.4449816 plmp1_10
2 0 110523 4 5.436894 plmp1_10
2 0 102542 5 5.407014 plmp1_10
2 0 110870 6 5.2704697 plmp1_10
2 0 88261 7 5.2237325 plmp1_10
2 0 109942 8 5.196204 plmp1_10
2 0 102544 9 5.172354 plmp1_10
3 0 117937 0 9.722336 plmp1_10
3 0 130157 1 9.718787 plmp1_10
3 0 899484 2 9.696906 plmp1_10
3 0 78783 3 9.696077 plmp1_10
3 0 118394 4 9.6855345 plmp1_10
3 0 122248 5 9.679419 plmp1_10
3 0 149007 6 9.674386 plmp1_10
3 0 117907 7 9.667057 plmp1_10
3 0 2655591 8 9.659805 plmp1_10
3 0 111623 9 9.650389 plmp1_10
4 0 117937 0 9.722336 plmp1_10
4 0 130157 1 9.718787 plmp1_10
4 0 899484 2 9.696906 plmp1_10
4 0 78783 3 9.696077 plmp1_10
4 0 118394 4 9.6855345 plmp1_10
4 0 122248 5 9.679419 plmp1_10
4 0 149007 6 9.674386 plmp1_10
4 0 117907 7 9.667057 plmp1_10
4 0 2655591 8 9.659805 plmp1_10
4 0 111623 9 9.650389 plmp1_10
5 0 90700 0 3.7337956 plmp1_10
5 0 99957 1 3.730588 plmp1_10
5 0 107691 2 3.7251453 plmp1_10
5 0 118402 3 3.7234004 plmp1_10
5 0 112349 4 3.7231166 plmp1_10
5 0 94395 5 3.7221148 plmp1_10
5 0 89304 6 3.7202892 plmp1_10
5 0 104875 7 3.7145772 plmp1_10
5 0 88941 8 3.7143235 plmp1_10
5 0 92657 9 3.7142203 plmp1_10
6 0 107922 0 2.2515569 plmp1_10
6 0 117992 1 2.2367115 plmp1_10
6 0 105616 2 2.217814 plmp1_10
6 0 105615 3 2.207479 plmp1_10
6 0 103263 4 2.2017348 plmp1_10
6 0 145878 5 2.200663 plmp1_10
6 0 103277 6 2.196047 plmp1_10
6 0 112140 7 2.185309 plmp1_10
6 0 2680590 8 2.1798458 plmp1_10
6 0 2959745 9 2.1798458 plmp1_10
7 0 110382 0 6.0378504 plmp1_10
7 0 2810523 1 6.0050244 plmp1_10
7 0 109735 2 5.936657 plmp1_10
7 0 2771248 3 5.9331746 plmp1_10
7 0 109330 4 5.927201 plmp1_10
7 0 146980 5 5.8885775 plmp1_10
7 0 1742 6 5.799247 plmp1_10
7 0 112729 7 5.780076 plmp1_10
7 0 117979 8 5.757916 plmp1_10
7 0 111663 9 5.7243013 plmp1_10
8 0 116536 0 0.0077199703 plmp1_10
8 0 106107 1 0.007655426 plmp1_10
8 0 95904 2 0.0076507265 plmp1_10
8 0 94873 3 0.0076479707 plmp1_10
8 0 91149 4 0.0076478645 plmp1_10
8 0 116537 5 0.007645253 plmp1_10
8 0 94876 6 0.007642741 plmp1_10
8 0 97448 7 0.0076426296 plmp1_10
8 0 92702 8 0.0076420046 plmp1_10
8 0 109146 9 0.0076418803 plmp1_10
9 0 110543 0 9.230787 plmp1_10
9 0 111680 1 3.9782112 plmp1_10
9 0 85404 2 3.1937525 plmp1_10
9 0 111264 3 2.2099538 plmp1_10
9 0 145908 4 2.2099538 plmp1_10
9 0 118213 5 1.3268889 plmp1_10
10 0 85375 0 2.160524 plmp1_10
10 0 91785 1 2.1520708 plmp1_10
10 0 84987 2 2.1471965 plmp1_10
10 0 90060 3 2.146905 plmp1_10
10 0 103703 4 2.1464827 plmp1_10
10 0 91226 5 2.1418777 plmp1_10
10 0 86756 6 2.1414604 plmp1_10
10 0 87908 7 2.1384919 plmp1_10
10 0 103677 8 2.1353428 plmp1_10
10 0 92232 9 2.1336756 plmp1_10
11 0 111157 0 5.034184 plmp1_10
11 0 112790 1 5.032674 plmp1_10
11 0 182514 2 5.020692 plmp1_10
11 0 3171726 3 4.987866 plmp1_10
11 0 110593 4 4.9577036 plmp1_10
11 0 812450 5 4.9577036 plmp1_10
11 0 145910 6 4.9498067 plmp1_10
11 0 623142 7 4.939087 plmp1_10
11 0 111587 8 4.910308 plmp1_10
11 0 219731 9 4.910308 plmp1_10
12 0 85641 0 0.0022680613 plmp1_10
12 0 109660 1 0.0022671984 plmp1_10
12 0 142885 2 0.0022667795 plmp1_10
12 0 89156 3 0.0022647078 plmp1_10
12 0 94492 4 0.002264289 plmp1_10
12 0 91675 5 0.0022636682 plmp1_10
12 0 98864 6 0.0022636517 plmp1_10
12 0 106843 7 0.0022634843 plmp1_10
12 0 85884 8 0.002263349 plmp1_10
12 0 110629 9 0.002262692 plmp1_10
13 0 116537 0 1.5457472 plmp1_10
13 0 89198 1 1.5449172 plmp1_10
13 0 105488 2 1.5441399 plmp1_10
13 0 111983 3 1.538211 plmp1_10
13 0 98369 4 1.5371163 plmp1_10
13 0 110602 5 1.5354141 plmp1_10
13 0 96674 6 1.5354141 plmp1_10
13 0 98472 7 1.534222 plmp1_10
13 0 97015 8 1.5340993 plmp1_10
13 0 95760 9 1.53382 plmp1_10
14 0 85641 0 0.0022680613 plmp1_10
14 0 109660 1 0.0022671984 plmp1_10
14 0 142885 2 0.0022667795 plmp1_10
14 0 89156 3 0.0022647078 plmp1_10
14 0 94492 4 0.002264289 plmp1_10
14 0 91675 5 0.0022636682 plmp1_10
14 0 98864 6 0.0022636517 plmp1_10
14 0 106843 7 0.0022634843 plmp1_10
14 0 85884 8 0.002263349 plmp1_10
14 0 110629 9 0.002262692 plmp1_10
15 0 85641 0 0.0022680613 plmp1_10
15 0 109660 1 0.0022671984 plmp1_10
15 0 142885 2 0.0022667795 plmp1_10
15 0 89156 3 0.0022647078 plmp1_10
15 0 94492 4 0.002264289 plmp1_10
15 0 91675 5 0.0022636682 plmp1_10
15 0 98864 6 0.0022636517 plmp1_10
15 0 106843 7 0.0022634843 plmp1_10
15 0 85884 8 0.002263349 plmp1_10
15 0 110629 9 0.002262692 plmp1_10
16 0 4171965 0 12.768734 plmp1_10
16 0 4162936 1 12.246694 plmp1_10
16 0 4162535 2 12.23398 plmp1_10
16 0 4151817 3 12.230608 plmp1_10
16 0 4162111 4 12.230608 plmp1_10
16 0 4168298 5 12.230608 plmp1_10
16 0 4151821 6 12.15529 plmp1_10
16 0 4151826 7 12.07742 plmp1_10
16 0 4172500 8 12.066351 plmp1_10
16 0 4168364 9 12.031434 plmp1_10
17 0 110810 0 1.0496705 plmp1_10
17 0 103430 1 1.0488878 plmp1_10
17 0 100313 2 1.048488 plmp1_10
17 0 104049 3 1.0482885 plmp1_10
17 0 98093 4 1.0481801 plmp1_10
17 0 86110 5 1.0471966 plmp1_10
17 0 102813 6 1.0468714 plmp1_10
17 0 94841 7 1.0446793 plmp1_10
17 0 104707 8 1.0445997 plmp1_10
17 0 112673 9 1.0442572 plmp1_10
18 0 106088 0 2.385063 plmp1_10
18 0 105979 1 2.370674 plmp1_10
18 0 112457 2 2.3685439 plmp1_10
18 0 118487 3 2.3683138 plmp1_10
18 0 145119 4 2.368237 plmp1_10
18 0 1431445 5 2.3674355 plmp1_10
18 0 131156 6 2.367323 plmp1_10
18 0 902264 7 2.3641033 plmp1_10
18 0 112521 8 2.361974 plmp1_10
18 0 1722 9 2.3619702 plmp1_10
19 0 110523 0 1.7966517 plmp1_10
19 0 102483 1 1.7943994 plmp1_10
19 0 111424 2 1.791868 plmp1_10
19 0 618679 3 1.7912369 plmp1_10
19 0 85859 4 1.7893696 plmp1_10
19 0 867657 5 1.7828766 plmp1_10
19 0 182992 6 1.7777888 plmp1_10
19 0 143378 7 1.7773775 plmp1_10
19 0 1087698 8 1.7769642 plmp1_10
19 0 100612 9 1.7768561 plmp1_10
20 0 110523 0 1.7966517 plmp1_10
20 0 102483 1 1.7943994 plmp1_10
20 0 111424 2 1.791868 plmp1_10
20 0 618679 3 1.7912369 plmp1_10
20 0 85859 4 1.7893696 plmp1_10
20 0 867657 5 1.7828766 plmp1_10
20 0 182992 6 1.7777888 plmp1_10
20 0 143378 7 1.7773775 plmp1_10
20 0 1087698 8 1.7769642 plmp1_10
20 0 100612 9 1.7768561 plmp1_10
21 0 110523 0 1.7966517 plmp1_10
21 0 102483 1 1.7943994 plmp1_10
21 0 111424 2 1.791868 plmp1_10
21 0 618679 3 1.7912369 plmp1_10
21 0 85859 4 1.7893696 plmp1_10
21 0 867657 5 1.7828766 plmp1_10
21 0 182992 6 1.7777888 plmp1_10
21 0 143378 7 1.7773775 plmp1_10
21 0 1087698 8 1.7769642 plmp1_10
21 0 100612 9 1.7768561 plmp1_10
22 0 110523 0 1.7966517 plmp1_10
22 0 102483 1 1.7943994 plmp1_10
22 0 111424 2 1.791868 plmp1_10
22 0 618679 3 1.7912369 plmp1_10
22 0 85859 4 1.7893696 plmp1_10
22 0 867657 5 1.7828766 plmp1_10
22 0 182992 6 1.7777888 plmp1_10
22 0 143378 7 1.7773775 plmp1_10
22 0 1087698 8 1.7769642 plmp1_10
22 0 100612 9 1.7768561 plmp1_10
23 0 85641 0 0.0022680613 plmp1_10
23 0 109660 1 0.0022671984 plmp1_10
23 0 142885 2 0.0022667795 plmp1_10
23 0 89156 3 0.0022647078 plmp1_10
23 0 94492 4 0.002264289 plmp1_10
23 0 91675 5 0.0022636682 plmp1_10
23 0 98864 6 0.0022636517 plmp1_10
23 0 106843 7 0.0022634843 plmp1_10
23 0 85884 8 0.002263349 plmp1_10
23 0 110629 9 0.002262692 plmp1_10
24 0 2657927 0 3.4934676 plmp1_10
24 0 2810525 1 3.4933112 plmp1_10
24 0 2811847 2 3.4933112 plmp1_10
24 0 112257 3 3.4845412 plmp1_10
24 0 1732 4 3.4655104 plmp1_10
24 0 3217227 5 3.4517074 plmp1_10
24 0 2769438 6 3.433889 plmp1_10
24 0 1738 7 3.4328694 plmp1_10
24 0 118449 8 3.4273725 plmp1_10
24 0 95320 9 3.4151201 plmp1_10
25 0 124694 0 5.2266846 plmp1_10
25 0 110591 1 5.0471926 plmp1_10
25 0 110187 2 4.983896 plmp1_10
25 0 107617 3 4.901865 plmp1_10
25 0 105979 4 4.8642917 plmp1_10
25 0 100918 5 4.862833 plmp1_10
25 0 108188 6 4.862833 plmp1_10
25 0 96508 7 4.845559 plmp1_10
25 0 110523 8 4.7962894 plmp1_10
25 0 117983 9 4.7827616 plmp1_10
26 0 85641 0 0.0022680613 plmp1_10
26 0 109660 1 0.0022671984 plmp1_10
26 0 142885 2 0.0022667795 plmp1_10
26 0 89156 3 0.0022647078 plmp1_10
26 0 94492 4 0.002264289 plmp1_10
26 0 91675 5 0.0022636682 plmp1_10
26 0 98864 6 0.0022636517 plmp1_10
26 0 106843 7 0.0022634843 plmp1_10
26 0 85884 8 0.002263349 plmp1_10
26 0 110629 9 0.002262692 plmp1_10
27 0 85641 0 0.0022680613 plmp1_10
27 0 109660 1 0.0022671984 plmp1_10
27 0 142885 2 0.0022667795 plmp1_10
27 0 89156 3 0.0022647078 plmp1_10
27 0 94492 4 0.002264289 plmp1_10
27 0 91675 5 0.0022636682 plmp1_10
27 0 98864 6 0.0022636517 plmp1_10
27 0 106843 7 0.0022634843 plmp1_10
27 0 85884 8 0.002263349 plmp1_10
27 0 110629 9 0.002262692 plmp1_10
28 0 110523 0 1.7966517 plmp1_10
28 0 102483 1 1.7943994 plmp1_10
28 0 111424 2 1.791868 plmp1_10
28 0 618679 3 1.7912369 plmp1_10
28 0 85859 4 1.7893696 plmp1_10
28 0 867657 5 1.7828766 plmp1_10
28 0 182992 6 1.7777888 plmp1_10
28 0 143378 7 1.7773775 plmp1_10
28 0 1087698 8 1.7769642 plmp1_10
28 0 100612 9 1.7768561 plmp1_10
29 0 117832 0 5.416569 plmp1_10
29 0 118091 1 5.4107976 plmp1_10
29 0 626206 2 5.410391 plmp1_10
29 0 112704 3 5.3938594 plmp1_10
29 0 205788 4 5.392837 plmp1_10
29 0 111473 5 5.390757 plmp1_10
29 0 105821 6 5.389822 plmp1_10
29 0 103040 7 5.38615 plmp1_10
29 0 111253 8 5.3815126 plmp1_10
29 0 145708 9 5.3791285 plmp1_10
30 0 117832 0 5.416569 plmp1_10
30 0 118091 1 5.4107976 plmp1_10
30 0 626206 2 5.410391 plmp1_10
30 0 112704 3 5.3938594 plmp1_10
30 0 205788 4 5.392837 plmp1_10
30 0 111473 5 5.390757 plmp1_10
30 0 105821 6 5.389822 plmp1_10
30 0 103040 7 5.38615 plmp1_10
30 0 111253 8 5.3815126 plmp1_10
30 0 145708 9 5.3791285 plmp1_10
31 0 111437 0 3.8330681 plmp1_10
31 0 118281 1 3.8159127 plmp1_10
31 0 103338 2 3.80891 plmp1_10
31 0 106745 3 3.8004098 plmp1_10
31 0 108345 4 3.8004014 plmp1_10
31 0 145717 5 3.7960818 plmp1_10
31 0 112639 6 3.794358 plmp1_10
31 0 106024 7 3.7854443 plmp1_10
31 0 105673 8 3.7847338 plmp1_10
31 0 122246 9 3.7846735 plmp1_10
32 0 127911 0 2.0914655 plmp1_10
32 0 127930 1 2.058677 plmp1_10
32 0 107433 2 2.0502937 plmp1_10
32 0 90583 3 2.0390072 plmp1_10
32 0 96527 4 2.0325973 plmp1_10
32 0 85904 5 2.0317569 plmp1_10
32 0 109534 6 2.0311868 plmp1_10
32 0 118312 7 2.0236378 plmp1_10
32 0 127889 8 2.0236378 plmp1_10
32 0 110428 9 2.0236378 plmp1_10
33 0 109360 0 6.3996973 plmp1_10
33 0 109552 1 6.360475 plmp1_10
33 0 92455 2 6.335802 plmp1_10
33 0 182991 3 6.318005 plmp1_10
33 0 87922 4 6.308011 plmp1_10
33 0 145930 5 6.287536 plmp1_10
33 0 108613 6 6.21147 plmp1_10
33 0 118220 7 6.172355 plmp1_10
33 0 103496 8 6.1333885 plmp1_10
33 0 118047 9 6.111929 plmp1_10
34 0 110523 0 1.7966517 plmp1_10
34 0 102483 1 1.7943994 plmp1_10
34 0 111424 2 1.791868 plmp1_10
34 0 618679 3 1.7912369 plmp1_10
34 0 85859 4 1.7893696 plmp1_10
34 0 867657 5 1.7828766 plmp1_10
34 0 182992 6 1.7777888 plmp1_10
34 0 143378 7 1.7773775 plmp1_10
34 0 1087698 8 1.7769642 plmp1_10
34 0 100612 9 1.7768561 plmp1_10
35 0 104667 0 3.1674397 plmp1_10
35 0 131158 1 3.1290026 plmp1_10
35 0 104489 2 3.127222 plmp1_10
35 0 101521 3 3.125336 plmp1_10
35 0 108531 4 3.1232216 plmp1_10
35 0 100114 5 3.1219037 plmp1_10
35 0 101691 6 3.1219037 plmp1_10
35 0 98534 7 3.1219037 plmp1_10
35 0 111130 8 3.1208038 plmp1_10
35 0 101693 9 3.1202278 plmp1_10
36 0 104667 0 3.1674397 plmp1_10
36 0 131158 1 3.1290026 plmp1_10
36 0 104489 2 3.127222 plmp1_10
36 0 101521 3 3.125336 plmp1_10
36 0 108531 4 3.1232216 plmp1_10
36 0 100114 5 3.1219037 plmp1_10
36 0 101691 6 3.1219037 plmp1_10
36 0 98534 7 3.1219037 plmp1_10
36 0 111130 8 3.1208038 plmp1_10
36 0 101693 9 3.1202278 plmp1_10
37 0 110774 0 6.7421136 plmp1_10
37 0 111261 1 6.669448 plmp1_10
37 0 112910 2 6.6466103 plmp1_10
37 0 104520 3 6.6061854 plmp1_10
37 0 108851 4 6.5764017 plmp1_10
37 0 118480 5 6.561575 plmp1_10
37 0 145731 6 6.5481405 plmp1_10
37 0 111420 7 6.5467625 plmp1_10
37 0 111264 8 6.5305176 plmp1_10
37 0 108449 9 6.52416 plmp1_10
38 0 110774 0 6.7421136 plmp1_10
38 0 111261 1 6.669448 plmp1_10
38 0 112910 2 6.6466103 plmp1_10
38 0 104520 3 6.6061854 plmp1_10
38 0 108851 4 6.5764017 plmp1_10
38 0 118480 5 6.561575 plmp1_10
38 0 145731 6 6.5481405 plmp1_10
38 0 111420 7 6.5467625 plmp1_10
38 0 111264 8 6.5305176 plmp1_10
38 0 108449 9 6.52416 plmp1_10
39 0 103135 0 11.031403 plmp1_10
39 0 112420 1 11.003219 plmp1_10
39 0 122254 2 10.979773 plmp1_10
39 0 103810 3 10.979231 plmp1_10
39 0 105200 4 10.9598255 plmp1_10
39 0 621044 5 10.91454 plmp1_10
39 0 621090 6 10.91454 plmp1_10
39 0 2959739 7 10.91454 plmp1_10
39 0 112568 8 10.901069 plmp1_10
39 0 2959744 9 10.884845 plmp1_10
40 0 103135 0 11.031403 plmp1_10
40 0 112420 1 11.003219 plmp1_10
40 0 122254 2 10.979773 plmp1_10
40 0 103810 3 10.979231 plmp1_10
40 0 105200 4 10.9598255 plmp1_10
40 0 621044 5 10.91454 plmp1_10
40 0 621090 6 10.91454 plmp1_10
40 0 2959739 7 10.91454 plmp1_10
40 0 112568 8 10.901069 plmp1_10
40 0 2959744 9 10.884845 plmp1_10
41 0 101349 0 2.0525494 plmp1_10
41 0 84872 1 2.038784 plmp1_10
41 0 101677 2 2.0380046 plmp1_10
41 0 89835 3 2.0281937 plmp1_10
41 0 106277 4 2.0279522 plmp1_10
41 0 84801 5 2.027378 plmp1_10
41 0 106880 6 2.0263968 plmp1_10
41 0 90245 7 2.0172968 plmp1_10
41 0 86301 8 2.0166113 plmp1_10
41 0 94771 9 2.0166113 plmp1_10
42 0 101349 0 2.0525494 plmp1_10
42 0 84872 1 2.038784 plmp1_10
42 0 101677 2 2.0380046 plmp1_10
42 0 89835 3 2.0281937 plmp1_10
42 0 106277 4 2.0279522 plmp1_10
42 0 84801 5 2.027378 plmp1_10
42 0 106880 6 2.0263968 plmp1_10
42 0 90245 7 2.0172968 plmp1_10
42 0 86301 8 2.0166113 plmp1_10
42 0 94771 9 2.0166113 plmp1_10
43 0 85005 0 1.1088353 plmp1_10
43 0 102289 1 1.1039057 plmp1_10
43 0 109283 2 1.1011449 plmp1_10
43 0 94567 3 1.0995824 plmp1_10
43 0 99196 4 1.0992308 plmp1_10
43 0 92772 5 1.0947225 plmp1_10
43 0 100458 6 1.0936874 plmp1_10
43 0 85396 7 1.0936874 plmp1_10
43 0 106767 8 1.0932114 plmp1_10
43 0 87452 9 1.0927141 plmp1_10
44 0 205720 0 2.534562 plmp1_10
44 0 91227 1 2.509233 plmp1_10
44 0 86002 2 2.4933002 plmp1_10
44 0 87304 3 2.49187 plmp1_10
44 0 90717 4 2.4897034 plmp1_10
44 0 88493 5 2.484478 plmp1_10
44 0 98529 6 2.4816163 plmp1_10
44 0 111745 7 2.4739766 plmp1_10
44 0 88889 8 2.4736235 plmp1_10
44 0 112657 9 2.4724498 plmp1_10
45 0 110523 0 1.7966517 plmp1_10
45 0 102483 1 1.7943994 plmp1_10
45 0 111424 2 1.791868 plmp1_10
45 0 618679 3 1.7912369 plmp1_10
45 0 85859 4 1.7893696 plmp1_10
45 0 867657 5 1.7828766 plmp1_10
45 0 182992 6 1.7777888 plmp1_10
45 0 143378 7 1.7773775 plmp1_10
45 0 1087698 8 1.7769642 plmp1_10
45 0 100612 9 1.7768561 plmp1_10
46 0 110523 0 1.7966517 plmp1_10
46 0 102483 1 1.7943994 plmp1_10
46 0 111424 2 1.791868 plmp1_10
46 0 618679 3 1.7912369 plmp1_10
46 0 85859 4 1.7893696 plmp1_10
46 0 867657 5 1.7828766 plmp1_10
46 0 182992 6 1.7777888 plmp1_10
46 0 143378 7 1.7773775 plmp1_10
46 0 1087698 8 1.7769642 plmp1_10
46 0 100612 9 1.7768561 plmp1_10
47 0 1299599 0 1.900357 plmp1_10
47 0 103439 1 1.8829796 plmp1_10
47 0 117987 2 1.8786885 plmp1_10
47 0 89185 3 1.8764477 plmp1_10
47 0 105047 4 1.8764356 plmp1_10
47 0 89156 5 1.8764356 plmp1_10
47 0 112662 6 1.8758911 plmp1_10
47 0 85187 7 1.8758911 plmp1_10
47 0 112912 8 1.8735808 plmp1_10
47 0 107015 9 1.8733209 plmp1_10
48 0 91978 0 4.635423 plmp1_10
48 0 100979 1 4.570028 plmp1_10
48 0 87897 2 4.565349 plmp1_10
48 0 110487 3 4.558971 plmp1_10
48 0 111291 4 4.53847 plmp1_10
48 0 100062 5 4.5308285 plmp1_10
48 0 100075 6 4.5308285 plmp1_10
48 0 86130 7 4.529292 plmp1_10
48 0 88050 8 4.525464 plmp1_10
48 0 101131 9 4.523972 plmp1_10
49 0 85641 0 0.0022680613 plmp1_10
49 0 109660 1 0.0022671984 plmp1_10
49 0 142885 2 0.0022667795 plmp1_10
49 0 89156 3 0.0022647078 plmp1_10
49 0 94492 4 0.002264289 plmp1_10
49 0 91675 5 0.0022636682 plmp1_10
49 0 98864 6 0.0022636517 plmp1_10
49 0 106843 7 0.0022634843 plmp1_10
49 0 85884 8 0.002263349 plmp1_10
49 0 110629 9 0.002262692 plmp1_10
50 0 3204919 0 10.313744 plmp1_10
50 0 2770446 1 10.239928 plmp1_10
50 0 2808291 2 10.089717 plmp1_10
50 0 3205767 3 10.056957 plmp1_10
50 0 2812588 4 10.033183 plmp1_10
50 0 2784696 5 10.025128 plmp1_10
50 0 3162143 6 9.976521 plmp1_10
50 0 4151821 7 9.902596 plmp1_10
50 0 2809765 8 9.850159 plmp1_10
50 0 2810527 9 9.753073 plmp1_10
51 0 85641 0 0.0022680613 plmp1_10
51 0 109660 1 0.0022671984 plmp1_10
51 0 142885 2 0.0022667795 plmp1_10
51 0 89156 3 0.0022647078 plmp1_10
51 0 94492 4 0.002264289 plmp1_10
51 0 91675 5 0.0022636682 plmp1_10
51 0 98864 6 0.0022636517 plmp1_10
51 0 106843 7 0.0022634843 plmp1_10
51 0 85884 8 0.002263349 plmp1_10
51 0 110629 9 0.002262692 plmp1_10
52 0 92777 0 13.193965 plmp1_10
52 0 85111 1 12.88742 plmp1_10
52 0 107187 2 12.863572 plmp1_10
52 0 2518368 3 12.705825 plmp1_10
52 0 85447 4 12.553668 plmp1_10
52 0 85110 5 12.450111 plmp1_10
52 0 97465 6 12.07768 plmp1_10
52 0 91822 7 11.806754 plmp1_10
52 0 95361 8 11.39057 plmp1_10
52 0 99799 9 9.84967 plmp1_10
53 0 110523 0 1.7966517 plmp1_10
53 0 102483 1 1.7943994 plmp1_10
53 0 111424 2 1.791868 plmp1_10
53 0 618679 3 1.7912369 plmp1_10
53 0 85859 4 1.7893696 plmp1_10
53 0 867657 5 1.7828766 plmp1_10
53 0 182992 6 1.7777888 plmp1_10
53 0 143378 7 1.7773775 plmp1_10
53 0 1087698 8 1.7769642 plmp1_10
53 0 100612 9 1.7768561 plmp1_10
54 0 110523 0 1.7966517 plmp1_10
54 0 102483 1 1.7943994 plmp1_10
54 0 111424 2 1.791868 plmp1_10
54 0 618679 3 1.7912369 plmp1_10
54 0 85859 4 1.7893696 plmp1_10
54 0 867657 5 1.7828766 plmp1_10
54 0 182992 6 1.7777888 plmp1_10
54 0 143378 7 1.7773775 plmp1_10
54 0 1087698 8 1.7769642 plmp1_10
54 0 100612 9 1.7768561 plmp1_10
55 0 800567 0 7.7270126 plmp1_10
55 0 109760 1 7.6918435 plmp1_10
55 0 2655597 2 7.6801286 plmp1_10
55 0 111952 3 7.6551466 plmp1_10
55 0 111775 4 7.622212 plmp1_10
55 0 109684 5 7.607837 plmp1_10
55 0 105696 6 7.595466 plmp1_10
55 0 146554 7 7.5863214 plmp1_10
55 0 2399333 8 7.581138 plmp1_10
55 0 112460 9 7.581069 plmp1_10
56 0 800567 0 7.7270126 plmp1_10
56 0 109760 1 7.6918435 plmp1_10
56 0 2655597 2 7.6801286 plmp1_10
56 0 111952 3 7.6551466 plmp1_10
56 0 111775 4 7.622212 plmp1_10
56 0 109684 5 7.607837 plmp1_10
56 0 105696 6 7.595466 plmp1_10
56 0 146554 7 7.5863214 plmp1_10
56 0 2399333 8 7.581138 plmp1_10
56 0 112460 9 7.581069 plmp1_10
57 0 1638078 0 2.5535274 plmp1_10
57 0 112673 1 2.5528145 plmp1_10
57 0 130625 2 2.546118 plmp1_10
57 0 130627 3 2.546118 plmp1_10
57 0 130628 4 2.546118 plmp1_10
57 0 130629 5 2.546118 plmp1_10
57 0 130630 6 2.546118 plmp1_10
57 0 130631 7 2.546118 plmp1_10
57 0 130633 8 2.546118 plmp1_10
57 0 130634 9 2.546118 plmp1_10
58 0 118045 0 3.4448843 plmp1_10
58 0 118311 1 3.3700063 plmp1_10
58 0 134738 2 3.3620071 plmp1_10
58 0 112137 3 3.3428228 plmp1_10
58 0 88013 4 3.3422542 plmp1_10
58 0 90121 5 3.3422542 plmp1_10
58 0 142894 6 3.3292687 plmp1_10
58 0 118470 7 3.3226664 plmp1_10
58 0 86822 8 3.307632 plmp1_10
58 0 99639 9 3.3059988 plmp1_10
59 0 94813 0 2.2352092 plmp1_10
59 0 1087769 1 2.2282057 plmp1_10
59 0 101397 2 2.2232137 plmp1_10
59 0 2620971 3 2.2232137 plmp1_10
59 0 85641 4 2.2202823 plmp1_10
59 0 2621074 5 2.22001 plmp1_10
59 0 4170685 6 2.2194688 plmp1_10
59 0 106961 7 2.217533 plmp1_10
59 0 118129 8 2.2171843 plmp1_10
59 0 145627 9 2.2158961 plmp1_10
60 0 103971 0 2.5889113 plmp1_10
60 0 112878 1 2.5818405 plmp1_10
60 0 100157 2 2.579913 plmp1_10
60 0 110601 3 2.57584 plmp1_10
60 0 109595 4 2.5694594 plmp1_10
60 0 110877 5 2.5583413 plmp1_10
60 0 112869 6 2.5560548 plmp1_10
60 0 109810 7 2.552934 plmp1_10
60 0 108773 8 2.552467 plmp1_10
60 0 106493 9 2.5501773 plmp1_10
61 0 137728 0 4.0223193 plmp1_10
61 0 4151820 1 4.0214143 plmp1_10
61 0 111097 2 4.0124493 plmp1_10
61 0 112508 3 4.0081406 plmp1_10
61 0 117959 4 4.004206 plmp1_10
61 0 112577 5 3.9956985 plmp1_10
61 0 118038 6 3.9947143 plmp1_10
61 0 112534 7 3.979599 plmp1_10
61 0 105008 8 3.9732895 plmp1_10
61 0 105678 9 3.9704618 plmp1_10
62 0 85641 0 0.0022680613 plmp1_10
62 0 109660 1 0.0022671984 plmp1_10
62 0 142885 2 0.0022667795 plmp1_10
62 0 89156 3 0.0022647078 plmp1_10
62 0 94492 4 0.002264289 plmp1_10
62 0 91675 5 0.0022636682 plmp1_10
62 0 98864 6 0.0022636517 plmp1_10
62 0 106843 7 0.0022634843 plmp1_10
62 0 85884 8 0.002263349 plmp1_10
62 0 110629 9 0.002262692 plmp1_10
63 0 109133 0 4.2111526 plmp1_10
63 0 110057 1 4.209484 plmp1_10
63 0 108843 2 4.20682 plmp1_10
63 0 109965 3 4.199793 plmp1_10
63 0 109814 4 4.1977086 plmp1_10
63 0 108793 5 4.195459 plmp1_10
63 0 101039 6 4.193741 plmp1_10
63 0 111861 7 4.191295 plmp1_10
63 0 105693 8 4.1881304 plmp1_10
63 0 108496 9 4.186402 plmp1_10
64 0 118284 0 9.693924 plmp1_10
64 0 618680 1 9.639532 plmp1_10
64 0 112016 2 9.634718 plmp1_10
64 0 111285 3 9.525872 plmp1_10
64 0 122242 4 9.504363 plmp1_10
64 0 4151824 5 9.491022 plmp1_10
64 0 111426 6 9.468882 plmp1_10
64 0 112935 7 9.424518 plmp1_10
64 0 110645 8 9.421755 plmp1_10
64 0 110266 9 9.251908 plmp1_10
65 0 102209 0 3.3630707 plmp1_10
65 0 142876 1 3.361122 plmp1_10
65 0 104421 2 3.3488133 plmp1_10
65 0 3160677 3 3.3479755 plmp1_10
65 0 94286 4 3.3411472 plmp1_10
65 0 100059 5 3.3393419 plmp1_10
65 0 103566 6 3.3377848 plmp1_10
65 0 105303 7 3.3373706 plmp1_10
65 0 100293 8 3.3334749 plmp1_10
65 0 109071 9 3.3313916 plmp1_10
66 0 118284 0 9.693924 plmp1_10
66 0 618680 1 9.639532 plmp1_10
66 0 112016 2 9.634718 plmp1_10
66 0 111285 3 9.525872 plmp1_10
66 0 122242 4 9.504363 plmp1_10
66 0 111426 5 9.468882 plmp1_10
66 0 112935 6 9.424518 plmp1_10
66 0 110645 7 9.421755 plmp1_10
66 0 4151825 8 9.4000845 plmp1_10
66 0 110266 9 9.251908 plmp1_10
67 0 145630 0 2.8209422 plmp1_10
67 0 111937 1 2.81415 plmp1_10
67 0 2646093 2 2.8092113 plmp1_10
67 0 118409 3 2.802484 plmp1_10
67 0 110977 4 2.7982116 plmp1_10
67 0 100326 5 2.7967327 plmp1_10
67 0 134733 6 2.7967327 plmp1_10
67 0 111593 7 2.7964358 plmp1_10
67 0 105530 8 2.7922418 plmp1_10
67 0 95571 9 2.7889225 plmp1_10
68 0 145630 0 2.8209422 plmp1_10
68 0 111937 1 2.81415 plmp1_10
68 0 2646093 2 2.8092113 plmp1_10
68 0 118409 3 2.802484 plmp1_10
68 0 110977 4 2.7982116 plmp1_10
68 0 100326 5 2.7967327 plmp1_10
68 0 134733 6 2.7967327 plmp1_10
68 0 111593 7 2.7964358 plmp1_10
68 0 105530 8 2.7922418 plmp1_10
68 0 95571 9 2.7889225 plmp1_10
69 0 137728 0 4.0223193 plmp1_10
69 0 111097 1 4.0124493 plmp1_10
69 0 112508 2 4.0081406 plmp1_10
69 0 117959 3 4.004206 plmp1_10
69 0 112577 4 3.9956985 plmp1_10
69 0 118038 5 3.9947143 plmp1_10
69 0 112534 6 3.979599 plmp1_10
69 0 105008 7 3.9732895 plmp1_10
69 0 105678 8 3.9704618 plmp1_10
69 0 4151831 9 3.9704618 plmp1_10
70 0 137728 0 4.0223193 plmp1_10
70 0 111097 1 4.0124493 plmp1_10
70 0 112508 2 4.0081406 plmp1_10
70 0 117959 3 4.004206 plmp1_10
70 0 112577 4 3.9956985 plmp1_10
70 0 118038 5 3.9947143 plmp1_10
70 0 112534 6 3.979599 plmp1_10
70 0 105008 7 3.9732895 plmp1_10
70 0 105678 8 3.9704618 plmp1_10
70 0 4151831 9 3.9704618 plmp1_10
71 0 118497 0 3.1746285 plmp1_10
71 0 111825 1 3.1611745 plmp1_10
71 0 94647 2 3.1581266 plmp1_10
71 0 110958 3 3.1522884 plmp1_10
71 0 95196 4 3.1472242 plmp1_10
71 0 118322 5 3.1428561 plmp1_10
71 0 111572 6 3.1396408 plmp1_10
71 0 112171 7 3.1392791 plmp1_10
71 0 108190 8 3.1386871 plmp1_10
71 0 90674 9 3.1357446 plmp1_10
72 0 118497 0 3.1746285 plmp1_10
72 0 111825 1 3.1611745 plmp1_10
72 0 94647 2 3.1581266 plmp1_10
72 0 110958 3 3.1522884 plmp1_10
72 0 95196 4 3.1472242 plmp1_10
72 0 118322 5 3.1428561 plmp1_10
72 0 111572 6 3.1396408 plmp1_10
72 0 112171 7 3.1392791 plmp1_10
72 0 108190 8 3.1386871 plmp1_10
72 0 90674 9 3.1357446 plmp1_10
73 0 85641 0 0.0022680613 plmp1_10
73 0 109660 1 0.0022671984 plmp1_10
73 0 142885 2 0.0022667795 plmp1_10
73 0 89156 3 0.0022647078 plmp1_10
73 0 94492 4 0.002264289 plmp1_10
73 0 91675 5 0.0022636682 plmp1_10
73 0 98864 6 0.0022636517 plmp1_10
73 0 106843 7 0.0022634843 plmp1_10
73 0 85884 8 0.002263349 plmp1_10
73 0 110629 9 0.002262692 plmp1_10
74 0 110523 0 1.7966517 plmp1_10
74 0 102483 1 1.7943994 plmp1_10
74 0 111424 2 1.791868 plmp1_10
74 0 618679 3 1.7912369 plmp1_10
74 0 85859 4 1.7893696 plmp1_10
74 0 867657 5 1.7828766 plmp1_10
74 0 182992 6 1.7777888 plmp1_10
74 0 143378 7 1.7773775 plmp1_10
74 0 1087698 8 1.7769642 plmp1_10
74 0 100612 9 1.7768561 plmp1_10
75 0 102142 0 4.5001044 plmp1_10
75 0 107315 1 4.496725 plmp1_10
75 0 96799 2 4.496549 plmp1_10
75 0 109962 3 4.4959435 plmp1_10
75 0 145747 4 4.489514 plmp1_10
75 0 108196 5 4.4884453 plmp1_10
75 0 97165 6 4.487044 plmp1_10
75 0 100905 7 4.4860554 plmp1_10
75 0 109099 8 4.4857545 plmp1_10
75 0 108011 9 4.483936 plmp1_10
76 0 102142 0 4.5001044 plmp1_10
76 0 107315 1 4.496725 plmp1_10
76 0 96799 2 4.496549 plmp1_10
76 0 109962 3 4.4959435 plmp1_10
76 0 145747 4 4.489514 plmp1_10
76 0 108196 5 4.4884453 plmp1_10
76 0 97165 6 4.487044 plmp1_10
76 0 100905 7 4.4860554 plmp1_10
76 0 109099 8 4.4857545 plmp1_10
76 0 108011 9 4.483936 plmp1_10
77 0 140776 0 12.445359 plmp1_10
77 0 104311 1 12.216615 plmp1_10
77 0 96550 2 12.156701 plmp1_10
77 0 1087902 3 11.893326 plmp1_10
77 0 106811 4 11.801259 plmp1_10
77 0 85674 5 11.247991 plmp1_10
77 0 1860220 6 10.990569 plmp1_10
77 0 92878 7 10.574995 plmp1_10
77 0 107003 8 10.425039 plmp1_10
77 0 91680 9 10.425039 plmp1_10
78 0 1119358 0 3.837925 plmp1_10
78 0 101231 1 3.837925 plmp1_10
78 0 779833 2 3.8242552 plmp1_10
78 0 798511 3 3.8242552 plmp1_10
78 0 96919 4 3.8138418 plmp1_10
78 0 103945 5 3.7843878 plmp1_10
78 0 99792 6 3.7832074 plmp1_10
78 0 100606 7 3.7664924 plmp1_10
78 0 112342 8 3.7422748 plmp1_10
78 0 118311 9 3.7407472 plmp1_10
79 0 111470 0 15.590042 plmp1_10
79 0 118143 1 10.3251915 plmp1_10
79 0 111009 2 8.083597 plmp1_10
80 0 101886 0 5.5474687 plmp1_10
80 0 95940 1 5.5432725 plmp1_10
80 0 95505 2 5.5311923 plmp1_10
80 0 96431 3 5.5236664 plmp1_10
80 0 109018 4 5.5087485 plmp1_10
80 0 97401 5 5.5061765 plmp1_10
80 0 118411 6 5.50191 plmp1_10
80 0 99231 7 5.50191 plmp1_10
80 0 110329 8 5.488194 plmp1_10
80 0 103394 9 5.488182 plmp1_10
81 0 109535 0 7.33555 plmp1_10
81 0 4157383 1 7.313896 plmp1_10
81 0 109676 2 7.1746526 plmp1_10
81 0 111934 3 7.12399 plmp1_10
81 0 110864 4 7.0965014 plmp1_10
81 0 111472 5 7.091528 plmp1_10
81 0 111819 6 7.0819106 plmp1_10
81 0 802973 7 7.0565166 plmp1_10
81 0 803271 8 7.0565166 plmp1_10
81 0 2959737 9 7.0565166 plmp1_10
82 0 118055 0 2.2417524 plmp1_10
82 0 799983 1 2.2375264 plmp1_10
82 0 112919 2 2.235062 plmp1_10
82 0 621294 3 2.225358 plmp1_10
82 0 109005 4 2.2113674 plmp1_10
82 0 112374 5 2.2111642 plmp1_10
82 0 107901 6 2.2042243 plmp1_10
82 0 1088002 7 2.1970687 plmp1_10
82 0 142892 8 2.1962874 plmp1_10
82 0 112117 9 2.1943738 plmp1_10
83 0 94861 0 6.3878703 plmp1_10
83 0 84986 1 6.2919927 plmp1_10
83 0 110681 2 6.274526 plmp1_10
83 0 145859 3 6.261492 plmp1_10
83 0 93899 4 6.261144 plmp1_10
83 0 105821 5 6.256272 plmp1_10
83 0 90805 6 6.25591 plmp1_10
83 0 102865 7 6.2427573 plmp1_10
83 0 93013 8 6.2389317 plmp1_10
83 0 86279 9 6.2357616 plmp1_10
84 0 94861 0 6.3878703 plmp1_10
84 0 84986 1 6.2919927 plmp1_10
84 0 110681 2 6.274526 plmp1_10
84 0 145859 3 6.261492 plmp1_10
84 0 93899 4 6.261144 plmp1_10
84 0 105821 5 6.256272 plmp1_10
84 0 90805 6 6.25591 plmp1_10
84 0 102865 7 6.2427573 plmp1_10
84 0 93013 8 6.2389317 plmp1_10
84 0 86279 9 6.2357616 plmp1_10
85 0 117832 0 5.416569 plmp1_10
85 0 118091 1 5.4107976 plmp1_10
85 0 626206 2 5.410391 plmp1_10
85 0 4157383 3 5.394352 plmp1_10
85 0 112704 4 5.3938594 plmp1_10
85 0 205788 5 5.392837 plmp1_10
85 0 111473 6 5.390757 plmp1_10
85 0 105821 7 5.389822 plmp1_10
85 0 103040 8 5.38615 plmp1_10
85 0 111253 9 5.3815126 plmp1_10
86 0 97834 0 6.88798 plmp1_10
86 0 85500 1 6.8779125 plmp1_10
86 0 109215 2 6.821448 plmp1_10
86 0 110021 3 6.796306 plmp1_10
86 0 105126 4 6.7879453 plmp1_10
86 0 86139 5 6.7762523 plmp1_10
86 0 110390 6 6.7647305 plmp1_10
86 0 87103 7 6.7540374 plmp1_10
86 0 110774 8 6.7462325 plmp1_10
86 0 105419 9 6.7443624 plmp1_10
87 0 116537 0 1.5457472 plmp1_10
87 0 89198 1 1.5449172 plmp1_10
87 0 105488 2 1.5441399 plmp1_10
87 0 111983 3 1.538211 plmp1_10
87 0 98369 4 1.5371163 plmp1_10
87 0 110602 5 1.5354141 plmp1_10
87 0 96674 6 1.5354141 plmp1_10
87 0 98472 7 1.534222 plmp1_10
87 0 97015 8 1.5340993 plmp1_10
87 0 95760 9 1.53382 plmp1_10
88 0 105985 0 7.1808395 plmp1_10
88 0 104753 1 7.0894074 plmp1_10
88 0 103898 2 7.048982 plmp1_10
88 0 109340 3 6.9775248 plmp1_10
88 0 101956 4 6.971423 plmp1_10
88 0 88844 5 6.9256444 plmp1_10
88 0 117992 6 6.9237685 plmp1_10
88 0 105267 7 6.886445 plmp1_10
88 0 103521 8 6.846705 plmp1_10
88 0 103181 9 6.8045306 plmp1_10
89 0 94281 0 2.2313104 plmp1_10
89 0 112866 1 2.2312808 plmp1_10
89 0 90462 2 2.2285306 plmp1_10
89 0 117985 3 2.2250302 plmp1_10
89 0 91102 4 2.2240891 plmp1_10
89 0 103462 5 2.22273 plmp1_10
89 0 106767 6 2.2185361 plmp1_10
89 0 93432 7 2.2185361 plmp1_10
89 0 88756 8 2.2103672 plmp1_10
89 0 92895 9 2.2089713 plmp1_10
90 0 110523 0 1.7966517 plmp1_10
90 0 102483 1 1.7943994 plmp1_10
90 0 111424 2 1.791868 plmp1_10
90 0 618679 3 1.7912369 plmp1_10
90 0 85859 4 1.7893696 plmp1_10
90 0 867657 5 1.7828766 plmp1_10
90 0 182992 6 1.7777888 plmp1_10
90 0 143378 7 1.7773775 plmp1_10
90 0 1087698 8 1.7769642 plmp1_10
90 0 100612 9 1.7768561 plmp1_10
91 0 110523 0 1.7966517 plmp1_10
91 0 102483 1 1.7943994 plmp1_10
91 0 111424 2 1.791868 plmp1_10
91 0 618679 3 1.7912369 plmp1_10
91 0 85859 4 1.7893696 plmp1_10
91 0 867657 5 1.7828766 plmp1_10
91 0 182992 6 1.7777888 plmp1_10
91 0 143378 7 1.7773775 plmp1_10
91 0 1087698 8 1.7769642 plmp1_10
91 0 100612 9 1.7768561 plmp1_10
92 0 110523 0 1.7966517 plmp1_10
92 0 102483 1 1.7943994 plmp1_10
92 0 111424 2 1.791868 plmp1_10
92 0 618679 3 1.7912369 plmp1_10
92 0 85859 4 1.7893696 plmp1_10
92 0 867657 5 1.7828766 plmp1_10
92 0 182992 6 1.7777888 plmp1_10
92 0 143378 7 1.7773775 plmp1_10
92 0 1087698 8 1.7769642 plmp1_10
92 0 100612 9 1.7768561 plmp1_10
93 0 110523 0 1.7966517 plmp1_10
93 0 102483 1 1.7943994 plmp1_10
93 0 111424 2 1.791868 plmp1_10
93 0 618679 3 1.7912369 plmp1_10
93 0 85859 4 1.7893696 plmp1_10
93 0 867657 5 1.7828766 plmp1_10
93 0 182992 6 1.7777888 plmp1_10
93 0 143378 7 1.7773775 plmp1_10
93 0 1087698 8 1.7769642 plmp1_10
93 0 100612 9 1.7768561 plmp1_10
94 0 110523 0 1.7966517 plmp1_10
94 0 102483 1 1.7943994 plmp1_10
94 0 111424 2 1.791868 plmp1_10
94 0 618679 3 1.7912369 plmp1_10
94 0 85859 4 1.7893696 plmp1_10
94 0 867657 5 1.7828766 plmp1_10
94 0 182992 6 1.7777888 plmp1_10
94 0 143378 7 1.7773775 plmp1_10
94 0 1087698 8 1.7769642 plmp1_10
94 0 100612 9 1.7768561 plmp1_10
95 0 2803251 0 6.507087 plmp1_10
95 0 106848 1 6.458768 plmp1_10
95 0 2676592 2 6.417417 plmp1_10
95 0 99304 3 6.3920045 plmp1_10
95 0 2650505 4 6.3907475 plmp1_10
95 0 180029 5 6.3612146 plmp1_10
95 0 88035 6 6.3388243 plmp1_10
95 0 106179 7 6.3273535 plmp1_10
95 0 799994 8 6.3197823 plmp1_10
95 0 217702 9 6.3054132 plmp1_10
96 0 105615 0 2.053173 plmp1_10
96 0 93138 1 2.048785 plmp1_10
96 0 621294 2 2.0481725 plmp1_10
96 0 89823 3 2.0465539 plmp1_10
96 0 111439 4 2.0458245 plmp1_10
96 0 86338 5 2.045119 plmp1_10
96 0 90721 6 2.044801 plmp1_10
96 0 90346 7 2.0440893 plmp1_10
96 0 87873 8 2.0438192 plmp1_10
96 0 88356 9 2.0417821 plmp1_10
97 0 118269 0 3.804875 plmp1_10
97 0 96194 1 3.79771 plmp1_10
97 0 799969 2 3.796542 plmp1_10
97 0 101334 3 3.7817085 plmp1_10
97 0 112864 4 3.7705812 plmp1_10
97 0 88201 5 3.766605 plmp1_10
97 0 101394 6 3.7644894 plmp1_10
97 0 112538 7 3.7611718 plmp1_10
97 0 111261 8 3.7597024 plmp1_10
97 0 92034 9 3.7595124 plmp1_10
98 0 108666 0 2.0917332 plmp1_10
98 0 118097 1 2.083548 plmp1_10
98 0 98851 2 2.0816638 plmp1_10
98 0 92143 3 2.066669 plmp1_10
98 0 117869 4 2.0657148 plmp1_10
98 0 88512 5 2.0621305 plmp1_10
98 0 101970 6 2.0509481 plmp1_10
98 0 84652 7 2.0506968 plmp1_10
98 0 89386 8 2.0442505 plmp1_10
98 0 2381641 9 2.0442505 plmp1_10
99 0 110523 0 1.7966517 plmp1_10
99 0 102483 1 1.7943994 plmp1_10
99 0 111424 2 1.791868 plmp1_10
99 0 618679 3 1.7912369 plmp1_10
99 0 85859 4 1.7893696 plmp1_10
99 0 867657 5 1.7828766 plmp1_10
99 0 182992 6 1.7777888 plmp1_10
99 0 143378 7 1.7773775 plmp1_10
99 0 1087698 8 1.7769642 plmp1_10
99 0 100612 9 1.7768561 plmp1_10
100 0 97728 0 8.466204 plmp1_10
100 0 92184 1 8.442306 plmp1_10
100 0 112723 2 8.438146 plmp1_10
100 0 91316 3 8.429188 plmp1_10
100 0 101394 4 8.404575 plmp1_10
100 0 110552 5 8.398541 plmp1_10
100 0 109756 6 8.398367 plmp1_10
100 0 2421380 7 8.393281 plmp1_10
100 0 102855 8 8.38727 plmp1_10
100 0 97913 9 8.362228 plmp1_10
