1 0 3204919 0 69.380905 plmp6_8
1 0 2649076 1 62.021675 plmp6_8
1 0 2809767 2 61.39331 plmp6_8
1 0 2811850 3 61.39331 plmp6_8
1 0 4164893 4 59.877953 plmp6_8
1 0 3153112 5 59.058773 plmp6_8
1 0 802972 6 59.042213 plmp6_8
1 0 2781925 7 57.753498 plmp6_8
1 0 3177197 8 57.127197 plmp6_8
1 0 3170730 9 57.099575 plmp6_8
2 0 103631 0 62.00904 plmp6_8
2 0 104671 1 55.93519 plmp6_8
2 0 103549 2 55.76166 plmp6_8
2 0 145692 3 53.682606 plmp6_8
2 0 104571 4 52.458267 plmp6_8
2 0 105116 5 51.04037 plmp6_8
2 0 108555 6 50.605442 plmp6_8
2 0 104673 7 48.88559 plmp6_8
2 0 105294 8 46.329807 plmp6_8
2 0 103644 9 46.078957 plmp6_8
3 0 3162143 0 81.00631 plmp6_8
3 0 215496 1 71.25995 plmp6_8
3 0 215694 2 71.25995 plmp6_8
3 0 2959735 3 71.25891 plmp6_8
3 0 130157 4 69.57772 plmp6_8
3 0 145890 5 69.38833 plmp6_8
3 0 112584 6 67.809105 plmp6_8
3 0 118475 7 67.59789 plmp6_8
3 0 145821 8 65.50675 plmp6_8
3 0 111091 9 65.46601 plmp6_8
4 0 215694 0 176.35303 plmp6_8
4 0 2959735 1 176.35095 plmp6_8
4 0 215496 2 176.33446 plmp6_8
4 0 623142 3 160.84848 plmp6_8
4 0 3162143 4 156.87508 plmp6_8
4 0 118029 5 155.67383 plmp6_8
4 0 149007 6 140.16658 plmp6_8
4 0 903973 7 125.41661 plmp6_8
4 0 78783 8 114.5463 plmp6_8
4 0 812450 9 111.51317 plmp6_8
5 0 2672209 0 59.86823 plmp6_8
5 0 2657779 1 59.86823 plmp6_8
5 0 183480 2 54.94042 plmp6_8
5 0 145652 3 54.195766 plmp6_8
5 0 112708 4 53.202305 plmp6_8
5 0 110056 5 52.892807 plmp6_8
5 0 1740 6 51.939854 plmp6_8
5 0 110831 7 50.027164 plmp6_8
5 0 118217 8 46.24172 plmp6_8
5 0 108089 9 45.39169 plmp6_8
6 0 110654 0 98.169754 plmp6_8
6 0 110056 1 79.40915 plmp6_8
6 0 183480 2 61.510437 plmp6_8
6 0 3203656 3 60.0671 plmp6_8
6 0 3206414 4 60.0671 plmp6_8
6 0 111258 5 58.79109 plmp6_8
6 0 117932 6 54.81082 plmp6_8
6 0 111114 7 54.73366 plmp6_8
6 0 110789 8 50.021145 plmp6_8
6 0 110599 9 46.406097 plmp6_8
7 0 147531 0 40.071533 plmp6_8
7 0 2672535 1 39.266785 plmp6_8
7 0 2655591 2 39.080044 plmp6_8
7 0 134749 3 38.886993 plmp6_8
7 0 2678467 4 38.78252 plmp6_8
7 0 2679202 5 38.78252 plmp6_8
7 0 2959746 6 38.78252 plmp6_8
7 0 145715 7 37.411606 plmp6_8
7 0 3195892 8 37.170883 plmp6_8
7 0 145713 9 37.149002 plmp6_8
8 0 134749 0 96.916985 plmp6_8
8 0 112174 1 93.99298 plmp6_8
8 0 145715 2 88.09694 plmp6_8
8 0 145868 3 84.72117 plmp6_8
8 0 112834 4 83.278145 plmp6_8
8 0 2678467 5 80.5556 plmp6_8
8 0 2679202 6 80.5556 plmp6_8
8 0 2959746 7 80.5556 plmp6_8
8 0 147531 8 80.355736 plmp6_8
8 0 112748 9 76.5316 plmp6_8
9 0 2675751 0 96.123215 plmp6_8
9 0 854177 1 83.54677 plmp6_8
9 0 127923 2 81.795364 plmp6_8
9 0 118212 3 81.49139 plmp6_8
9 0 147530 4 81.05662 plmp6_8
9 0 127887 5 80.64304 plmp6_8
9 0 118317 6 78.588196 plmp6_8
9 0 109720 7 78.26111 plmp6_8
9 0 112641 8 77.91918 plmp6_8
9 0 118011 9 77.64463 plmp6_8
10 0 112423 0 102.78807 plmp6_8
10 0 118087 1 99.10025 plmp6_8
10 0 111500 2 93.90887 plmp6_8
10 0 147531 3 87.98005 plmp6_8
10 0 112800 4 87.75562 plmp6_8
10 0 118236 5 86.7583 plmp6_8
10 0 214949 6 86.197945 plmp6_8
10 0 215071 7 86.197945 plmp6_8
10 0 145665 8 85.14298 plmp6_8
10 0 134743 9 84.756294 plmp6_8
11 0 2810524 0 56.487392 plmp6_8
11 0 2811846 1 56.487392 plmp6_8
11 0 873668 2 55.660683 plmp6_8
11 0 217512 3 52.490437 plmp6_8
11 0 3171724 4 51.39855 plmp6_8
11 0 3177199 5 51.39855 plmp6_8
11 0 3177200 6 51.39855 plmp6_8
11 0 2812210 7 50.750336 plmp6_8
11 0 145960 8 49.88792 plmp6_8
11 0 218926 9 48.943832 plmp6_8
12 0 2672535 0 73.048515 plmp6_8
12 0 3207860 1 56.500717 plmp6_8
12 0 3153112 2 50.79591 plmp6_8
12 0 183479 3 48.709118 plmp6_8
12 0 3216389 4 48.57745 plmp6_8
12 0 3211503 5 48.35247 plmp6_8
12 0 3204919 6 48.196846 plmp6_8
12 0 3181025 7 48.135574 plmp6_8
12 0 2750101 8 47.13197 plmp6_8
12 0 4151830 9 47.031296 plmp6_8
13 0 2812588 0 72.20638 plmp6_8
13 0 145967 1 69.55696 plmp6_8
13 0 4162111 2 67.26163 plmp6_8
13 0 2642828 3 65.473755 plmp6_8
13 0 802973 4 60.617786 plmp6_8
13 0 803271 5 60.617786 plmp6_8
13 0 2959737 6 60.617786 plmp6_8
13 0 4106440 7 60.151268 plmp6_8
13 0 2959730 8 58.36111 plmp6_8
13 0 145632 9 55.73868 plmp6_8
14 0 614392 0 42.714954 plmp6_8
14 0 614485 1 42.714954 plmp6_8
14 0 108730 2 42.377155 plmp6_8
14 0 2153 3 40.671093 plmp6_8
14 0 2670965 4 38.313248 plmp6_8
14 0 2812588 5 37.65852 plmp6_8
14 0 2742710 6 36.898033 plmp6_8
14 0 108193 7 36.22009 plmp6_8
14 0 117942 8 36.043465 plmp6_8
14 0 107679 9 36.030117 plmp6_8
15 0 2812588 0 114.60931 plmp6_8
15 0 4151822 1 99.9592 plmp6_8
15 0 2770446 2 79.50285 plmp6_8
15 0 4171965 3 72.461464 plmp6_8
15 0 2809767 4 69.7666 plmp6_8
15 0 2811850 5 69.7666 plmp6_8
15 0 2812587 6 64.175766 plmp6_8
15 0 2959748 7 64.175766 plmp6_8
15 0 2812210 8 63.91261 plmp6_8
15 0 3153112 9 63.03382 plmp6_8
16 0 4151822 0 102.58365 plmp6_8
16 0 2812588 1 70.892265 plmp6_8
16 0 2770446 2 66.276344 plmp6_8
16 0 4171965 3 61.319653 plmp6_8
16 0 145817 4 57.32187 plmp6_8
16 0 4162936 5 53.327496 plmp6_8
16 0 4162111 6 52.296963 plmp6_8
16 0 134747 7 51.304653 plmp6_8
16 0 4168362 8 50.791664 plmp6_8
16 0 3209687 9 50.113552 plmp6_8
17 0 148484 0 41.592617 plmp6_8
17 0 813289 1 40.233852 plmp6_8
17 0 4161362 2 38.79432 plmp6_8
17 0 145865 3 38.50146 plmp6_8
17 0 150542 4 38.409622 plmp6_8
17 0 147527 5 38.263664 plmp6_8
17 0 1726 6 38.247242 plmp6_8
17 0 2783506 7 37.731895 plmp6_8
17 0 111122 8 37.660873 plmp6_8
17 0 215412 9 37.47789 plmp6_8
18 0 205712 0 110.41417 plmp6_8
18 0 148484 1 91.158066 plmp6_8
18 0 620566 2 85.04337 plmp6_8
18 0 2795703 3 80.690346 plmp6_8
18 0 2797292 4 80.690346 plmp6_8
18 0 1753 5 78.39753 plmp6_8
18 0 145119 6 77.38323 plmp6_8
18 0 131156 7 76.9997 plmp6_8
18 0 815689 8 75.63905 plmp6_8
18 0 218133 9 75.1087 plmp6_8
19 0 2654533 0 115.587494 plmp6_8
19 0 2654756 1 115.587494 plmp6_8
19 0 4172500 2 81.4047 plmp6_8
19 0 4151825 3 79.63523 plmp6_8
19 0 3203656 4 76.53568 plmp6_8
19 0 3206414 5 76.53568 plmp6_8
19 0 118018 6 74.92801 plmp6_8
19 0 2679558 7 73.91629 plmp6_8
19 0 112808 8 73.709656 plmp6_8
19 0 112775 9 73.45684 plmp6_8
20 0 2654533 0 121.18204 plmp6_8
20 0 2654756 1 121.18204 plmp6_8
20 0 4151825 2 80.639595 plmp6_8
20 0 4172500 3 80.123695 plmp6_8
20 0 112775 4 78.16243 plmp6_8
20 0 3203656 5 75.34115 plmp6_8
20 0 3206414 6 75.34115 plmp6_8
20 0 206098 7 73.58656 plmp6_8
20 0 110085 8 72.56392 plmp6_8
20 0 2781925 9 70.56608 plmp6_8
21 0 873660 0 112.72184 plmp6_8
21 0 867657 1 96.59479 plmp6_8
21 0 112799 2 92.76819 plmp6_8
21 0 117890 3 92.10827 plmp6_8
21 0 145925 4 87.913765 plmp6_8
21 0 2659300 5 87.90615 plmp6_8
21 0 2804673 6 86.361916 plmp6_8
21 0 3181482 7 83.148926 plmp6_8
21 0 821306 8 82.01569 plmp6_8
21 0 2654534 9 81.070076 plmp6_8
22 0 2659300 0 144.75272 plmp6_8
22 0 117890 1 127.44945 plmp6_8
22 0 112799 2 115.30133 plmp6_8
22 0 867657 3 102.81117 plmp6_8
22 0 145829 4 102.109665 plmp6_8
22 0 145925 5 101.33208 plmp6_8
22 0 118081 6 98.65846 plmp6_8
22 0 2804673 7 95.25016 plmp6_8
22 0 112774 8 95.08041 plmp6_8
22 0 112846 9 90.04877 plmp6_8
23 0 2810525 0 78.200294 plmp6_8
23 0 2811847 1 78.200294 plmp6_8
23 0 118449 2 73.26048 plmp6_8
23 0 118180 3 70.75724 plmp6_8
23 0 2801435 4 67.68531 plmp6_8
23 0 2657927 5 66.266266 plmp6_8
23 0 3217227 6 62.91033 plmp6_8
23 0 4162535 7 62.540443 plmp6_8
23 0 1738 8 62.01381 plmp6_8
23 0 218457 9 61.712452 plmp6_8
24 0 1738 0 33.650078 plmp6_8
24 0 145778 1 33.0275 plmp6_8
24 0 802408 2 29.439545 plmp6_8
24 0 2678133 3 29.234049 plmp6_8
24 0 2804671 4 27.042376 plmp6_8
24 0 145866 5 26.59886 plmp6_8
24 0 182558 6 25.96821 plmp6_8
24 0 2790213 7 24.204422 plmp6_8
24 0 145635 8 23.727406 plmp6_8
24 0 2654754 9 23.594004 plmp6_8
25 0 112616 0 99.44368 plmp6_8
25 0 2655499 1 70.15962 plmp6_8
25 0 108792 2 59.754833 plmp6_8
25 0 821305 3 57.046753 plmp6_8
25 0 110318 4 55.46164 plmp6_8
25 0 3211503 5 54.253532 plmp6_8
25 0 118021 6 51.317287 plmp6_8
25 0 2621067 7 47.78612 plmp6_8
25 0 111495 8 46.491566 plmp6_8
25 0 117845 9 46.462368 plmp6_8
26 0 117872 0 93.14281 plmp6_8
26 0 112616 1 88.64801 plmp6_8
26 0 112045 2 79.15903 plmp6_8
26 0 145758 3 76.22388 plmp6_8
26 0 118026 4 73.796646 plmp6_8
26 0 112457 5 72.71368 plmp6_8
26 0 117841 6 69.58064 plmp6_8
26 0 112324 7 69.20047 plmp6_8
26 0 4161362 8 68.6032 plmp6_8
26 0 111056 9 68.60027 plmp6_8
27 0 4157382 0 167.15004 plmp6_8
27 0 4157405 1 167.15004 plmp6_8
27 0 111141 2 88.729805 plmp6_8
27 0 112346 3 85.83373 plmp6_8
27 0 112523 4 76.14513 plmp6_8
27 0 112792 5 68.90204 plmp6_8
27 0 110384 6 64.693665 plmp6_8
27 0 182992 7 63.908775 plmp6_8
27 0 145636 8 63.887463 plmp6_8
27 0 217703 9 62.775463 plmp6_8
28 0 4157382 0 136.86234 plmp6_8
28 0 4157405 1 136.86234 plmp6_8
28 0 112346 2 91.29293 plmp6_8
28 0 111141 3 77.63849 plmp6_8
28 0 110384 4 57.225956 plmp6_8
28 0 118489 5 56.717937 plmp6_8
28 0 110706 6 55.918915 plmp6_8
28 0 112071 7 54.797894 plmp6_8
28 0 931121 8 54.794834 plmp6_8
28 0 212970 9 54.372627 plmp6_8
29 0 118044 0 33.402866 plmp6_8
29 0 4151826 1 33.085182 plmp6_8
29 0 117875 2 32.966637 plmp6_8
29 0 137739 3 32.223854 plmp6_8
29 0 118381 4 32.13625 plmp6_8
29 0 112485 5 32.02772 plmp6_8
29 0 109560 6 31.496536 plmp6_8
29 0 111471 7 31.404594 plmp6_8
29 0 112646 8 31.141739 plmp6_8
29 0 205788 9 31.122639 plmp6_8
30 0 205788 0 112.89165 plmp6_8
30 0 218921 1 95.4758 plmp6_8
30 0 4151826 2 92.15494 plmp6_8
30 0 899483 3 91.45308 plmp6_8
30 0 802770 4 88.9957 plmp6_8
30 0 148795 5 88.33895 plmp6_8
30 0 626206 6 86.43953 plmp6_8
30 0 145841 7 85.557884 plmp6_8
30 0 179213 8 84.00687 plmp6_8
30 0 145761 9 81.50865 plmp6_8
31 0 145925 0 70.5392 plmp6_8
31 0 2809763 1 63.40605 plmp6_8
31 0 118023 2 62.175705 plmp6_8
31 0 2795279 3 60.473507 plmp6_8
31 0 145909 4 60.214653 plmp6_8
31 0 110561 5 60.03646 plmp6_8
31 0 902267 6 58.776543 plmp6_8
31 0 118353 7 58.111927 plmp6_8
31 0 219510 8 58.065006 plmp6_8
31 0 118458 9 57.766224 plmp6_8
32 0 112329 0 66.75185 plmp6_8
32 0 111434 1 64.653755 plmp6_8
32 0 1728 2 63.69283 plmp6_8
32 0 112850 3 62.278225 plmp6_8
32 0 125839 4 58.27424 plmp6_8
32 0 112447 5 58.150936 plmp6_8
32 0 112090 6 58.0963 plmp6_8
32 0 118455 7 56.105362 plmp6_8
32 0 111596 8 53.270027 plmp6_8
32 0 145710 9 52.875168 plmp6_8
33 0 109535 0 65.16597 plmp6_8
33 0 802973 1 63.509285 plmp6_8
33 0 803271 2 63.509285 plmp6_8
33 0 2959737 3 63.509285 plmp6_8
33 0 109532 4 63.479187 plmp6_8
33 0 110795 5 63.068085 plmp6_8
33 0 112485 6 61.934532 plmp6_8
33 0 109935 7 61.7469 plmp6_8
33 0 111863 8 60.622826 plmp6_8
33 0 121158 9 60.588055 plmp6_8
34 0 2676594 0 210.26752 plmp6_8
34 0 2675753 1 205.55252 plmp6_8
34 0 2679204 2 205.55252 plmp6_8
34 0 2809767 3 152.36768 plmp6_8
34 0 2811850 4 152.36768 plmp6_8
34 0 3216389 5 85.516914 plmp6_8
34 0 625710 6 78.90746 plmp6_8
34 0 121158 7 78.81678 plmp6_8
34 0 136994 8 73.63317 plmp6_8
34 0 137727 9 73.472984 plmp6_8
35 0 821306 0 39.13195 plmp6_8
35 0 205203 1 38.800575 plmp6_8
35 0 2768888 2 37.349804 plmp6_8
35 0 218927 3 36.96534 plmp6_8
35 0 2678134 4 36.856953 plmp6_8
35 0 931124 5 34.15507 plmp6_8
35 0 2801432 6 34.061424 plmp6_8
35 0 4168362 7 33.788746 plmp6_8
35 0 903979 8 33.783268 plmp6_8
35 0 902768 9 33.783268 plmp6_8
36 0 118319 0 63.539738 plmp6_8
36 0 902769 1 61.515404 plmp6_8
36 0 118142 2 61.20605 plmp6_8
36 0 118238 3 60.98105 plmp6_8
36 0 118329 4 58.765205 plmp6_8
36 0 3170730 5 56.64045 plmp6_8
36 0 3177197 6 56.64045 plmp6_8
36 0 2670966 7 55.77006 plmp6_8
36 0 1751 8 54.920242 plmp6_8
36 0 218927 9 54.869137 plmp6_8
37 0 4151829 0 50.099697 plmp6_8
37 0 118269 1 46.961205 plmp6_8
37 0 145629 2 45.488735 plmp6_8
37 0 110742 3 44.029606 plmp6_8
37 0 145731 4 43.97354 plmp6_8
37 0 110774 5 43.64748 plmp6_8
37 0 118290 6 43.34207 plmp6_8
37 0 111982 7 42.853348 plmp6_8
37 0 121171 8 42.29953 plmp6_8
37 0 121168 9 41.93951 plmp6_8
38 0 145855 0 87.08509 plmp6_8
38 0 145731 1 81.77238 plmp6_8
38 0 4151829 2 79.489334 plmp6_8
38 0 118269 3 61.91835 plmp6_8
38 0 1993216 4 60.638138 plmp6_8
38 0 112910 5 54.2443 plmp6_8
38 0 111982 6 53.606976 plmp6_8
38 0 110774 7 53.47054 plmp6_8
38 0 112292 8 51.178562 plmp6_8
38 0 111420 9 50.43938 plmp6_8
39 0 112568 0 72.40415 plmp6_8
39 0 112420 1 61.45748 plmp6_8
39 0 118457 2 59.41777 plmp6_8
39 0 111432 3 53.36501 plmp6_8
39 0 2959744 4 51.415646 plmp6_8
39 0 855518 5 51.415646 plmp6_8
39 0 2674861 6 51.083725 plmp6_8
39 0 2675754 7 51.083725 plmp6_8
39 0 111062 8 50.80842 plmp6_8
39 0 112855 9 50.22817 plmp6_8
40 0 105200 0 81.82656 plmp6_8
40 0 1731 1 73.145226 plmp6_8
40 0 621044 2 72.739105 plmp6_8
40 0 621090 3 72.739105 plmp6_8
40 0 2959739 4 72.739105 plmp6_8
40 0 122254 5 70.25512 plmp6_8
40 0 118457 6 66.964386 plmp6_8
40 0 112273 7 65.066666 plmp6_8
40 0 108818 8 64.14479 plmp6_8
40 0 2144 9 63.90601 plmp6_8
41 0 112924 0 83.63344 plmp6_8
41 0 2811847 1 81.63053 plmp6_8
41 0 2810525 2 81.62583 plmp6_8
41 0 145756 3 69.69276 plmp6_8
41 0 112585 4 69.66423 plmp6_8
41 0 2654533 5 69.47685 plmp6_8
41 0 2654756 6 69.47685 plmp6_8
41 0 111198 7 69.014366 plmp6_8
41 0 145785 8 65.15337 plmp6_8
41 0 109186 9 64.73472 plmp6_8
42 0 112585 0 92.02697 plmp6_8
42 0 2654533 1 87.19064 plmp6_8
42 0 2654756 2 87.19064 plmp6_8
42 0 111891 3 79.47557 plmp6_8
42 0 109186 4 79.138535 plmp6_8
42 0 111198 5 77.48009 plmp6_8
42 0 110132 6 76.85558 plmp6_8
42 0 112924 7 76.80388 plmp6_8
42 0 145785 8 73.62885 plmp6_8
42 0 109352 9 72.90726 plmp6_8
43 0 2680590 0 74.75885 plmp6_8
43 0 2959745 1 74.75885 plmp6_8
43 0 112920 2 71.537346 plmp6_8
43 0 112305 3 70.3073 plmp6_8
43 0 112803 4 60.40657 plmp6_8
43 0 118148 5 56.976746 plmp6_8
43 0 110729 6 56.116684 plmp6_8
43 0 112644 7 54.85097 plmp6_8
43 0 118113 8 51.92538 plmp6_8
43 0 117935 9 51.508186 plmp6_8
44 0 92563 0 20.95129 plmp6_8
44 0 96678 1 20.342945 plmp6_8
44 0 802408 2 18.962957 plmp6_8
44 0 2781925 3 18.869045 plmp6_8
44 0 183480 4 18.74445 plmp6_8
44 0 108965 5 18.551867 plmp6_8
44 0 4104823 6 18.344013 plmp6_8
44 0 145903 7 18.188202 plmp6_8
44 0 145834 8 18.114702 plmp6_8
44 0 118182 9 17.932484 plmp6_8
45 0 3204917 0 130.82231 plmp6_8
45 0 800568 1 108.81513 plmp6_8
45 0 866024 2 105.2482 plmp6_8
45 0 858802 3 105.2482 plmp6_8
45 0 150542 4 103.596306 plmp6_8
45 0 145861 5 100.1004 plmp6_8
45 0 145772 6 98.98598 plmp6_8
45 0 145903 7 97.62898 plmp6_8
45 0 137725 8 92.33545 plmp6_8
45 0 2804673 9 91.92631 plmp6_8
46 0 866024 0 227.28366 plmp6_8
46 0 858802 1 227.27335 plmp6_8
46 0 623145 2 160.52339 plmp6_8
46 0 3204917 3 153.53366 plmp6_8
46 0 2804673 4 152.22708 plmp6_8
46 0 150542 5 139.65836 plmp6_8
46 0 145861 6 137.97057 plmp6_8
46 0 903971 7 136.15573 plmp6_8
46 0 2959742 8 136.15573 plmp6_8
46 0 1732 9 124.79183 plmp6_8
47 0 2674861 0 101.355064 plmp6_8
47 0 2675754 1 101.355064 plmp6_8
47 0 2678133 2 57.30651 plmp6_8
47 0 2803251 3 56.906807 plmp6_8
47 0 3213872 4 56.503994 plmp6_8
47 0 2790213 5 56.22675 plmp6_8
47 0 2671723 6 55.752937 plmp6_8
47 0 2795703 7 55.610016 plmp6_8
47 0 2797292 8 55.610016 plmp6_8
47 0 2771250 9 54.658817 plmp6_8
48 0 2674861 0 95.64106 plmp6_8
48 0 2675754 1 95.64106 plmp6_8
48 0 3170727 2 57.181248 plmp6_8
48 0 111362 3 50.106087 plmp6_8
48 0 2646093 4 49.08948 plmp6_8
48 0 145896 5 48.709003 plmp6_8
48 0 103019 6 48.678894 plmp6_8
48 0 3204919 7 48.35459 plmp6_8
48 0 2670965 8 48.29863 plmp6_8
48 0 625711 9 48.20505 plmp6_8
49 0 2810525 0 58.866558 plmp6_8
49 0 2811847 1 58.866558 plmp6_8
49 0 4162535 2 54.558228 plmp6_8
49 0 3153112 3 43.778824 plmp6_8
49 0 2809767 4 40.773422 plmp6_8
49 0 2811850 5 40.773422 plmp6_8
49 0 4151826 6 40.67894 plmp6_8
49 0 2812210 7 39.68813 plmp6_8
49 0 2801435 8 39.07375 plmp6_8
49 0 2811845 9 38.41162 plmp6_8
50 0 3153112 0 89.17293 plmp6_8
50 0 4162535 1 78.933624 plmp6_8
50 0 2810525 2 63.60895 plmp6_8
50 0 2811847 3 63.60895 plmp6_8
50 0 4151826 4 48.516453 plmp6_8
50 0 3181025 5 47.182877 plmp6_8
50 0 2812210 6 46.73967 plmp6_8
50 0 2809767 7 46.521038 plmp6_8
50 0 2811850 8 46.521038 plmp6_8
50 0 2801435 9 45.11976 plmp6_8
51 0 2752078 0 51.266163 plmp6_8
51 0 616433 1 51.16326 plmp6_8
51 0 112770 2 50.01976 plmp6_8
51 0 145868 3 47.571568 plmp6_8
51 0 620566 4 47.475826 plmp6_8
51 0 215412 5 47.318356 plmp6_8
51 0 616869 6 45.902786 plmp6_8
51 0 873668 7 45.844334 plmp6_8
51 0 3203658 8 45.633003 plmp6_8
51 0 148799 9 45.587868 plmp6_8
52 0 112770 0 41.6675 plmp6_8
52 0 112931 1 37.592564 plmp6_8
52 0 112243 2 33.540977 plmp6_8
52 0 802399 3 32.20249 plmp6_8
52 0 98744 4 30.78843 plmp6_8
52 0 854177 5 30.56247 plmp6_8
52 0 103439 6 30.543837 plmp6_8
52 0 90478 7 30.336319 plmp6_8
52 0 85451 8 29.948685 plmp6_8
52 0 105869 9 29.938555 plmp6_8
53 0 799985 0 74.94332 plmp6_8
53 0 145792 1 66.06403 plmp6_8
53 0 2808291 2 64.95409 plmp6_8
53 0 148483 3 61.846462 plmp6_8
53 0 2771250 4 61.400154 plmp6_8
53 0 621045 5 55.882416 plmp6_8
53 0 1744 6 55.87546 plmp6_8
53 0 145664 7 55.66597 plmp6_8
53 0 2650505 8 54.81081 plmp6_8
53 0 811778 9 54.733253 plmp6_8
54 0 872994 0 114.25708 plmp6_8
54 0 811778 1 94.26924 plmp6_8
54 0 943668 2 87.75654 plmp6_8
54 0 811777 3 85.409676 plmp6_8
54 0 931123 4 82.94652 plmp6_8
54 0 625711 5 80.82326 plmp6_8
54 0 2808291 6 70.314255 plmp6_8
54 0 621045 7 66.2173 plmp6_8
54 0 2655591 8 64.180046 plmp6_8
54 0 2679557 9 63.55365 plmp6_8
55 0 4154603 0 111.03554 plmp6_8
55 0 145855 1 85.73299 plmp6_8
55 0 145731 2 82.7377 plmp6_8
55 0 118269 3 78.09894 plmp6_8
55 0 145629 4 77.06626 plmp6_8
55 0 111261 5 71.77027 plmp6_8
55 0 112910 6 69.2944 plmp6_8
55 0 110774 7 65.04947 plmp6_8
55 0 111982 8 64.21751 plmp6_8
55 0 112292 9 62.60758 plmp6_8
56 0 4154603 0 172.61676 plmp6_8
56 0 118269 1 115.76657 plmp6_8
56 0 145731 2 115.67893 plmp6_8
56 0 112910 3 112.01915 plmp6_8
56 0 110774 4 94.438324 plmp6_8
56 0 145629 5 93.65642 plmp6_8
56 0 145855 6 92.87335 plmp6_8
56 0 111261 7 92.401924 plmp6_8
56 0 1993216 8 87.30242 plmp6_8
56 0 111420 9 84.70183 plmp6_8
57 0 867644 0 70.97884 plmp6_8
57 0 800569 1 69.468376 plmp6_8
57 0 802408 2 68.93719 plmp6_8
57 0 815320 3 67.86785 plmp6_8
57 0 800859 4 64.45431 plmp6_8
57 0 182567 5 61.633213 plmp6_8
57 0 205720 6 60.477882 plmp6_8
57 0 4170683 7 59.91777 plmp6_8
57 0 117856 8 59.764183 plmp6_8
57 0 118297 9 59.644394 plmp6_8
58 0 145735 0 83.2083 plmp6_8
58 0 217702 1 63.16159 plmp6_8
58 0 108547 2 59.96278 plmp6_8
58 0 2676592 3 58.532276 plmp6_8
58 0 145800 4 58.371376 plmp6_8
58 0 112467 5 56.612404 plmp6_8
58 0 106179 6 54.688362 plmp6_8
58 0 4104822 7 53.46735 plmp6_8
58 0 110330 8 52.89649 plmp6_8
58 0 4172497 9 52.78496 plmp6_8
59 0 2788983 0 212.44072 plmp6_8
59 0 4170685 1 186.43727 plmp6_8
59 0 118037 2 163.91833 plmp6_8
59 0 145627 3 160.27791 plmp6_8
59 0 118129 4 157.24062 plmp6_8
59 0 117968 5 155.8935 plmp6_8
59 0 118040 6 153.71358 plmp6_8
59 0 1087691 7 147.5897 plmp6_8
59 0 118422 8 139.18474 plmp6_8
59 0 3205767 9 138.54956 plmp6_8
60 0 3195891 0 212.13425 plmp6_8
60 0 4170685 1 179.89948 plmp6_8
60 0 2788983 2 179.826 plmp6_8
60 0 118129 3 158.8968 plmp6_8
60 0 118334 4 155.16359 plmp6_8
60 0 931614 5 154.60052 plmp6_8
60 0 621195 6 151.87408 plmp6_8
60 0 621270 7 151.87408 plmp6_8
60 0 145627 8 151.5904 plmp6_8
60 0 130158 9 147.60007 plmp6_8
61 0 145743 0 119.18975 plmp6_8
61 0 145923 1 114.683556 plmp6_8
61 0 2812210 2 112.08514 plmp6_8
61 0 218457 3 102.02637 plmp6_8
61 0 1732 4 93.19991 plmp6_8
61 0 112854 5 90.159325 plmp6_8
61 0 3195092 6 88.92097 plmp6_8
61 0 145815 7 88.6072 plmp6_8
61 0 219815 8 82.11123 plmp6_8
61 0 218132 9 79.5619 plmp6_8
62 0 2812210 0 53.821594 plmp6_8
62 0 110661 1 43.031425 plmp6_8
62 0 118299 2 42.171856 plmp6_8
62 0 110926 3 41.873665 plmp6_8
62 0 117875 4 41.663162 plmp6_8
62 0 110091 5 40.171825 plmp6_8
62 0 107147 6 39.905136 plmp6_8
62 0 118098 7 39.90339 plmp6_8
62 0 109966 8 38.80856 plmp6_8
62 0 109846 9 38.617065 plmp6_8
63 0 107685 0 47.0311 plmp6_8
63 0 149702 1 46.800343 plmp6_8
63 0 106985 2 46.680447 plmp6_8
63 0 2812589 3 44.928627 plmp6_8
63 0 2959749 4 44.928627 plmp6_8
63 0 104521 5 43.39832 plmp6_8
63 0 107014 6 42.946976 plmp6_8
63 0 105525 7 42.681416 plmp6_8
63 0 108538 8 42.434437 plmp6_8
63 0 111250 9 42.382324 plmp6_8
64 0 3205768 0 60.019035 plmp6_8
64 0 2758568 1 58.709003 plmp6_8
64 0 3205767 2 58.672 plmp6_8
64 0 2809766 3 57.726906 plmp6_8
64 0 2811849 4 57.726906 plmp6_8
64 0 3207860 5 52.03634 plmp6_8
64 0 110645 6 51.83152 plmp6_8
64 0 4151827 7 51.571045 plmp6_8
64 0 145895 8 50.88085 plmp6_8
64 0 3205736 9 50.579254 plmp6_8
65 0 118123 0 139.34665 plmp6_8
65 0 110645 1 82.87709 plmp6_8
65 0 150540 2 77.65102 plmp6_8
65 0 3211501 3 75.345566 plmp6_8
65 0 4151825 4 71.81081 plmp6_8
65 0 1745 5 70.84831 plmp6_8
65 0 4102799 6 69.73173 plmp6_8
65 0 4089982 7 69.07903 plmp6_8
65 0 3199502 8 68.76776 plmp6_8
65 0 873668 9 68.27002 plmp6_8
66 0 3211501 0 135.83797 plmp6_8
66 0 145867 1 128.2133 plmp6_8
66 0 118123 2 102.23611 plmp6_8
66 0 4151827 3 98.13298 plmp6_8
66 0 3214775 4 96.46432 plmp6_8
66 0 143378 5 94.10469 plmp6_8
66 0 3213872 6 93.592926 plmp6_8
66 0 150540 7 92.797745 plmp6_8
66 0 112935 8 91.264084 plmp6_8
66 0 3212516 9 89.72574 plmp6_8
67 0 145800 0 149.57565 plmp6_8
67 0 867645 1 137.3578 plmp6_8
67 0 103675 2 89.62572 plmp6_8
67 0 106757 3 75.84307 plmp6_8
67 0 104522 4 69.26696 plmp6_8
67 0 103678 5 66.04632 plmp6_8
67 0 107938 6 65.17959 plmp6_8
67 0 110330 7 62.07539 plmp6_8
67 0 103721 8 60.217113 plmp6_8
67 0 108330 9 59.833477 plmp6_8
68 0 145800 0 130.06862 plmp6_8
68 0 867645 1 101.98503 plmp6_8
68 0 97893 2 74.22138 plmp6_8
68 0 94177 3 73.53561 plmp6_8
68 0 103675 4 71.05094 plmp6_8
68 0 88704 5 69.0865 plmp6_8
68 0 103093 6 66.99416 plmp6_8
68 0 88756 7 66.65222 plmp6_8
68 0 87585 8 65.51007 plmp6_8
68 0 93847 9 65.21562 plmp6_8
69 0 111709 0 85.61052 plmp6_8
69 0 182558 1 83.81295 plmp6_8
69 0 3214778 2 82.6947 plmp6_8
69 0 117859 3 81.39941 plmp6_8
69 0 110068 4 80.01336 plmp6_8
69 0 866022 5 79.727066 plmp6_8
69 0 149289 6 76.697136 plmp6_8
69 0 112820 7 76.17197 plmp6_8
69 0 112534 8 75.714714 plmp6_8
69 0 3214777 9 74.8223 plmp6_8
70 0 182558 0 92.07783 plmp6_8
70 0 2676593 1 85.43036 plmp6_8
70 0 3214778 2 84.64888 plmp6_8
70 0 3214777 3 84.17588 plmp6_8
70 0 868384 4 83.73319 plmp6_8
70 0 149289 5 83.48095 plmp6_8
70 0 2790213 6 82.440834 plmp6_8
70 0 866022 7 82.05023 plmp6_8
70 0 2801433 8 80.415825 plmp6_8
70 0 802971 9 80.11007 plmp6_8
71 0 118052 0 87.20232 plmp6_8
71 0 145121 1 85.33792 plmp6_8
71 0 112914 2 83.54731 plmp6_8
71 0 112904 3 79.7753 plmp6_8
71 0 118287 4 75.412254 plmp6_8
71 0 3189783 5 75.38328 plmp6_8
71 0 118005 6 75.20075 plmp6_8
71 0 118234 7 74.00895 plmp6_8
71 0 117979 8 70.97631 plmp6_8
71 0 112823 9 69.327545 plmp6_8
72 0 118052 0 102.919106 plmp6_8
72 0 112904 1 91.75398 plmp6_8
72 0 145121 2 88.06083 plmp6_8
72 0 112914 3 87.10005 plmp6_8
72 0 118005 4 85.74992 plmp6_8
72 0 118234 5 85.67273 plmp6_8
72 0 3189783 6 79.50578 plmp6_8
72 0 117979 7 75.60328 plmp6_8
72 0 118287 8 69.41822 plmp6_8
72 0 112823 9 68.48182 plmp6_8
73 0 2804674 0 42.047092 plmp6_8
73 0 110692 1 38.997803 plmp6_8
73 0 108538 2 38.897453 plmp6_8
73 0 109931 3 38.465107 plmp6_8
73 0 145624 4 38.246307 plmp6_8
73 0 110175 5 35.604588 plmp6_8
73 0 118043 6 35.09579 plmp6_8
73 0 217514 7 34.813812 plmp6_8
73 0 1087954 8 33.80584 plmp6_8
73 0 112637 9 33.10671 plmp6_8
74 0 2804674 0 70.29107 plmp6_8
74 0 107904 1 68.178185 plmp6_8
74 0 109284 2 65.82104 plmp6_8
74 0 112774 3 61.762676 plmp6_8
74 0 127908 4 55.53571 plmp6_8
74 0 2675749 5 54.803127 plmp6_8
74 0 111245 6 52.049812 plmp6_8
74 0 108616 7 50.29601 plmp6_8
74 0 110798 8 49.566452 plmp6_8
74 0 111596 9 49.08744 plmp6_8
75 0 89410 0 65.05873 plmp6_8
75 0 92916 1 64.40783 plmp6_8
75 0 110964 2 62.90612 plmp6_8
75 0 3189783 3 62.195473 plmp6_8
75 0 98058 4 61.54415 plmp6_8
75 0 89224 5 59.964054 plmp6_8
75 0 92470 6 59.84031 plmp6_8
75 0 86533 7 59.64991 plmp6_8
75 0 96318 8 59.142895 plmp6_8
75 0 802770 9 58.60949 plmp6_8
76 0 2679833 0 74.49118 plmp6_8
76 0 2680440 1 74.49118 plmp6_8
76 0 110964 2 74.242 plmp6_8
76 0 145861 3 69.24121 plmp6_8
76 0 108900 4 67.67731 plmp6_8
76 0 112919 5 66.68692 plmp6_8
76 0 111945 6 65.52707 plmp6_8
76 0 112428 7 64.27729 plmp6_8
76 0 2670966 8 63.824615 plmp6_8
76 0 117837 9 61.80667 plmp6_8
77 0 2812588 0 102.91439 plmp6_8
77 0 4151822 1 101.573166 plmp6_8
77 0 145817 2 92.261024 plmp6_8
77 0 2770446 3 90.00112 plmp6_8
77 0 112726 4 84.22141 plmp6_8
77 0 134747 5 83.23974 plmp6_8
77 0 111029 6 79.47053 plmp6_8
77 0 145647 7 75.001205 plmp6_8
77 0 111455 8 72.841705 plmp6_8
77 0 145902 9 70.22587 plmp6_8
78 0 2812588 0 39.233402 plmp6_8
78 0 616862 1 35.141567 plmp6_8
78 0 117968 2 35.091812 plmp6_8
78 0 118022 3 34.927982 plmp6_8
78 0 799976 4 34.4172 plmp6_8
78 0 111702 5 33.993748 plmp6_8
78 0 112358 6 33.951504 plmp6_8
78 0 145632 7 33.60192 plmp6_8
78 0 111092 8 33.163216 plmp6_8
78 0 118037 9 32.873352 plmp6_8
79 0 111009 0 129.08463 plmp6_8
79 0 118143 1 115.15603 plmp6_8
79 0 111470 2 109.27936 plmp6_8
79 0 110221 3 86.2019 plmp6_8
79 0 2680438 4 74.07382 plmp6_8
79 0 110183 5 63.955616 plmp6_8
79 0 118513 6 62.499607 plmp6_8
79 0 218665 7 56.660477 plmp6_8
79 0 111964 8 56.10238 plmp6_8
79 0 3171728 9 55.009636 plmp6_8
80 0 118143 0 104.38651 plmp6_8
80 0 111009 1 103.32917 plmp6_8
80 0 111470 2 101.01069 plmp6_8
80 0 145859 3 77.54505 plmp6_8
80 0 110221 4 68.21572 plmp6_8
80 0 109342 5 65.11783 plmp6_8
80 0 106328 6 64.91572 plmp6_8
80 0 150540 7 64.70344 plmp6_8
80 0 2672210 8 64.40165 plmp6_8
80 0 2654755 9 64.40165 plmp6_8
81 0 148484 0 74.97526 plmp6_8
81 0 112440 1 55.885273 plmp6_8
81 0 122253 2 51.272076 plmp6_8
81 0 118445 3 44.30361 plmp6_8
81 0 117841 4 41.51983 plmp6_8
81 0 127900 5 40.44022 plmp6_8
81 0 112616 6 39.594635 plmp6_8
81 0 112867 7 39.120335 plmp6_8
81 0 799981 8 39.02176 plmp6_8
81 0 112422 9 38.751648 plmp6_8
82 0 2803250 0 73.59562 plmp6_8
82 0 118368 1 71.84205 plmp6_8
82 0 127900 2 70.928444 plmp6_8
82 0 1726 3 70.28583 plmp6_8
82 0 216735 4 64.916374 plmp6_8
82 0 216806 5 64.916374 plmp6_8
82 0 799981 6 63.32905 plmp6_8
82 0 145865 7 61.772896 plmp6_8
82 0 145625 8 56.656555 plmp6_8
82 0 3213871 9 55.9882 plmp6_8
83 0 145859 0 100.85722 plmp6_8
83 0 112922 1 71.784004 plmp6_8
83 0 137746 2 63.254578 plmp6_8
83 0 110289 3 61.43788 plmp6_8
83 0 145870 4 61.402744 plmp6_8
83 0 109894 5 61.19087 plmp6_8
83 0 111286 6 60.26587 plmp6_8
83 0 111246 7 60.013897 plmp6_8
83 0 111194 8 59.47266 plmp6_8
83 0 111103 9 59.244263 plmp6_8
84 0 145859 0 99.29391 plmp6_8
84 0 112922 1 83.26308 plmp6_8
84 0 107293 2 72.39594 plmp6_8
84 0 800858 3 71.50498 plmp6_8
84 0 111151 4 70.24516 plmp6_8
84 0 109895 5 69.79516 plmp6_8
84 0 107980 6 67.32092 plmp6_8
84 0 109893 7 67.051414 plmp6_8
84 0 109200 8 66.541336 plmp6_8
84 0 110681 9 66.33579 plmp6_8
85 0 2959737 0 151.2467 plmp6_8
85 0 802973 1 150.52237 plmp6_8
85 0 803271 2 150.52237 plmp6_8
85 0 3177199 3 110.06221 plmp6_8
85 0 3171724 4 109.889305 plmp6_8
85 0 3177200 5 109.889305 plmp6_8
85 0 150543 6 92.55896 plmp6_8
85 0 2959732 7 92.55896 plmp6_8
85 0 146553 8 92.07211 plmp6_8
85 0 146790 9 92.07211 plmp6_8
86 0 3171724 0 96.59724 plmp6_8
86 0 3177199 1 96.59724 plmp6_8
86 0 3177200 2 96.59724 plmp6_8
86 0 3205766 3 89.698746 plmp6_8
86 0 802973 4 81.23737 plmp6_8
86 0 803271 5 81.23737 plmp6_8
86 0 2959737 6 81.23737 plmp6_8
86 0 150543 7 74.77925 plmp6_8
86 0 2959732 8 74.77925 plmp6_8
86 0 146553 9 74.23959 plmp6_8
87 0 1088038 0 33.47405 plmp6_8
87 0 110760 1 31.263857 plmp6_8
87 0 143378 2 30.07296 plmp6_8
87 0 111905 3 28.743725 plmp6_8
87 0 110372 4 28.35597 plmp6_8
87 0 111170 5 27.82711 plmp6_8
87 0 111660 6 27.801634 plmp6_8
87 0 136998 7 27.769968 plmp6_8
87 0 2812588 8 27.631304 plmp6_8
87 0 118109 9 27.373407 plmp6_8
88 0 182992 0 80.5937 plmp6_8
88 0 2654277 1 74.27011 plmp6_8
88 0 182991 2 74.153076 plmp6_8
88 0 145897 3 72.87441 plmp6_8
88 0 149653 4 71.113144 plmp6_8
88 0 111170 5 67.557816 plmp6_8
88 0 625832 6 67.11471 plmp6_8
88 0 626055 7 67.11471 plmp6_8
88 0 1756 8 66.48011 plmp6_8
88 0 112807 9 63.522552 plmp6_8
89 0 4151822 0 160.04286 plmp6_8
89 0 2770446 1 147.75932 plmp6_8
89 0 2812588 2 139.35876 plmp6_8
89 0 4162110 3 105.46915 plmp6_8
89 0 145817 4 79.914795 plmp6_8
89 0 134747 5 77.91308 plmp6_8
89 0 145647 6 74.80559 plmp6_8
89 0 145954 7 65.821526 plmp6_8
89 0 4162111 8 61.569675 plmp6_8
89 0 4106440 9 58.08412 plmp6_8
90 0 4151822 0 179.88136 plmp6_8
90 0 2812588 1 163.65213 plmp6_8
90 0 2770446 2 129.77873 plmp6_8
90 0 145626 3 113.00093 plmp6_8
90 0 130150 4 104.297386 plmp6_8
90 0 626454 5 99.71423 plmp6_8
90 0 3181025 6 98.52942 plmp6_8
90 0 4106440 7 97.92054 plmp6_8
90 0 2620698 8 96.92589 plmp6_8
90 0 118054 9 96.66852 plmp6_8
91 0 3212514 0 199.66733 plmp6_8
91 0 145785 1 81.031784 plmp6_8
91 0 145892 2 80.85204 plmp6_8
91 0 109857 3 79.600266 plmp6_8
91 0 219097 4 79.45294 plmp6_8
91 0 118507 5 76.88701 plmp6_8
91 0 110249 6 76.8271 plmp6_8
91 0 1087959 7 76.8167 plmp6_8
91 0 145782 8 76.40389 plmp6_8
91 0 145873 9 75.79491 plmp6_8
92 0 3212514 0 194.9245 plmp6_8
92 0 110249 1 105.73237 plmp6_8
92 0 1087959 2 97.105034 plmp6_8
92 0 118507 3 94.69223 plmp6_8
92 0 110213 4 80.43049 plmp6_8
92 0 145892 5 80.04795 plmp6_8
92 0 134725 6 79.338455 plmp6_8
92 0 109857 7 78.038 plmp6_8
92 0 110032 8 75.53435 plmp6_8
92 0 219097 9 75.0267 plmp6_8
93 0 145901 0 146.16983 plmp6_8
93 0 112824 1 137.98378 plmp6_8
93 0 118334 2 137.2737 plmp6_8
93 0 117874 3 136.83987 plmp6_8
93 0 130158 4 135.3007 plmp6_8
93 0 112905 5 135.14578 plmp6_8
93 0 118107 6 134.34401 plmp6_8
93 0 2788983 7 125.2517 plmp6_8
93 0 145627 8 124.62683 plmp6_8
93 0 118129 9 124.18063 plmp6_8
94 0 931614 0 155.77324 plmp6_8
94 0 145901 1 149.9959 plmp6_8
94 0 2788983 2 135.88272 plmp6_8
94 0 117874 3 133.31749 plmp6_8
94 0 4151827 4 127.547554 plmp6_8
94 0 112824 5 123.04431 plmp6_8
94 0 118129 6 121.23026 plmp6_8
94 0 112905 7 119.37889 plmp6_8
94 0 118334 8 119.13048 plmp6_8
94 0 145627 9 117.72937 plmp6_8
95 0 108555 0 75.47344 plmp6_8
95 0 105495 1 74.10368 plmp6_8
95 0 107232 2 67.79677 plmp6_8
95 0 107475 3 62.466507 plmp6_8
95 0 106171 4 58.646416 plmp6_8
95 0 103631 5 51.796078 plmp6_8
95 0 109444 6 50.25062 plmp6_8
95 0 106073 7 49.52001 plmp6_8
95 0 112750 8 44.933697 plmp6_8
95 0 104671 9 44.733994 plmp6_8
96 0 108555 0 83.71212 plmp6_8
96 0 103631 1 78.11026 plmp6_8
96 0 96542 2 61.385395 plmp6_8
96 0 92746 3 60.938725 plmp6_8
96 0 103511 4 59.532673 plmp6_8
96 0 92705 5 59.24392 plmp6_8
96 0 96341 6 59.158234 plmp6_8
96 0 93395 7 58.34251 plmp6_8
96 0 96850 8 57.966274 plmp6_8
96 0 96359 9 57.205254 plmp6_8
97 0 112101 0 89.76767 plmp6_8
97 0 111922 1 68.516884 plmp6_8
97 0 117959 2 40.366875 plmp6_8
97 0 111215 3 39.7355 plmp6_8
97 0 2795279 4 37.834236 plmp6_8
97 0 112742 5 36.592896 plmp6_8
97 0 112574 6 36.566696 plmp6_8
97 0 902770 7 36.55367 plmp6_8
97 0 2959743 8 36.549446 plmp6_8
97 0 858289 9 36.549446 plmp6_8
98 0 118467 0 25.046139 plmp6_8
98 0 145804 1 24.63591 plmp6_8
98 0 134732 2 24.610939 plmp6_8
98 0 2655591 3 23.91435 plmp6_8
98 0 2676593 4 23.870695 plmp6_8
98 0 145903 5 22.917862 plmp6_8
98 0 108783 6 22.909964 plmp6_8
98 0 118148 7 22.585825 plmp6_8
98 0 109088 8 22.579803 plmp6_8
98 0 145628 9 22.529346 plmp6_8
99 0 112267 0 100.38548 plmp6_8
99 0 111884 1 73.08748 plmp6_8
99 0 110552 2 60.644554 plmp6_8
99 0 112723 3 55.052013 plmp6_8
99 0 110578 4 50.046875 plmp6_8
99 0 109976 5 48.79861 plmp6_8
99 0 145914 6 46.21721 plmp6_8
99 0 118121 7 44.94311 plmp6_8
99 0 104759 8 44.286125 plmp6_8
99 0 111484 9 43.924564 plmp6_8
100 0 112267 0 108.23312 plmp6_8
100 0 110552 1 88.85186 plmp6_8
100 0 111884 2 78.453125 plmp6_8
100 0 102981 3 68.55918 plmp6_8
100 0 111886 4 68.17801 plmp6_8
100 0 108405 5 68.154915 plmp6_8
100 0 110098 6 66.24073 plmp6_8
100 0 104524 7 65.46841 plmp6_8
100 0 102906 8 64.75122 plmp6_8
100 0 110296 9 64.544846 plmp6_8
