1 0 3204919 0 40.81657 plmp3_1
1 0 109385 1 28.213284 plmp3_1
1 0 112750 2 27.203255 plmp3_1
1 0 111491 3 26.636703 plmp3_1
1 0 109516 4 26.189775 plmp3_1
1 0 3211503 5 25.833334 plmp3_1
1 0 118043 6 25.603535 plmp3_1
1 0 802972 7 25.347345 plmp3_1
1 0 102256 8 25.094856 plmp3_1
1 0 118105 9 24.785427 plmp3_1
2 0 104671 0 37.841217 plmp3_1
2 0 103549 1 36.686382 plmp3_1
2 0 104673 2 34.617413 plmp3_1
2 0 105116 3 34.41352 plmp3_1
2 0 105294 4 33.95492 plmp3_1
2 0 104571 5 33.59946 plmp3_1
2 0 106843 6 33.35923 plmp3_1
2 0 103644 7 29.667168 plmp3_1
2 0 104393 8 28.907953 plmp3_1
2 0 106788 9 28.440855 plmp3_1
3 0 112584 0 51.082638 plmp3_1
3 0 117907 1 49.441933 plmp3_1
3 0 145821 2 49.379135 plmp3_1
3 0 111091 3 48.72014 plmp3_1
3 0 215496 4 48.3352 plmp3_1
3 0 215694 5 48.3352 plmp3_1
3 0 2959735 6 48.33416 plmp3_1
3 0 118415 7 47.55549 plmp3_1
3 0 3162143 8 47.437233 plmp3_1
3 0 78783 9 47.23694 plmp3_1
4 0 215694 0 102.86501 plmp3_1
4 0 2959735 1 102.86293 plmp3_1
4 0 215496 2 102.846436 plmp3_1
4 0 3162143 3 95.69547 plmp3_1
4 0 623142 4 89.92529 plmp3_1
4 0 149007 5 89.79438 plmp3_1
4 0 903973 6 82.94102 plmp3_1
4 0 78783 7 79.34839 plmp3_1
4 0 812450 8 74.26262 plmp3_1
4 0 899484 9 73.63367 plmp3_1
5 0 1740 0 31.579588 plmp3_1
5 0 131163 1 30.820679 plmp3_1
5 0 109285 2 30.208923 plmp3_1
5 0 118329 3 29.541695 plmp3_1
5 0 3197746 4 29.492561 plmp3_1
5 0 112699 5 29.177864 plmp3_1
5 0 110831 6 28.563679 plmp3_1
5 0 112888 7 28.48913 plmp3_1
5 0 3206414 8 28.412956 plmp3_1
5 0 145722 9 28.410202 plmp3_1
6 0 110056 0 42.89644 plmp3_1
6 0 110654 1 38.556335 plmp3_1
6 0 183480 2 34.09275 plmp3_1
6 0 2808290 3 29.0349 plmp3_1
6 0 2801435 4 27.921555 plmp3_1
6 0 111258 5 27.23935 plmp3_1
6 0 3203656 6 27.12763 plmp3_1
6 0 3206414 7 27.12763 plmp3_1
6 0 110520 8 26.388063 plmp3_1
6 0 3214776 9 26.202366 plmp3_1
7 0 147531 0 29.949677 plmp3_1
7 0 2672535 1 28.699032 plmp3_1
7 0 3195892 2 25.03081 plmp3_1
7 0 110932 3 25.010155 plmp3_1
7 0 145715 4 23.656633 plmp3_1
7 0 3158927 5 23.61403 plmp3_1
7 0 134749 6 23.43744 plmp3_1
7 0 2675751 7 23.40103 plmp3_1
7 0 145868 8 23.179747 plmp3_1
7 0 147530 9 23.133331 plmp3_1
8 0 112174 0 59.072334 plmp3_1
8 0 145715 1 54.94792 plmp3_1
8 0 110932 2 54.86181 plmp3_1
8 0 145868 3 54.5215 plmp3_1
8 0 2678467 4 53.0794 plmp3_1
8 0 2679202 5 53.0794 plmp3_1
8 0 2959746 6 53.0794 plmp3_1
8 0 112834 7 49.90011 plmp3_1
8 0 134749 8 48.78233 plmp3_1
8 0 147531 9 45.94414 plmp3_1
9 0 118212 0 62.2247 plmp3_1
9 0 2675751 1 61.635433 plmp3_1
9 0 109720 2 61.621098 plmp3_1
9 0 118423 3 60.443718 plmp3_1
9 0 118011 4 55.83341 plmp3_1
9 0 112641 5 55.619102 plmp3_1
9 0 118317 6 55.031635 plmp3_1
9 0 118454 7 53.246964 plmp3_1
9 0 111828 8 52.801586 plmp3_1
9 0 127923 9 52.662518 plmp3_1
10 0 147531 0 62.27478 plmp3_1
10 0 112423 1 58.723465 plmp3_1
10 0 111500 2 56.106743 plmp3_1
10 0 145713 3 54.332527 plmp3_1
10 0 112094 4 53.795628 plmp3_1
10 0 112931 5 53.24888 plmp3_1
10 0 112318 6 52.519352 plmp3_1
10 0 110923 7 51.08388 plmp3_1
10 0 214949 8 51.07279 plmp3_1
10 0 215071 9 51.07279 plmp3_1
11 0 217512 0 26.871601 plmp3_1
11 0 108197 1 26.54896 plmp3_1
11 0 2672535 2 26.40068 plmp3_1
11 0 3183080 3 26.104183 plmp3_1
11 0 107140 4 26.057365 plmp3_1
11 0 146982 5 25.957008 plmp3_1
11 0 127930 6 25.86038 plmp3_1
11 0 180494 7 25.83872 plmp3_1
11 0 112884 8 25.778908 plmp3_1
11 0 111187 9 25.762714 plmp3_1
12 0 2672535 0 31.51905 plmp3_1
12 0 112024 1 31.178665 plmp3_1
12 0 2752078 2 29.3775 plmp3_1
12 0 3207860 3 27.580809 plmp3_1
12 0 108573 4 27.478851 plmp3_1
12 0 109469 5 27.159422 plmp3_1
12 0 110503 6 27.158863 plmp3_1
12 0 108066 7 27.119282 plmp3_1
12 0 110514 8 26.988014 plmp3_1
12 0 111576 9 26.95615 plmp3_1
13 0 2642828 0 36.703358 plmp3_1
13 0 802973 1 28.865786 plmp3_1
13 0 803271 2 28.865786 plmp3_1
13 0 2959737 3 28.865786 plmp3_1
13 0 802770 4 28.674833 plmp3_1
13 0 1749 5 28.536036 plmp3_1
13 0 3168776 6 28.042019 plmp3_1
13 0 2959730 7 27.63469 plmp3_1
13 0 3171724 8 26.91021 plmp3_1
13 0 3177199 9 26.91021 plmp3_1
14 0 145931 0 27.184006 plmp3_1
14 0 2742710 1 22.458752 plmp3_1
14 0 145974 2 22.404718 plmp3_1
14 0 4162111 3 21.555624 plmp3_1
14 0 145967 4 20.725096 plmp3_1
14 0 145958 5 20.43609 plmp3_1
14 0 2812588 6 19.026329 plmp3_1
14 0 108730 7 18.77769 plmp3_1
14 0 3207858 8 18.585056 plmp3_1
14 0 2641100 9 18.453024 plmp3_1
15 0 2812588 0 74.484795 plmp3_1
15 0 4151822 1 62.106018 plmp3_1
15 0 4171965 2 53.95636 plmp3_1
15 0 2770446 3 49.512177 plmp3_1
15 0 4106440 4 36.55114 plmp3_1
15 0 2806207 5 35.076714 plmp3_1
15 0 2812587 6 34.115845 plmp3_1
15 0 2959748 7 34.115845 plmp3_1
15 0 2809767 8 32.77027 plmp3_1
15 0 2811850 9 32.77027 plmp3_1
16 0 4171965 0 37.524155 plmp3_1
16 0 4151822 1 35.28692 plmp3_1
16 0 4151817 2 30.093307 plmp3_1
16 0 2770446 3 28.129002 plmp3_1
16 0 4162111 4 27.754477 plmp3_1
16 0 2812588 5 27.402658 plmp3_1
16 0 4154603 6 27.2776 plmp3_1
16 0 4157405 7 26.971628 plmp3_1
16 0 130156 8 26.56271 plmp3_1
16 0 4157382 9 26.264957 plmp3_1
17 0 148484 0 28.395107 plmp3_1
17 0 110743 1 22.825119 plmp3_1
17 0 112428 2 22.181656 plmp3_1
17 0 111070 3 22.132713 plmp3_1
17 0 111313 4 21.956902 plmp3_1
17 0 118169 5 21.63937 plmp3_1
17 0 104306 6 21.340166 plmp3_1
17 0 118007 7 21.215187 plmp3_1
17 0 110655 8 20.949543 plmp3_1
17 0 111427 9 20.929943 plmp3_1
18 0 205712 0 48.92139 plmp3_1
18 0 620566 1 42.538517 plmp3_1
18 0 131156 2 41.247646 plmp3_1
18 0 148484 3 41.00626 plmp3_1
18 0 112337 4 40.458874 plmp3_1
18 0 1753 5 40.05682 plmp3_1
18 0 145119 6 39.981117 plmp3_1
18 0 112128 7 39.823643 plmp3_1
18 0 145635 8 39.632805 plmp3_1
18 0 145663 9 39.13767 plmp3_1
19 0 2654533 0 74.795845 plmp3_1
19 0 2654756 1 74.795845 plmp3_1
19 0 206098 2 46.960514 plmp3_1
19 0 219509 3 45.305416 plmp3_1
19 0 4151826 4 44.15142 plmp3_1
19 0 112775 5 42.503853 plmp3_1
19 0 4172500 6 41.1912 plmp3_1
19 0 872994 7 41.11232 plmp3_1
19 0 903973 8 40.981133 plmp3_1
19 0 145860 9 40.635426 plmp3_1
20 0 2654533 0 74.795845 plmp3_1
20 0 2654756 1 74.795845 plmp3_1
20 0 206098 2 46.960514 plmp3_1
20 0 219509 3 45.305416 plmp3_1
20 0 4151826 4 44.15142 plmp3_1
20 0 112775 5 42.503853 plmp3_1
20 0 4172500 6 41.1912 plmp3_1
20 0 872994 7 41.11232 plmp3_1
20 0 903973 8 40.981133 plmp3_1
20 0 145860 9 40.635426 plmp3_1
21 0 873660 0 58.611294 plmp3_1
21 0 117890 1 48.238113 plmp3_1
21 0 2659300 2 46.6955 plmp3_1
21 0 867657 3 43.53285 plmp3_1
21 0 118119 4 42.18845 plmp3_1
21 0 112799 5 41.87901 plmp3_1
21 0 118081 6 40.070442 plmp3_1
21 0 112846 7 39.555202 plmp3_1
21 0 111858 8 38.71397 plmp3_1
21 0 112512 9 38.337387 plmp3_1
22 0 2659300 0 78.79927 plmp3_1
22 0 117890 1 69.36262 plmp3_1
22 0 867657 2 61.36863 plmp3_1
22 0 112799 3 56.145844 plmp3_1
22 0 118081 4 52.494312 plmp3_1
22 0 112846 5 48.97934 plmp3_1
22 0 145829 6 47.6074 plmp3_1
22 0 112777 7 47.358585 plmp3_1
22 0 118010 8 47.35443 plmp3_1
22 0 118416 9 47.33664 plmp3_1
23 0 1738 0 51.220104 plmp3_1
23 0 2810525 1 47.558197 plmp3_1
23 0 2811847 2 47.558197 plmp3_1
23 0 118449 3 46.88273 plmp3_1
23 0 112257 4 41.514088 plmp3_1
23 0 118180 5 39.92489 plmp3_1
23 0 2801435 6 38.953 plmp3_1
23 0 4151832 7 36.08891 plmp3_1
23 0 110916 8 35.799088 plmp3_1
23 0 2675750 9 35.051117 plmp3_1
24 0 1738 0 24.555653 plmp3_1
24 0 145778 1 17.109228 plmp3_1
24 0 109265 2 14.467255 plmp3_1
24 0 112872 3 14.164376 plmp3_1
24 0 145866 4 13.759307 plmp3_1
24 0 85289 5 13.719417 plmp3_1
24 0 110916 6 13.667492 plmp3_1
24 0 146982 7 12.465149 plmp3_1
24 0 2678133 8 12.241681 plmp3_1
24 0 91886 9 12.114719 plmp3_1
25 0 112616 0 56.99149 plmp3_1
25 0 2655499 1 41.462585 plmp3_1
25 0 821305 2 32.91281 plmp3_1
25 0 2621067 3 30.324888 plmp3_1
25 0 117845 4 28.53978 plmp3_1
25 0 118021 5 27.908674 plmp3_1
25 0 4104821 6 25.392056 plmp3_1
25 0 3211503 7 23.18446 plmp3_1
25 0 145802 8 23.02025 plmp3_1
25 0 108792 9 22.867182 plmp3_1
26 0 112616 0 57.85134 plmp3_1
26 0 117872 1 51.661716 plmp3_1
26 0 112700 2 50.122242 plmp3_1
26 0 145758 3 49.59351 plmp3_1
26 0 118026 4 49.097954 plmp3_1
26 0 112457 5 48.4074 plmp3_1
26 0 112539 6 47.82652 plmp3_1
26 0 109989 7 47.560875 plmp3_1
26 0 1087946 8 47.39975 plmp3_1
26 0 112724 9 46.794765 plmp3_1
27 0 4157382 0 73.819695 plmp3_1
27 0 4157405 1 73.819695 plmp3_1
27 0 111141 2 48.62034 plmp3_1
27 0 112346 3 47.918568 plmp3_1
27 0 217703 4 41.337986 plmp3_1
27 0 2679557 5 40.861214 plmp3_1
27 0 112523 6 38.598396 plmp3_1
27 0 112792 7 38.484535 plmp3_1
27 0 110384 8 34.39752 plmp3_1
27 0 111217 9 34.19214 plmp3_1
28 0 4157382 0 69.93808 plmp3_1
28 0 4157405 1 69.93808 plmp3_1
28 0 112346 2 55.346992 plmp3_1
28 0 111141 3 39.062187 plmp3_1
28 0 104005 4 30.871609 plmp3_1
28 0 1730 5 30.832201 plmp3_1
28 0 145673 6 30.737253 plmp3_1
28 0 112523 7 30.08622 plmp3_1
28 0 109101 8 29.563808 plmp3_1
28 0 110060 9 29.497824 plmp3_1
29 0 112080 0 20.815393 plmp3_1
29 0 118400 1 20.754217 plmp3_1
29 0 108717 2 20.461523 plmp3_1
29 0 109622 3 20.429745 plmp3_1
29 0 111978 4 20.265984 plmp3_1
29 0 109922 5 20.19867 plmp3_1
29 0 111660 6 20.089863 plmp3_1
29 0 118045 7 19.915071 plmp3_1
29 0 111869 8 19.643076 plmp3_1
29 0 145973 9 19.421616 plmp3_1
30 0 205788 0 66.61164 plmp3_1
30 0 2642828 1 54.345905 plmp3_1
30 0 218921 2 53.138657 plmp3_1
30 0 148795 3 49.946266 plmp3_1
30 0 899483 4 48.961113 plmp3_1
30 0 802770 5 48.441998 plmp3_1
30 0 4151826 6 47.44999 plmp3_1
30 0 179213 7 46.90021 plmp3_1
30 0 626206 8 46.61308 plmp3_1
30 0 145841 9 43.78512 plmp3_1
31 0 118023 0 48.1356 plmp3_1
31 0 2795279 1 43.31803 plmp3_1
31 0 117924 2 41.526627 plmp3_1
31 0 118458 3 41.488407 plmp3_1
31 0 110015 4 40.99023 plmp3_1
31 0 109450 5 40.596615 plmp3_1
31 0 109006 6 39.927082 plmp3_1
31 0 118455 7 39.53571 plmp3_1
31 0 109727 8 38.851387 plmp3_1
31 0 112356 9 38.60292 plmp3_1
32 0 112329 0 43.57507 plmp3_1
32 0 112850 1 43.033722 plmp3_1
32 0 125839 2 42.873257 plmp3_1
32 0 145710 3 40.342274 plmp3_1
32 0 112090 4 39.557724 plmp3_1
32 0 1728 5 38.807346 plmp3_1
32 0 111434 6 38.119186 plmp3_1
32 0 117853 7 37.24824 plmp3_1
32 0 118455 8 36.01567 plmp3_1
32 0 112447 9 35.584236 plmp3_1
33 0 2676594 0 38.21103 plmp3_1
33 0 2675753 1 37.26899 plmp3_1
33 0 2679204 2 37.26899 plmp3_1
33 0 2809767 3 36.190903 plmp3_1
33 0 2811850 4 36.190903 plmp3_1
33 0 145870 5 35.654213 plmp3_1
33 0 3162142 6 29.83558 plmp3_1
33 0 112325 7 29.777569 plmp3_1
33 0 105075 8 28.770329 plmp3_1
33 0 137727 9 28.519766 plmp3_1
34 0 2676594 0 128.58661 plmp3_1
34 0 2675753 1 127.361626 plmp3_1
34 0 2679204 2 127.361626 plmp3_1
34 0 2809767 3 102.00289 plmp3_1
34 0 2811850 4 102.00289 plmp3_1
34 0 136994 5 55.496914 plmp3_1
34 0 121158 6 55.21698 plmp3_1
34 0 137727 7 54.70549 plmp3_1
34 0 3216389 8 51.568928 plmp3_1
34 0 112325 9 50.107605 plmp3_1
35 0 2654532 0 21.773987 plmp3_1
35 0 821306 1 21.144337 plmp3_1
35 0 2801434 2 21.078255 plmp3_1
35 0 3214778 3 20.044933 plmp3_1
35 0 110101 4 19.962925 plmp3_1
35 0 109586 5 19.592234 plmp3_1
35 0 625833 6 19.489866 plmp3_1
35 0 213843 7 19.407118 plmp3_1
35 0 214063 8 19.407118 plmp3_1
35 0 214467 9 19.407118 plmp3_1
36 0 118319 0 32.452435 plmp3_1
36 0 118070 1 32.143425 plmp3_1
36 0 779833 2 31.937914 plmp3_1
36 0 798511 3 31.937914 plmp3_1
36 0 3170730 4 31.28372 plmp3_1
36 0 3177197 5 31.28372 plmp3_1
36 0 118142 6 30.69778 plmp3_1
36 0 3168777 7 30.371054 plmp3_1
36 0 145661 8 29.643326 plmp3_1
36 0 112476 9 28.919722 plmp3_1
37 0 4151829 0 33.117195 plmp3_1
37 0 107652 1 29.625416 plmp3_1
37 0 145629 2 28.962204 plmp3_1
37 0 118269 3 28.132544 plmp3_1
37 0 145731 4 26.720617 plmp3_1
37 0 145855 5 26.661776 plmp3_1
37 0 111982 6 26.52189 plmp3_1
37 0 112910 7 25.212505 plmp3_1
37 0 110137 8 24.819782 plmp3_1
37 0 110742 9 24.790823 plmp3_1
38 0 145855 0 64.48009 plmp3_1
38 0 145731 1 63.68433 plmp3_1
38 0 4151829 2 58.198696 plmp3_1
38 0 118269 3 45.666996 plmp3_1
38 0 1993216 4 42.124123 plmp3_1
38 0 111982 5 39.804474 plmp3_1
38 0 112292 6 38.295532 plmp3_1
38 0 111420 7 38.005276 plmp3_1
38 0 110774 8 36.5281 plmp3_1
38 0 111261 9 35.598198 plmp3_1
39 0 112568 0 51.252354 plmp3_1
39 0 112420 1 45.654305 plmp3_1
39 0 118457 2 41.81904 plmp3_1
39 0 130141 3 38.442955 plmp3_1
39 0 111432 4 37.68822 plmp3_1
39 0 112855 5 36.798145 plmp3_1
39 0 108442 6 36.12843 plmp3_1
39 0 2959744 7 34.48511 plmp3_1
39 0 855518 8 34.48511 plmp3_1
39 0 118192 9 34.03125 plmp3_1
40 0 145905 0 45.004883 plmp3_1
40 0 105200 1 43.98366 plmp3_1
40 0 1731 2 43.5239 plmp3_1
40 0 621044 3 42.219288 plmp3_1
40 0 621090 4 42.219288 plmp3_1
40 0 2959739 5 42.219288 plmp3_1
40 0 2674861 6 41.12235 plmp3_1
40 0 2675754 7 41.12235 plmp3_1
40 0 91083 8 39.980465 plmp3_1
40 0 2672535 9 39.969864 plmp3_1
41 0 112924 0 51.610577 plmp3_1
41 0 145756 1 41.006645 plmp3_1
41 0 2810525 2 38.651993 plmp3_1
41 0 2811847 3 38.651993 plmp3_1
41 0 109186 4 36.32689 plmp3_1
41 0 2654533 5 36.21644 plmp3_1
41 0 2654756 6 36.21644 plmp3_1
41 0 112585 7 35.523197 plmp3_1
41 0 111198 8 35.500484 plmp3_1
41 0 109196 9 33.991573 plmp3_1
42 0 2654533 0 46.922585 plmp3_1
42 0 2654756 1 46.922585 plmp3_1
42 0 112585 2 45.381023 plmp3_1
42 0 109186 3 45.251484 plmp3_1
42 0 111198 4 40.19128 plmp3_1
42 0 110132 5 37.963745 plmp3_1
42 0 111891 6 37.75427 plmp3_1
42 0 112924 7 37.75402 plmp3_1
42 0 117833 8 35.827568 plmp3_1
42 0 110660 9 35.547855 plmp3_1
43 0 101906 0 37.254333 plmp3_1
43 0 112305 1 35.6542 plmp3_1
43 0 2680590 2 34.052586 plmp3_1
43 0 2959745 3 34.052586 plmp3_1
43 0 112920 4 33.180435 plmp3_1
43 0 121170 5 31.394987 plmp3_1
43 0 95854 6 30.15956 plmp3_1
43 0 99904 7 30.152401 plmp3_1
43 0 85450 8 28.093267 plmp3_1
43 0 104999 9 27.938858 plmp3_1
44 0 183480 0 15.76622 plmp3_1
44 0 135284 1 13.729057 plmp3_1
44 0 92563 2 13.148494 plmp3_1
44 0 99616 3 13.079235 plmp3_1
44 0 91444 4 13.056753 plmp3_1
44 0 92375 5 12.670679 plmp3_1
44 0 109785 6 12.202106 plmp3_1
44 0 93877 7 11.801191 plmp3_1
44 0 145712 8 11.712006 plmp3_1
44 0 145064 9 11.551667 plmp3_1
45 0 3181481 0 63.377872 plmp3_1
45 0 3204917 1 62.463352 plmp3_1
45 0 623145 2 52.1973 plmp3_1
45 0 800568 3 51.98072 plmp3_1
45 0 2804673 4 51.943428 plmp3_1
45 0 145861 5 51.50398 plmp3_1
45 0 3205766 6 50.696217 plmp3_1
45 0 150542 7 49.61706 plmp3_1
45 0 866024 8 49.33128 plmp3_1
45 0 858802 9 49.33128 plmp3_1
46 0 866024 0 145.03168 plmp3_1
46 0 858802 1 145.02136 plmp3_1
46 0 3204917 2 96.51228 plmp3_1
46 0 2804673 3 90.28282 plmp3_1
46 0 150542 4 88.591995 plmp3_1
46 0 623145 5 87.868126 plmp3_1
46 0 145861 6 80.97345 plmp3_1
46 0 145764 7 74.730835 plmp3_1
46 0 618680 8 73.909355 plmp3_1
46 0 903971 9 73.67281 plmp3_1
47 0 2674861 0 54.215065 plmp3_1
47 0 2675754 1 54.215065 plmp3_1
47 0 4164893 2 33.64119 plmp3_1
47 0 4151822 3 31.614273 plmp3_1
47 0 3170730 4 31.44 plmp3_1
47 0 3177197 5 31.44 plmp3_1
47 0 4172500 6 30.610235 plmp3_1
47 0 216735 7 30.247522 plmp3_1
47 0 216806 8 30.247522 plmp3_1
47 0 2803251 9 30.244946 plmp3_1
48 0 2674861 0 65.862526 plmp3_1
48 0 2675754 1 65.862526 plmp3_1
48 0 96147 2 34.413982 plmp3_1
48 0 96612 3 32.69797 plmp3_1
48 0 142882 4 31.917892 plmp3_1
48 0 92421 5 31.43533 plmp3_1
48 0 111362 6 31.266891 plmp3_1
48 0 103019 7 30.45475 plmp3_1
48 0 112867 8 30.349163 plmp3_1
48 0 101604 9 29.721981 plmp3_1
49 0 2810525 0 47.77907 plmp3_1
49 0 2811847 1 47.77907 plmp3_1
49 0 4162535 2 25.028824 plmp3_1
49 0 2809764 3 22.323904 plmp3_1
49 0 2812210 4 20.507536 plmp3_1
49 0 2809767 5 20.3777 plmp3_1
49 0 2811850 6 20.3777 plmp3_1
49 0 2810524 7 19.466915 plmp3_1
49 0 2811846 8 19.466915 plmp3_1
49 0 2810527 9 18.477652 plmp3_1
50 0 3153112 0 49.920086 plmp3_1
50 0 4162535 1 49.541935 plmp3_1
50 0 2789928 2 34.17539 plmp3_1
50 0 2812210 3 32.489918 plmp3_1
50 0 3216391 4 32.196922 plmp3_1
50 0 4151826 5 32.176502 plmp3_1
50 0 2809767 6 31.9639 plmp3_1
50 0 2811850 7 31.9639 plmp3_1
50 0 2803251 8 31.954838 plmp3_1
50 0 2801435 9 31.520967 plmp3_1
51 0 134741 0 30.717592 plmp3_1
51 0 112770 1 30.259453 plmp3_1
51 0 4172500 2 29.875467 plmp3_1
51 0 149006 3 28.9124 plmp3_1
51 0 105869 4 28.700935 plmp3_1
51 0 112931 5 28.66506 plmp3_1
51 0 111908 6 27.759438 plmp3_1
51 0 106986 7 27.224136 plmp3_1
51 0 145872 8 27.196358 plmp3_1
51 0 106721 9 27.001984 plmp3_1
52 0 112931 0 21.878511 plmp3_1
52 0 112770 1 21.861801 plmp3_1
52 0 112005 2 21.268723 plmp3_1
52 0 105869 3 21.071188 plmp3_1
52 0 134741 4 20.038506 plmp3_1
52 0 100134 5 19.918335 plmp3_1
52 0 111908 6 19.683552 plmp3_1
52 0 103302 7 19.642971 plmp3_1
52 0 854177 8 19.48736 plmp3_1
52 0 112243 9 19.182388 plmp3_1
53 0 145792 0 42.95581 plmp3_1
53 0 799985 1 39.352642 plmp3_1
53 0 112677 2 35.946808 plmp3_1
53 0 108879 3 35.499756 plmp3_1
53 0 2808291 4 35.232407 plmp3_1
53 0 1744 5 34.922264 plmp3_1
53 0 145647 6 34.63954 plmp3_1
53 0 118262 7 32.583286 plmp3_1
53 0 110419 8 32.0513 plmp3_1
53 0 110153 9 31.980227 plmp3_1
54 0 872994 0 49.765244 plmp3_1
54 0 616862 1 48.765965 plmp3_1
54 0 811778 2 44.338688 plmp3_1
54 0 145792 3 42.85298 plmp3_1
54 0 811777 4 42.48127 plmp3_1
54 0 112677 5 41.043427 plmp3_1
54 0 2808291 6 40.91073 plmp3_1
54 0 1744 7 40.768974 plmp3_1
54 0 118262 8 37.540348 plmp3_1
54 0 108879 9 37.20856 plmp3_1
55 0 4154603 0 80.12522 plmp3_1
55 0 145855 1 53.93404 plmp3_1
55 0 145731 2 53.3713 plmp3_1
55 0 145629 3 40.942966 plmp3_1
55 0 112910 4 35.20721 plmp3_1
55 0 118269 5 34.36204 plmp3_1
55 0 111261 6 33.384247 plmp3_1
55 0 110774 7 31.528229 plmp3_1
55 0 2676594 8 31.15159 plmp3_1
55 0 2675753 9 30.287941 plmp3_1
56 0 4154603 0 111.40121 plmp3_1
56 0 145731 1 72.262215 plmp3_1
56 0 112910 2 64.81425 plmp3_1
56 0 118269 3 62.782738 plmp3_1
56 0 145629 4 54.070477 plmp3_1
56 0 145855 5 52.317024 plmp3_1
56 0 110774 6 49.38771 plmp3_1
56 0 111261 7 48.712368 plmp3_1
56 0 1993216 8 47.11059 plmp3_1
56 0 111420 9 40.844357 plmp3_1
57 0 117856 0 33.72457 plmp3_1
57 0 800859 1 33.099487 plmp3_1
57 0 802408 2 32.82444 plmp3_1
57 0 118470 3 29.955503 plmp3_1
57 0 867644 4 29.569538 plmp3_1
57 0 117831 5 29.305542 plmp3_1
57 0 800569 6 28.425138 plmp3_1
57 0 145815 7 28.386377 plmp3_1
57 0 118089 8 27.897049 plmp3_1
57 0 2803250 9 27.775276 plmp3_1
58 0 145735 0 51.542583 plmp3_1
58 0 145800 1 41.04828 plmp3_1
58 0 112467 2 38.4731 plmp3_1
58 0 106179 3 37.977516 plmp3_1
58 0 2676592 4 37.623104 plmp3_1
58 0 217702 5 37.087852 plmp3_1
58 0 106848 6 36.275017 plmp3_1
58 0 4172497 7 35.472324 plmp3_1
58 0 108547 8 35.327133 plmp3_1
58 0 110330 9 34.738476 plmp3_1
59 0 2788983 0 115.29961 plmp3_1
59 0 4170685 1 109.60078 plmp3_1
59 0 145627 2 90.724365 plmp3_1
59 0 117968 3 90.33195 plmp3_1
59 0 118037 4 90.0931 plmp3_1
59 0 118129 5 86.80261 plmp3_1
59 0 118422 6 85.86413 plmp3_1
59 0 3205767 7 85.46233 plmp3_1
59 0 118040 8 84.660866 plmp3_1
59 0 134735 9 83.78837 plmp3_1
60 0 118334 0 110.07405 plmp3_1
60 0 3195891 1 107.54255 plmp3_1
60 0 118107 2 101.40417 plmp3_1
60 0 2788983 3 99.46434 plmp3_1
60 0 130158 4 99.2063 plmp3_1
60 0 621195 5 96.82991 plmp3_1
60 0 621270 6 96.82991 plmp3_1
60 0 4170685 7 96.18585 plmp3_1
60 0 118129 8 95.51755 plmp3_1
60 0 117968 9 91.5046 plmp3_1
61 0 2812210 0 56.133907 plmp3_1
61 0 145743 1 55.24518 plmp3_1
61 0 218457 2 48.831963 plmp3_1
61 0 145923 3 48.46689 plmp3_1
61 0 112854 4 48.259537 plmp3_1
61 0 205788 5 46.133934 plmp3_1
61 0 3195092 6 45.63249 plmp3_1
61 0 219815 7 44.079704 plmp3_1
61 0 148795 8 43.56829 plmp3_1
61 0 899483 9 43.351345 plmp3_1
62 0 779833 0 25.929222 plmp3_1
62 0 798511 1 25.929222 plmp3_1
62 0 2155 2 24.006535 plmp3_1
62 0 145876 3 23.82625 plmp3_1
62 0 2812210 4 23.076586 plmp3_1
62 0 2781925 5 21.459654 plmp3_1
62 0 112794 6 21.152397 plmp3_1
62 0 3171723 7 20.95721 plmp3_1
62 0 145122 8 20.612299 plmp3_1
62 0 110428 9 20.602222 plmp3_1
63 0 112394 0 21.225374 plmp3_1
63 0 109964 1 19.524559 plmp3_1
63 0 145936 2 19.325161 plmp3_1
63 0 108968 3 19.241566 plmp3_1
63 0 108173 4 19.054249 plmp3_1
63 0 117921 5 19.033337 plmp3_1
63 0 104870 6 18.990675 plmp3_1
63 0 2812589 7 18.801502 plmp3_1
63 0 2959749 8 18.801502 plmp3_1
63 0 109124 9 18.428186 plmp3_1
64 0 2758568 0 43.924538 plmp3_1
64 0 821189 1 38.524467 plmp3_1
64 0 145895 2 35.58217 plmp3_1
64 0 110645 3 35.338394 plmp3_1
64 0 111660 4 31.284943 plmp3_1
64 0 102061 5 30.768503 plmp3_1
64 0 105359 6 30.767294 plmp3_1
64 0 106391 7 30.470963 plmp3_1
64 0 110463 8 30.46265 plmp3_1
64 0 2809766 9 30.416609 plmp3_1
65 0 118123 0 80.42347 plmp3_1
65 0 150540 1 48.988636 plmp3_1
65 0 1750 2 44.260418 plmp3_1
65 0 112441 3 44.007774 plmp3_1
65 0 873668 4 43.04588 plmp3_1
65 0 110645 5 42.704773 plmp3_1
65 0 1745 6 42.456383 plmp3_1
65 0 149285 7 41.373436 plmp3_1
65 0 3211501 8 41.17977 plmp3_1
65 0 218667 9 41.109184 plmp3_1
66 0 145867 0 68.69221 plmp3_1
66 0 3211501 1 68.14672 plmp3_1
66 0 118123 2 56.743397 plmp3_1
66 0 143378 3 56.60301 plmp3_1
66 0 112935 4 54.40805 plmp3_1
66 0 111632 5 52.867252 plmp3_1
66 0 112106 6 49.4901 plmp3_1
66 0 218667 7 46.211372 plmp3_1
66 0 2797290 8 45.41917 plmp3_1
66 0 134921 9 45.29099 plmp3_1
67 0 145800 0 100.11891 plmp3_1
67 0 867645 1 88.15758 plmp3_1
67 0 103675 2 56.999596 plmp3_1
67 0 110330 3 45.842197 plmp3_1
67 0 106844 4 45.328102 plmp3_1
67 0 104522 5 45.11414 plmp3_1
67 0 106757 6 44.687767 plmp3_1
67 0 103678 7 42.95557 plmp3_1
67 0 106848 8 41.242363 plmp3_1
67 0 103916 9 40.749516 plmp3_1
68 0 145800 0 88.73676 plmp3_1
68 0 867645 1 64.755424 plmp3_1
68 0 97893 2 58.220352 plmp3_1
68 0 88756 3 52.33505 plmp3_1
68 0 94177 4 52.088833 plmp3_1
68 0 87585 5 51.516552 plmp3_1
68 0 88819 6 51.251583 plmp3_1
68 0 88704 7 49.15846 plmp3_1
68 0 93847 8 48.91836 plmp3_1
68 0 103093 9 48.111496 plmp3_1
69 0 112534 0 46.93473 plmp3_1
69 0 149289 1 46.305088 plmp3_1
69 0 182558 2 45.36258 plmp3_1
69 0 111709 3 45.0222 plmp3_1
69 0 118111 4 44.609966 plmp3_1
69 0 3214777 5 44.245926 plmp3_1
69 0 112565 6 43.855473 plmp3_1
69 0 112301 7 41.73826 plmp3_1
69 0 2801433 8 41.104645 plmp3_1
69 0 3214778 9 41.10435 plmp3_1
70 0 118111 0 53.867443 plmp3_1
70 0 182558 1 53.492485 plmp3_1
70 0 3214777 2 52.01383 plmp3_1
70 0 149289 3 51.85719 plmp3_1
70 0 112534 4 51.83193 plmp3_1
70 0 3214778 5 51.217026 plmp3_1
70 0 111709 6 50.738308 plmp3_1
70 0 112301 7 50.14872 plmp3_1
70 0 112565 8 49.05698 plmp3_1
70 0 2676593 9 48.079987 plmp3_1
71 0 118052 0 60.283745 plmp3_1
71 0 112904 1 57.037937 plmp3_1
71 0 112823 2 53.701374 plmp3_1
71 0 118234 3 51.90353 plmp3_1
71 0 112914 4 51.298157 plmp3_1
71 0 118005 5 49.73692 plmp3_1
71 0 111103 6 48.704487 plmp3_1
71 0 117979 7 48.496872 plmp3_1
71 0 145121 8 48.18515 plmp3_1
71 0 108303 9 46.384663 plmp3_1
72 0 118052 0 60.283745 plmp3_1
72 0 112904 1 57.037937 plmp3_1
72 0 112823 2 53.701374 plmp3_1
72 0 118234 3 51.90353 plmp3_1
72 0 112914 4 51.298157 plmp3_1
72 0 118005 5 49.73692 plmp3_1
72 0 111103 6 48.704487 plmp3_1
72 0 117979 7 48.496872 plmp3_1
72 0 145121 8 48.18515 plmp3_1
72 0 108303 9 46.384663 plmp3_1
73 0 110540 0 19.713411 plmp3_1
73 0 118162 1 17.507708 plmp3_1
73 0 145624 2 17.436108 plmp3_1
73 0 2804674 3 17.422953 plmp3_1
73 0 800858 4 16.987 plmp3_1
73 0 110175 5 16.296404 plmp3_1
73 0 118043 6 16.260628 plmp3_1
73 0 618680 7 16.239716 plmp3_1
73 0 1087954 8 16.186903 plmp3_1
73 0 106180 9 16.046505 plmp3_1
74 0 2804674 0 38.818436 plmp3_1
74 0 2675749 1 37.45851 plmp3_1
74 0 109284 2 33.46321 plmp3_1
74 0 107904 3 33.033215 plmp3_1
74 0 112774 4 29.720657 plmp3_1
74 0 803268 5 28.80579 plmp3_1
74 0 112902 6 28.257643 plmp3_1
74 0 111755 7 27.223661 plmp3_1
74 0 219511 8 27.14918 plmp3_1
74 0 219616 9 27.14918 plmp3_1
75 0 92916 0 54.847866 plmp3_1
75 0 89224 1 53.518963 plmp3_1
75 0 98058 2 52.783165 plmp3_1
75 0 89410 3 52.65274 plmp3_1
75 0 96318 4 51.95748 plmp3_1
75 0 86533 5 48.06914 plmp3_1
75 0 110964 6 44.80199 plmp3_1
75 0 92470 7 44.05986 plmp3_1
75 0 91724 8 42.209286 plmp3_1
75 0 89096 9 40.47576 plmp3_1
76 0 2679833 0 49.55815 plmp3_1
76 0 2680440 1 49.55815 plmp3_1
76 0 145652 2 41.767353 plmp3_1
76 0 95400 3 40.936268 plmp3_1
76 0 110779 4 40.190804 plmp3_1
76 0 108900 5 40.053886 plmp3_1
76 0 2670966 6 39.966393 plmp3_1
76 0 2672210 7 39.837395 plmp3_1
76 0 2654755 8 39.837395 plmp3_1
76 0 145725 9 39.28512 plmp3_1
77 0 112726 0 51.647522 plmp3_1
77 0 145817 1 49.680614 plmp3_1
77 0 4151822 2 48.10308 plmp3_1
77 0 2812588 3 47.131325 plmp3_1
77 0 111455 4 46.56221 plmp3_1
77 0 1087693 5 46.508163 plmp3_1
77 0 145647 6 45.565308 plmp3_1
77 0 134747 7 45.01747 plmp3_1
77 0 111029 8 42.993885 plmp3_1
77 0 111346 9 39.694004 plmp3_1
78 0 145632 0 22.82458 plmp3_1
78 0 2812588 1 22.370785 plmp3_1
78 0 4162111 2 20.78696 plmp3_1
78 0 110045 3 20.459623 plmp3_1
78 0 121171 4 18.792547 plmp3_1
78 0 101362 5 18.600664 plmp3_1
78 0 118100 6 18.435095 plmp3_1
78 0 117964 7 18.145714 plmp3_1
78 0 112459 8 18.10704 plmp3_1
78 0 117187 9 17.933874 plmp3_1
79 0 111009 0 79.10176 plmp3_1
79 0 111470 1 73.49439 plmp3_1
79 0 118143 2 72.31014 plmp3_1
79 0 110221 3 49.58774 plmp3_1
79 0 110183 4 38.831936 plmp3_1
79 0 118513 5 38.09462 plmp3_1
79 0 101490 6 36.459496 plmp3_1
79 0 3171728 7 35.300858 plmp3_1
79 0 87700 8 34.94316 plmp3_1
79 0 2680438 9 34.731995 plmp3_1
80 0 111009 0 72.32778 plmp3_1
80 0 111470 1 71.22048 plmp3_1
80 0 118143 2 70.98026 plmp3_1
80 0 626054 3 53.604053 plmp3_1
80 0 109342 4 50.184063 plmp3_1
80 0 106328 5 49.946213 plmp3_1
80 0 110221 6 48.99891 plmp3_1
80 0 145859 7 48.255234 plmp3_1
80 0 108426 8 46.638344 plmp3_1
80 0 108776 9 46.322178 plmp3_1
81 0 148484 0 50.9356 plmp3_1
81 0 112440 1 38.772892 plmp3_1
81 0 122253 2 31.363928 plmp3_1
81 0 117833 3 29.14761 plmp3_1
81 0 118445 4 26.112053 plmp3_1
81 0 145121 5 22.894829 plmp3_1
81 0 799981 6 22.385384 plmp3_1
81 0 145755 7 22.378677 plmp3_1
81 0 1726 8 21.918251 plmp3_1
81 0 118368 9 21.884516 plmp3_1
82 0 127900 0 54.207054 plmp3_1
82 0 118368 1 52.99064 plmp3_1
82 0 2803250 2 51.517727 plmp3_1
82 0 799981 3 51.476112 plmp3_1
82 0 145865 4 50.601036 plmp3_1
82 0 118126 5 48.930706 plmp3_1
82 0 1726 6 47.643723 plmp3_1
82 0 216735 7 43.173843 plmp3_1
82 0 216806 8 43.173843 plmp3_1
82 0 3213871 9 36.39383 plmp3_1
83 0 145859 0 49.2538 plmp3_1
83 0 110289 1 38.861034 plmp3_1
83 0 112922 2 35.763916 plmp3_1
83 0 110961 3 32.80404 plmp3_1
83 0 109894 4 31.557865 plmp3_1
83 0 2788685 5 30.690487 plmp3_1
83 0 2959751 6 30.690487 plmp3_1
83 0 112368 7 30.209402 plmp3_1
83 0 111093 8 29.67824 plmp3_1
83 0 112590 9 29.407053 plmp3_1
84 0 145859 0 57.514435 plmp3_1
84 0 110289 1 48.693115 plmp3_1
84 0 112922 2 42.371838 plmp3_1
84 0 101833 3 36.732994 plmp3_1
84 0 145870 4 36.298702 plmp3_1
84 0 111286 5 36.085247 plmp3_1
84 0 109894 6 34.804718 plmp3_1
84 0 110590 7 34.705425 plmp3_1
84 0 118073 8 34.37726 plmp3_1
84 0 112368 9 34.058907 plmp3_1
85 0 802973 0 57.72906 plmp3_1
85 0 803271 1 57.72906 plmp3_1
85 0 2959737 2 57.72906 plmp3_1
85 0 3177199 3 52.616726 plmp3_1
85 0 3171724 4 52.443825 plmp3_1
85 0 3177200 5 52.443825 plmp3_1
85 0 4151826 6 40.85359 plmp3_1
85 0 149653 7 40.680653 plmp3_1
85 0 150543 8 39.667 plmp3_1
85 0 2959732 9 39.667 plmp3_1
86 0 3205766 0 45.656864 plmp3_1
86 0 3171724 1 43.407883 plmp3_1
86 0 3177199 2 43.407883 plmp3_1
86 0 3177200 3 43.407883 plmp3_1
86 0 802973 4 37.0863 plmp3_1
86 0 803271 5 37.0863 plmp3_1
86 0 2959737 6 37.0863 plmp3_1
86 0 150543 7 27.987007 plmp3_1
86 0 2959732 8 27.987007 plmp3_1
86 0 146553 9 27.979485 plmp3_1
87 0 1088038 0 22.259754 plmp3_1
87 0 110372 1 20.712967 plmp3_1
87 0 111446 2 20.410164 plmp3_1
87 0 112689 3 19.93535 plmp3_1
87 0 110760 4 18.500002 plmp3_1
87 0 108037 5 18.379297 plmp3_1
87 0 110714 6 17.80354 plmp3_1
87 0 111364 7 17.62359 plmp3_1
87 0 3189783 8 17.47956 plmp3_1
87 0 110402 9 17.434711 plmp3_1
88 0 1756 0 35.790264 plmp3_1
88 0 182992 1 35.36653 plmp3_1
88 0 182991 2 34.732452 plmp3_1
88 0 118339 3 34.648594 plmp3_1
88 0 145897 4 34.36177 plmp3_1
88 0 1742 5 33.531483 plmp3_1
88 0 145839 6 33.12093 plmp3_1
88 0 111801 7 32.806236 plmp3_1
88 0 112807 8 32.539608 plmp3_1
88 0 111170 9 32.390324 plmp3_1
89 0 4151822 0 108.79593 plmp3_1
89 0 2770446 1 92.67821 plmp3_1
89 0 2812588 2 84.91843 plmp3_1
89 0 4162110 3 83.638245 plmp3_1
89 0 134747 4 56.769104 plmp3_1
89 0 145647 5 56.62458 plmp3_1
89 0 145817 6 55.611343 plmp3_1
89 0 4162111 7 46.531418 plmp3_1
89 0 145954 8 45.226746 plmp3_1
89 0 2804672 9 39.998207 plmp3_1
90 0 2812588 0 72.100266 plmp3_1
90 0 2770446 1 67.994576 plmp3_1
90 0 4151822 2 67.82636 plmp3_1
90 0 145626 3 61.634636 plmp3_1
90 0 118054 4 53.351936 plmp3_1
90 0 2680439 5 52.31201 plmp3_1
90 0 109921 6 52.079308 plmp3_1
90 0 109718 7 52.026993 plmp3_1
90 0 626454 8 50.89326 plmp3_1
90 0 111913 9 50.282238 plmp3_1
91 0 3212514 0 129.45697 plmp3_1
91 0 109857 1 60.61083 plmp3_1
91 0 1087959 2 56.800346 plmp3_1
91 0 118507 3 53.31551 plmp3_1
91 0 110249 4 52.82113 plmp3_1
91 0 145892 5 52.4601 plmp3_1
91 0 856791 6 50.67075 plmp3_1
91 0 134732 7 48.944233 plmp3_1
91 0 145880 8 46.180912 plmp3_1
91 0 219097 9 46.148434 plmp3_1
92 0 3212514 0 125.09726 plmp3_1
92 0 109857 1 60.61083 plmp3_1
92 0 1087959 2 56.800346 plmp3_1
92 0 118507 3 53.31551 plmp3_1
92 0 110249 4 52.82113 plmp3_1
92 0 145892 5 50.845512 plmp3_1
92 0 856791 6 50.67075 plmp3_1
92 0 134732 7 48.944233 plmp3_1
92 0 111278 8 45.829388 plmp3_1
92 0 112439 9 45.53153 plmp3_1
93 0 118334 0 72.41839 plmp3_1
93 0 118107 1 70.97733 plmp3_1
93 0 130158 2 68.20208 plmp3_1
93 0 145901 3 68.02267 plmp3_1
93 0 118129 4 67.87094 plmp3_1
93 0 117874 5 64.61155 plmp3_1
93 0 2788983 6 64.600586 plmp3_1
93 0 112824 7 62.605263 plmp3_1
93 0 145627 8 62.292862 plmp3_1
93 0 112905 9 61.981743 plmp3_1
94 0 145901 0 65.60385 plmp3_1
94 0 118129 1 65.402725 plmp3_1
94 0 2788983 2 64.065895 plmp3_1
94 0 117874 3 58.95056 plmp3_1
94 0 118334 4 57.93904 plmp3_1
94 0 130158 5 57.909492 plmp3_1
94 0 931614 6 57.576958 plmp3_1
94 0 145627 7 57.17839 plmp3_1
94 0 118107 8 56.138233 plmp3_1
94 0 117876 9 53.457317 plmp3_1
95 0 105495 0 48.728786 plmp3_1
95 0 108555 1 47.7174 plmp3_1
95 0 107232 2 45.870087 plmp3_1
95 0 106171 3 42.951717 plmp3_1
95 0 107475 4 36.98058 plmp3_1
95 0 106073 5 31.52121 plmp3_1
95 0 103631 6 31.263216 plmp3_1
95 0 109444 7 29.245707 plmp3_1
95 0 101111 8 28.039688 plmp3_1
95 0 104543 9 27.708017 plmp3_1
96 0 103631 0 41.274807 plmp3_1
96 0 92705 1 40.5698 plmp3_1
96 0 96542 2 39.76152 plmp3_1
96 0 92746 3 38.70475 plmp3_1
96 0 93395 4 37.665188 plmp3_1
96 0 96341 5 37.453117 plmp3_1
96 0 93739 6 36.336975 plmp3_1
96 0 96359 7 35.71758 plmp3_1
96 0 108555 8 34.996433 plmp3_1
96 0 96850 9 34.912796 plmp3_1
97 0 112101 0 59.9549 plmp3_1
97 0 111922 1 46.206024 plmp3_1
97 0 820748 2 27.883574 plmp3_1
97 0 2655597 3 27.77659 plmp3_1
97 0 117959 4 26.022438 plmp3_1
97 0 112247 5 24.686848 plmp3_1
97 0 146554 6 24.46205 plmp3_1
97 0 112574 7 23.557423 plmp3_1
97 0 2959743 8 20.880384 plmp3_1
97 0 858289 9 20.880384 plmp3_1
98 0 106593 0 17.632904 plmp3_1
98 0 118467 1 16.292276 plmp3_1
98 0 112092 2 15.694405 plmp3_1
98 0 134732 3 15.635028 plmp3_1
98 0 2676593 4 15.223952 plmp3_1
98 0 2655591 5 14.932902 plmp3_1
98 0 118065 6 14.875946 plmp3_1
98 0 111516 7 13.850837 plmp3_1
98 0 112151 8 13.594571 plmp3_1
98 0 102190 9 13.515212 plmp3_1
99 0 112267 0 61.60436 plmp3_1
99 0 111884 1 44.172825 plmp3_1
99 0 110552 2 37.16539 plmp3_1
99 0 109976 3 30.717325 plmp3_1
99 0 118121 4 30.391483 plmp3_1
99 0 112723 5 29.412376 plmp3_1
99 0 110578 6 29.037031 plmp3_1
99 0 104759 7 27.64634 plmp3_1
99 0 109673 8 25.461903 plmp3_1
99 0 96562 9 24.310007 plmp3_1
100 0 112267 0 68.670586 plmp3_1
100 0 111884 1 63.442307 plmp3_1
100 0 102906 2 55.76978 plmp3_1
100 0 108405 3 54.943558 plmp3_1
100 0 109673 4 53.99878 plmp3_1
100 0 110296 5 53.454987 plmp3_1
100 0 112033 6 51.084793 plmp3_1
100 0 110552 7 49.725616 plmp3_1
100 0 104524 8 48.612347 plmp3_1
100 0 104883 9 48.579315 plmp3_1
