1 0 3204919 0 82.29475 plmp7_1
1 0 2649076 1 74.74175 plmp7_1
1 0 149702 2 70.63663 plmp7_1
1 0 4164893 3 69.48256 plmp7_1
1 0 2809767 4 68.53483 plmp7_1
1 0 2811850 5 68.53483 plmp7_1
1 0 2812210 6 65.96326 plmp7_1
1 0 3177197 7 65.48118 plmp7_1
1 0 3170730 8 65.45356 plmp7_1
1 0 219733 9 64.48942 plmp7_1
2 0 103631 0 74.71543 plmp7_1
2 0 145692 1 70.412186 plmp7_1
2 0 103549 2 69.25988 plmp7_1
2 0 104671 3 66.12609 plmp7_1
2 0 104571 4 64.62033 plmp7_1
2 0 108555 5 64.29891 plmp7_1
2 0 4170684 6 59.373867 plmp7_1
2 0 105116 7 58.41564 plmp7_1
2 0 96850 8 58.00158 plmp7_1
2 0 93789 9 57.637875 plmp7_1
3 0 3162143 0 95.14396 plmp7_1
3 0 215496 1 87.07407 plmp7_1
3 0 215694 2 87.07407 plmp7_1
3 0 2959735 3 87.07304 plmp7_1
3 0 118475 4 84.30707 plmp7_1
3 0 130157 5 84.05571 plmp7_1
3 0 145890 6 84.0547 plmp7_1
3 0 112584 7 79.79658 plmp7_1
3 0 903973 8 78.54111 plmp7_1
3 0 78783 9 78.058 plmp7_1
4 0 215694 0 203.39499 plmp7_1
4 0 2959735 1 203.39291 plmp7_1
4 0 215496 2 203.37642 plmp7_1
4 0 3162143 3 177.0765 plmp7_1
4 0 623142 4 172.69113 plmp7_1
4 0 118029 5 171.10493 plmp7_1
4 0 149007 6 155.32632 plmp7_1
4 0 903973 7 146.98117 plmp7_1
4 0 78783 8 128.85316 plmp7_1
4 0 111920 9 126.396965 plmp7_1
5 0 2672209 0 64.69051 plmp7_1
5 0 2657779 1 64.69051 plmp7_1
5 0 145652 2 63.697502 plmp7_1
5 0 110831 3 62.773907 plmp7_1
5 0 110056 4 62.34616 plmp7_1
5 0 1740 5 62.29711 plmp7_1
5 0 183480 6 58.4105 plmp7_1
5 0 112708 7 57.784527 plmp7_1
5 0 118217 8 55.11175 plmp7_1
5 0 131163 9 54.24629 plmp7_1
6 0 110654 0 121.90646 plmp7_1
6 0 110056 1 95.99593 plmp7_1
6 0 183480 2 83.07783 plmp7_1
6 0 111258 3 75.488976 plmp7_1
6 0 111114 4 74.78899 plmp7_1
6 0 3203656 5 73.35799 plmp7_1
6 0 3206414 6 73.35799 plmp7_1
6 0 117932 7 73.0548 plmp7_1
6 0 110789 8 63.403755 plmp7_1
6 0 111661 9 55.75528 plmp7_1
7 0 2672535 0 48.59144 plmp7_1
7 0 134749 1 45.283012 plmp7_1
7 0 147530 2 44.935314 plmp7_1
7 0 147531 3 44.929245 plmp7_1
7 0 219733 4 44.48715 plmp7_1
7 0 220342 5 44.48715 plmp7_1
7 0 118511 6 44.453693 plmp7_1
7 0 3195892 7 44.253376 plmp7_1
7 0 2678467 8 44.13503 plmp7_1
7 0 2679202 9 44.13503 plmp7_1
8 0 134749 0 106.4501 plmp7_1
8 0 112174 1 105.74756 plmp7_1
8 0 145868 2 95.90244 plmp7_1
8 0 145715 3 94.6005 plmp7_1
8 0 112834 4 90.70763 plmp7_1
8 0 147531 5 89.79381 plmp7_1
8 0 2678467 6 84.26138 plmp7_1
8 0 2679202 7 84.26138 plmp7_1
8 0 2959746 8 84.26138 plmp7_1
8 0 112748 9 83.07309 plmp7_1
9 0 2675751 0 105.71522 plmp7_1
9 0 854177 1 99.64941 plmp7_1
9 0 147530 2 93.55188 plmp7_1
9 0 118317 3 92.36607 plmp7_1
9 0 145678 4 90.0162 plmp7_1
9 0 118212 5 88.40908 plmp7_1
9 0 112641 6 87.53614 plmp7_1
9 0 2655498 7 85.62076 plmp7_1
9 0 112931 8 84.961075 plmp7_1
9 0 118316 9 84.32172 plmp7_1
10 0 111500 0 121.42999 plmp7_1
10 0 118087 1 114.54869 plmp7_1
10 0 112423 2 109.19689 plmp7_1
10 0 147531 3 108.27222 plmp7_1
10 0 118236 4 105.99951 plmp7_1
10 0 214949 5 105.97012 plmp7_1
10 0 215071 6 105.97012 plmp7_1
10 0 112657 7 104.91109 plmp7_1
10 0 134743 8 103.36118 plmp7_1
10 0 118511 9 102.67009 plmp7_1
11 0 2810524 0 74.33102 plmp7_1
11 0 2811846 1 74.33102 plmp7_1
11 0 873668 2 64.86472 plmp7_1
11 0 145960 3 64.78955 plmp7_1
11 0 217512 4 62.412495 plmp7_1
11 0 218926 5 61.994694 plmp7_1
11 0 2812210 6 61.42001 plmp7_1
11 0 4151830 7 60.861816 plmp7_1
11 0 3007018 8 60.320736 plmp7_1
11 0 2809767 9 60.276608 plmp7_1
12 0 2672535 0 89.42861 plmp7_1
12 0 3207860 1 64.17885 plmp7_1
12 0 3153112 2 61.64413 plmp7_1
12 0 183479 3 59.9975 plmp7_1
12 0 3211503 4 59.366135 plmp7_1
12 0 4151830 5 57.3745 plmp7_1
12 0 3216389 6 57.05432 plmp7_1
12 0 2790213 7 56.654675 plmp7_1
12 0 3204919 8 56.282043 plmp7_1
12 0 4155979 9 55.94922 plmp7_1
13 0 2812588 0 84.967926 plmp7_1
13 0 802973 1 74.82297 plmp7_1
13 0 803271 2 74.82297 plmp7_1
13 0 2959737 3 74.82297 plmp7_1
13 0 4162111 4 73.957275 plmp7_1
13 0 145967 5 72.6516 plmp7_1
13 0 2642828 6 71.861595 plmp7_1
13 0 2959730 7 69.78027 plmp7_1
13 0 150543 8 67.42589 plmp7_1
13 0 2959732 9 67.42589 plmp7_1
14 0 614392 0 52.44513 plmp7_1
14 0 614485 1 52.44513 plmp7_1
14 0 2812588 2 52.35037 plmp7_1
14 0 108730 3 49.378784 plmp7_1
14 0 2153 4 49.054325 plmp7_1
14 0 124715 5 47.561207 plmp7_1
14 0 118296 6 46.659252 plmp7_1
14 0 111330 7 46.215443 plmp7_1
14 0 1921234 8 45.912464 plmp7_1
14 0 2670965 9 45.806107 plmp7_1
15 0 2812588 0 130.02034 plmp7_1
15 0 4151822 1 116.20159 plmp7_1
15 0 2770446 2 93.8927 plmp7_1
15 0 2809767 3 81.361336 plmp7_1
15 0 2811850 4 81.361336 plmp7_1
15 0 4171965 5 78.29699 plmp7_1
15 0 2771249 6 77.45362 plmp7_1
15 0 2812210 7 73.98646 plmp7_1
15 0 3153112 8 71.3459 plmp7_1
15 0 4155979 9 70.77711 plmp7_1
16 0 4151822 0 116.071396 plmp7_1
16 0 2812588 1 86.999176 plmp7_1
16 0 2770446 2 79.42577 plmp7_1
16 0 4171965 3 74.31092 plmp7_1
16 0 145817 4 73.485916 plmp7_1
16 0 134747 5 64.91553 plmp7_1
16 0 4151830 6 63.175365 plmp7_1
16 0 3209687 7 62.078926 plmp7_1
16 0 3170728 8 62.012737 plmp7_1
16 0 1921234 9 61.28585 plmp7_1
17 0 148484 0 49.037373 plmp7_1
17 0 117987 1 48.150562 plmp7_1
17 0 111122 2 47.816704 plmp7_1
17 0 4161362 3 47.52925 plmp7_1
17 0 145865 4 47.448982 plmp7_1
17 0 813289 5 46.99665 plmp7_1
17 0 109218 6 46.45952 plmp7_1
17 0 620566 7 46.341396 plmp7_1
17 0 1751 8 46.115845 plmp7_1
17 0 2771249 9 45.661854 plmp7_1
18 0 205712 0 125.32594 plmp7_1
18 0 148484 1 109.408066 plmp7_1
18 0 620566 2 99.511116 plmp7_1
18 0 1753 3 94.51287 plmp7_1
18 0 217512 4 94.242966 plmp7_1
18 0 131156 5 93.18548 plmp7_1
18 0 2795703 6 91.18503 plmp7_1
18 0 2797292 7 91.18503 plmp7_1
18 0 206097 8 90.48591 plmp7_1
18 0 219106 9 90.25521 plmp7_1
19 0 2654533 0 138.60422 plmp7_1
19 0 2654756 1 138.60422 plmp7_1
19 0 4172500 2 97.56662 plmp7_1
19 0 4151826 3 96.50778 plmp7_1
19 0 4151825 4 96.428 plmp7_1
19 0 2670966 5 93.85679 plmp7_1
19 0 118018 6 93.84085 plmp7_1
19 0 219509 7 92.275505 plmp7_1
19 0 112775 8 92.16025 plmp7_1
19 0 112808 9 91.24554 plmp7_1
20 0 2654533 0 144.19876 plmp7_1
20 0 2654756 1 144.19876 plmp7_1
20 0 4151825 2 97.432365 plmp7_1
20 0 112775 3 96.865845 plmp7_1
20 0 4172500 4 96.28562 plmp7_1
20 0 2670966 5 92.47219 plmp7_1
20 0 219509 6 92.275505 plmp7_1
20 0 4151826 7 92.22258 plmp7_1
20 0 110085 8 90.26667 plmp7_1
20 0 147528 9 88.61662 plmp7_1
21 0 873660 0 126.840065 plmp7_1
21 0 117890 1 112.4576 plmp7_1
21 0 112799 2 111.19423 plmp7_1
21 0 867657 3 107.453865 plmp7_1
21 0 145925 4 104.259094 plmp7_1
21 0 902267 5 103.24177 plmp7_1
21 0 3181482 6 100.27567 plmp7_1
21 0 118081 7 98.85046 plmp7_1
21 0 2654534 8 97.994835 plmp7_1
21 0 121159 9 97.802734 plmp7_1
22 0 2659300 0 153.86223 plmp7_1
22 0 117890 1 150.96378 plmp7_1
22 0 112799 2 136.58316 plmp7_1
22 0 145829 3 123.881096 plmp7_1
22 0 145925 4 122.40144 plmp7_1
22 0 118081 5 119.107254 plmp7_1
22 0 867657 6 116.60381 plmp7_1
22 0 112774 7 116.51344 plmp7_1
22 0 118416 8 110.47973 plmp7_1
22 0 4164893 9 107.14104 plmp7_1
23 0 2810525 0 92.90794 plmp7_1
23 0 2811847 1 92.90794 plmp7_1
23 0 118449 2 91.25095 plmp7_1
23 0 2801435 3 84.121216 plmp7_1
23 0 145738 4 82.2642 plmp7_1
23 0 118180 5 77.68016 plmp7_1
23 0 112257 6 77.32744 plmp7_1
23 0 623242 7 75.262115 plmp7_1
23 0 3153112 8 72.02273 plmp7_1
23 0 137736 9 71.10553 plmp7_1
24 0 1738 0 38.96075 plmp7_1
24 0 145778 1 37.550198 plmp7_1
24 0 802408 2 34.082577 plmp7_1
24 0 145866 3 31.866283 plmp7_1
24 0 2790213 4 31.745089 plmp7_1
24 0 2678133 5 31.230053 plmp7_1
24 0 2804671 6 31.12916 plmp7_1
24 0 616433 7 30.64788 plmp7_1
24 0 2675751 8 30.475306 plmp7_1
24 0 2801435 9 30.077251 plmp7_1
25 0 112616 0 116.80645 plmp7_1
25 0 2655499 1 81.1544 plmp7_1
25 0 110318 2 70.981964 plmp7_1
25 0 108792 3 66.94592 plmp7_1
25 0 3211503 4 65.42124 plmp7_1
25 0 118021 5 62.294445 plmp7_1
25 0 821305 6 61.91107 plmp7_1
25 0 111495 7 58.59956 plmp7_1
25 0 2621067 8 57.144787 plmp7_1
25 0 112457 9 55.534725 plmp7_1
26 0 117872 0 114.99826 plmp7_1
26 0 112616 1 97.29188 plmp7_1
26 0 112045 2 94.05998 plmp7_1
26 0 105698 3 88.73323 plmp7_1
26 0 118026 4 88.2422 plmp7_1
26 0 145758 5 87.90886 plmp7_1
26 0 112324 6 86.32812 plmp7_1
26 0 110915 7 84.72058 plmp7_1
26 0 4161362 8 84.630165 plmp7_1
26 0 112457 9 83.50526 plmp7_1
27 0 4157382 0 201.62894 plmp7_1
27 0 4157405 1 201.62894 plmp7_1
27 0 112346 2 106.45812 plmp7_1
27 0 111141 3 102.93432 plmp7_1
27 0 112523 4 99.03288 plmp7_1
27 0 3204918 5 84.97713 plmp7_1
27 0 182992 6 83.01146 plmp7_1
27 0 213842 7 81.97179 plmp7_1
27 0 145636 8 80.68333 plmp7_1
27 0 112792 9 77.30482 plmp7_1
28 0 4157382 0 163.83752 plmp7_1
28 0 4157405 1 163.83752 plmp7_1
28 0 112346 2 102.26166 plmp7_1
28 0 111141 3 91.49484 plmp7_1
28 0 110706 4 67.3157 plmp7_1
28 0 118489 5 65.47286 plmp7_1
28 0 112071 6 65.06492 plmp7_1
28 0 110384 7 64.86828 plmp7_1
28 0 931121 8 64.36732 plmp7_1
28 0 112523 9 63.74277 plmp7_1
29 0 4151826 0 40.75453 plmp7_1
29 0 118351 1 40.220547 plmp7_1
29 0 111471 2 39.984634 plmp7_1
29 0 205788 3 39.84851 plmp7_1
29 0 137739 4 39.17077 plmp7_1
29 0 117875 5 38.885246 plmp7_1
29 0 118044 6 38.688942 plmp7_1
29 0 108606 7 37.707867 plmp7_1
29 0 112485 8 37.591305 plmp7_1
29 0 118381 9 37.556305 plmp7_1
30 0 205788 0 126.00894 plmp7_1
30 0 218921 1 111.03428 plmp7_1
30 0 4151826 2 101.710266 plmp7_1
30 0 148795 3 100.784 plmp7_1
30 0 145841 4 100.097115 plmp7_1
30 0 899483 5 99.70981 plmp7_1
30 0 626206 6 99.35688 plmp7_1
30 0 179213 7 96.44328 plmp7_1
30 0 802770 8 95.4789 plmp7_1
30 0 145761 9 93.70011 plmp7_1
31 0 145925 0 79.33824 plmp7_1
31 0 112486 1 73.96297 plmp7_1
31 0 110561 2 72.1697 plmp7_1
31 0 2809763 3 71.63147 plmp7_1
31 0 2795279 4 69.115944 plmp7_1
31 0 118023 5 68.94699 plmp7_1
31 0 902267 6 68.620415 plmp7_1
31 0 118501 7 68.30406 plmp7_1
31 0 118458 8 67.61004 plmp7_1
31 0 118353 9 67.36207 plmp7_1
32 0 112329 0 78.71452 plmp7_1
32 0 111434 1 76.10739 plmp7_1
32 0 1728 2 76.05411 plmp7_1
32 0 112850 3 72.6655 plmp7_1
32 0 112447 4 69.84497 plmp7_1
32 0 112090 5 68.128105 plmp7_1
32 0 118455 6 63.76154 plmp7_1
32 0 111596 7 63.003834 plmp7_1
32 0 125839 8 62.68213 plmp7_1
32 0 117853 9 62.1898 plmp7_1
33 0 109535 0 76.845665 plmp7_1
33 0 109532 1 75.00277 plmp7_1
33 0 110795 2 74.965935 plmp7_1
33 0 112485 3 74.606316 plmp7_1
33 0 121158 4 73.92996 plmp7_1
33 0 109935 5 72.48111 plmp7_1
33 0 802973 6 72.44981 plmp7_1
33 0 803271 7 72.44981 plmp7_1
33 0 2959737 8 72.44981 plmp7_1
33 0 111863 9 71.30013 plmp7_1
34 0 2676594 0 235.69766 plmp7_1
34 0 2675753 1 230.04568 plmp7_1
34 0 2679204 2 230.04568 plmp7_1
34 0 2809767 3 173.10208 plmp7_1
34 0 2811850 4 173.10208 plmp7_1
34 0 3216389 5 98.89935 plmp7_1
34 0 121158 6 92.77801 plmp7_1
34 0 625710 7 89.26071 plmp7_1
34 0 112325 8 88.914246 plmp7_1
34 0 136994 9 84.754105 plmp7_1
35 0 821306 0 49.046852 plmp7_1
35 0 205203 1 44.483253 plmp7_1
35 0 218927 2 42.408077 plmp7_1
35 0 932061 3 41.39056 plmp7_1
35 0 213843 4 40.58217 plmp7_1
35 0 214063 5 40.58217 plmp7_1
35 0 214467 6 40.58217 plmp7_1
35 0 931124 7 40.57705 plmp7_1
35 0 149005 8 39.526783 plmp7_1
35 0 118079 9 39.372375 plmp7_1
36 0 118319 0 79.78465 plmp7_1
36 0 118238 1 75.12564 plmp7_1
36 0 109923 2 72.699135 plmp7_1
36 0 118142 3 72.388 plmp7_1
36 0 902769 4 72.147385 plmp7_1
36 0 118329 5 69.633705 plmp7_1
36 0 3170730 6 68.56056 plmp7_1
36 0 3177197 7 68.56056 plmp7_1
36 0 118187 8 67.91047 plmp7_1
36 0 112314 9 67.41264 plmp7_1
37 0 4151829 0 58.559006 plmp7_1
37 0 110774 1 55.81861 plmp7_1
37 0 118269 2 54.090477 plmp7_1
37 0 118290 3 53.524403 plmp7_1
37 0 145731 4 53.381454 plmp7_1
37 0 110742 5 52.139565 plmp7_1
37 0 145629 6 50.80247 plmp7_1
37 0 112910 7 50.662727 plmp7_1
37 0 112133 8 49.981552 plmp7_1
37 0 121168 9 49.877773 plmp7_1
38 0 145855 0 97.56558 plmp7_1
38 0 145731 1 94.33714 plmp7_1
38 0 4151829 2 91.589905 plmp7_1
38 0 118269 3 74.62502 plmp7_1
38 0 1993216 4 72.58562 plmp7_1
38 0 112910 5 67.90017 plmp7_1
38 0 110774 6 67.18179 plmp7_1
38 0 111982 7 65.4436 plmp7_1
38 0 112292 8 64.26533 plmp7_1
38 0 111420 9 62.475315 plmp7_1
39 0 112568 0 79.489746 plmp7_1
39 0 112420 1 71.56582 plmp7_1
39 0 118457 2 66.84382 plmp7_1
39 0 111432 3 60.77915 plmp7_1
39 0 2959744 4 57.936348 plmp7_1
39 0 855518 5 57.936348 plmp7_1
39 0 2674861 6 57.512238 plmp7_1
39 0 2675754 7 57.512238 plmp7_1
39 0 621044 8 57.241085 plmp7_1
39 0 621090 9 57.241085 plmp7_1
40 0 105200 0 103.57152 plmp7_1
40 0 621044 1 89.93742 plmp7_1
40 0 621090 2 89.93742 plmp7_1
40 0 2959739 3 89.93742 plmp7_1
40 0 122254 4 88.047325 plmp7_1
40 0 1731 5 86.85175 plmp7_1
40 0 118457 6 84.67364 plmp7_1
40 0 2959744 7 82.425224 plmp7_1
40 0 855518 8 82.425224 plmp7_1
40 0 108818 9 82.129196 plmp7_1
41 0 112924 0 112.645386 plmp7_1
41 0 111198 1 95.9344 plmp7_1
41 0 2811847 2 93.80062 plmp7_1
41 0 2810525 3 93.79592 plmp7_1
41 0 2654533 4 91.6717 plmp7_1
41 0 2654756 5 91.6717 plmp7_1
41 0 112585 6 90.359695 plmp7_1
41 0 109186 7 87.538445 plmp7_1
41 0 112731 8 86.28366 plmp7_1
41 0 111891 9 86.0023 plmp7_1
42 0 112585 0 112.72243 plmp7_1
42 0 2654533 1 109.38549 plmp7_1
42 0 2654756 2 109.38549 plmp7_1
42 0 112924 3 105.81583 plmp7_1
42 0 111198 4 104.40012 plmp7_1
42 0 110132 5 102.801 plmp7_1
42 0 109186 6 101.94226 plmp7_1
42 0 111891 7 101.75027 plmp7_1
42 0 109352 8 97.603584 plmp7_1
42 0 145785 9 92.369354 plmp7_1
43 0 2680590 0 87.950645 plmp7_1
43 0 2959745 1 87.950645 plmp7_1
43 0 112920 2 80.605446 plmp7_1
43 0 112305 3 76.239624 plmp7_1
43 0 112803 4 70.83515 plmp7_1
43 0 118148 5 68.334305 plmp7_1
43 0 2784695 6 68.06118 plmp7_1
43 0 112644 7 63.600735 plmp7_1
43 0 2812589 8 63.451927 plmp7_1
43 0 2959749 9 63.451927 plmp7_1
44 0 92563 0 23.6776 plmp7_1
44 0 2781925 1 23.239569 plmp7_1
44 0 183480 2 22.445917 plmp7_1
44 0 802408 3 22.438421 plmp7_1
44 0 145903 4 21.763884 plmp7_1
44 0 111107 5 21.442259 plmp7_1
44 0 99873 6 21.275026 plmp7_1
44 0 145834 7 21.019264 plmp7_1
44 0 108965 8 20.885517 plmp7_1
44 0 3213871 9 20.869629 plmp7_1
45 0 3204917 0 157.61574 plmp7_1
45 0 866024 1 133.7143 plmp7_1
45 0 858802 2 133.7143 plmp7_1
45 0 150542 3 132.16476 plmp7_1
45 0 145861 4 125.01081 plmp7_1
45 0 800568 5 121.72008 plmp7_1
45 0 145772 6 120.70381 plmp7_1
45 0 137725 7 116.05793 plmp7_1
45 0 2959730 8 115.06129 plmp7_1
45 0 626207 9 114.55475 plmp7_1
46 0 866024 0 259.33936 plmp7_1
46 0 858802 1 259.32904 plmp7_1
46 0 623145 2 176.28664 plmp7_1
46 0 903971 3 170.50302 plmp7_1
46 0 2959742 4 170.50302 plmp7_1
46 0 2804673 5 168.03253 plmp7_1
46 0 3204917 6 164.89758 plmp7_1
46 0 145861 7 153.79529 plmp7_1
46 0 150542 8 152.20367 plmp7_1
46 0 1732 9 149.98875 plmp7_1
47 0 2674861 0 116.17619 plmp7_1
47 0 2675754 1 116.17619 plmp7_1
47 0 2678133 2 65.57007 plmp7_1
47 0 2803251 3 64.92969 plmp7_1
47 0 2795703 4 64.85344 plmp7_1
47 0 2797292 5 64.85344 plmp7_1
47 0 2671723 6 64.79289 plmp7_1
47 0 2771250 7 63.496456 plmp7_1
47 0 2790213 8 63.354107 plmp7_1
47 0 2810526 9 61.489933 plmp7_1
48 0 2674861 0 108.67983 plmp7_1
48 0 2675754 1 108.67983 plmp7_1
48 0 3170727 2 66.72156 plmp7_1
48 0 111362 3 59.861942 plmp7_1
48 0 103019 4 59.15852 plmp7_1
48 0 96147 5 58.068096 plmp7_1
48 0 145896 6 57.59973 plmp7_1
48 0 182992 7 57.431576 plmp7_1
48 0 108148 8 56.652233 plmp7_1
48 0 2646093 9 56.556828 plmp7_1
49 0 2810525 0 64.69474 plmp7_1
49 0 2811847 1 64.69474 plmp7_1
49 0 4162535 2 59.965874 plmp7_1
49 0 3153112 3 50.414024 plmp7_1
49 0 4151826 4 49.35527 plmp7_1
49 0 2809767 5 45.439865 plmp7_1
49 0 2811850 6 45.439865 plmp7_1
49 0 2812210 7 45.298275 plmp7_1
49 0 2803251 8 45.148327 plmp7_1
49 0 2811845 9 44.61106 plmp7_1
50 0 3153112 0 99.16936 plmp7_1
50 0 4162535 1 93.30552 plmp7_1
50 0 2810525 2 68.368385 plmp7_1
50 0 2811847 3 68.368385 plmp7_1
50 0 3181025 4 55.28145 plmp7_1
50 0 4151826 5 55.11199 plmp7_1
50 0 2809767 6 53.201405 plmp7_1
50 0 2811850 7 53.201405 plmp7_1
50 0 2812210 8 50.89515 plmp7_1
50 0 3177197 9 50.871685 plmp7_1
51 0 112770 0 76.96493 plmp7_1
51 0 616433 1 62.008686 plmp7_1
51 0 78783 2 60.24929 plmp7_1
51 0 2812589 3 58.206413 plmp7_1
51 0 2959749 4 58.206413 plmp7_1
51 0 145872 5 57.99816 plmp7_1
51 0 1736 6 57.07482 plmp7_1
51 0 1753 7 56.27942 plmp7_1
51 0 213842 8 56.032604 plmp7_1
51 0 145868 9 54.786114 plmp7_1
52 0 112770 0 53.42806 plmp7_1
52 0 112243 1 47.81156 plmp7_1
52 0 112931 2 47.360188 plmp7_1
52 0 105869 3 41.845528 plmp7_1
52 0 103302 4 41.805965 plmp7_1
52 0 103145 5 40.93928 plmp7_1
52 0 98744 6 40.35045 plmp7_1
52 0 95391 7 40.002056 plmp7_1
52 0 1859075 8 39.745308 plmp7_1
52 0 85451 9 39.484795 plmp7_1
53 0 799985 0 88.84217 plmp7_1
53 0 2808291 1 74.923 plmp7_1
53 0 2771250 2 71.967735 plmp7_1
53 0 145792 3 69.85859 plmp7_1
53 0 148483 4 66.47471 plmp7_1
53 0 145664 5 64.66823 plmp7_1
53 0 621045 6 62.764652 plmp7_1
53 0 2650505 7 62.505844 plmp7_1
53 0 811778 8 62.14929 plmp7_1
53 0 145647 9 61.848022 plmp7_1
54 0 872994 0 118.20143 plmp7_1
54 0 811778 1 107.078964 plmp7_1
54 0 931123 2 93.26889 plmp7_1
54 0 625711 3 89.2059 plmp7_1
54 0 943668 4 89.13715 plmp7_1
54 0 811777 5 86.0825 plmp7_1
54 0 2808291 6 81.76378 plmp7_1
54 0 799985 7 73.760925 plmp7_1
54 0 621045 8 72.67036 plmp7_1
54 0 3195890 9 71.47033 plmp7_1
55 0 4154603 0 132.75911 plmp7_1
55 0 145731 1 96.8481 plmp7_1
55 0 118269 2 95.77022 plmp7_1
55 0 145855 3 93.97684 plmp7_1
55 0 145629 4 93.48439 plmp7_1
55 0 111261 5 86.27223 plmp7_1
55 0 110774 6 82.80721 plmp7_1
55 0 112910 7 78.606804 plmp7_1
55 0 111982 8 74.47877 plmp7_1
55 0 111420 9 74.22277 plmp7_1
56 0 4154603 0 193.87445 plmp7_1
56 0 118269 1 132.9678 plmp7_1
56 0 145731 2 129.02606 plmp7_1
56 0 112910 3 121.50274 plmp7_1
56 0 145629 4 111.24853 plmp7_1
56 0 110774 5 111.02741 plmp7_1
56 0 111261 6 107.27156 plmp7_1
56 0 145855 7 101.04692 plmp7_1
56 0 111420 8 95.0267 plmp7_1
56 0 1993216 9 94.19753 plmp7_1
57 0 867644 0 84.89654 plmp7_1
57 0 802408 1 84.327736 plmp7_1
57 0 800569 2 83.87465 plmp7_1
57 0 118297 3 80.69919 plmp7_1
57 0 815320 4 78.00262 plmp7_1
57 0 182567 5 76.34044 plmp7_1
57 0 4170683 6 76.11545 plmp7_1
57 0 118224 7 73.779915 plmp7_1
57 0 800859 8 73.327385 plmp7_1
57 0 2959744 9 73.232254 plmp7_1
58 0 145735 0 90.43289 plmp7_1
58 0 217702 1 69.00305 plmp7_1
58 0 108547 2 67.70797 plmp7_1
58 0 2676592 3 65.76653 plmp7_1
58 0 106179 4 63.868313 plmp7_1
58 0 112467 5 63.838867 plmp7_1
58 0 145800 6 60.33255 plmp7_1
58 0 145815 7 59.98758 plmp7_1
58 0 110330 8 59.256516 plmp7_1
58 0 218133 9 58.77764 plmp7_1
59 0 2788983 0 242.11053 plmp7_1
59 0 4170685 1 217.71526 plmp7_1
59 0 118037 2 192.73463 plmp7_1
59 0 145627 3 192.49477 plmp7_1
59 0 117968 4 187.91833 plmp7_1
59 0 118129 5 184.44168 plmp7_1
59 0 118040 6 178.94342 plmp7_1
59 0 1087691 7 166.38837 plmp7_1
59 0 118422 8 159.5645 plmp7_1
59 0 134735 9 157.27243 plmp7_1
60 0 3195891 0 236.47595 plmp7_1
60 0 2788983 1 216.3803 plmp7_1
60 0 4170685 2 214.75427 plmp7_1
60 0 118129 3 188.82913 plmp7_1
60 0 145627 4 187.88402 plmp7_1
60 0 130158 5 182.01875 plmp7_1
60 0 931614 6 174.44836 plmp7_1
60 0 118334 7 174.20772 plmp7_1
60 0 621195 8 173.5462 plmp7_1
60 0 621270 9 173.5462 plmp7_1
61 0 145743 0 139.60356 plmp7_1
61 0 2812210 1 134.30182 plmp7_1
61 0 145923 2 131.12277 plmp7_1
61 0 218457 3 120.86809 plmp7_1
61 0 1732 4 109.51371 plmp7_1
61 0 145815 5 108.32981 plmp7_1
61 0 3195092 6 104.40422 plmp7_1
61 0 112854 7 101.1286 plmp7_1
61 0 2657927 8 98.86247 plmp7_1
61 0 112435 9 98.00875 plmp7_1
62 0 2812210 0 61.787918 plmp7_1
62 0 110661 1 52.462467 plmp7_1
62 0 110091 2 50.805294 plmp7_1
62 0 110926 3 48.918068 plmp7_1
62 0 118299 4 48.020523 plmp7_1
62 0 109846 5 46.44158 plmp7_1
62 0 118098 6 45.98171 plmp7_1
62 0 117875 7 45.36519 plmp7_1
62 0 109966 8 44.956486 plmp7_1
62 0 150540 9 44.602283 plmp7_1
63 0 106985 0 59.386616 plmp7_1
63 0 149702 1 57.419365 plmp7_1
63 0 107685 2 57.16264 plmp7_1
63 0 104521 3 56.190895 plmp7_1
63 0 108539 4 55.42144 plmp7_1
63 0 108111 5 54.187904 plmp7_1
63 0 111250 6 54.083237 plmp7_1
63 0 108538 7 53.977974 plmp7_1
63 0 91054 8 53.04821 plmp7_1
63 0 108713 9 52.638824 plmp7_1
64 0 3205768 0 70.82523 plmp7_1
64 0 2758568 1 68.27414 plmp7_1
64 0 2809766 2 66.697495 plmp7_1
64 0 2811849 3 66.697495 plmp7_1
64 0 3205767 4 62.327984 plmp7_1
64 0 4151827 5 61.65255 plmp7_1
64 0 3207860 6 60.621098 plmp7_1
64 0 3205736 7 59.61803 plmp7_1
64 0 110645 8 58.904457 plmp7_1
64 0 4170685 9 57.945343 plmp7_1
65 0 118123 0 152.25043 plmp7_1
65 0 150540 1 101.451065 plmp7_1
65 0 3211501 2 96.77309 plmp7_1
65 0 4151825 3 92.86968 plmp7_1
65 0 131165 4 90.59631 plmp7_1
65 0 145883 5 90.50153 plmp7_1
65 0 3183080 6 88.61619 plmp7_1
65 0 4089982 7 86.53182 plmp7_1
65 0 110645 8 85.92398 plmp7_1
65 0 109292 9 85.67423 plmp7_1
66 0 3211501 0 169.62445 plmp7_1
66 0 145867 1 142.2999 plmp7_1
66 0 4151827 2 126.40455 plmp7_1
66 0 3213872 3 118.68778 plmp7_1
66 0 150540 4 114.51898 plmp7_1
66 0 3212516 5 112.431335 plmp7_1
66 0 218925 6 110.97727 plmp7_1
66 0 3217422 7 109.46503 plmp7_1
66 0 3217423 8 109.217995 plmp7_1
66 0 3217226 9 109.18831 plmp7_1
67 0 145800 0 162.36772 plmp7_1
67 0 867645 1 152.05283 plmp7_1
67 0 103675 2 100.69308 plmp7_1
67 0 106757 3 85.189285 plmp7_1
67 0 103678 4 80.86521 plmp7_1
67 0 104522 5 79.40312 plmp7_1
67 0 110330 6 74.87283 plmp7_1
67 0 103916 7 73.492294 plmp7_1
67 0 107938 8 73.32345 plmp7_1
67 0 2810526 9 69.0432 plmp7_1
68 0 145800 0 145.15927 plmp7_1
68 0 867645 1 117.229546 plmp7_1
68 0 94177 2 83.85606 plmp7_1
68 0 103675 3 83.208046 plmp7_1
68 0 97893 4 81.39141 plmp7_1
68 0 103093 5 80.060585 plmp7_1
68 0 103678 6 79.67773 plmp7_1
68 0 88704 7 78.68014 plmp7_1
68 0 97584 8 77.39649 plmp7_1
68 0 88756 9 75.15774 plmp7_1
69 0 3214778 0 105.82557 plmp7_1
69 0 149289 1 100.574585 plmp7_1
69 0 219733 2 94.49049 plmp7_1
69 0 220342 3 94.49049 plmp7_1
69 0 117859 4 94.39351 plmp7_1
69 0 182558 5 93.407555 plmp7_1
69 0 2676593 6 92.95433 plmp7_1
69 0 110068 7 88.69087 plmp7_1
69 0 866022 8 88.4234 plmp7_1
69 0 2959743 9 88.2548 plmp7_1
70 0 149289 0 115.41123 plmp7_1
70 0 3214778 1 111.10332 plmp7_1
70 0 2676593 2 109.64717 plmp7_1
70 0 219733 3 104.937164 plmp7_1
70 0 220342 4 104.937164 plmp7_1
70 0 858289 5 102.22801 plmp7_1
70 0 2959743 6 102.21105 plmp7_1
70 0 110068 7 102.03589 plmp7_1
70 0 2675751 8 101.00626 plmp7_1
70 0 802971 9 100.345535 plmp7_1
71 0 145121 0 101.078186 plmp7_1
71 0 118052 1 100.37924 plmp7_1
71 0 112914 2 98.69217 plmp7_1
71 0 3189783 3 94.528854 plmp7_1
71 0 118287 4 92.70132 plmp7_1
71 0 112904 5 89.8315 plmp7_1
71 0 118234 6 87.495995 plmp7_1
71 0 118005 7 87.23511 plmp7_1
71 0 112823 8 83.010635 plmp7_1
71 0 2654533 9 81.023 plmp7_1
72 0 118052 0 111.761955 plmp7_1
72 0 112904 1 98.086044 plmp7_1
72 0 145121 2 97.748405 plmp7_1
72 0 118234 3 97.13461 plmp7_1
72 0 112914 4 96.79237 plmp7_1
72 0 3189783 5 95.833435 plmp7_1
72 0 118005 6 93.85774 plmp7_1
72 0 117979 7 81.966736 plmp7_1
72 0 118287 8 80.34809 plmp7_1
72 0 112823 9 79.40193 plmp7_1
73 0 2804674 0 55.19606 plmp7_1
73 0 110692 1 50.74633 plmp7_1
73 0 108538 2 50.37524 plmp7_1
73 0 109931 3 48.15013 plmp7_1
73 0 1087954 4 46.74672 plmp7_1
73 0 217514 5 46.645733 plmp7_1
73 0 145624 6 46.606125 plmp7_1
73 0 118043 7 45.039978 plmp7_1
73 0 110175 8 44.973385 plmp7_1
73 0 111425 9 44.94654 plmp7_1
74 0 2804674 0 79.70362 plmp7_1
74 0 107904 1 76.86664 plmp7_1
74 0 109284 2 73.904976 plmp7_1
74 0 112774 3 67.546 plmp7_1
74 0 127908 4 65.54452 plmp7_1
74 0 2675749 5 62.287235 plmp7_1
74 0 111245 6 57.033585 plmp7_1
74 0 108616 7 55.47704 plmp7_1
74 0 110798 8 53.577827 plmp7_1
74 0 803268 9 53.564342 plmp7_1
75 0 92916 0 76.61307 plmp7_1
75 0 118226 1 76.55277 plmp7_1
75 0 3189783 2 73.20337 plmp7_1
75 0 110964 3 72.87019 plmp7_1
75 0 92470 4 71.1632 plmp7_1
75 0 802770 5 70.783806 plmp7_1
75 0 867657 6 70.16805 plmp7_1
75 0 89728 7 69.86799 plmp7_1
75 0 111291 8 69.49119 plmp7_1
75 0 101894 9 68.87763 plmp7_1
76 0 2679833 0 87.00551 plmp7_1
76 0 2680440 1 87.00551 plmp7_1
76 0 110964 2 82.76268 plmp7_1
76 0 108900 3 80.74884 plmp7_1
76 0 112919 4 80.13069 plmp7_1
76 0 150540 5 79.47522 plmp7_1
76 0 111945 6 78.475 plmp7_1
76 0 112010 7 75.69799 plmp7_1
76 0 118298 8 75.56728 plmp7_1
76 0 867644 9 75.435776 plmp7_1
77 0 2812588 0 119.165375 plmp7_1
77 0 4151822 1 115.6703 plmp7_1
77 0 145817 2 108.787285 plmp7_1
77 0 112726 3 99.13922 plmp7_1
77 0 111455 4 94.26778 plmp7_1
77 0 111029 5 93.584755 plmp7_1
77 0 2770446 6 91.74382 plmp7_1
77 0 134747 7 90.26911 plmp7_1
77 0 145902 8 82.81758 plmp7_1
77 0 145647 9 81.82348 plmp7_1
78 0 117968 0 47.853752 plmp7_1
78 0 2812588 1 46.448196 plmp7_1
78 0 118037 2 44.74751 plmp7_1
78 0 145632 3 43.401268 plmp7_1
78 0 118022 4 42.699097 plmp7_1
78 0 117836 5 42.654137 plmp7_1
78 0 117899 6 42.401947 plmp7_1
78 0 112358 7 42.352997 plmp7_1
78 0 799976 8 41.14685 plmp7_1
78 0 111717 9 39.832954 plmp7_1
79 0 111009 0 144.88373 plmp7_1
79 0 118143 1 130.40749 plmp7_1
79 0 111470 2 118.739075 plmp7_1
79 0 110221 3 101.169174 plmp7_1
79 0 118513 4 75.7479 plmp7_1
79 0 2680438 5 74.84806 plmp7_1
79 0 111964 6 73.05509 plmp7_1
79 0 110183 7 64.84928 plmp7_1
79 0 106328 8 64.32232 plmp7_1
79 0 109626 9 61.80332 plmp7_1
80 0 118143 0 113.993126 plmp7_1
80 0 111009 1 109.11699 plmp7_1
80 0 111470 2 106.61533 plmp7_1
80 0 145859 3 86.00412 plmp7_1
80 0 150540 4 79.14782 plmp7_1
80 0 110221 5 76.70321 plmp7_1
80 0 106328 6 72.1163 plmp7_1
80 0 2680438 7 71.75126 plmp7_1
80 0 626054 8 71.06095 plmp7_1
80 0 109342 9 71.0021 plmp7_1
81 0 148484 0 85.46711 plmp7_1
81 0 112440 1 62.41063 plmp7_1
81 0 122253 2 60.200787 plmp7_1
81 0 118445 3 54.310284 plmp7_1
81 0 112867 4 51.149776 plmp7_1
81 0 799981 5 50.019463 plmp7_1
81 0 117841 6 49.101032 plmp7_1
81 0 127900 7 47.78424 plmp7_1
81 0 118368 8 47.01766 plmp7_1
81 0 112422 9 47.00096 plmp7_1
82 0 1726 0 82.50586 plmp7_1
82 0 118368 1 82.14794 plmp7_1
82 0 127900 2 77.976715 plmp7_1
82 0 2803250 3 76.27275 plmp7_1
82 0 216735 4 73.50424 plmp7_1
82 0 216806 5 73.50424 plmp7_1
82 0 145625 6 69.84638 plmp7_1
82 0 799981 7 68.931366 plmp7_1
82 0 118148 8 68.50169 plmp7_1
82 0 112305 9 67.92239 plmp7_1
83 0 145859 0 119.39362 plmp7_1
83 0 112922 1 89.582115 plmp7_1
83 0 137746 2 78.76902 plmp7_1
83 0 111246 3 77.288765 plmp7_1
83 0 111151 4 76.3679 plmp7_1
83 0 145870 5 75.78171 plmp7_1
83 0 109894 6 75.59719 plmp7_1
83 0 111286 7 74.6802 plmp7_1
83 0 110289 8 74.6597 plmp7_1
83 0 800858 9 73.47755 plmp7_1
84 0 145859 0 116.31288 plmp7_1
84 0 112922 1 100.49923 plmp7_1
84 0 800858 2 89.01205 plmp7_1
84 0 111151 3 86.95679 plmp7_1
84 0 107293 4 86.679054 plmp7_1
84 0 109895 5 85.04597 plmp7_1
84 0 109893 6 83.28553 plmp7_1
84 0 122251 7 82.18871 plmp7_1
84 0 110361 8 81.48198 plmp7_1
84 0 107980 9 81.42652 plmp7_1
85 0 2959737 0 168.42485 plmp7_1
85 0 802973 1 167.70052 plmp7_1
85 0 803271 2 167.70052 plmp7_1
85 0 3177199 3 124.83656 plmp7_1
85 0 3171724 4 124.66366 plmp7_1
85 0 3177200 5 124.66366 plmp7_1
85 0 150543 6 107.29739 plmp7_1
85 0 2959732 7 107.29739 plmp7_1
85 0 146553 8 106.71784 plmp7_1
85 0 146790 9 106.71784 plmp7_1
86 0 3171724 0 105.97717 plmp7_1
86 0 3177199 1 105.97717 plmp7_1
86 0 3177200 2 105.97717 plmp7_1
86 0 3205766 3 96.80249 plmp7_1
86 0 802973 4 92.25148 plmp7_1
86 0 803271 5 92.25148 plmp7_1
86 0 2959737 6 92.25148 plmp7_1
86 0 150543 7 85.214264 plmp7_1
86 0 2959732 8 85.214264 plmp7_1
86 0 146553 9 84.66983 plmp7_1
87 0 143378 0 37.11323 plmp7_1
87 0 110760 1 34.280983 plmp7_1
87 0 136998 2 33.854416 plmp7_1
87 0 1088038 3 33.47405 plmp7_1
87 0 111170 4 33.224663 plmp7_1
87 0 112807 5 32.482258 plmp7_1
87 0 111186 6 31.956123 plmp7_1
87 0 112746 7 31.252312 plmp7_1
87 0 111660 8 31.189426 plmp7_1
87 0 111905 9 30.96405 plmp7_1
88 0 182992 0 98.73846 plmp7_1
88 0 182991 1 91.623695 plmp7_1
88 0 145897 2 88.14653 plmp7_1
88 0 149653 3 87.20134 plmp7_1
88 0 2654277 4 83.6203 plmp7_1
88 0 111170 5 83.37097 plmp7_1
88 0 625832 6 78.99347 plmp7_1
88 0 626055 7 78.99347 plmp7_1
88 0 112807 8 77.716515 plmp7_1
88 0 625833 9 76.80582 plmp7_1
89 0 4151822 0 189.12128 plmp7_1
89 0 2812588 1 165.42715 plmp7_1
89 0 2770446 2 164.8941 plmp7_1
89 0 4162110 3 110.35574 plmp7_1
89 0 145817 4 101.53172 plmp7_1
89 0 145647 5 100.48217 plmp7_1
89 0 134747 6 95.73934 plmp7_1
89 0 145954 7 77.9324 plmp7_1
89 0 4106440 8 70.60276 plmp7_1
89 0 145722 9 70.452385 plmp7_1
90 0 4151822 0 195.71434 plmp7_1
90 0 2812588 1 190.01727 plmp7_1
90 0 2770446 2 149.4707 plmp7_1
90 0 145626 3 129.19553 plmp7_1
90 0 137748 4 119.97709 plmp7_1
90 0 130150 5 118.17763 plmp7_1
90 0 118054 6 116.36257 plmp7_1
90 0 626454 7 116.11399 plmp7_1
90 0 3181025 8 112.27265 plmp7_1
90 0 111913 9 111.692406 plmp7_1
91 0 3212514 0 234.41724 plmp7_1
91 0 109857 1 103.67388 plmp7_1
91 0 145782 2 103.27536 plmp7_1
91 0 134732 3 98.914925 plmp7_1
91 0 112439 4 97.71716 plmp7_1
91 0 1087959 5 97.57908 plmp7_1
91 0 145785 6 96.14842 plmp7_1
91 0 118507 7 93.79622 plmp7_1
91 0 219097 8 93.1122 plmp7_1
91 0 110249 9 93.04423 plmp7_1
92 0 3212514 0 230.18199 plmp7_1
92 0 110249 1 125.299965 plmp7_1
92 0 1087959 2 120.20329 plmp7_1
92 0 118507 3 112.876236 plmp7_1
92 0 109857 4 100.91702 plmp7_1
92 0 110213 5 98.88265 plmp7_1
92 0 134732 6 98.171524 plmp7_1
92 0 134725 7 96.49061 plmp7_1
92 0 110032 8 95.24448 plmp7_1
92 0 112439 9 93.46337 plmp7_1
93 0 145901 0 165.48357 plmp7_1
93 0 118334 1 159.39763 plmp7_1
93 0 117874 2 155.9731 plmp7_1
93 0 118107 3 153.89359 plmp7_1
93 0 112905 4 153.5382 plmp7_1
93 0 130158 5 152.31992 plmp7_1
93 0 112824 6 150.68861 plmp7_1
93 0 118129 7 142.4716 plmp7_1
93 0 110877 8 142.21535 plmp7_1
93 0 145627 9 141.38663 plmp7_1
94 0 931614 0 172.90872 plmp7_1
94 0 145901 1 171.52388 plmp7_1
94 0 117874 2 154.46237 plmp7_1
94 0 2788983 3 150.90547 plmp7_1
94 0 112905 4 142.57448 plmp7_1
94 0 118129 5 142.23364 plmp7_1
94 0 4151827 6 142.06741 plmp7_1
94 0 112824 7 140.146 plmp7_1
94 0 111736 8 138.07486 plmp7_1
94 0 118334 9 137.9416 plmp7_1
95 0 105495 0 85.74444 plmp7_1
95 0 108555 1 84.26514 plmp7_1
95 0 107232 2 77.41364 plmp7_1
95 0 107475 3 74.02357 plmp7_1
95 0 106171 4 65.19945 plmp7_1
95 0 103631 5 59.9091 plmp7_1
95 0 106073 6 58.177555 plmp7_1
95 0 109444 7 57.540012 plmp7_1
95 0 112750 8 55.221436 plmp7_1
95 0 104571 9 52.96394 plmp7_1
96 0 108555 0 90.98556 plmp7_1
96 0 103631 1 87.709755 plmp7_1
96 0 92746 2 67.93087 plmp7_1
96 0 799986 3 66.62869 plmp7_1
96 0 96542 4 65.56594 plmp7_1
96 0 93395 5 63.823597 plmp7_1
96 0 96341 6 62.59954 plmp7_1
96 0 96359 7 62.590965 plmp7_1
96 0 103511 8 62.428772 plmp7_1
96 0 96850 9 62.17862 plmp7_1
97 0 112101 0 108.50364 plmp7_1
97 0 111922 1 81.575226 plmp7_1
97 0 2655597 2 51.93422 plmp7_1
97 0 146554 3 49.87036 plmp7_1
97 0 117959 4 49.70073 plmp7_1
97 0 2795279 5 49.43302 plmp7_1
97 0 2959743 6 49.247444 plmp7_1
97 0 858289 7 49.247444 plmp7_1
97 0 112574 8 48.810303 plmp7_1
97 0 820748 9 48.662106 plmp7_1
98 0 118467 0 28.886806 plmp7_1
98 0 134732 1 28.562908 plmp7_1
98 0 145804 2 27.634604 plmp7_1
98 0 2676593 3 26.919277 plmp7_1
98 0 2811845 4 26.69188 plmp7_1
98 0 117832 5 26.546982 plmp7_1
98 0 3181481 6 26.414537 plmp7_1
98 0 112574 7 26.30645 plmp7_1
98 0 118148 8 25.994038 plmp7_1
98 0 2655591 9 25.910713 plmp7_1
99 0 112267 0 112.07256 plmp7_1
99 0 111884 1 81.6808 plmp7_1
99 0 110552 2 70.7618 plmp7_1
99 0 112723 3 65.60049 plmp7_1
99 0 110578 4 59.27395 plmp7_1
99 0 109976 5 57.53321 plmp7_1
99 0 145914 6 55.229244 plmp7_1
99 0 118121 7 55.065556 plmp7_1
99 0 142887 8 54.889805 plmp7_1
99 0 109673 9 54.871014 plmp7_1
100 0 112267 0 124.78513 plmp7_1
100 0 110552 1 101.78152 plmp7_1
100 0 111884 2 87.282036 plmp7_1
100 0 111886 3 80.9361 plmp7_1
100 0 110098 4 78.14986 plmp7_1
100 0 110296 5 77.59543 plmp7_1
100 0 109633 6 77.444595 plmp7_1
100 0 109673 7 76.34449 plmp7_1
100 0 854177 8 75.51584 plmp7_1
100 0 112723 9 75.46501 plmp7_1
