1 0 3204919 0 56.795013 plmp5_8
1 0 802972 1 49.621464 plmp5_8
1 0 2649076 2 47.835484 plmp5_8
1 0 2809767 3 47.763878 plmp5_8
1 0 2811850 4 47.763878 plmp5_8
1 0 2781925 5 47.011818 plmp5_8
1 0 3177197 6 44.967854 plmp5_8
1 0 3170730 7 44.94023 plmp5_8
1 0 4164893 8 42.998833 plmp5_8
1 0 3153112 9 42.95554 plmp5_8
2 0 103631 0 58.91747 plmp5_8
2 0 103549 1 50.88846 plmp5_8
2 0 104671 2 49.529663 plmp5_8
2 0 104673 3 46.604027 plmp5_8
2 0 105116 4 45.382416 plmp5_8
2 0 108555 5 44.802876 plmp5_8
2 0 104571 6 44.353752 plmp5_8
2 0 4170684 7 42.034832 plmp5_8
2 0 145692 8 41.934845 plmp5_8
2 0 105294 9 41.67608 plmp5_8
3 0 3162143 0 71.37178 plmp5_8
3 0 112584 1 61.595055 plmp5_8
3 0 215496 2 61.499954 plmp5_8
3 0 215694 3 61.499954 plmp5_8
3 0 2959735 4 61.498913 plmp5_8
3 0 111091 5 61.317055 plmp5_8
3 0 145890 6 60.660065 plmp5_8
3 0 145821 7 60.600483 plmp5_8
3 0 117907 8 58.782635 plmp5_8
3 0 117959 9 58.51113 plmp5_8
4 0 215694 0 149.64262 plmp5_8
4 0 2959735 1 149.64055 plmp5_8
4 0 215496 2 149.62405 plmp5_8
4 0 623142 3 141.2922 plmp5_8
4 0 3162143 4 139.84436 plmp5_8
4 0 118029 5 139.23328 plmp5_8
4 0 149007 6 118.81329 plmp5_8
4 0 903973 7 111.4371 plmp5_8
4 0 812450 8 101.06063 plmp5_8
4 0 78783 9 99.895195 plmp5_8
5 0 2672209 0 55.007282 plmp5_8
5 0 2657779 1 55.007282 plmp5_8
5 0 183480 2 49.66974 plmp5_8
5 0 110056 3 47.909187 plmp5_8
5 0 112708 4 46.07927 plmp5_8
5 0 145652 5 45.749557 plmp5_8
5 0 1740 6 45.747246 plmp5_8
5 0 110831 7 45.235886 plmp5_8
5 0 118217 8 43.869217 plmp5_8
5 0 108089 9 41.855602 plmp5_8
6 0 110654 0 62.705563 plmp5_8
6 0 110056 1 60.523796 plmp5_8
6 0 183480 2 51.97432 plmp5_8
6 0 111258 3 43.304462 plmp5_8
6 0 117932 4 41.713543 plmp5_8
6 0 2811844 5 41.049927 plmp5_8
6 0 2959750 6 41.049927 plmp5_8
6 0 111114 7 40.21269 plmp5_8
6 0 110599 8 38.73351 plmp5_8
6 0 3203656 9 38.499573 plmp5_8
7 0 147531 0 37.60486 plmp5_8
7 0 2672535 1 35.538963 plmp5_8
7 0 110932 2 34.544247 plmp5_8
7 0 147530 3 34.020676 plmp5_8
7 0 3195892 4 33.61133 plmp5_8
7 0 2655591 5 33.37577 plmp5_8
7 0 118511 6 33.233128 plmp5_8
7 0 134749 7 33.188656 plmp5_8
7 0 145715 8 32.811237 plmp5_8
7 0 145713 9 32.591408 plmp5_8
8 0 112174 0 87.99593 plmp5_8
8 0 134749 1 86.28984 plmp5_8
8 0 145715 2 79.15386 plmp5_8
8 0 145868 3 78.77837 plmp5_8
8 0 2678467 4 73.899506 plmp5_8
8 0 2679202 5 73.899506 plmp5_8
8 0 2959746 6 73.899506 plmp5_8
8 0 112834 7 73.78125 plmp5_8
8 0 147531 8 73.778175 plmp5_8
8 0 112748 9 69.15124 plmp5_8
9 0 2675751 0 83.3037 plmp5_8
9 0 127923 1 81.795364 plmp5_8
9 0 118212 2 81.49139 plmp5_8
9 0 127887 3 80.64304 plmp5_8
9 0 118317 4 78.588196 plmp5_8
9 0 109720 5 78.26111 plmp5_8
9 0 112641 6 77.91918 plmp5_8
9 0 118011 7 77.64463 plmp5_8
9 0 118454 8 77.2323 plmp5_8
9 0 118423 9 76.50678 plmp5_8
10 0 118087 0 83.5604 plmp5_8
10 0 112423 1 75.75303 plmp5_8
10 0 147531 2 72.48488 plmp5_8
10 0 110753 3 71.63292 plmp5_8
10 0 134743 4 71.061356 plmp5_8
10 0 145697 5 70.85491 plmp5_8
10 0 118484 6 70.6326 plmp5_8
10 0 111500 7 70.32694 plmp5_8
10 0 118236 8 70.095474 plmp5_8
10 0 118511 9 67.99183 plmp5_8
11 0 2810524 0 45.823578 plmp5_8
11 0 2811846 1 45.823578 plmp5_8
11 0 217512 2 43.73923 plmp5_8
11 0 3171724 3 42.13589 plmp5_8
11 0 3177199 4 42.13589 plmp5_8
11 0 3177200 5 42.13589 plmp5_8
11 0 873668 6 40.807884 plmp5_8
11 0 108197 7 40.57626 plmp5_8
11 0 2812210 8 39.32167 plmp5_8
11 0 3153112 9 38.689693 plmp5_8
12 0 2672535 0 54.164795 plmp5_8
12 0 3207860 1 53.437687 plmp5_8
12 0 3153112 2 46.35307 plmp5_8
12 0 3203658 3 45.71334 plmp5_8
12 0 3214780 4 43.110863 plmp5_8
12 0 3171725 5 42.540146 plmp5_8
12 0 3203657 6 41.818924 plmp5_8
12 0 3209686 7 41.777554 plmp5_8
12 0 3197367 8 41.036766 plmp5_8
12 0 4094005 9 40.860966 plmp5_8
13 0 4162111 0 58.0761 plmp5_8
13 0 2812588 1 56.15611 plmp5_8
13 0 2642828 2 53.523533 plmp5_8
13 0 145967 3 52.27992 plmp5_8
13 0 802973 4 49.001965 plmp5_8
13 0 803271 5 49.001965 plmp5_8
13 0 2959737 6 49.001965 plmp5_8
13 0 4106440 7 46.87981 plmp5_8
13 0 614392 8 46.562504 plmp5_8
13 0 614485 9 46.562504 plmp5_8
14 0 2742710 0 34.428402 plmp5_8
14 0 2153 1 34.206264 plmp5_8
14 0 614392 2 33.89294 plmp5_8
14 0 614485 3 33.89294 plmp5_8
14 0 108730 4 33.62567 plmp5_8
14 0 2670965 5 31.282598 plmp5_8
14 0 145931 6 30.319632 plmp5_8
14 0 108765 7 30.276175 plmp5_8
14 0 145790 8 29.96824 plmp5_8
14 0 2641100 9 29.332558 plmp5_8
15 0 2812588 0 104.43798 plmp5_8
15 0 4151822 1 91.9361 plmp5_8
15 0 4171965 2 72.461464 plmp5_8
15 0 2770446 3 70.365555 plmp5_8
15 0 2809767 4 59.316597 plmp5_8
15 0 2811850 5 59.316597 plmp5_8
15 0 2812587 6 55.08777 plmp5_8
15 0 2959748 7 55.08777 plmp5_8
15 0 4015951 8 54.814674 plmp5_8
15 0 2771249 9 54.663395 plmp5_8
16 0 4151822 0 84.15986 plmp5_8
16 0 4171965 1 54.127064 plmp5_8
16 0 2812588 2 52.56844 plmp5_8
16 0 2770446 3 51.884045 plmp5_8
16 0 4168362 4 47.375923 plmp5_8
16 0 4162936 5 46.925262 plmp5_8
16 0 4161362 6 44.021275 plmp5_8
16 0 3181025 7 43.599392 plmp5_8
16 0 4157405 8 43.2308 plmp5_8
16 0 4162535 9 43.153687 plmp5_8
17 0 148484 0 39.61931 plmp5_8
17 0 145865 1 35.584465 plmp5_8
17 0 1726 2 34.661964 plmp5_8
17 0 147527 3 33.938496 plmp5_8
17 0 4161362 4 33.886166 plmp5_8
17 0 813289 5 33.846237 plmp5_8
17 0 2670966 6 33.42908 plmp5_8
17 0 217512 7 33.16532 plmp5_8
17 0 2672526 8 33.16446 plmp5_8
17 0 2674863 9 33.16446 plmp5_8
18 0 205712 0 100.68505 plmp5_8
18 0 148484 1 73.12339 plmp5_8
18 0 620566 2 72.75987 plmp5_8
18 0 2795703 3 68.58696 plmp5_8
18 0 2797292 4 68.58696 plmp5_8
18 0 217288 5 64.99784 plmp5_8
18 0 1753 6 64.5327 plmp5_8
18 0 182990 7 64.52343 plmp5_8
18 0 145119 8 64.39456 plmp5_8
18 0 131156 9 63.643528 plmp5_8
19 0 2654533 0 100.40945 plmp5_8
19 0 2654756 1 100.40945 plmp5_8
19 0 4172500 2 70.007904 plmp5_8
19 0 118018 3 68.526695 plmp5_8
19 0 112775 4 65.515816 plmp5_8
19 0 112808 5 65.50965 plmp5_8
19 0 2679558 6 61.4979 plmp5_8
19 0 2654534 7 60.132362 plmp5_8
19 0 206098 8 59.759857 plmp5_8
19 0 2781925 9 58.831818 plmp5_8
20 0 2654533 0 104.247025 plmp5_8
20 0 2654756 1 104.247025 plmp5_8
20 0 4172500 2 68.7269 plmp5_8
20 0 112775 3 67.7434 plmp5_8
20 0 206098 4 65.44893 plmp5_8
20 0 145121 5 59.431015 plmp5_8
20 0 147528 6 58.841274 plmp5_8
20 0 110126 7 58.702114 plmp5_8
20 0 205712 8 58.44252 plmp5_8
20 0 4151825 9 57.65656 plmp5_8
21 0 873660 0 93.29334 plmp5_8
21 0 867657 1 80.046 plmp5_8
21 0 2804673 2 71.56591 plmp5_8
21 0 112799 3 70.812965 plmp5_8
21 0 117890 4 70.65205 plmp5_8
21 0 2659300 5 67.812935 plmp5_8
21 0 902267 6 67.54318 plmp5_8
21 0 3181482 7 67.159836 plmp5_8
21 0 145925 8 63.9979 plmp5_8
21 0 2654534 9 63.108067 plmp5_8
22 0 2659300 0 125.97306 plmp5_8
22 0 117890 1 109.74574 plmp5_8
22 0 112799 2 95.65009 plmp5_8
22 0 867657 3 87.261406 plmp5_8
22 0 118081 4 83.413605 plmp5_8
22 0 145829 5 81.16896 plmp5_8
22 0 145925 6 79.58776 plmp5_8
22 0 112774 7 79.19911 plmp5_8
22 0 2804673 8 77.97358 plmp5_8
22 0 112846 9 72.99285 plmp5_8
23 0 2810525 0 70.13625 plmp5_8
23 0 2811847 1 70.13625 plmp5_8
23 0 118449 2 63.41192 plmp5_8
23 0 2801435 3 60.43071 plmp5_8
23 0 1738 4 59.846527 plmp5_8
23 0 118180 5 58.287907 plmp5_8
23 0 2657927 6 58.224785 plmp5_8
23 0 112257 7 55.22229 plmp5_8
23 0 3217227 8 53.94823 plmp5_8
23 0 218457 9 53.911655 plmp5_8
24 0 145778 0 28.11854 plmp5_8
24 0 1738 1 27.441833 plmp5_8
24 0 145866 2 25.379683 plmp5_8
24 0 2678133 3 24.869497 plmp5_8
24 0 2804671 4 24.090342 plmp5_8
24 0 802408 5 24.077822 plmp5_8
24 0 2654754 6 22.885983 plmp5_8
24 0 145635 7 22.166851 plmp5_8
24 0 182558 8 21.414377 plmp5_8
24 0 3217476 9 21.234652 plmp5_8
25 0 112616 0 87.95123 plmp5_8
25 0 2655499 1 63.289803 plmp5_8
25 0 821305 2 50.06771 plmp5_8
25 0 3211503 3 48.26662 plmp5_8
25 0 108792 4 46.338737 plmp5_8
25 0 118021 5 45.831173 plmp5_8
25 0 117845 6 44.26918 plmp5_8
25 0 110318 7 44.00774 plmp5_8
25 0 2621067 8 43.960632 plmp5_8
25 0 4104821 9 40.86042 plmp5_8
26 0 117872 0 80.79539 plmp5_8
26 0 112616 1 75.94187 plmp5_8
26 0 118026 2 68.62248 plmp5_8
26 0 112045 3 65.47913 plmp5_8
26 0 145758 4 65.45655 plmp5_8
26 0 112324 5 62.955425 plmp5_8
26 0 117841 6 62.593094 plmp5_8
26 0 127910 7 61.928307 plmp5_8
26 0 112457 8 61.927364 plmp5_8
26 0 112700 9 61.43888 plmp5_8
27 0 4157382 0 134.19592 plmp5_8
27 0 4157405 1 134.19592 plmp5_8
27 0 111141 2 77.86935 plmp5_8
27 0 112346 3 70.65288 plmp5_8
27 0 112792 4 68.90204 plmp5_8
27 0 112523 5 68.4268 plmp5_8
27 0 111061 6 61.902798 plmp5_8
27 0 110384 7 54.260437 plmp5_8
27 0 104758 8 52.609364 plmp5_8
27 0 118489 9 51.261566 plmp5_8
28 0 4157382 0 110.6474 plmp5_8
28 0 4157405 1 110.6474 plmp5_8
28 0 112346 2 77.7075 plmp5_8
28 0 111141 3 63.068375 plmp5_8
28 0 217703 4 48.673054 plmp5_8
28 0 112523 5 46.959194 plmp5_8
28 0 110460 6 46.52021 plmp5_8
28 0 110060 7 45.595757 plmp5_8
28 0 112792 8 45.18 plmp5_8
28 0 111004 9 45.116776 plmp5_8
29 0 121164 0 28.272617 plmp5_8
29 0 118381 1 27.89993 plmp5_8
29 0 118044 2 27.883886 plmp5_8
29 0 109560 3 27.35008 plmp5_8
29 0 112485 4 27.210873 plmp5_8
29 0 4151826 5 27.03795 plmp5_8
29 0 117875 6 27.016663 plmp5_8
29 0 112646 7 26.826176 plmp5_8
29 0 111471 8 26.725494 plmp5_8
29 0 137739 9 26.589931 plmp5_8
30 0 205788 0 97.820496 plmp5_8
30 0 218921 1 79.20956 plmp5_8
30 0 899483 2 75.932274 plmp5_8
30 0 4151826 3 75.28493 plmp5_8
30 0 148795 4 74.48597 plmp5_8
30 0 626206 5 74.19363 plmp5_8
30 0 802770 6 73.58021 plmp5_8
30 0 2642828 7 71.76136 plmp5_8
30 0 145841 8 68.78925 plmp5_8
30 0 179213 9 66.92884 plmp5_8
31 0 118023 0 58.324856 plmp5_8
31 0 2795279 1 55.831673 plmp5_8
31 0 145925 2 52.158436 plmp5_8
31 0 118458 3 51.588017 plmp5_8
31 0 145909 4 51.450073 plmp5_8
31 0 4151820 5 50.275394 plmp5_8
31 0 2809763 6 49.774784 plmp5_8
31 0 111175 7 48.97961 plmp5_8
31 0 117924 8 48.971085 plmp5_8
31 0 2784695 9 48.646004 plmp5_8
32 0 112329 0 60.045547 plmp5_8
32 0 1728 1 59.33343 plmp5_8
32 0 111434 2 56.577713 plmp5_8
32 0 112850 3 56.081192 plmp5_8
32 0 125839 4 53.051178 plmp5_8
32 0 112090 5 52.431664 plmp5_8
32 0 112447 6 52.172375 plmp5_8
32 0 118455 7 50.659653 plmp5_8
32 0 111596 8 49.151825 plmp5_8
32 0 117853 9 48.924717 plmp5_8
33 0 2676594 0 49.23465 plmp5_8
33 0 109535 1 48.927647 plmp5_8
33 0 110795 2 48.1549 plmp5_8
33 0 109532 3 48.122845 plmp5_8
33 0 2809767 4 48.031765 plmp5_8
33 0 2811850 5 48.031765 plmp5_8
33 0 121158 6 47.96791 plmp5_8
33 0 111863 7 47.946243 plmp5_8
33 0 802973 8 47.66289 plmp5_8
33 0 803271 9 47.66289 plmp5_8
34 0 2676594 0 171.97142 plmp5_8
34 0 2675753 1 168.67957 plmp5_8
34 0 2679204 2 168.67957 plmp5_8
34 0 2809767 3 135.04616 plmp5_8
34 0 2811850 4 135.04616 plmp5_8
34 0 121158 5 71.32948 plmp5_8
34 0 136994 6 70.42941 plmp5_8
34 0 3216389 7 69.78425 plmp5_8
34 0 137727 8 66.847664 plmp5_8
34 0 112325 9 66.64288 plmp5_8
35 0 821306 0 37.43248 plmp5_8
35 0 2768888 1 37.349804 plmp5_8
35 0 205203 2 36.92713 plmp5_8
35 0 2654532 3 33.778954 plmp5_8
35 0 218927 4 33.662292 plmp5_8
35 0 4104821 5 32.61935 plmp5_8
35 0 932061 6 32.464684 plmp5_8
35 0 903979 7 32.202427 plmp5_8
35 0 902768 8 32.202427 plmp5_8
35 0 931124 9 31.81863 plmp5_8
36 0 118319 0 51.270638 plmp5_8
36 0 2670966 1 50.66712 plmp5_8
36 0 218927 2 49.10779 plmp5_8
36 0 118238 3 48.88709 plmp5_8
36 0 118142 4 48.863663 plmp5_8
36 0 3170730 5 48.577847 plmp5_8
36 0 3177197 6 48.577847 plmp5_8
36 0 118070 7 48.54777 plmp5_8
36 0 779833 8 48.413994 plmp5_8
36 0 798511 9 48.413994 plmp5_8
37 0 4151829 0 39.707363 plmp5_8
37 0 118269 1 37.436165 plmp5_8
37 0 145629 2 36.9605 plmp5_8
37 0 110742 3 35.193645 plmp5_8
37 0 103870 4 34.775116 plmp5_8
37 0 118290 5 34.680416 plmp5_8
37 0 110141 6 34.330116 plmp5_8
37 0 110137 7 34.12282 plmp5_8
37 0 121171 8 33.978348 plmp5_8
37 0 121168 9 33.920174 plmp5_8
38 0 145855 0 83.0111 plmp5_8
38 0 4151829 1 75.99753 plmp5_8
38 0 145731 2 75.875595 plmp5_8
38 0 118269 3 59.670765 plmp5_8
38 0 1993216 4 57.233704 plmp5_8
38 0 112910 5 49.022305 plmp5_8
38 0 111982 6 48.69754 plmp5_8
38 0 110774 7 47.715435 plmp5_8
38 0 112292 8 47.395966 plmp5_8
38 0 111420 9 46.33981 plmp5_8
39 0 112568 0 68.42674 plmp5_8
39 0 112420 1 58.766617 plmp5_8
39 0 118457 2 54.625546 plmp5_8
39 0 111432 3 51.08806 plmp5_8
39 0 2674861 4 48.883137 plmp5_8
39 0 2675754 5 48.883137 plmp5_8
39 0 2959744 6 48.871346 plmp5_8
39 0 855518 7 48.871346 plmp5_8
39 0 1731 8 47.987373 plmp5_8
39 0 130141 9 47.926212 plmp5_8
40 0 105200 0 71.597534 plmp5_8
40 0 1731 1 65.10309 plmp5_8
40 0 621044 2 64.47777 plmp5_8
40 0 621090 3 64.47777 plmp5_8
40 0 2959739 4 64.47777 plmp5_8
40 0 122254 5 59.135292 plmp5_8
40 0 2674861 6 57.73716 plmp5_8
40 0 2675754 7 57.73716 plmp5_8
40 0 108818 8 56.497246 plmp5_8
40 0 118457 9 55.954575 plmp5_8
41 0 112924 0 73.71551 plmp5_8
41 0 2811847 1 64.3608 plmp5_8
41 0 2810525 2 64.3561 plmp5_8
41 0 145756 3 61.188232 plmp5_8
41 0 112585 4 57.428837 plmp5_8
41 0 111198 5 56.627655 plmp5_8
41 0 2654533 6 55.917603 plmp5_8
41 0 2654756 7 55.917603 plmp5_8
41 0 111254 8 53.982796 plmp5_8
41 0 145785 9 52.96464 plmp5_8
42 0 112585 0 79.791565 plmp5_8
42 0 2654533 1 73.63139 plmp5_8
42 0 2654756 2 73.63139 plmp5_8
42 0 110132 3 67.5644 plmp5_8
42 0 112924 4 66.88595 plmp5_8
42 0 109186 5 66.03301 plmp5_8
42 0 111198 6 65.09338 plmp5_8
42 0 111891 7 63.619736 plmp5_8
42 0 145785 8 61.44012 plmp5_8
42 0 117833 9 58.688206 plmp5_8
43 0 2680590 0 60.701664 plmp5_8
43 0 2959745 1 60.701664 plmp5_8
43 0 112305 2 60.03974 plmp5_8
43 0 112920 3 57.185844 plmp5_8
43 0 110729 4 49.458046 plmp5_8
43 0 118148 5 45.79115 plmp5_8
43 0 112644 6 45.043858 plmp5_8
43 0 112803 7 44.97605 plmp5_8
43 0 104999 8 44.734417 plmp5_8
43 0 100926 9 44.55073 plmp5_8
44 0 96678 0 18.168095 plmp5_8
44 0 183480 1 17.733313 plmp5_8
44 0 2781925 2 17.347172 plmp5_8
44 0 131143 3 16.728506 plmp5_8
44 0 4172499 4 16.307177 plmp5_8
44 0 92563 5 16.24505 plmp5_8
44 0 118182 6 16.052513 plmp5_8
44 0 92375 7 15.823799 plmp5_8
44 0 112168 8 15.796392 plmp5_8
44 0 108645 9 15.547423 plmp5_8
45 0 3204917 0 104.05871 plmp5_8
45 0 800568 1 90.579056 plmp5_8
45 0 145903 2 86.795555 plmp5_8
45 0 866024 3 83.93605 plmp5_8
45 0 858802 4 83.93605 plmp5_8
45 0 150542 5 82.599815 plmp5_8
45 0 145861 6 79.695 plmp5_8
45 0 145772 7 77.43374 plmp5_8
45 0 626207 8 77.35031 plmp5_8
45 0 3181481 9 75.44996 plmp5_8
46 0 866024 0 184.72565 plmp5_8
46 0 858802 1 184.71533 plmp5_8
46 0 623145 2 142.79497 plmp5_8
46 0 3204917 3 135.51762 plmp5_8
46 0 2804673 4 133.79865 plmp5_8
46 0 145861 5 121.13782 plmp5_8
46 0 150542 6 119.89518 plmp5_8
46 0 903971 7 106.47315 plmp5_8
46 0 2959742 8 106.47315 plmp5_8
46 0 145772 9 105.66236 plmp5_8
47 0 2674861 0 88.10956 plmp5_8
47 0 2675754 1 88.10956 plmp5_8
47 0 2790213 2 50.981274 plmp5_8
47 0 2678133 3 50.493233 plmp5_8
47 0 2671723 4 49.848766 plmp5_8
47 0 2672209 5 49.01156 plmp5_8
47 0 2657779 6 49.01156 plmp5_8
47 0 3171725 7 48.518612 plmp5_8
47 0 145925 8 48.196774 plmp5_8
47 0 2795703 9 48.1963 plmp5_8
48 0 2674861 0 84.31578 plmp5_8
48 0 2675754 1 84.31578 plmp5_8
48 0 103019 2 43.316807 plmp5_8
48 0 111362 3 43.304626 plmp5_8
48 0 96612 4 41.279854 plmp5_8
48 0 96147 5 41.051727 plmp5_8
48 0 3170727 6 40.660725 plmp5_8
48 0 142882 7 39.606762 plmp5_8
48 0 145664 8 39.521103 plmp5_8
48 0 107451 9 39.37718 plmp5_8
49 0 2810525 0 56.439472 plmp5_8
49 0 2811847 1 56.439472 plmp5_8
49 0 4162535 2 47.372063 plmp5_8
49 0 3153112 3 41.088783 plmp5_8
49 0 4151826 4 38.852604 plmp5_8
49 0 2809767 5 37.98821 plmp5_8
49 0 2811850 6 37.98821 plmp5_8
49 0 2812210 7 37.814777 plmp5_8
49 0 2801435 8 36.373962 plmp5_8
49 0 2804672 9 35.327587 plmp5_8
50 0 3153112 0 72.716064 plmp5_8
50 0 4162535 1 66.21638 plmp5_8
50 0 2810525 2 61.251137 plmp5_8
50 0 2811847 3 61.251137 plmp5_8
50 0 2812210 4 40.975132 plmp5_8
50 0 3181025 5 40.91264 plmp5_8
50 0 2809767 6 40.830093 plmp5_8
50 0 2811850 7 40.830093 plmp5_8
50 0 4151826 8 40.402367 plmp5_8
50 0 2811844 9 38.933483 plmp5_8
51 0 112770 0 40.908154 plmp5_8
51 0 2752078 1 40.29492 plmp5_8
51 0 3197367 2 38.172634 plmp5_8
51 0 215412 3 37.600456 plmp5_8
51 0 4170684 4 37.59567 plmp5_8
51 0 112931 5 37.07042 plmp5_8
51 0 178546 6 36.673195 plmp5_8
51 0 213842 7 36.55196 plmp5_8
51 0 616869 8 35.964573 plmp5_8
51 0 616433 9 35.95215 plmp5_8
52 0 112770 0 35.895077 plmp5_8
52 0 112243 1 29.520538 plmp5_8
52 0 98744 2 29.51938 plmp5_8
52 0 103302 3 28.632294 plmp5_8
52 0 112931 4 28.552622 plmp5_8
52 0 802399 5 26.377304 plmp5_8
52 0 103439 6 25.975998 plmp5_8
52 0 90150 7 25.609346 plmp5_8
52 0 89354 8 25.44555 plmp5_8
52 0 85451 9 25.3481 plmp5_8
53 0 799985 0 59.63705 plmp5_8
53 0 2808291 1 55.357056 plmp5_8
53 0 2771250 2 55.01822 plmp5_8
53 0 145792 3 53.860023 plmp5_8
53 0 1744 4 51.11664 plmp5_8
53 0 148483 5 47.822357 plmp5_8
53 0 145647 6 47.319645 plmp5_8
53 0 2655591 7 46.268562 plmp5_8
53 0 145807 8 46.14888 plmp5_8
53 0 2650505 9 45.279743 plmp5_8
54 0 872994 0 90.95932 plmp5_8
54 0 811778 1 72.26592 plmp5_8
54 0 943668 2 71.24958 plmp5_8
54 0 811777 3 65.60332 plmp5_8
54 0 931123 4 62.562965 plmp5_8
54 0 2808291 5 58.28478 plmp5_8
54 0 2675752 6 55.337112 plmp5_8
54 0 616862 7 53.7797 plmp5_8
54 0 625711 8 52.92986 plmp5_8
54 0 1744 9 51.401768 plmp5_8
55 0 4154603 0 92.4521 plmp5_8
55 0 145855 1 68.670975 plmp5_8
55 0 145731 2 65.295975 plmp5_8
55 0 118269 3 61.897575 plmp5_8
55 0 145629 4 60.033787 plmp5_8
55 0 111261 5 52.655346 plmp5_8
55 0 112910 6 51.42486 plmp5_8
55 0 112292 7 46.76751 plmp5_8
55 0 111420 8 46.388546 plmp5_8
55 0 118101 9 46.138676 plmp5_8
56 0 4154603 0 150.94858 plmp5_8
56 0 118269 1 96.62489 plmp5_8
56 0 145731 2 93.665405 plmp5_8
56 0 112910 3 91.848785 plmp5_8
56 0 145855 4 76.28587 plmp5_8
56 0 145629 5 75.754456 plmp5_8
56 0 111261 6 74.170494 plmp5_8
56 0 110774 7 72.81544 plmp5_8
56 0 1993216 8 69.76097 plmp5_8
56 0 111420 9 68.88525 plmp5_8
57 0 867644 0 54.64403 plmp5_8
57 0 117856 1 52.594906 plmp5_8
57 0 802408 2 50.281307 plmp5_8
57 0 800859 3 49.92527 plmp5_8
57 0 118470 4 48.561726 plmp5_8
57 0 145718 5 48.363758 plmp5_8
57 0 800569 6 48.21953 plmp5_8
57 0 118224 7 46.754604 plmp5_8
57 0 145815 8 45.992252 plmp5_8
57 0 118075 9 45.94457 plmp5_8
58 0 145735 0 70.30976 plmp5_8
58 0 217702 1 55.542027 plmp5_8
58 0 2676592 2 50.86187 plmp5_8
58 0 112811 3 49.509457 plmp5_8
58 0 108547 4 48.123676 plmp5_8
58 0 112467 5 47.528778 plmp5_8
58 0 4104822 6 47.271122 plmp5_8
58 0 145800 7 47.21932 plmp5_8
58 0 106179 8 45.209484 plmp5_8
58 0 798626 9 43.85592 plmp5_8
59 0 2788983 0 176.92793 plmp5_8
59 0 4170685 1 154.86409 plmp5_8
59 0 118037 2 135.58765 plmp5_8
59 0 145627 3 134.45009 plmp5_8
59 0 118129 4 133.41574 plmp5_8
59 0 117968 5 133.06792 plmp5_8
59 0 118040 6 129.48792 plmp5_8
59 0 3205767 7 126.57639 plmp5_8
59 0 1087691 8 119.581985 plmp5_8
59 0 134735 9 117.95481 plmp5_8
60 0 3195891 0 180.47386 plmp5_8
60 0 4170685 1 152.74544 plmp5_8
60 0 2788983 2 148.44177 plmp5_8
60 0 118334 3 143.12701 plmp5_8
60 0 118129 4 140.78934 plmp5_8
60 0 621195 5 137.96649 plmp5_8
60 0 621270 6 137.96649 plmp5_8
60 0 145627 7 130.47804 plmp5_8
60 0 117968 8 127.8863 plmp5_8
60 0 130158 9 127.863914 plmp5_8
61 0 145743 0 98.25483 plmp5_8
61 0 145923 1 97.40485 plmp5_8
61 0 2812210 2 90.670166 plmp5_8
61 0 218457 3 83.27084 plmp5_8
61 0 112854 4 79.320694 plmp5_8
61 0 1732 5 75.024605 plmp5_8
61 0 3195092 6 71.48046 plmp5_8
61 0 179213 7 70.73563 plmp5_8
61 0 145815 8 70.10585 plmp5_8
61 0 219815 9 69.281265 plmp5_8
62 0 2812210 0 48.528286 plmp5_8
62 0 110926 1 39.379898 plmp5_8
62 0 110661 2 38.769672 plmp5_8
62 0 118299 3 36.56215 plmp5_8
62 0 118098 4 35.161057 plmp5_8
62 0 117875 5 35.078262 plmp5_8
62 0 107147 6 34.4642 plmp5_8
62 0 110091 7 34.45859 plmp5_8
62 0 109846 8 34.097084 plmp5_8
62 0 3195092 9 33.92476 plmp5_8
63 0 107685 0 37.2025 plmp5_8
63 0 106985 1 37.120968 plmp5_8
63 0 2812589 2 35.526585 plmp5_8
63 0 2959749 3 35.526585 plmp5_8
63 0 149702 4 35.298023 plmp5_8
63 0 111250 5 34.52601 plmp5_8
63 0 105525 6 34.344196 plmp5_8
63 0 107014 7 34.323788 plmp5_8
63 0 118148 8 33.820328 plmp5_8
63 0 109309 9 33.060017 plmp5_8
64 0 3205767 0 54.755455 plmp5_8
64 0 3205768 1 50.796703 plmp5_8
64 0 2758568 2 47.854187 plmp5_8
64 0 3207860 3 47.539894 plmp5_8
64 0 2809766 4 46.090485 plmp5_8
64 0 2811849 5 46.090485 plmp5_8
64 0 3205736 6 45.4786 plmp5_8
64 0 3214775 7 43.12916 plmp5_8
64 0 145895 8 42.945827 plmp5_8
64 0 821189 9 42.91884 plmp5_8
65 0 118123 0 133.87598 plmp5_8
65 0 150540 1 72.24558 plmp5_8
65 0 110645 2 72.02737 plmp5_8
65 0 873668 3 68.27002 plmp5_8
65 0 143378 4 63.415157 plmp5_8
65 0 145867 5 62.576332 plmp5_8
65 0 3211501 6 61.917786 plmp5_8
65 0 149286 7 61.0412 plmp5_8
65 0 111051 8 61.034138 plmp5_8
65 0 4151825 9 60.50547 plmp5_8
66 0 3211501 0 118.902374 plmp5_8
66 0 145867 1 108.455086 plmp5_8
66 0 118123 2 92.0422 plmp5_8
66 0 143378 3 89.54116 plmp5_8
66 0 109237 4 80.14434 plmp5_8
66 0 3195445 5 78.39159 plmp5_8
66 0 3213872 6 77.97407 plmp5_8
66 0 112935 7 76.74235 plmp5_8
66 0 3214775 8 74.59431 plmp5_8
66 0 110251 9 71.22998 plmp5_8
67 0 145800 0 132.46973 plmp5_8
67 0 867645 1 125.75713 plmp5_8
67 0 103675 2 77.25932 plmp5_8
67 0 106757 3 68.16351 plmp5_8
67 0 104522 4 63.429493 plmp5_8
67 0 110330 5 59.255417 plmp5_8
67 0 103678 6 58.63157 plmp5_8
67 0 108330 7 57.90551 plmp5_8
67 0 103721 8 57.752922 plmp5_8
67 0 106844 9 56.924885 plmp5_8
68 0 145800 0 125.30668 plmp5_8
68 0 867645 1 100.81747 plmp5_8
68 0 97893 2 74.22138 plmp5_8
68 0 88704 3 66.48087 plmp5_8
68 0 94177 4 65.579796 plmp5_8
68 0 88756 5 62.93388 plmp5_8
68 0 87585 6 61.673763 plmp5_8
68 0 103093 7 60.57012 plmp5_8
68 0 88819 8 60.38383 plmp5_8
68 0 93847 9 58.38021 plmp5_8
69 0 182558 0 75.046265 plmp5_8
69 0 111709 1 70.07523 plmp5_8
69 0 3214778 2 68.56107 plmp5_8
69 0 149289 3 68.06462 plmp5_8
69 0 117859 4 65.64633 plmp5_8
69 0 866022 5 64.37921 plmp5_8
69 0 219733 6 62.453243 plmp5_8
69 0 220342 7 62.453243 plmp5_8
69 0 149006 8 62.247677 plmp5_8
69 0 110068 9 62.2274 plmp5_8
70 0 182558 0 80.86563 plmp5_8
70 0 118111 1 73.83798 plmp5_8
70 0 3214778 2 73.31136 plmp5_8
70 0 111709 3 72.69089 plmp5_8
70 0 109835 4 71.650764 plmp5_8
70 0 112534 5 71.399185 plmp5_8
70 0 149289 6 69.12871 plmp5_8
70 0 866022 7 68.729576 plmp5_8
70 0 3214777 8 68.660095 plmp5_8
70 0 2790213 9 68.30593 plmp5_8
71 0 118052 0 77.17927 plmp5_8
71 0 112904 1 71.30518 plmp5_8
71 0 145121 2 70.25322 plmp5_8
71 0 112914 3 70.13597 plmp5_8
71 0 118234 4 67.43385 plmp5_8
71 0 3189783 5 66.954384 plmp5_8
71 0 112823 6 63.474785 plmp5_8
71 0 106096 7 61.61397 plmp5_8
71 0 118005 8 60.546505 plmp5_8
71 0 117979 9 60.269386 plmp5_8
72 0 118052 0 95.66314 plmp5_8
72 0 112904 1 85.348 plmp5_8
72 0 118234 2 81.148026 plmp5_8
72 0 145121 3 76.741425 plmp5_8
72 0 112914 4 75.61958 plmp5_8
72 0 118005 5 75.55959 plmp5_8
72 0 3189783 6 71.46069 plmp5_8
72 0 117979 7 64.83724 plmp5_8
72 0 112823 8 63.190456 plmp5_8
72 0 111103 9 59.15466 plmp5_8
73 0 2804674 0 37.28463 plmp5_8
73 0 110175 1 31.820738 plmp5_8
73 0 145624 2 30.896727 plmp5_8
73 0 109931 3 30.659431 plmp5_8
73 0 118043 4 30.079103 plmp5_8
73 0 118162 5 29.646723 plmp5_8
73 0 108538 6 29.580816 plmp5_8
73 0 1087954 7 29.460865 plmp5_8
73 0 110692 8 28.979326 plmp5_8
73 0 145638 9 28.50374 plmp5_8
74 0 2804674 0 62.34351 plmp5_8
74 0 107904 1 61.742115 plmp5_8
74 0 109284 2 59.62772 plmp5_8
74 0 112774 3 52.37989 plmp5_8
74 0 2675749 4 51.64665 plmp5_8
74 0 127908 5 48.00639 plmp5_8
74 0 110798 6 45.881535 plmp5_8
74 0 111245 7 44.577515 plmp5_8
74 0 108616 8 43.102898 plmp5_8
74 0 104844 9 41.913376 plmp5_8
75 0 89410 0 61.280037 plmp5_8
75 0 92916 1 59.20958 plmp5_8
75 0 96318 2 59.142895 plmp5_8
75 0 98058 3 59.132133 plmp5_8
75 0 89224 4 58.014633 plmp5_8
75 0 110964 5 57.966114 plmp5_8
75 0 112904 6 55.941605 plmp5_8
75 0 86533 7 54.72289 plmp5_8
75 0 3189783 8 54.43536 plmp5_8
75 0 88610 9 53.223866 plmp5_8
76 0 2679833 0 66.77189 plmp5_8
76 0 2680440 1 66.77189 plmp5_8
76 0 110964 2 63.845387 plmp5_8
76 0 2670966 3 61.526695 plmp5_8
76 0 145861 4 61.10549 plmp5_8
76 0 110779 5 56.83433 plmp5_8
76 0 112428 6 56.52372 plmp5_8
76 0 108900 7 55.85581 plmp5_8
76 0 112919 8 54.64563 plmp5_8
76 0 105454 9 53.85882 plmp5_8
77 0 4151822 0 87.56208 plmp5_8
77 0 2812588 1 86.14623 plmp5_8
77 0 145817 2 85.74565 plmp5_8
77 0 112726 3 81.238655 plmp5_8
77 0 2770446 4 78.49572 plmp5_8
77 0 134747 5 77.54197 plmp5_8
77 0 145647 6 73.48406 plmp5_8
77 0 111029 7 73.01332 plmp5_8
77 0 111455 8 68.81985 plmp5_8
77 0 1087693 9 66.58794 plmp5_8
78 0 2812588 0 33.90618 plmp5_8
78 0 118022 1 32.176464 plmp5_8
78 0 616862 2 31.240685 plmp5_8
78 0 112358 3 29.954657 plmp5_8
78 0 111092 4 29.165947 plmp5_8
78 0 111869 5 29.057285 plmp5_8
78 0 117899 6 28.811342 plmp5_8
78 0 799976 7 28.373102 plmp5_8
78 0 145632 8 27.802504 plmp5_8
78 0 117968 9 27.722965 plmp5_8
79 0 111009 0 115.032166 plmp5_8
79 0 118143 1 103.674774 plmp5_8
79 0 111470 2 97.9728 plmp5_8
79 0 110221 3 78.26196 plmp5_8
79 0 2680438 4 74.07382 plmp5_8
79 0 118513 5 57.67619 plmp5_8
79 0 3171728 6 55.009636 plmp5_8
79 0 110183 7 54.667618 plmp5_8
79 0 218665 8 51.29391 plmp5_8
79 0 118372 9 51.215523 plmp5_8
80 0 111009 0 96.71376 plmp5_8
80 0 111470 1 96.52912 plmp5_8
80 0 118143 2 96.50219 plmp5_8
80 0 145859 3 70.566574 plmp5_8
80 0 2672210 4 63.406433 plmp5_8
80 0 2654755 5 63.406433 plmp5_8
80 0 110221 6 63.073135 plmp5_8
80 0 626054 7 61.35069 plmp5_8
80 0 106328 8 60.43389 plmp5_8
80 0 109342 9 59.32293 plmp5_8
81 0 148484 0 66.839935 plmp5_8
81 0 112440 1 50.835403 plmp5_8
81 0 122253 2 46.079834 plmp5_8
81 0 118445 3 39.629574 plmp5_8
81 0 117833 4 37.310562 plmp5_8
81 0 127900 5 35.822422 plmp5_8
81 0 1726 6 34.50128 plmp5_8
81 0 112616 7 34.013916 plmp5_8
81 0 117841 8 33.689053 plmp5_8
81 0 112421 9 33.42119 plmp5_8
82 0 2803250 0 65.25846 plmp5_8
82 0 127900 1 63.446075 plmp5_8
82 0 118368 2 62.918568 plmp5_8
82 0 1726 3 58.77804 plmp5_8
82 0 799981 4 57.315506 plmp5_8
82 0 145865 5 56.64333 plmp5_8
82 0 216735 6 54.051113 plmp5_8
82 0 216806 7 54.051113 plmp5_8
82 0 118126 8 53.58037 plmp5_8
82 0 111954 9 46.43897 plmp5_8
83 0 145859 0 93.564835 plmp5_8
83 0 112922 1 64.385666 plmp5_8
83 0 111333 2 57.82131 plmp5_8
83 0 112368 3 57.013264 plmp5_8
83 0 109894 4 55.251728 plmp5_8
83 0 110289 5 55.00683 plmp5_8
83 0 111286 6 54.95106 plmp5_8
83 0 137746 7 54.6225 plmp5_8
83 0 145870 8 54.453648 plmp5_8
83 0 111246 9 52.82412 plmp5_8
84 0 145859 0 91.684685 plmp5_8
84 0 112922 1 75.9994 plmp5_8
84 0 107293 2 67.08786 plmp5_8
84 0 800858 3 64.37187 plmp5_8
84 0 110681 4 62.798462 plmp5_8
84 0 111151 5 62.2634 plmp5_8
84 0 109895 6 62.15612 plmp5_8
84 0 109894 7 60.87443 plmp5_8
84 0 109893 8 60.209427 plmp5_8
84 0 122251 9 59.826714 plmp5_8
85 0 2959737 0 128.47896 plmp5_8
85 0 802973 1 127.754616 plmp5_8
85 0 803271 2 127.754616 plmp5_8
85 0 3177199 3 95.050125 plmp5_8
85 0 3171724 4 94.87723 plmp5_8
85 0 3177200 5 94.87723 plmp5_8
85 0 150543 6 84.65191 plmp5_8
85 0 2959732 7 84.65191 plmp5_8
85 0 146553 8 84.165054 plmp5_8
85 0 146790 9 84.165054 plmp5_8
86 0 3205766 0 78.141785 plmp5_8
86 0 3171724 1 76.20917 plmp5_8
86 0 3177199 2 76.20917 plmp5_8
86 0 3177200 3 76.20917 plmp5_8
86 0 802973 4 67.99977 plmp5_8
86 0 803271 5 67.99977 plmp5_8
86 0 2959737 6 67.99977 plmp5_8
86 0 150543 7 66.898636 plmp5_8
86 0 2959732 8 66.898636 plmp5_8
86 0 146553 9 66.367355 plmp5_8
87 0 111905 0 28.743725 plmp5_8
87 0 1088038 1 28.166996 plmp5_8
87 0 110760 2 27.48617 plmp5_8
87 0 110372 3 27.007603 plmp5_8
87 0 106464 4 26.74437 plmp5_8
87 0 143378 5 26.653894 plmp5_8
87 0 104480 6 26.22663 plmp5_8
87 0 107238 7 24.092838 plmp5_8
87 0 2788474 8 23.820776 plmp5_8
87 0 112689 9 23.636126 plmp5_8
88 0 182991 0 60.471725 plmp5_8
88 0 182992 1 60.053337 plmp5_8
88 0 2654277 2 59.732063 plmp5_8
88 0 149653 3 56.43244 plmp5_8
88 0 145897 4 54.542732 plmp5_8
88 0 625832 5 53.134388 plmp5_8
88 0 626055 6 53.134388 plmp5_8
88 0 1756 7 51.63824 plmp5_8
88 0 145633 8 50.60693 plmp5_8
88 0 111801 9 48.886078 plmp5_8
89 0 4151822 0 144.03136 plmp5_8
89 0 2770446 1 135.21312 plmp5_8
89 0 2812588 2 118.968414 plmp5_8
89 0 4162110 3 93.68375 plmp5_8
89 0 145817 4 66.8205 plmp5_8
89 0 134747 5 66.319984 plmp5_8
89 0 145647 6 64.484985 plmp5_8
89 0 4162111 7 58.19959 plmp5_8
89 0 145954 8 55.957447 plmp5_8
89 0 219509 9 46.549046 plmp5_8
90 0 4151822 0 146.404 plmp5_8
90 0 2812588 1 141.59677 plmp5_8
90 0 2770446 2 120.11733 plmp5_8
90 0 145626 3 91.763145 plmp5_8
90 0 118054 4 80.59969 plmp5_8
90 0 111913 5 80.3947 plmp5_8
90 0 626454 6 79.09487 plmp5_8
90 0 134747 7 78.256744 plmp5_8
90 0 145817 8 77.634544 plmp5_8
90 0 2620698 9 75.81458 plmp5_8
91 0 3212514 0 180.26459 plmp5_8
91 0 118507 1 73.66837 plmp5_8
91 0 145785 2 73.623604 plmp5_8
91 0 1087959 3 72.71709 plmp5_8
91 0 145892 4 71.382286 plmp5_8
91 0 109857 5 70.11097 plmp5_8
91 0 110249 6 69.528404 plmp5_8
91 0 219097 7 64.96322 plmp5_8
91 0 145873 8 64.63601 plmp5_8
91 0 145880 9 64.1378 plmp5_8
92 0 3212514 0 178.80377 plmp5_8
92 0 110249 1 94.89931 plmp5_8
92 0 1087959 2 90.5092 plmp5_8
92 0 118507 3 89.28411 plmp5_8
92 0 145892 4 71.4018 plmp5_8
92 0 109857 5 68.39554 plmp5_8
92 0 219097 6 65.308876 plmp5_8
92 0 110032 7 64.76778 plmp5_8
92 0 110506 8 64.40873 plmp5_8
92 0 134725 9 64.37324 plmp5_8
93 0 145901 0 121.845924 plmp5_8
93 0 118334 1 119.92548 plmp5_8
93 0 130158 2 118.49093 plmp5_8
93 0 117874 3 117.45528 plmp5_8
93 0 112824 4 116.1158 plmp5_8
93 0 118107 5 113.26205 plmp5_8
93 0 112905 6 108.37499 plmp5_8
93 0 2788983 7 106.5049 plmp5_8
93 0 118129 8 106.287254 plmp5_8
93 0 931614 9 105.77767 plmp5_8
94 0 931614 0 125.16396 plmp5_8
94 0 145901 1 110.66278 plmp5_8
94 0 117874 2 105.55534 plmp5_8
94 0 2788983 3 102.639275 plmp5_8
94 0 112824 4 97.60627 plmp5_8
94 0 118334 5 95.25713 plmp5_8
94 0 3195891 6 94.97206 plmp5_8
94 0 4151827 7 94.54207 plmp5_8
94 0 118129 8 93.15841 plmp5_8
94 0 145627 9 90.97207 plmp5_8
95 0 108555 0 66.67363 plmp5_8
95 0 105495 1 65.966774 plmp5_8
95 0 107232 2 59.67908 plmp5_8
95 0 106171 3 54.822247 plmp5_8
95 0 107475 4 53.263107 plmp5_8
95 0 103631 5 44.471447 plmp5_8
95 0 106073 6 42.08838 plmp5_8
95 0 109444 7 41.71841 plmp5_8
95 0 112750 8 40.49632 plmp5_8
95 0 101996 9 40.371887 plmp5_8
96 0 108555 0 63.35581 plmp5_8
96 0 103631 1 59.524902 plmp5_8
96 0 92705 2 49.821297 plmp5_8
96 0 96542 3 49.29535 plmp5_8
96 0 96341 4 49.01137 plmp5_8
96 0 93395 5 48.14349 plmp5_8
96 0 92746 6 48.11836 plmp5_8
96 0 105495 7 47.931744 plmp5_8
96 0 96359 8 47.703293 plmp5_8
96 0 93739 9 47.69469 plmp5_8
97 0 112101 0 79.84582 plmp5_8
97 0 111922 1 54.55344 plmp5_8
97 0 820748 2 33.992233 plmp5_8
97 0 146554 3 33.73888 plmp5_8
97 0 117959 4 33.060116 plmp5_8
97 0 2655597 5 32.29582 plmp5_8
97 0 112247 6 31.694956 plmp5_8
97 0 112574 7 31.09768 plmp5_8
97 0 2959743 8 30.10655 plmp5_8
97 0 858289 9 30.10655 plmp5_8
98 0 118467 0 25.046139 plmp5_8
98 0 2655591 1 23.246698 plmp5_8
98 0 134732 2 22.898935 plmp5_8
98 0 2676593 3 21.659231 plmp5_8
98 0 3181481 4 21.471655 plmp5_8
98 0 145822 5 21.13505 plmp5_8
98 0 145804 6 21.121521 plmp5_8
98 0 112901 7 21.085587 plmp5_8
98 0 103809 8 20.996264 plmp5_8
98 0 112574 9 20.970587 plmp5_8
99 0 112267 0 85.3702 plmp5_8
99 0 111884 1 60.54117 plmp5_8
99 0 110552 2 47.5108 plmp5_8
99 0 145914 3 39.96258 plmp5_8
99 0 109976 4 39.843193 plmp5_8
99 0 118121 5 39.466393 plmp5_8
99 0 112723 6 39.19397 plmp5_8
99 0 110578 7 38.659344 plmp5_8
99 0 104759 8 37.544243 plmp5_8
99 0 100853 9 35.630276 plmp5_8
100 0 112267 0 92.60632 plmp5_8
100 0 110552 1 76.07651 plmp5_8
100 0 111884 2 74.02818 plmp5_8
100 0 108405 3 65.50721 plmp5_8
100 0 104524 4 65.46841 plmp5_8
100 0 111381 5 63.730087 plmp5_8
100 0 102981 6 61.437965 plmp5_8
100 0 112033 7 61.124123 plmp5_8
100 0 110098 8 60.651333 plmp5_8
100 0 109673 9 60.480553 plmp5_8
