1 0 3204919 0 67.684395 plmp6_2
1 0 2649076 1 62.461426 plmp6_2
1 0 2809767 2 61.06536 plmp6_2
1 0 2811850 3 61.06536 plmp6_2
1 0 4164893 4 61.035152 plmp6_2
1 0 3177197 5 57.608715 plmp6_2
1 0 3170730 6 57.581093 plmp6_2
1 0 802972 7 57.3216 plmp6_2
1 0 3153112 8 57.30523 plmp6_2
1 0 2781925 9 56.42219 plmp6_2
2 0 103631 0 64.29385 plmp6_2
2 0 103549 1 57.4591 plmp6_2
2 0 104671 2 57.396484 plmp6_2
2 0 145692 3 56.266262 plmp6_2
2 0 104571 4 53.76435 plmp6_2
2 0 105116 5 53.0587 plmp6_2
2 0 108555 6 52.15646 plmp6_2
2 0 104673 7 49.86894 plmp6_2
2 0 105294 8 47.84328 plmp6_2
2 0 109928 9 47.489056 plmp6_2
3 0 3162143 0 81.00631 plmp6_2
3 0 215496 1 71.25995 plmp6_2
3 0 215694 2 71.25995 plmp6_2
3 0 2959735 3 71.25891 plmp6_2
3 0 130157 4 69.57772 plmp6_2
3 0 145890 5 69.38833 plmp6_2
3 0 112584 6 67.809105 plmp6_2
3 0 118475 7 67.59789 plmp6_2
3 0 145821 8 65.50675 plmp6_2
3 0 111091 9 65.46601 plmp6_2
4 0 215694 0 179.78296 plmp6_2
4 0 2959735 1 179.78088 plmp6_2
4 0 215496 2 179.76439 plmp6_2
4 0 623142 3 160.89148 plmp6_2
4 0 3162143 4 159.3074 plmp6_2
4 0 118029 5 156.27504 plmp6_2
4 0 149007 6 140.41328 plmp6_2
4 0 903973 7 127.99509 plmp6_2
4 0 78783 8 113.63086 plmp6_2
4 0 111920 9 110.49422 plmp6_2
5 0 2672209 0 59.86823 plmp6_2
5 0 2657779 1 59.86823 plmp6_2
5 0 183480 2 54.94042 plmp6_2
5 0 145652 3 54.195766 plmp6_2
5 0 112708 4 53.202305 plmp6_2
5 0 110056 5 52.892807 plmp6_2
5 0 1740 6 51.939854 plmp6_2
5 0 110831 7 50.027164 plmp6_2
5 0 118217 8 46.24172 plmp6_2
5 0 108089 9 45.39169 plmp6_2
6 0 110654 0 103.38023 plmp6_2
6 0 110056 1 83.9568 plmp6_2
6 0 183480 2 65.60648 plmp6_2
6 0 3203656 3 64.62619 plmp6_2
6 0 3206414 4 64.62619 plmp6_2
6 0 111258 5 60.527145 plmp6_2
6 0 117932 6 58.29079 plmp6_2
6 0 111114 7 56.98612 plmp6_2
6 0 110789 8 51.47928 plmp6_2
6 0 110599 9 46.343285 plmp6_2
7 0 147531 0 40.071533 plmp6_2
7 0 2672535 1 39.266785 plmp6_2
7 0 2655591 2 39.080044 plmp6_2
7 0 134749 3 38.886993 plmp6_2
7 0 2678467 4 38.78252 plmp6_2
7 0 2679202 5 38.78252 plmp6_2
7 0 2959746 6 38.78252 plmp6_2
7 0 145715 7 37.411606 plmp6_2
7 0 3195892 8 37.170883 plmp6_2
7 0 145713 9 37.149002 plmp6_2
8 0 134749 0 98.454384 plmp6_2
8 0 112174 1 95.83075 plmp6_2
8 0 145715 2 90.26424 plmp6_2
8 0 145868 3 86.85833 plmp6_2
8 0 112834 4 84.8082 plmp6_2
8 0 2678467 5 82.7893 plmp6_2
8 0 2679202 6 82.7893 plmp6_2
8 0 2959746 7 82.7893 plmp6_2
8 0 147531 8 81.71205 plmp6_2
8 0 112748 9 77.83151 plmp6_2
9 0 2675751 0 91.383995 plmp6_2
9 0 118212 1 83.47249 plmp6_2
9 0 854177 2 82.1942 plmp6_2
9 0 147530 3 81.04031 plmp6_2
9 0 112641 4 80.57145 plmp6_2
9 0 118317 5 78.56721 plmp6_2
9 0 127923 6 78.21492 plmp6_2
9 0 127887 7 75.14899 plmp6_2
9 0 118423 8 74.41356 plmp6_2
9 0 118318 9 74.241394 plmp6_2
10 0 118087 0 105.36591 plmp6_2
10 0 112423 1 105.09053 plmp6_2
10 0 111500 2 95.63219 plmp6_2
10 0 147531 3 90.01925 plmp6_2
10 0 214949 4 89.00092 plmp6_2
10 0 215071 5 89.00092 plmp6_2
10 0 118236 6 88.5857 plmp6_2
10 0 112800 7 87.69198 plmp6_2
10 0 110753 8 87.5452 plmp6_2
10 0 134743 9 87.49354 plmp6_2
11 0 2810524 0 60.619503 plmp6_2
11 0 2811846 1 60.619503 plmp6_2
11 0 873668 2 58.186707 plmp6_2
11 0 3171724 3 56.801373 plmp6_2
11 0 3177199 4 56.801373 plmp6_2
11 0 3177200 5 56.801373 plmp6_2
11 0 217512 6 55.50573 plmp6_2
11 0 145960 7 55.261673 plmp6_2
11 0 2812210 8 55.091755 plmp6_2
11 0 2743678 9 53.841858 plmp6_2
12 0 2672535 0 71.74447 plmp6_2
12 0 3207860 1 53.374916 plmp6_2
12 0 183479 2 47.71611 plmp6_2
12 0 3153112 3 47.685722 plmp6_2
12 0 3204919 4 46.617558 plmp6_2
12 0 3211503 5 46.449467 plmp6_2
12 0 3216389 6 45.63565 plmp6_2
12 0 4172500 7 45.50035 plmp6_2
12 0 3181025 8 45.14383 plmp6_2
12 0 4151830 9 44.460922 plmp6_2
13 0 2812588 0 71.82392 plmp6_2
13 0 4162111 1 67.86571 plmp6_2
13 0 145967 2 67.85421 plmp6_2
13 0 2642828 3 64.67301 plmp6_2
13 0 4106440 4 60.57826 plmp6_2
13 0 802973 5 60.19052 plmp6_2
13 0 803271 6 60.19052 plmp6_2
13 0 2959737 7 60.19052 plmp6_2
13 0 2959730 8 57.093773 plmp6_2
13 0 145632 9 55.214424 plmp6_2
14 0 108730 0 41.3521 plmp6_2
14 0 614392 1 41.06082 plmp6_2
14 0 614485 2 41.06082 plmp6_2
14 0 2153 3 38.927345 plmp6_2
14 0 2812588 4 36.995323 plmp6_2
14 0 2670965 5 36.546963 plmp6_2
14 0 117942 6 35.508366 plmp6_2
14 0 108772 7 35.388992 plmp6_2
14 0 2742710 8 35.173447 plmp6_2
14 0 108193 9 34.586235 plmp6_2
15 0 2812588 0 114.60931 plmp6_2
15 0 4151822 1 99.9592 plmp6_2
15 0 2770446 2 79.50285 plmp6_2
15 0 4171965 3 72.461464 plmp6_2
15 0 2809767 4 69.7666 plmp6_2
15 0 2811850 5 69.7666 plmp6_2
15 0 2812587 6 64.175766 plmp6_2
15 0 2959748 7 64.175766 plmp6_2
15 0 2812210 8 63.91261 plmp6_2
15 0 3153112 9 63.03382 plmp6_2
16 0 4151822 0 102.58365 plmp6_2
16 0 2812588 1 70.892265 plmp6_2
16 0 2770446 2 66.276344 plmp6_2
16 0 4171965 3 61.319653 plmp6_2
16 0 145817 4 57.32187 plmp6_2
16 0 4162936 5 53.327496 plmp6_2
16 0 4162111 6 52.296963 plmp6_2
16 0 134747 7 51.304653 plmp6_2
16 0 4168362 8 50.791664 plmp6_2
16 0 3209687 9 50.113552 plmp6_2
17 0 148484 0 41.592617 plmp6_2
17 0 813289 1 40.233852 plmp6_2
17 0 4161362 2 38.79432 plmp6_2
17 0 145865 3 38.50146 plmp6_2
17 0 150542 4 38.409622 plmp6_2
17 0 147527 5 38.263664 plmp6_2
17 0 1726 6 38.247242 plmp6_2
17 0 2783506 7 37.731895 plmp6_2
17 0 111122 8 37.660873 plmp6_2
17 0 215412 9 37.47789 plmp6_2
18 0 205712 0 111.47599 plmp6_2
18 0 148484 1 93.395355 plmp6_2
18 0 620566 2 86.42831 plmp6_2
18 0 2795703 3 81.21881 plmp6_2
18 0 2797292 4 81.21881 plmp6_2
18 0 1753 5 80.271194 plmp6_2
18 0 131156 6 79.14471 plmp6_2
18 0 815689 7 78.17035 plmp6_2
18 0 217512 8 77.799614 plmp6_2
18 0 218133 9 77.64235 plmp6_2
19 0 2654533 0 122.1905 plmp6_2
19 0 2654756 1 122.1905 plmp6_2
19 0 4172500 2 85.98241 plmp6_2
19 0 4151825 3 84.817894 plmp6_2
19 0 219509 4 78.075165 plmp6_2
19 0 3203656 5 78.05514 plmp6_2
19 0 3206414 6 78.05514 plmp6_2
19 0 112808 7 77.24625 plmp6_2
19 0 4151826 8 76.881615 plmp6_2
19 0 118018 9 75.90684 plmp6_2
20 0 2654533 0 127.78505 plmp6_2
20 0 2654756 1 127.78505 plmp6_2
20 0 4151825 2 85.82226 plmp6_2
20 0 4172500 3 84.70141 plmp6_2
20 0 112775 4 79.387054 plmp6_2
20 0 219509 5 78.075165 plmp6_2
20 0 206098 6 77.934074 plmp6_2
20 0 3203656 7 76.86061 plmp6_2
20 0 3206414 8 76.86061 plmp6_2
20 0 110085 9 76.34636 plmp6_2
21 0 873660 0 112.73795 plmp6_2
21 0 867657 1 97.21017 plmp6_2
21 0 112799 2 94.93019 plmp6_2
21 0 117890 3 93.14305 plmp6_2
21 0 145925 4 88.22246 plmp6_2
21 0 2804673 5 87.27406 plmp6_2
21 0 2659300 6 86.3292 plmp6_2
21 0 3181482 7 84.97107 plmp6_2
21 0 902267 8 84.033615 plmp6_2
21 0 821306 9 83.765236 plmp6_2
22 0 2659300 0 144.42833 plmp6_2
22 0 117890 1 132.17691 plmp6_2
22 0 112799 2 119.17426 plmp6_2
22 0 145829 3 106.740295 plmp6_2
22 0 145925 4 106.72995 plmp6_2
22 0 867657 5 106.36012 plmp6_2
22 0 118081 6 101.07981 plmp6_2
22 0 112774 7 99.89946 plmp6_2
22 0 2804673 8 96.105385 plmp6_2
22 0 112846 9 93.598854 plmp6_2
23 0 2810525 0 76.20645 plmp6_2
23 0 2811847 1 76.20645 plmp6_2
23 0 118449 2 70.776985 plmp6_2
23 0 118180 3 65.45892 plmp6_2
23 0 2801435 4 64.88607 plmp6_2
23 0 2657927 5 64.308556 plmp6_2
23 0 4162535 6 60.416668 plmp6_2
23 0 1738 7 60.301125 plmp6_2
23 0 218457 8 58.842968 plmp6_2
23 0 145738 9 58.826973 plmp6_2
24 0 1738 0 33.650078 plmp6_2
24 0 145778 1 33.0275 plmp6_2
24 0 802408 2 29.439545 plmp6_2
24 0 2678133 3 29.234049 plmp6_2
24 0 2804671 4 27.042376 plmp6_2
24 0 145866 5 26.59886 plmp6_2
24 0 182558 6 25.96821 plmp6_2
24 0 2790213 7 24.204422 plmp6_2
24 0 145635 8 23.727406 plmp6_2
24 0 2654754 9 23.594004 plmp6_2
25 0 112616 0 101.37068 plmp6_2
25 0 2655499 1 71.461266 plmp6_2
25 0 108792 2 59.322536 plmp6_2
25 0 110318 3 55.321873 plmp6_2
25 0 821305 4 55.181595 plmp6_2
25 0 3211503 5 54.19478 plmp6_2
25 0 118021 6 50.82917 plmp6_2
25 0 117845 7 47.130146 plmp6_2
25 0 2621067 8 46.5968 plmp6_2
25 0 111495 9 45.225563 plmp6_2
26 0 117872 0 95.29095 plmp6_2
26 0 112616 1 87.098625 plmp6_2
26 0 112045 2 79.562614 plmp6_2
26 0 145758 3 75.41482 plmp6_2
26 0 112457 4 73.20559 plmp6_2
26 0 118026 5 73.06091 plmp6_2
26 0 4161362 6 72.96173 plmp6_2
26 0 110086 7 71.75315 plmp6_2
26 0 112324 8 71.15075 plmp6_2
26 0 117841 9 71.0279 plmp6_2
27 0 4157382 0 166.979 plmp6_2
27 0 4157405 1 166.979 plmp6_2
27 0 111141 2 87.2271 plmp6_2
27 0 112346 3 84.5582 plmp6_2
27 0 112523 4 74.81123 plmp6_2
27 0 112792 5 67.36228 plmp6_2
27 0 110384 6 63.199413 plmp6_2
27 0 145636 7 63.150238 plmp6_2
27 0 182992 8 63.11354 plmp6_2
27 0 217703 9 62.049904 plmp6_2
28 0 4157382 0 138.94751 plmp6_2
28 0 4157405 1 138.94751 plmp6_2
28 0 112346 2 90.017395 plmp6_2
28 0 111141 3 77.43302 plmp6_2
28 0 118489 4 56.816 plmp6_2
28 0 110384 5 55.7317 plmp6_2
28 0 110706 6 54.39293 plmp6_2
28 0 212970 7 53.89452 plmp6_2
28 0 931121 8 53.362514 plmp6_2
28 0 112071 9 53.353184 plmp6_2
29 0 118044 0 33.402866 plmp6_2
29 0 4151826 1 33.085182 plmp6_2
29 0 117875 2 32.966637 plmp6_2
29 0 137739 3 32.223854 plmp6_2
29 0 118381 4 32.13625 plmp6_2
29 0 112485 5 32.02772 plmp6_2
29 0 109560 6 31.496536 plmp6_2
29 0 111471 7 31.404594 plmp6_2
29 0 112646 8 31.141739 plmp6_2
29 0 205788 9 31.122639 plmp6_2
30 0 205788 0 112.89165 plmp6_2
30 0 218921 1 95.4758 plmp6_2
30 0 4151826 2 92.15494 plmp6_2
30 0 899483 3 91.45308 plmp6_2
30 0 802770 4 88.9957 plmp6_2
30 0 148795 5 88.33895 plmp6_2
30 0 626206 6 86.43953 plmp6_2
30 0 145841 7 85.557884 plmp6_2
30 0 179213 8 84.00687 plmp6_2
30 0 145761 9 81.50865 plmp6_2
31 0 145925 0 71.21782 plmp6_2
31 0 2795279 1 63.98015 plmp6_2
31 0 118023 2 63.5499 plmp6_2
31 0 2809763 3 63.403946 plmp6_2
31 0 110561 4 61.647884 plmp6_2
31 0 112486 5 60.464565 plmp6_2
31 0 145909 6 60.212505 plmp6_2
31 0 118458 7 59.993725 plmp6_2
31 0 902267 8 58.774445 plmp6_2
31 0 145778 9 58.38777 plmp6_2
32 0 112329 0 68.407425 plmp6_2
32 0 111434 1 66.64544 plmp6_2
32 0 1728 2 65.65728 plmp6_2
32 0 112850 3 63.574375 plmp6_2
32 0 112447 4 60.6751 plmp6_2
32 0 125839 5 60.19844 plmp6_2
32 0 112090 6 60.079292 plmp6_2
32 0 118455 7 57.13089 plmp6_2
32 0 111596 8 55.234615 plmp6_2
32 0 145710 9 55.16573 plmp6_2
33 0 109535 0 65.16597 plmp6_2
33 0 802973 1 63.509285 plmp6_2
33 0 803271 2 63.509285 plmp6_2
33 0 2959737 3 63.509285 plmp6_2
33 0 109532 4 63.479187 plmp6_2
33 0 110795 5 63.068085 plmp6_2
33 0 112485 6 61.934532 plmp6_2
33 0 109935 7 61.7469 plmp6_2
33 0 111863 8 60.622826 plmp6_2
33 0 121158 9 60.588055 plmp6_2
34 0 2676594 0 215.0005 plmp6_2
34 0 2675753 1 210.17833 plmp6_2
34 0 2679204 2 210.17833 plmp6_2
34 0 2809767 3 156.06465 plmp6_2
34 0 2811850 4 156.06465 plmp6_2
34 0 3216389 5 85.93911 plmp6_2
34 0 121158 6 81.870255 plmp6_2
34 0 625710 7 80.67182 plmp6_2
34 0 112325 8 74.07224 plmp6_2
34 0 136994 9 73.62887 plmp6_2
35 0 821306 0 39.13195 plmp6_2
35 0 205203 1 38.800575 plmp6_2
35 0 2768888 2 37.349804 plmp6_2
35 0 218927 3 36.96534 plmp6_2
35 0 2678134 4 36.856953 plmp6_2
35 0 931124 5 34.15507 plmp6_2
35 0 2801432 6 34.061424 plmp6_2
35 0 4168362 7 33.788746 plmp6_2
35 0 903979 8 33.783268 plmp6_2
35 0 902768 9 33.783268 plmp6_2
36 0 118319 0 63.238464 plmp6_2
36 0 118142 1 61.51926 plmp6_2
36 0 118238 2 59.942978 plmp6_2
36 0 902769 3 59.792835 plmp6_2
36 0 118329 4 58.99538 plmp6_2
36 0 3170730 5 57.121967 plmp6_2
36 0 3177197 6 57.121967 plmp6_2
36 0 218927 7 56.167706 plmp6_2
36 0 2670966 8 54.847466 plmp6_2
36 0 112314 9 54.72655 plmp6_2
37 0 4151829 0 50.099697 plmp6_2
37 0 118269 1 46.961205 plmp6_2
37 0 145629 2 45.488735 plmp6_2
37 0 110742 3 44.029606 plmp6_2
37 0 145731 4 43.97354 plmp6_2
37 0 110774 5 43.64748 plmp6_2
37 0 118290 6 43.34207 plmp6_2
37 0 111982 7 42.853348 plmp6_2
37 0 121171 8 42.29953 plmp6_2
37 0 121168 9 41.93951 plmp6_2
38 0 145855 0 87.08509 plmp6_2
38 0 145731 1 81.77238 plmp6_2
38 0 4151829 2 79.489334 plmp6_2
38 0 118269 3 61.91835 plmp6_2
38 0 1993216 4 60.638138 plmp6_2
38 0 112910 5 54.2443 plmp6_2
38 0 111982 6 53.606976 plmp6_2
38 0 110774 7 53.47054 plmp6_2
38 0 112292 8 51.178562 plmp6_2
38 0 111420 9 50.43938 plmp6_2
39 0 112568 0 72.40415 plmp6_2
39 0 112420 1 61.45748 plmp6_2
39 0 118457 2 59.41777 plmp6_2
39 0 111432 3 53.36501 plmp6_2
39 0 2959744 4 51.415646 plmp6_2
39 0 855518 5 51.415646 plmp6_2
39 0 2674861 6 51.083725 plmp6_2
39 0 2675754 7 51.083725 plmp6_2
39 0 111062 8 50.80842 plmp6_2
39 0 112855 9 50.22817 plmp6_2
40 0 105200 0 84.5381 plmp6_2
40 0 1731 1 75.30232 plmp6_2
40 0 621044 2 75.045815 plmp6_2
40 0 621090 3 75.045815 plmp6_2
40 0 2959739 4 75.045815 plmp6_2
40 0 122254 5 73.23839 plmp6_2
40 0 118457 6 70.684166 plmp6_2
40 0 112273 7 68.37615 plmp6_2
40 0 2959744 8 65.73707 plmp6_2
40 0 855518 9 65.73707 plmp6_2
41 0 112924 0 87.182205 plmp6_2
41 0 2811847 1 83.080635 plmp6_2
41 0 2810525 2 83.075935 plmp6_2
41 0 111198 3 75.36937 plmp6_2
41 0 2654533 4 74.66885 plmp6_2
41 0 2654756 5 74.66885 plmp6_2
41 0 112585 6 72.11678 plmp6_2
41 0 145756 7 68.97798 plmp6_2
41 0 111891 8 68.674706 plmp6_2
41 0 145785 9 68.524 plmp6_2
42 0 112585 0 94.479515 plmp6_2
42 0 2654533 1 92.38264 plmp6_2
42 0 2654756 2 92.38264 plmp6_2
42 0 111891 3 84.42268 plmp6_2
42 0 111198 4 83.8351 plmp6_2
42 0 109186 5 82.71276 plmp6_2
42 0 110132 6 81.07169 plmp6_2
42 0 112924 7 80.352646 plmp6_2
42 0 109352 8 78.29678 plmp6_2
42 0 145785 9 76.99948 plmp6_2
43 0 2680590 0 74.75885 plmp6_2
43 0 2959745 1 74.75885 plmp6_2
43 0 112920 2 71.537346 plmp6_2
43 0 112305 3 70.3073 plmp6_2
43 0 112803 4 60.40657 plmp6_2
43 0 118148 5 56.976746 plmp6_2
43 0 110729 6 56.116684 plmp6_2
43 0 112644 7 54.85097 plmp6_2
43 0 118113 8 51.92538 plmp6_2
43 0 117935 9 51.508186 plmp6_2
44 0 92563 0 20.95129 plmp6_2
44 0 96678 1 20.342945 plmp6_2
44 0 802408 2 18.962957 plmp6_2
44 0 2781925 3 18.869045 plmp6_2
44 0 183480 4 18.74445 plmp6_2
44 0 108965 5 18.551867 plmp6_2
44 0 4104823 6 18.344013 plmp6_2
44 0 145903 7 18.188202 plmp6_2
44 0 145834 8 18.114702 plmp6_2
44 0 118182 9 17.932484 plmp6_2
45 0 3204917 0 134.35938 plmp6_2
45 0 866024 1 107.3217 plmp6_2
45 0 858802 2 107.3217 plmp6_2
45 0 800568 3 107.283035 plmp6_2
45 0 150542 4 106.20673 plmp6_2
45 0 145861 5 103.14096 plmp6_2
45 0 145772 6 101.80108 plmp6_2
45 0 145903 7 96.125854 plmp6_2
45 0 137725 8 94.22739 plmp6_2
45 0 623145 9 93.57007 plmp6_2
46 0 866024 0 225.6715 plmp6_2
46 0 858802 1 225.66118 plmp6_2
46 0 623145 2 159.02554 plmp6_2
46 0 3204917 3 151.90266 plmp6_2
46 0 2804673 4 151.03561 plmp6_2
46 0 150542 5 137.78989 plmp6_2
46 0 145861 6 136.26492 plmp6_2
46 0 903971 7 135.5945 plmp6_2
46 0 2959742 8 135.5945 plmp6_2
46 0 145764 9 123.15302 plmp6_2
47 0 2674861 0 101.355064 plmp6_2
47 0 2675754 1 101.355064 plmp6_2
47 0 2678133 2 57.30651 plmp6_2
47 0 2803251 3 56.906807 plmp6_2
47 0 3213872 4 56.503994 plmp6_2
47 0 2790213 5 56.22675 plmp6_2
47 0 2671723 6 55.752937 plmp6_2
47 0 2795703 7 55.610016 plmp6_2
47 0 2797292 8 55.610016 plmp6_2
47 0 2771250 9 54.658817 plmp6_2
48 0 2674861 0 98.97355 plmp6_2
48 0 2675754 1 98.97355 plmp6_2
48 0 3170727 2 57.179066 plmp6_2
48 0 2646093 3 52.97631 plmp6_2
48 0 111362 4 51.49707 plmp6_2
48 0 96612 5 50.214825 plmp6_2
48 0 103019 6 49.987804 plmp6_2
48 0 96147 7 49.93062 plmp6_2
48 0 145896 8 48.70681 plmp6_2
48 0 205316 9 48.537205 plmp6_2
49 0 2810525 0 58.8644 plmp6_2
49 0 2811847 1 58.8644 plmp6_2
49 0 4162535 2 56.98104 plmp6_2
49 0 3153112 3 45.259888 plmp6_2
49 0 4151826 4 42.301453 plmp6_2
49 0 2809767 5 41.140354 plmp6_2
49 0 2811850 6 41.140354 plmp6_2
49 0 2812210 7 39.685947 plmp6_2
49 0 2801435 8 39.071632 plmp6_2
49 0 2803251 9 38.65124 plmp6_2
50 0 3153112 0 91.37375 plmp6_2
50 0 4162535 1 83.332115 plmp6_2
50 0 2810525 2 67.10092 plmp6_2
50 0 2811847 3 67.10092 plmp6_2
50 0 4151826 4 50.16472 plmp6_2
50 0 3181025 5 49.60655 plmp6_2
50 0 2809767 6 49.104824 plmp6_2
50 0 2811850 7 49.104824 plmp6_2
50 0 2812210 8 48.6188 plmp6_2
50 0 2801435 9 46.34437 plmp6_2
51 0 112770 0 54.025757 plmp6_2
51 0 616433 1 49.127117 plmp6_2
51 0 2752078 2 46.90596 plmp6_2
51 0 78783 3 46.10269 plmp6_2
51 0 215412 4 45.100517 plmp6_2
51 0 620566 5 44.459976 plmp6_2
51 0 616869 6 43.795856 plmp6_2
51 0 148799 7 43.359634 plmp6_2
51 0 145868 8 43.10809 plmp6_2
51 0 145872 9 42.854626 plmp6_2
52 0 112770 0 44.876583 plmp6_2
52 0 112931 1 41.82604 plmp6_2
52 0 112243 2 38.457542 plmp6_2
52 0 802399 3 35.15814 plmp6_2
52 0 103302 4 34.06208 plmp6_2
52 0 98744 5 33.826576 plmp6_2
52 0 854177 6 33.66199 plmp6_2
52 0 109704 7 33.19591 plmp6_2
52 0 109087 8 32.904034 plmp6_2
52 0 105869 9 32.806133 plmp6_2
53 0 799985 0 74.94332 plmp6_2
53 0 145792 1 66.06403 plmp6_2
53 0 2808291 2 64.95409 plmp6_2
53 0 148483 3 61.846462 plmp6_2
53 0 2771250 4 61.400154 plmp6_2
53 0 621045 5 55.882416 plmp6_2
53 0 1744 6 55.87546 plmp6_2
53 0 145664 7 55.66597 plmp6_2
53 0 2650505 8 54.81081 plmp6_2
53 0 811778 9 54.733253 plmp6_2
54 0 872994 0 115.08991 plmp6_2
54 0 811778 1 98.20724 plmp6_2
54 0 943668 2 87.69975 plmp6_2
54 0 811777 3 85.35034 plmp6_2
54 0 931123 4 82.885826 plmp6_2
54 0 625711 5 80.762314 plmp6_2
54 0 2808291 6 71.7104 plmp6_2
54 0 621045 7 66.1586 plmp6_2
54 0 2655591 8 64.12053 plmp6_2
54 0 2679557 9 63.49351 plmp6_2
55 0 4154603 0 114.494804 plmp6_2
55 0 145855 1 85.7198 plmp6_2
55 0 145731 2 84.923744 plmp6_2
55 0 145629 3 79.84329 plmp6_2
55 0 118269 4 79.54806 plmp6_2
55 0 111261 5 74.216446 plmp6_2
55 0 112910 6 69.27968 plmp6_2
55 0 110774 7 67.26769 plmp6_2
55 0 111982 8 65.04054 plmp6_2
55 0 111420 9 65.02829 plmp6_2
56 0 4154603 0 175.18987 plmp6_2
56 0 145731 1 117.19311 plmp6_2
56 0 118269 2 115.75293 plmp6_2
56 0 112910 3 113.67363 plmp6_2
56 0 111261 4 95.95599 plmp6_2
56 0 145629 5 95.63268 plmp6_2
56 0 110774 6 95.26155 plmp6_2
56 0 145855 7 93.32962 plmp6_2
56 0 1993216 8 87.96653 plmp6_2
56 0 111420 9 85.78625 plmp6_2
57 0 800569 0 70.647964 plmp6_2
57 0 867644 1 69.245224 plmp6_2
57 0 802408 2 68.13506 plmp6_2
57 0 815320 3 67.42446 plmp6_2
57 0 800859 4 65.67092 plmp6_2
57 0 205720 5 62.146744 plmp6_2
57 0 182567 6 60.676056 plmp6_2
57 0 4170683 7 60.16064 plmp6_2
57 0 117856 8 60.07976 plmp6_2
57 0 118297 9 59.35983 plmp6_2
58 0 145735 0 83.2083 plmp6_2
58 0 217702 1 63.16159 plmp6_2
58 0 108547 2 59.96278 plmp6_2
58 0 2676592 3 58.532276 plmp6_2
58 0 145800 4 58.371376 plmp6_2
58 0 112467 5 56.612404 plmp6_2
58 0 106179 6 54.688362 plmp6_2
58 0 4104822 7 53.46735 plmp6_2
58 0 110330 8 52.89649 plmp6_2
58 0 4172497 9 52.78496 plmp6_2
59 0 2788983 0 218.98375 plmp6_2
59 0 4170685 1 191.22836 plmp6_2
59 0 118037 2 168.39403 plmp6_2
59 0 145627 3 166.38052 plmp6_2
59 0 118129 4 162.39731 plmp6_2
59 0 117968 5 161.01628 plmp6_2
59 0 118040 6 158.09698 plmp6_2
59 0 1087691 7 150.31725 plmp6_2
59 0 118422 8 144.26851 plmp6_2
59 0 134735 9 137.63916 plmp6_2
60 0 3195891 0 213.78842 plmp6_2
60 0 4170685 1 182.47112 plmp6_2
60 0 2788983 2 181.75496 plmp6_2
60 0 118129 3 158.6358 plmp6_2
60 0 145627 4 155.68562 plmp6_2
60 0 621195 5 153.5321 plmp6_2
60 0 621270 6 153.5321 plmp6_2
60 0 118334 7 152.65623 plmp6_2
60 0 931614 8 151.28166 plmp6_2
60 0 130158 9 149.3257 plmp6_2
61 0 145743 0 119.18975 plmp6_2
61 0 145923 1 114.683556 plmp6_2
61 0 2812210 2 112.08514 plmp6_2
61 0 218457 3 102.02637 plmp6_2
61 0 1732 4 93.19991 plmp6_2
61 0 112854 5 90.159325 plmp6_2
61 0 3195092 6 88.92097 plmp6_2
61 0 145815 7 88.6072 plmp6_2
61 0 219815 8 82.11123 plmp6_2
61 0 218132 9 79.5619 plmp6_2
62 0 2812210 0 53.81941 plmp6_2
62 0 110661 1 44.330746 plmp6_2
62 0 118299 2 42.418102 plmp6_2
62 0 110091 3 41.932518 plmp6_2
62 0 110926 4 41.871563 plmp6_2
62 0 117875 5 41.661076 plmp6_2
62 0 109966 6 40.163998 plmp6_2
62 0 107147 7 39.902973 plmp6_2
62 0 118098 8 39.90124 plmp6_2
62 0 109846 9 38.615013 plmp6_2
63 0 107685 0 47.0311 plmp6_2
63 0 149702 1 46.800343 plmp6_2
63 0 106985 2 46.680447 plmp6_2
63 0 2812589 3 44.928627 plmp6_2
63 0 2959749 4 44.928627 plmp6_2
63 0 104521 5 43.39832 plmp6_2
63 0 107014 6 42.946976 plmp6_2
63 0 105525 7 42.681416 plmp6_2
63 0 108538 8 42.434437 plmp6_2
63 0 111250 9 42.382324 plmp6_2
64 0 3205768 0 60.019035 plmp6_2
64 0 2758568 1 58.709003 plmp6_2
64 0 3205767 2 58.672 plmp6_2
64 0 2809766 3 57.726906 plmp6_2
64 0 2811849 4 57.726906 plmp6_2
64 0 3207860 5 52.03634 plmp6_2
64 0 110645 6 51.83152 plmp6_2
64 0 4151827 7 51.571045 plmp6_2
64 0 145895 8 50.88085 plmp6_2
64 0 3205736 9 50.579254 plmp6_2
65 0 118123 0 134.23262 plmp6_2
65 0 150540 1 86.56749 plmp6_2
65 0 3211501 2 83.713684 plmp6_2
65 0 4151825 3 80.52275 plmp6_2
65 0 110645 4 77.8703 plmp6_2
65 0 4102799 5 77.22653 plmp6_2
65 0 145883 6 75.461945 plmp6_2
65 0 3183080 7 75.03938 plmp6_2
65 0 3199502 8 74.852745 plmp6_2
65 0 4089982 9 74.326225 plmp6_2
66 0 3211501 0 142.61238 plmp6_2
66 0 145867 1 130.2842 plmp6_2
66 0 4151827 2 103.15904 plmp6_2
66 0 118123 3 98.560425 plmp6_2
66 0 3214775 4 97.3509 plmp6_2
66 0 3213872 5 95.65748 plmp6_2
66 0 3212516 6 94.95432 plmp6_2
66 0 150540 7 94.41503 plmp6_2
66 0 143378 8 93.16231 plmp6_2
66 0 3217422 9 90.59991 plmp6_2
67 0 145800 0 148.73235 plmp6_2
67 0 867645 1 136.75043 plmp6_2
67 0 103675 2 90.71481 plmp6_2
67 0 106757 3 75.7511 plmp6_2
67 0 104522 4 68.919754 plmp6_2
67 0 103678 5 66.15844 plmp6_2
67 0 107938 6 63.388596 plmp6_2
67 0 110330 7 61.35767 plmp6_2
67 0 103916 8 60.01413 plmp6_2
67 0 2810526 9 59.880737 plmp6_2
68 0 145800 0 131.96283 plmp6_2
68 0 867645 1 104.25139 plmp6_2
68 0 97893 2 74.16209 plmp6_2
68 0 94177 3 73.47566 plmp6_2
68 0 88704 4 71.62585 plmp6_2
68 0 103675 5 70.99092 plmp6_2
68 0 87585 6 68.35986 plmp6_2
68 0 103678 7 67.107765 plmp6_2
68 0 103093 8 66.93304 plmp6_2
68 0 88756 9 66.60149 plmp6_2
69 0 111709 0 84.98805 plmp6_2
69 0 117859 1 80.187744 plmp6_2
69 0 110068 2 79.95707 plmp6_2
69 0 3214778 3 79.35354 plmp6_2
69 0 182558 4 78.82118 plmp6_2
69 0 866022 5 78.13805 plmp6_2
69 0 112820 6 76.09616 plmp6_2
69 0 112534 7 75.9916 plmp6_2
69 0 110996 8 74.30682 plmp6_2
69 0 149289 9 72.96012 plmp6_2
70 0 182558 0 95.54094 plmp6_2
70 0 3214778 1 91.07268 plmp6_2
70 0 2676593 2 90.72505 plmp6_2
70 0 149289 3 86.8773 plmp6_2
70 0 868384 4 85.48226 plmp6_2
70 0 802971 5 84.38457 plmp6_2
70 0 803270 6 84.38457 plmp6_2
70 0 2790213 7 84.38308 plmp6_2
70 0 866022 8 83.337746 plmp6_2
70 0 2675751 9 82.89198 plmp6_2
71 0 145121 0 88.070496 plmp6_2
71 0 118052 1 87.969154 plmp6_2
71 0 112914 2 85.70419 plmp6_2
71 0 3189783 3 79.935326 plmp6_2
71 0 112904 4 79.86547 plmp6_2
71 0 118287 5 79.19005 plmp6_2
71 0 118005 6 77.69913 plmp6_2
71 0 118234 7 75.45257 plmp6_2
71 0 112823 8 71.447876 plmp6_2
71 0 117979 9 70.924484 plmp6_2
72 0 118052 0 101.88641 plmp6_2
72 0 112904 1 91.110725 plmp6_2
72 0 145121 2 88.816345 plmp6_2
72 0 112914 3 87.86031 plmp6_2
72 0 118005 4 86.85167 plmp6_2
72 0 118234 5 86.60885 plmp6_2
72 0 3189783 6 83.47675 plmp6_2
72 0 117979 7 75.55145 plmp6_2
72 0 112823 8 70.24998 plmp6_2
72 0 118287 9 70.085304 plmp6_2
73 0 2804674 0 42.047092 plmp6_2
73 0 110692 1 38.997803 plmp6_2
73 0 108538 2 38.897453 plmp6_2
73 0 109931 3 38.465107 plmp6_2
73 0 145624 4 38.246307 plmp6_2
73 0 110175 5 35.604588 plmp6_2
73 0 118043 6 35.09579 plmp6_2
73 0 217514 7 34.813812 plmp6_2
73 0 1087954 8 33.80584 plmp6_2
73 0 112637 9 33.10671 plmp6_2
74 0 2804674 0 70.29107 plmp6_2
74 0 107904 1 68.178185 plmp6_2
74 0 109284 2 65.82104 plmp6_2
74 0 112774 3 61.762676 plmp6_2
74 0 127908 4 55.53571 plmp6_2
74 0 2675749 5 54.803127 plmp6_2
74 0 111245 6 52.049812 plmp6_2
74 0 108616 7 50.29601 plmp6_2
74 0 110798 8 49.566452 plmp6_2
74 0 111596 9 49.08744 plmp6_2
75 0 89410 0 65.05873 plmp6_2
75 0 92916 1 64.40783 plmp6_2
75 0 110964 2 62.90612 plmp6_2
75 0 3189783 3 62.195473 plmp6_2
75 0 98058 4 61.54415 plmp6_2
75 0 89224 5 59.964054 plmp6_2
75 0 92470 6 59.84031 plmp6_2
75 0 86533 7 59.64991 plmp6_2
75 0 96318 8 59.142895 plmp6_2
75 0 802770 9 58.60949 plmp6_2
76 0 2679833 0 82.760315 plmp6_2
76 0 2680440 1 82.760315 plmp6_2
76 0 110964 2 79.52377 plmp6_2
76 0 108900 3 73.96296 plmp6_2
76 0 112919 4 71.89059 plmp6_2
76 0 111945 5 70.137825 plmp6_2
76 0 145861 6 69.79223 plmp6_2
76 0 118360 7 68.98667 plmp6_2
76 0 2670966 8 68.28559 plmp6_2
76 0 150540 9 68.03398 plmp6_2
77 0 2812588 0 105.52553 plmp6_2
77 0 4151822 1 102.39488 plmp6_2
77 0 145817 2 96.6033 plmp6_2
77 0 2770446 3 90.93895 plmp6_2
77 0 134747 4 86.85454 plmp6_2
77 0 112726 5 85.04204 plmp6_2
77 0 111029 6 81.84332 plmp6_2
77 0 145902 7 75.624016 plmp6_2
77 0 111455 8 75.17287 plmp6_2
77 0 145647 9 74.5396 plmp6_2
78 0 2812588 0 39.233402 plmp6_2
78 0 616862 1 35.141567 plmp6_2
78 0 117968 2 35.091812 plmp6_2
78 0 118022 3 34.927982 plmp6_2
78 0 799976 4 34.4172 plmp6_2
78 0 111702 5 33.993748 plmp6_2
78 0 112358 6 33.951504 plmp6_2
78 0 145632 7 33.60192 plmp6_2
78 0 111092 8 33.163216 plmp6_2
78 0 118037 9 32.873352 plmp6_2
79 0 111009 0 129.08463 plmp6_2
79 0 118143 1 115.15603 plmp6_2
79 0 111470 2 109.27936 plmp6_2
79 0 110221 3 86.2019 plmp6_2
79 0 2680438 4 74.07382 plmp6_2
79 0 110183 5 63.955616 plmp6_2
79 0 118513 6 62.499607 plmp6_2
79 0 218665 7 56.660477 plmp6_2
79 0 111964 8 56.10238 plmp6_2
79 0 3171728 9 55.009636 plmp6_2
80 0 118143 0 104.38651 plmp6_2
80 0 111009 1 103.32917 plmp6_2
80 0 111470 2 101.01069 plmp6_2
80 0 145859 3 77.54505 plmp6_2
80 0 110221 4 68.21572 plmp6_2
80 0 109342 5 65.11783 plmp6_2
80 0 106328 6 64.91572 plmp6_2
80 0 150540 7 64.70344 plmp6_2
80 0 2672210 8 64.40165 plmp6_2
80 0 2654755 9 64.40165 plmp6_2
81 0 148484 0 74.97526 plmp6_2
81 0 112440 1 55.885273 plmp6_2
81 0 122253 2 51.272076 plmp6_2
81 0 118445 3 44.30361 plmp6_2
81 0 117841 4 41.51983 plmp6_2
81 0 127900 5 40.44022 plmp6_2
81 0 112616 6 39.594635 plmp6_2
81 0 112867 7 39.120335 plmp6_2
81 0 799981 8 39.02176 plmp6_2
81 0 112422 9 38.751648 plmp6_2
82 0 2803250 0 72.66043 plmp6_2
82 0 118368 1 71.592575 plmp6_2
82 0 127900 2 69.972374 plmp6_2
82 0 1726 3 69.83102 plmp6_2
82 0 216735 4 65.11174 plmp6_2
82 0 216806 5 65.11174 plmp6_2
82 0 799981 6 63.602295 plmp6_2
82 0 145865 7 62.904976 plmp6_2
82 0 145625 8 57.176056 plmp6_2
82 0 3213871 9 56.80543 plmp6_2
83 0 145859 0 100.85722 plmp6_2
83 0 112922 1 71.784004 plmp6_2
83 0 137746 2 63.254578 plmp6_2
83 0 110289 3 61.43788 plmp6_2
83 0 145870 4 61.402744 plmp6_2
83 0 109894 5 61.19087 plmp6_2
83 0 111286 6 60.26587 plmp6_2
83 0 111246 7 60.013897 plmp6_2
83 0 111194 8 59.47266 plmp6_2
83 0 111103 9 59.244263 plmp6_2
84 0 145859 0 99.29391 plmp6_2
84 0 112922 1 83.26308 plmp6_2
84 0 107293 2 72.39594 plmp6_2
84 0 800858 3 71.50498 plmp6_2
84 0 111151 4 70.24516 plmp6_2
84 0 109895 5 69.79516 plmp6_2
84 0 107980 6 67.32092 plmp6_2
84 0 109893 7 67.051414 plmp6_2
84 0 109200 8 66.541336 plmp6_2
84 0 110681 9 66.33579 plmp6_2
85 0 2959737 0 151.2467 plmp6_2
85 0 802973 1 150.52237 plmp6_2
85 0 803271 2 150.52237 plmp6_2
85 0 3177199 3 110.06221 plmp6_2
85 0 3171724 4 109.889305 plmp6_2
85 0 3177200 5 109.889305 plmp6_2
85 0 150543 6 92.55896 plmp6_2
85 0 2959732 7 92.55896 plmp6_2
85 0 146553 8 92.07211 plmp6_2
85 0 146790 9 92.07211 plmp6_2
86 0 3171724 0 96.59724 plmp6_2
86 0 3177199 1 96.59724 plmp6_2
86 0 3177200 2 96.59724 plmp6_2
86 0 3205766 3 89.698746 plmp6_2
86 0 802973 4 81.23737 plmp6_2
86 0 803271 5 81.23737 plmp6_2
86 0 2959737 6 81.23737 plmp6_2
86 0 150543 7 74.77925 plmp6_2
86 0 2959732 8 74.77925 plmp6_2
86 0 146553 9 74.23959 plmp6_2
87 0 1088038 0 33.47405 plmp6_2
87 0 110760 1 31.263857 plmp6_2
87 0 143378 2 30.07296 plmp6_2
87 0 111905 3 28.743725 plmp6_2
87 0 110372 4 28.35597 plmp6_2
87 0 111170 5 27.82711 plmp6_2
87 0 111660 6 27.801634 plmp6_2
87 0 136998 7 27.769968 plmp6_2
87 0 2812588 8 27.631304 plmp6_2
87 0 118109 9 27.373407 plmp6_2
88 0 182992 0 80.5937 plmp6_2
88 0 2654277 1 74.27011 plmp6_2
88 0 182991 2 74.153076 plmp6_2
88 0 145897 3 72.87441 plmp6_2
88 0 149653 4 71.113144 plmp6_2
88 0 111170 5 67.557816 plmp6_2
88 0 625832 6 67.11471 plmp6_2
88 0 626055 7 67.11471 plmp6_2
88 0 1756 8 66.48011 plmp6_2
88 0 112807 9 63.522552 plmp6_2
89 0 4151822 0 160.04286 plmp6_2
89 0 2770446 1 147.75932 plmp6_2
89 0 2812588 2 139.35876 plmp6_2
89 0 4162110 3 105.46915 plmp6_2
89 0 145817 4 79.914795 plmp6_2
89 0 134747 5 77.91308 plmp6_2
89 0 145647 6 74.80559 plmp6_2
89 0 145954 7 65.821526 plmp6_2
89 0 4162111 8 61.569675 plmp6_2
89 0 4106440 9 58.08412 plmp6_2
90 0 4151822 0 180.6834 plmp6_2
90 0 2812588 1 166.00262 plmp6_2
90 0 2770446 2 131.31334 plmp6_2
90 0 145626 3 115.99612 plmp6_2
90 0 130150 4 107.41379 plmp6_2
90 0 626454 5 103.69257 plmp6_2
90 0 3181025 6 102.26607 plmp6_2
90 0 118054 7 100.98693 plmp6_2
90 0 137748 8 100.21076 plmp6_2
90 0 2620698 9 99.57728 plmp6_2
91 0 3212514 0 207.90866 plmp6_2
91 0 109857 1 83.83785 plmp6_2
91 0 145785 2 83.71933 plmp6_2
91 0 145782 3 83.443794 plmp6_2
91 0 145892 4 82.52185 plmp6_2
91 0 219097 5 82.402504 plmp6_2
91 0 1087959 6 80.935165 plmp6_2
91 0 118507 7 79.94575 plmp6_2
91 0 110249 8 79.35244 plmp6_2
91 0 145873 9 79.05025 plmp6_2
92 0 3212514 0 201.84679 plmp6_2
92 0 110249 1 105.95509 plmp6_2
92 0 1087959 2 99.70466 plmp6_2
92 0 118507 3 95.4343 plmp6_2
92 0 110213 4 83.764725 plmp6_2
92 0 109857 5 80.815636 plmp6_2
92 0 145892 6 79.22464 plmp6_2
92 0 134725 7 78.036896 plmp6_2
92 0 219097 8 78.03624 plmp6_2
92 0 110032 9 77.89046 plmp6_2
93 0 145901 0 150.27179 plmp6_2
93 0 112905 1 139.60551 plmp6_2
93 0 112824 2 137.92592 plmp6_2
93 0 118334 3 137.21439 plmp6_2
93 0 117874 4 136.77985 plmp6_2
93 0 130158 5 135.24103 plmp6_2
93 0 118107 6 134.28372 plmp6_2
93 0 145627 7 125.990974 plmp6_2
93 0 2788983 8 125.67572 plmp6_2
93 0 931614 9 125.40014 plmp6_2
94 0 931614 0 157.34741 plmp6_2
94 0 145901 1 155.42113 plmp6_2
94 0 2788983 2 139.15327 plmp6_2
94 0 117874 3 138.43712 plmp6_2
94 0 4151827 4 130.80359 plmp6_2
94 0 112824 5 128.35345 plmp6_2
94 0 118129 6 124.89313 plmp6_2
94 0 112905 7 124.88384 plmp6_2
94 0 145627 8 122.55465 plmp6_2
94 0 111736 9 122.35372 plmp6_2
95 0 108555 0 75.47344 plmp6_2
95 0 105495 1 74.10368 plmp6_2
95 0 107232 2 67.79677 plmp6_2
95 0 107475 3 62.466507 plmp6_2
95 0 106171 4 58.646416 plmp6_2
95 0 103631 5 51.796078 plmp6_2
95 0 109444 6 50.25062 plmp6_2
95 0 106073 7 49.52001 plmp6_2
95 0 112750 8 44.933697 plmp6_2
95 0 104671 9 44.733994 plmp6_2
96 0 108555 0 82.23086 plmp6_2
96 0 103631 1 76.51145 plmp6_2
96 0 96542 2 59.71944 plmp6_2
96 0 92746 3 59.34726 plmp6_2
96 0 103511 4 57.89091 plmp6_2
96 0 92705 5 57.706467 plmp6_2
96 0 96341 6 57.63548 plmp6_2
96 0 96359 7 57.30341 plmp6_2
96 0 93395 8 56.684444 plmp6_2
96 0 96850 9 56.303326 plmp6_2
97 0 112101 0 89.8833 plmp6_2
97 0 111922 1 67.69616 plmp6_2
97 0 117959 2 41.09873 plmp6_2
97 0 111215 3 39.462967 plmp6_2
97 0 2795279 4 37.94356 plmp6_2
97 0 112574 5 37.882 plmp6_2
97 0 112742 6 37.060677 plmp6_2
97 0 112247 7 36.92028 plmp6_2
97 0 902770 8 36.67673 plmp6_2
97 0 118458 9 36.312874 plmp6_2
98 0 118467 0 25.046139 plmp6_2
98 0 145804 1 24.63591 plmp6_2
98 0 134732 2 24.610939 plmp6_2
98 0 2655591 3 23.91435 plmp6_2
98 0 2676593 4 23.870695 plmp6_2
98 0 145903 5 22.917862 plmp6_2
98 0 108783 6 22.909964 plmp6_2
98 0 118148 7 22.585825 plmp6_2
98 0 109088 8 22.579803 plmp6_2
98 0 145628 9 22.529346 plmp6_2
99 0 112267 0 101.6653 plmp6_2
99 0 111884 1 73.55685 plmp6_2
99 0 110552 2 61.447174 plmp6_2
99 0 112723 3 56.45029 plmp6_2
99 0 110578 4 51.976757 plmp6_2
99 0 109976 5 49.121307 plmp6_2
99 0 145914 6 47.032097 plmp6_2
99 0 118121 7 46.321724 plmp6_2
99 0 142887 8 44.964745 plmp6_2
99 0 111484 9 44.393833 plmp6_2
100 0 112267 0 111.05302 plmp6_2
100 0 110552 1 87.823875 plmp6_2
100 0 111884 2 80.03165 plmp6_2
100 0 102981 3 69.17323 plmp6_2
100 0 111886 4 69.07535 plmp6_2
100 0 108405 5 67.2975 plmp6_2
100 0 110296 6 66.83664 plmp6_2
100 0 854177 7 66.50375 plmp6_2
100 0 110098 8 66.37935 plmp6_2
100 0 101561 9 65.48011 plmp6_2
