1 0 3204919 0 36.965225 plmp4_10
1 0 2812588 1 35.12201 plmp4_10
1 0 4162936 2 33.598 plmp4_10
1 0 2771249 3 33.51638 plmp4_10
1 0 2809767 4 32.8271 plmp4_10
1 0 2811850 5 32.8271 plmp4_10
1 0 4013905 6 32.323544 plmp4_10
1 0 2811844 7 32.124733 plmp4_10
1 0 2959750 8 32.124733 plmp4_10
1 0 2798228 9 31.994837 plmp4_10
2 0 103631 0 47.319416 plmp4_10
2 0 145692 1 40.897568 plmp4_10
2 0 104516 2 37.457115 plmp4_10
2 0 103549 3 36.579105 plmp4_10
2 0 108555 4 36.11804 plmp4_10
2 0 100105 5 35.62377 plmp4_10
2 0 107016 6 35.433277 plmp4_10
2 0 112750 7 35.16699 plmp4_10
2 0 110134 8 35.03014 plmp4_10
2 0 106522 9 34.456505 plmp4_10
3 0 3162143 0 74.05413 plmp4_10
3 0 117907 1 67.10524 plmp4_10
3 0 145821 2 65.00733 plmp4_10
3 0 118475 3 64.82422 plmp4_10
3 0 111091 4 63.99348 plmp4_10
3 0 130157 5 63.156937 plmp4_10
3 0 215496 6 62.650055 plmp4_10
3 0 215694 7 62.650055 plmp4_10
3 0 2959735 8 62.649014 plmp4_10
3 0 78783 9 61.10581 plmp4_10
4 0 215496 0 110.41527 plmp4_10
4 0 215694 1 110.41527 plmp4_10
4 0 2959735 2 110.413185 plmp4_10
4 0 623142 3 109.449425 plmp4_10
4 0 3162143 4 104.79938 plmp4_10
4 0 118029 5 102.506096 plmp4_10
4 0 78783 6 100.066666 plmp4_10
4 0 149007 7 99.16593 plmp4_10
4 0 112212 8 94.544785 plmp4_10
4 0 112584 9 94.46129 plmp4_10
5 0 110056 0 42.418415 plmp4_10
5 0 118217 1 38.73983 plmp4_10
5 0 131163 2 38.464523 plmp4_10
5 0 110831 3 37.612595 plmp4_10
5 0 109285 4 36.89162 plmp4_10
5 0 112699 5 36.733128 plmp4_10
5 0 108089 6 36.71792 plmp4_10
5 0 118329 7 36.63118 plmp4_10
5 0 1740 8 36.46825 plmp4_10
5 0 145652 9 36.054657 plmp4_10
6 0 2769806 0 33.115196 plmp4_10
6 0 2808290 1 32.0076 plmp4_10
6 0 2650505 2 31.62181 plmp4_10
6 0 2808291 3 31.556295 plmp4_10
6 0 3214779 4 31.475529 plmp4_10
6 0 112167 5 31.073193 plmp4_10
6 0 2804676 6 30.836082 plmp4_10
6 0 2801435 7 30.491302 plmp4_10
6 0 2771249 8 29.955101 plmp4_10
6 0 2788983 9 29.784658 plmp4_10
7 0 3195892 0 33.14007 plmp4_10
7 0 147531 1 33.069298 plmp4_10
7 0 2675751 2 31.773317 plmp4_10
7 0 2672535 3 31.59047 plmp4_10
7 0 145715 4 30.60143 plmp4_10
7 0 2678467 5 30.004887 plmp4_10
7 0 2679202 6 30.004887 plmp4_10
7 0 2959746 7 30.004887 plmp4_10
7 0 118511 8 29.706938 plmp4_10
7 0 2655591 9 29.329151 plmp4_10
8 0 112174 0 66.24992 plmp4_10
8 0 145868 1 62.12265 plmp4_10
8 0 145715 2 61.58089 plmp4_10
8 0 110932 3 60.05341 plmp4_10
8 0 112834 4 56.954876 plmp4_10
8 0 134749 5 56.27751 plmp4_10
8 0 2678467 6 53.921547 plmp4_10
8 0 2679202 7 53.921547 plmp4_10
8 0 2959746 8 53.921547 plmp4_10
8 0 147531 9 53.21643 plmp4_10
9 0 2675751 0 69.41163 plmp4_10
9 0 127923 1 69.07226 plmp4_10
9 0 118212 2 68.459656 plmp4_10
9 0 127887 3 67.91997 plmp4_10
9 0 109720 4 67.574455 plmp4_10
9 0 118317 5 67.22124 plmp4_10
9 0 112641 6 65.422485 plmp4_10
9 0 118423 7 65.36571 plmp4_10
9 0 118454 8 65.02176 plmp4_10
9 0 118011 9 64.26965 plmp4_10
10 0 111500 0 76.24583 plmp4_10
10 0 112423 1 74.0293 plmp4_10
10 0 118087 2 66.59093 plmp4_10
10 0 112094 3 65.97997 plmp4_10
10 0 112931 4 65.77478 plmp4_10
10 0 112291 5 63.67578 plmp4_10
10 0 112657 6 63.543507 plmp4_10
10 0 118511 7 63.479927 plmp4_10
10 0 214949 8 63.456554 plmp4_10
10 0 215071 9 63.456554 plmp4_10
11 0 2672535 0 36.927166 plmp4_10
11 0 858288 1 36.091797 plmp4_10
11 0 112152 2 35.309982 plmp4_10
11 0 108197 3 34.941822 plmp4_10
11 0 145646 4 34.931744 plmp4_10
11 0 217512 5 34.88536 plmp4_10
11 0 2801435 6 34.871735 plmp4_10
11 0 110666 7 34.81803 plmp4_10
11 0 111280 8 34.702698 plmp4_10
11 0 1755 9 34.586964 plmp4_10
12 0 3207860 0 47.505543 plmp4_10
12 0 3203657 1 41.818924 plmp4_10
12 0 3209686 2 41.777554 plmp4_10
12 0 3213873 3 40.706482 plmp4_10
12 0 3204919 4 40.55055 plmp4_10
12 0 3216389 5 39.867702 plmp4_10
12 0 3203658 6 39.233315 plmp4_10
12 0 3204918 7 39.123875 plmp4_10
12 0 3191117 8 38.87154 plmp4_10
12 0 3171725 9 38.48924 plmp4_10
13 0 2812588 0 47.8863 plmp4_10
13 0 614392 1 47.27917 plmp4_10
13 0 614485 2 47.27917 plmp4_10
13 0 145632 3 39.911255 plmp4_10
13 0 1749 4 39.5459 plmp4_10
13 0 2642828 5 39.298668 plmp4_10
13 0 4162111 6 38.758694 plmp4_10
13 0 2959730 7 38.64166 plmp4_10
13 0 4106440 8 38.451435 plmp4_10
13 0 3170728 9 38.237217 plmp4_10
14 0 111330 0 31.589294 plmp4_10
14 0 2670965 1 30.362883 plmp4_10
14 0 213842 2 30.285908 plmp4_10
14 0 2742710 3 29.733942 plmp4_10
14 0 1725 4 29.594452 plmp4_10
14 0 2809767 5 29.094604 plmp4_10
14 0 2811850 6 29.094604 plmp4_10
14 0 111542 7 29.024876 plmp4_10
14 0 182992 8 28.988419 plmp4_10
14 0 110693 9 28.94694 plmp4_10
15 0 2812588 0 71.20434 plmp4_10
15 0 4151822 1 62.797268 plmp4_10
15 0 2812587 2 43.572487 plmp4_10
15 0 2959748 3 43.572487 plmp4_10
15 0 2770446 4 43.550797 plmp4_10
15 0 2810525 5 41.505005 plmp4_10
15 0 2811847 6 41.505005 plmp4_10
15 0 2809767 7 41.286324 plmp4_10
15 0 2811850 8 41.286324 plmp4_10
15 0 4171965 9 40.98815 plmp4_10
16 0 4151822 0 58.571636 plmp4_10
16 0 4168362 1 47.55803 plmp4_10
16 0 4162936 2 46.13041 plmp4_10
16 0 4161362 3 44.448513 plmp4_10
16 0 4151826 4 43.761425 plmp4_10
16 0 4164892 5 42.251793 plmp4_10
16 0 4170683 6 42.172382 plmp4_10
16 0 4170685 7 42.1375 plmp4_10
16 0 3177198 8 41.896976 plmp4_10
16 0 4155979 9 41.49671 plmp4_10
17 0 112428 0 29.481728 plmp4_10
17 0 148484 1 29.47871 plmp4_10
17 0 106745 2 29.011736 plmp4_10
17 0 112143 3 28.962646 plmp4_10
17 0 4161362 4 28.943377 plmp4_10
17 0 118436 5 28.941551 plmp4_10
17 0 112076 6 28.889145 plmp4_10
17 0 108902 7 28.644756 plmp4_10
17 0 101455 8 28.636215 plmp4_10
17 0 97860 9 28.355453 plmp4_10
18 0 205712 0 67.846695 plmp4_10
18 0 620566 1 61.478485 plmp4_10
18 0 2646093 2 59.025906 plmp4_10
18 0 182568 3 56.97481 plmp4_10
18 0 802973 4 56.529625 plmp4_10
18 0 803271 5 56.529625 plmp4_10
18 0 2959737 6 56.529625 plmp4_10
18 0 625711 7 56.510067 plmp4_10
18 0 145635 8 55.90019 plmp4_10
18 0 145663 9 55.809372 plmp4_10
19 0 2654533 0 79.52087 plmp4_10
19 0 2654756 1 79.52087 plmp4_10
19 0 112808 2 65.44027 plmp4_10
19 0 118018 3 63.631454 plmp4_10
19 0 2654534 4 62.57329 plmp4_10
19 0 4172500 5 60.983135 plmp4_10
19 0 145121 6 60.110977 plmp4_10
19 0 2675752 7 58.932476 plmp4_10
19 0 112775 8 58.20106 plmp4_10
19 0 4151826 9 57.29008 plmp4_10
20 0 2654533 0 81.06347 plmp4_10
20 0 2654756 1 81.06347 plmp4_10
20 0 4172500 2 61.127342 plmp4_10
20 0 2654534 3 61.116848 plmp4_10
20 0 4151825 4 59.03452 plmp4_10
20 0 219509 5 58.357624 plmp4_10
20 0 206098 6 57.634487 plmp4_10
20 0 145121 7 57.152946 plmp4_10
20 0 111745 8 57.077904 plmp4_10
20 0 112775 9 56.89098 plmp4_10
21 0 867657 0 65.95275 plmp4_10
21 0 2659300 1 60.142612 plmp4_10
21 0 2804673 2 59.50952 plmp4_10
21 0 858288 3 59.378296 plmp4_10
21 0 867644 4 59.175236 plmp4_10
21 0 820904 5 58.194324 plmp4_10
21 0 117890 6 56.628124 plmp4_10
21 0 2657927 7 56.55737 plmp4_10
21 0 873660 8 55.43314 plmp4_10
21 0 821306 9 54.79511 plmp4_10
22 0 2659300 0 87.138176 plmp4_10
22 0 117890 1 81.102486 plmp4_10
22 0 112774 2 69.742744 plmp4_10
22 0 112799 3 69.09835 plmp4_10
22 0 145925 4 66.04113 plmp4_10
22 0 2657927 5 65.91761 plmp4_10
22 0 118081 6 64.8309 plmp4_10
22 0 867657 7 63.725487 plmp4_10
22 0 2674861 8 62.902275 plmp4_10
22 0 2675754 9 62.902275 plmp4_10
23 0 118449 0 58.813694 plmp4_10
23 0 1738 1 57.48562 plmp4_10
23 0 2810525 2 56.96532 plmp4_10
23 0 2811847 3 56.96532 plmp4_10
23 0 112257 4 53.226234 plmp4_10
23 0 118180 5 51.565655 plmp4_10
23 0 2801435 6 49.314228 plmp4_10
23 0 4151832 7 47.414314 plmp4_10
23 0 110916 8 46.97511 plmp4_10
23 0 2675750 9 46.53981 plmp4_10
24 0 1738 0 26.024637 plmp4_10
24 0 118449 1 22.175941 plmp4_10
24 0 145778 2 21.030794 plmp4_10
24 0 2811847 3 20.583221 plmp4_10
24 0 2810525 4 20.57852 plmp4_10
24 0 112693 5 19.921625 plmp4_10
24 0 112257 6 19.836096 plmp4_10
24 0 1087960 7 18.872267 plmp4_10
24 0 111610 8 17.79721 plmp4_10
24 0 111679 9 17.72919 plmp4_10
25 0 112616 0 53.616825 plmp4_10
25 0 108792 1 43.2418 plmp4_10
25 0 2655499 2 42.972748 plmp4_10
25 0 110318 3 37.828754 plmp4_10
25 0 111495 4 37.384914 plmp4_10
25 0 821305 5 36.220444 plmp4_10
25 0 111196 6 35.84357 plmp4_10
25 0 1087946 7 35.383194 plmp4_10
25 0 4104821 8 34.47693 plmp4_10
25 0 112457 9 34.131752 plmp4_10
26 0 117872 0 74.78071 plmp4_10
26 0 112616 1 73.8771 plmp4_10
26 0 112700 2 65.97228 plmp4_10
26 0 112045 3 64.22681 plmp4_10
26 0 112457 4 61.523346 plmp4_10
26 0 118026 5 59.157692 plmp4_10
26 0 145758 6 59.09333 plmp4_10
26 0 112724 7 58.36037 plmp4_10
26 0 112539 8 57.48542 plmp4_10
26 0 112324 9 57.470623 plmp4_10
27 0 4157382 0 85.115585 plmp4_10
27 0 4157405 1 85.115585 plmp4_10
27 0 111141 2 61.38545 plmp4_10
27 0 112792 3 61.262115 plmp4_10
27 0 112523 4 59.253975 plmp4_10
27 0 112346 5 58.92941 plmp4_10
27 0 111061 6 54.767067 plmp4_10
27 0 110384 7 47.149036 plmp4_10
27 0 105418 8 46.80368 plmp4_10
27 0 108596 9 46.305233 plmp4_10
28 0 4157382 0 79.939575 plmp4_10
28 0 4157405 1 79.939575 plmp4_10
28 0 112346 2 62.272537 plmp4_10
28 0 111141 3 52.601494 plmp4_10
28 0 112523 4 46.959194 plmp4_10
28 0 112792 5 45.18 plmp4_10
28 0 111861 6 43.99782 plmp4_10
28 0 110374 7 43.595882 plmp4_10
28 0 111004 8 43.524815 plmp4_10
28 0 110384 9 42.85649 plmp4_10
29 0 118073 0 25.765789 plmp4_10
29 0 112383 1 25.495365 plmp4_10
29 0 205788 2 25.29608 plmp4_10
29 0 218921 3 24.844864 plmp4_10
29 0 145843 4 24.821064 plmp4_10
29 0 899483 5 24.741577 plmp4_10
29 0 112485 6 24.740969 plmp4_10
29 0 118400 7 24.632502 plmp4_10
29 0 4151826 8 24.559357 plmp4_10
29 0 112704 9 24.547834 plmp4_10
30 0 145841 0 59.87001 plmp4_10
30 0 205788 1 58.805843 plmp4_10
30 0 137739 2 56.388023 plmp4_10
30 0 145761 3 56.3362 plmp4_10
30 0 218921 4 56.21065 plmp4_10
30 0 145708 5 55.83658 plmp4_10
30 0 4151826 6 55.460556 plmp4_10
30 0 118045 7 55.149494 plmp4_10
30 0 112704 8 54.831783 plmp4_10
30 0 145843 9 53.726704 plmp4_10
31 0 118023 0 56.25796 plmp4_10
31 0 2795279 1 52.206757 plmp4_10
31 0 118458 2 49.49919 plmp4_10
31 0 117924 3 49.11592 plmp4_10
31 0 110015 4 48.175068 plmp4_10
31 0 109006 5 47.948803 plmp4_10
31 0 109450 6 47.92885 plmp4_10
31 0 112356 7 46.49738 plmp4_10
31 0 109649 8 46.33785 plmp4_10
31 0 109727 9 46.284893 plmp4_10
32 0 112329 0 35.160805 plmp4_10
32 0 112850 1 33.284267 plmp4_10
32 0 125839 2 32.07426 plmp4_10
32 0 118455 3 31.169443 plmp4_10
32 0 111596 4 30.797342 plmp4_10
32 0 112090 5 29.771997 plmp4_10
32 0 118057 6 29.735239 plmp4_10
32 0 111744 7 29.685692 plmp4_10
32 0 118139 8 29.219696 plmp4_10
32 0 117963 9 29.142933 plmp4_10
33 0 2676594 0 45.699177 plmp4_10
33 0 2675753 1 44.439095 plmp4_10
33 0 2679204 2 44.439095 plmp4_10
33 0 145870 3 43.603638 plmp4_10
33 0 2809767 4 42.93695 plmp4_10
33 0 2811850 5 42.93695 plmp4_10
33 0 112325 6 41.40716 plmp4_10
33 0 3162142 7 39.0916 plmp4_10
33 0 111471 8 38.782585 plmp4_10
33 0 137727 9 38.447895 plmp4_10
34 0 2676594 0 148.3843 plmp4_10
34 0 2675753 1 146.46936 plmp4_10
34 0 2679204 2 146.46936 plmp4_10
34 0 2809767 3 115.93944 plmp4_10
34 0 2811850 4 115.93944 plmp4_10
34 0 121158 5 71.32948 plmp4_10
34 0 136994 6 68.72133 plmp4_10
34 0 137727 7 66.847664 plmp4_10
34 0 112325 8 66.64288 plmp4_10
34 0 3216389 9 64.875626 plmp4_10
35 0 821306 0 33.060318 plmp4_10
35 0 127906 1 31.991772 plmp4_10
35 0 145858 2 31.855915 plmp4_10
35 0 118251 3 31.518135 plmp4_10
35 0 2621066 4 31.5089 plmp4_10
35 0 107645 5 31.278095 plmp4_10
35 0 97827 6 31.243061 plmp4_10
35 0 219617 7 30.697245 plmp4_10
35 0 107713 8 30.530245 plmp4_10
35 0 102737 9 30.25046 plmp4_10
36 0 1087952 0 46.954754 plmp4_10
36 0 111192 1 44.637814 plmp4_10
36 0 145661 2 44.474503 plmp4_10
36 0 118142 3 44.124672 plmp4_10
36 0 127904 4 43.490135 plmp4_10
36 0 118319 5 43.39145 plmp4_10
36 0 110225 6 42.296528 plmp4_10
36 0 112476 7 42.20106 plmp4_10
36 0 118262 8 41.310516 plmp4_10
36 0 111777 9 41.272747 plmp4_10
37 0 145731 0 38.362633 plmp4_10
37 0 118269 1 37.159477 plmp4_10
37 0 4151829 2 36.98034 plmp4_10
37 0 111982 3 36.555653 plmp4_10
37 0 107652 4 34.502872 plmp4_10
37 0 145629 5 34.483067 plmp4_10
37 0 112910 6 34.228416 plmp4_10
37 0 110774 7 33.71949 plmp4_10
37 0 145855 8 33.408134 plmp4_10
37 0 1993216 9 33.281807 plmp4_10
38 0 145855 0 54.497334 plmp4_10
38 0 118269 1 54.372337 plmp4_10
38 0 145731 2 54.054436 plmp4_10
38 0 1993216 3 50.134167 plmp4_10
38 0 111982 4 46.666397 plmp4_10
38 0 111420 5 46.44611 plmp4_10
38 0 112292 6 45.628944 plmp4_10
38 0 4151829 7 45.534782 plmp4_10
38 0 111261 8 43.967907 plmp4_10
38 0 110774 9 43.847992 plmp4_10
39 0 112568 0 48.546394 plmp4_10
39 0 112420 1 47.574486 plmp4_10
39 0 111432 2 45.11109 plmp4_10
39 0 2959744 3 44.82091 plmp4_10
39 0 855518 4 44.82091 plmp4_10
39 0 621044 5 42.513706 plmp4_10
39 0 621090 6 42.513706 plmp4_10
39 0 2959739 7 42.513706 plmp4_10
39 0 118457 8 41.900543 plmp4_10
39 0 2674861 9 41.257412 plmp4_10
40 0 105200 0 64.1341 plmp4_10
40 0 621044 1 61.586155 plmp4_10
40 0 621090 2 61.586155 plmp4_10
40 0 2959739 3 61.586155 plmp4_10
40 0 1731 4 57.993553 plmp4_10
40 0 2959744 5 56.681175 plmp4_10
40 0 855518 6 56.681175 plmp4_10
40 0 2674861 7 56.520107 plmp4_10
40 0 2675754 8 56.520107 plmp4_10
40 0 122254 9 56.13518 plmp4_10
41 0 112924 0 64.18162 plmp4_10
41 0 111198 1 58.541153 plmp4_10
41 0 2811847 2 58.45708 plmp4_10
41 0 2810525 3 58.45238 plmp4_10
41 0 109196 4 56.200962 plmp4_10
41 0 2654533 5 56.000267 plmp4_10
41 0 2654756 6 56.000267 plmp4_10
41 0 112257 7 54.910057 plmp4_10
41 0 112585 8 54.895054 plmp4_10
41 0 145756 9 54.006054 plmp4_10
42 0 112585 0 67.6176 plmp4_10
42 0 2654533 1 63.007908 plmp4_10
42 0 2654756 2 63.007908 plmp4_10
42 0 111198 3 61.820347 plmp4_10
42 0 110132 4 60.268593 plmp4_10
42 0 110660 5 59.806 plmp4_10
42 0 109186 6 59.50904 plmp4_10
42 0 111891 7 59.251812 plmp4_10
42 0 112924 8 58.187008 plmp4_10
42 0 109196 9 57.95036 plmp4_10
43 0 112305 0 54.92191 plmp4_10
43 0 101906 1 50.04181 plmp4_10
43 0 2680590 2 49.843918 plmp4_10
43 0 2959745 3 49.843918 plmp4_10
43 0 95854 4 49.159042 plmp4_10
43 0 112920 5 47.87282 plmp4_10
43 0 100926 6 45.985058 plmp4_10
43 0 90257 7 43.209896 plmp4_10
43 0 93137 8 42.22284 plmp4_10
43 0 89813 9 40.439346 plmp4_10
44 0 92563 0 19.86617 plmp4_10
44 0 96678 1 17.131529 plmp4_10
44 0 4104823 2 15.725219 plmp4_10
44 0 99616 3 15.672011 plmp4_10
44 0 86932 4 15.668524 plmp4_10
44 0 106503 5 15.468932 plmp4_10
44 0 111107 6 15.457137 plmp4_10
44 0 142881 7 15.174527 plmp4_10
44 0 100505 8 15.151069 plmp4_10
44 0 99873 9 15.092697 plmp4_10
45 0 3204917 0 76.127655 plmp4_10
45 0 3181481 1 74.28667 plmp4_10
45 0 800568 2 69.2454 plmp4_10
45 0 623145 3 65.631516 plmp4_10
45 0 145861 4 65.16513 plmp4_10
45 0 150542 5 64.80487 plmp4_10
45 0 2804673 6 64.0689 plmp4_10
45 0 866024 7 63.180447 plmp4_10
45 0 858802 8 63.180447 plmp4_10
45 0 3205766 9 62.561687 plmp4_10
46 0 866024 0 130.15459 plmp4_10
46 0 858802 1 130.14427 plmp4_10
46 0 623145 2 100.73647 plmp4_10
46 0 145861 3 99.917015 plmp4_10
46 0 3204917 4 97.29993 plmp4_10
46 0 2804673 5 96.28966 plmp4_10
46 0 150542 6 95.36166 plmp4_10
46 0 145764 7 90.798584 plmp4_10
46 0 903971 8 87.73039 plmp4_10
46 0 2959742 9 87.73039 plmp4_10
47 0 2674861 0 59.501423 plmp4_10
47 0 2675754 1 59.501423 plmp4_10
47 0 4172500 2 40.7582 plmp4_10
47 0 2803251 3 40.473125 plmp4_10
47 0 4151822 4 40.33471 plmp4_10
47 0 4164893 5 39.18817 plmp4_10
47 0 2147 6 38.87592 plmp4_10
47 0 2679558 7 38.741383 plmp4_10
47 0 2679835 8 38.049717 plmp4_10
47 0 3212516 9 37.81258 plmp4_10
48 0 2674861 0 76.64799 plmp4_10
48 0 2675754 1 76.64799 plmp4_10
48 0 96147 2 42.34897 plmp4_10
48 0 142882 3 41.030468 plmp4_10
48 0 111362 4 39.953114 plmp4_10
48 0 112867 5 38.947433 plmp4_10
48 0 94040 6 38.43485 plmp4_10
48 0 92421 7 38.386692 plmp4_10
48 0 145664 8 38.35511 plmp4_10
48 0 3170727 9 37.64512 plmp4_10
49 0 2809765 0 30.945633 plmp4_10
49 0 2809766 1 30.304935 plmp4_10
49 0 2811849 2 30.304935 plmp4_10
49 0 2809767 3 29.942408 plmp4_10
49 0 2811850 4 29.942408 plmp4_10
49 0 2810525 5 29.864084 plmp4_10
49 0 2811847 6 29.864084 plmp4_10
49 0 2812585 7 29.665129 plmp4_10
49 0 2812588 8 29.371716 plmp4_10
49 0 2809764 9 29.343197 plmp4_10
50 0 3153112 0 43.533195 plmp4_10
50 0 4151826 1 42.937675 plmp4_10
50 0 2809767 2 42.80122 plmp4_10
50 0 2811850 3 42.80122 plmp4_10
50 0 2811844 4 41.23509 plmp4_10
50 0 2959750 5 41.23509 plmp4_10
50 0 2812210 6 40.993343 plmp4_10
50 0 3183079 7 39.98759 plmp4_10
50 0 4162110 8 39.611015 plmp4_10
50 0 4162535 9 39.478413 plmp4_10
51 0 112770 0 40.04955 plmp4_10
51 0 134741 1 35.12238 plmp4_10
51 0 112931 2 33.08182 plmp4_10
51 0 105869 3 32.676918 plmp4_10
51 0 111908 4 32.09514 plmp4_10
51 0 106986 5 31.946129 plmp4_10
51 0 1992738 6 31.821207 plmp4_10
51 0 106721 7 31.33118 plmp4_10
51 0 137726 8 31.17633 plmp4_10
51 0 106016 9 30.471094 plmp4_10
52 0 112931 0 27.079706 plmp4_10
52 0 112770 1 26.568903 plmp4_10
52 0 112243 2 24.73097 plmp4_10
52 0 105869 3 24.659767 plmp4_10
52 0 111908 4 24.588827 plmp4_10
52 0 103302 5 24.452099 plmp4_10
52 0 854177 6 23.949654 plmp4_10
52 0 93242 7 23.544313 plmp4_10
52 0 100134 8 23.053493 plmp4_10
52 0 111209 9 22.963556 plmp4_10
53 0 145792 0 54.608517 plmp4_10
53 0 2808291 1 52.72893 plmp4_10
53 0 799985 2 47.384388 plmp4_10
53 0 1744 3 46.729614 plmp4_10
53 0 2771250 4 45.245277 plmp4_10
53 0 112677 5 44.746452 plmp4_10
53 0 108879 6 43.721924 plmp4_10
53 0 145714 7 42.59215 plmp4_10
53 0 118262 8 41.396496 plmp4_10
53 0 145924 9 40.560326 plmp4_10
54 0 2808291 0 61.29119 plmp4_10
54 0 2654534 1 51.53089 plmp4_10
54 0 2677565 2 50.532127 plmp4_10
54 0 145792 3 49.927807 plmp4_10
54 0 2676594 4 49.53591 plmp4_10
54 0 2812588 5 48.665062 plmp4_10
54 0 112677 6 48.364704 plmp4_10
54 0 2675753 7 47.927616 plmp4_10
54 0 2679204 8 47.927616 plmp4_10
54 0 2784695 9 47.66304 plmp4_10
55 0 4154603 0 85.12649 plmp4_10
55 0 145731 1 65.30373 plmp4_10
55 0 145855 2 60.157112 plmp4_10
55 0 145629 3 58.692726 plmp4_10
55 0 118269 4 54.61255 plmp4_10
55 0 111261 5 50.18339 plmp4_10
55 0 112910 6 42.107803 plmp4_10
55 0 111420 7 39.70942 plmp4_10
55 0 110774 8 38.437126 plmp4_10
55 0 111982 9 36.932163 plmp4_10
56 0 4154603 0 105.63655 plmp4_10
56 0 145731 1 71.961716 plmp4_10
56 0 145855 2 66.179794 plmp4_10
56 0 118269 3 60.35218 plmp4_10
56 0 145629 4 59.68481 plmp4_10
56 0 112910 5 55.559063 plmp4_10
56 0 111261 6 54.945126 plmp4_10
56 0 111420 7 49.09212 plmp4_10
56 0 110774 8 48.827034 plmp4_10
56 0 1993216 9 43.586124 plmp4_10
57 0 802408 0 47.094357 plmp4_10
57 0 117856 1 45.31204 plmp4_10
57 0 867644 2 43.78581 plmp4_10
57 0 4172498 3 43.045647 plmp4_10
57 0 2680590 4 42.928627 plmp4_10
57 0 2959745 5 42.928627 plmp4_10
57 0 111882 6 42.456047 plmp4_10
57 0 800859 7 42.04795 plmp4_10
57 0 145804 8 41.01159 plmp4_10
57 0 112605 9 40.738068 plmp4_10
58 0 145735 0 57.959873 plmp4_10
58 0 145800 1 48.00585 plmp4_10
58 0 112467 2 47.528778 plmp4_10
58 0 106179 3 44.585278 plmp4_10
58 0 2676592 4 44.395695 plmp4_10
58 0 217702 5 43.119617 plmp4_10
58 0 108547 6 42.971767 plmp4_10
58 0 106848 7 42.629684 plmp4_10
58 0 110330 8 42.06898 plmp4_10
58 0 4172497 9 40.238583 plmp4_10
59 0 2788983 0 121.951385 plmp4_10
59 0 4170685 1 110.863976 plmp4_10
59 0 118129 2 108.174576 plmp4_10
59 0 117968 3 100.8948 plmp4_10
59 0 118037 4 99.78831 plmp4_10
59 0 118040 5 97.665215 plmp4_10
59 0 145627 6 97.51769 plmp4_10
59 0 118422 7 95.71923 plmp4_10
59 0 1087691 8 93.04113 plmp4_10
59 0 134735 9 89.68691 plmp4_10
60 0 3195891 0 128.05493 plmp4_10
60 0 4170685 1 122.158005 plmp4_10
60 0 2788983 2 118.23186 plmp4_10
60 0 621195 3 115.50439 plmp4_10
60 0 621270 4 115.50439 plmp4_10
60 0 118334 5 115.27991 plmp4_10
60 0 130158 6 108.73152 plmp4_10
60 0 117968 7 108.027336 plmp4_10
60 0 931614 8 107.47272 plmp4_10
60 0 109949 9 107.11136 plmp4_10
61 0 145743 0 70.15883 plmp4_10
61 0 145923 1 65.71247 plmp4_10
61 0 2812210 2 65.66592 plmp4_10
61 0 218457 3 60.446793 plmp4_10
61 0 145844 4 55.962807 plmp4_10
61 0 179213 5 55.87272 plmp4_10
61 0 145808 6 54.65102 plmp4_10
61 0 3195092 7 51.43967 plmp4_10
61 0 219815 8 50.918934 plmp4_10
61 0 1732 9 49.846268 plmp4_10
62 0 110525 0 29.6478 plmp4_10
62 0 111433 1 29.57147 plmp4_10
62 0 117864 2 29.364775 plmp4_10
62 0 108194 3 29.047415 plmp4_10
62 0 110091 4 28.870007 plmp4_10
62 0 111250 5 28.511753 plmp4_10
62 0 111869 6 28.276176 plmp4_10
62 0 110984 7 28.271511 plmp4_10
62 0 112485 8 28.187164 plmp4_10
62 0 111728 9 27.72166 plmp4_10
63 0 145936 0 28.36393 plmp4_10
63 0 108187 1 28.324682 plmp4_10
63 0 108312 2 28.175 plmp4_10
63 0 110474 3 28.143871 plmp4_10
63 0 118019 4 27.503769 plmp4_10
63 0 112808 5 27.431057 plmp4_10
63 0 103694 6 27.323963 plmp4_10
63 0 111317 7 27.232367 plmp4_10
63 0 2670965 8 27.052902 plmp4_10
63 0 112372 9 26.881132 plmp4_10
64 0 3205768 0 47.71581 plmp4_10
64 0 3205767 1 45.88012 plmp4_10
64 0 3214775 2 45.440685 plmp4_10
64 0 3204919 3 44.009525 plmp4_10
64 0 2758568 4 42.624374 plmp4_10
64 0 3205736 5 40.899727 plmp4_10
64 0 110645 6 40.786602 plmp4_10
64 0 3209687 7 39.096466 plmp4_10
64 0 3207860 8 39.064766 plmp4_10
64 0 3214776 9 39.007645 plmp4_10
65 0 118123 0 94.44943 plmp4_10
65 0 150540 1 61.480545 plmp4_10
65 0 110645 2 58.931007 plmp4_10
65 0 1750 3 57.750957 plmp4_10
65 0 3211501 4 57.631767 plmp4_10
65 0 112441 5 57.537018 plmp4_10
65 0 873668 6 57.42734 plmp4_10
65 0 1745 7 57.16036 plmp4_10
65 0 218667 8 54.40347 plmp4_10
65 0 112738 9 53.658802 plmp4_10
66 0 3211501 0 100.881065 plmp4_10
66 0 145867 1 84.48606 plmp4_10
66 0 143378 2 78.58341 plmp4_10
66 0 3213872 3 75.046196 plmp4_10
66 0 112935 4 73.7813 plmp4_10
66 0 111632 5 70.31485 plmp4_10
66 0 109237 6 68.69457 plmp4_10
66 0 112106 7 68.50966 plmp4_10
66 0 3212516 8 67.49022 plmp4_10
66 0 110692 9 67.01845 plmp4_10
67 0 867645 0 73.76842 plmp4_10
67 0 145800 1 62.045555 plmp4_10
67 0 110330 2 48.628513 plmp4_10
67 0 105131 3 45.939407 plmp4_10
67 0 145673 4 45.37193 plmp4_10
67 0 2650505 5 45.18105 plmp4_10
67 0 103675 6 45.07931 plmp4_10
67 0 88704 7 44.475285 plmp4_10
67 0 106757 8 44.10498 plmp4_10
67 0 104522 9 43.197636 plmp4_10
68 0 867645 0 60.724274 plmp4_10
68 0 145800 1 57.096497 plmp4_10
68 0 97893 2 48.5378 plmp4_10
68 0 88704 3 48.48646 plmp4_10
68 0 103020 4 43.461967 plmp4_10
68 0 103093 5 43.173927 plmp4_10
68 0 88756 6 43.07928 plmp4_10
68 0 110330 7 42.793434 plmp4_10
68 0 107938 8 41.524467 plmp4_10
68 0 86806 9 41.511063 plmp4_10
69 0 112534 0 64.86268 plmp4_10
69 0 110439 1 64.40942 plmp4_10
69 0 117859 2 59.34414 plmp4_10
69 0 111709 3 58.456688 plmp4_10
69 0 110308 4 57.90367 plmp4_10
69 0 110068 5 57.69597 plmp4_10
69 0 112820 6 56.29355 plmp4_10
69 0 110881 7 56.06071 plmp4_10
69 0 110563 8 55.170418 plmp4_10
69 0 110516 9 55.08494 plmp4_10
70 0 110068 0 68.06121 plmp4_10
70 0 109835 1 67.77934 plmp4_10
70 0 118111 2 64.80622 plmp4_10
70 0 110718 3 64.09244 plmp4_10
70 0 106834 4 63.680958 plmp4_10
70 0 118379 5 62.87636 plmp4_10
70 0 111709 6 62.689335 plmp4_10
70 0 2676593 7 62.087917 plmp4_10
70 0 107734 8 61.91924 plmp4_10
70 0 112820 9 61.893425 plmp4_10
71 0 118052 0 72.71338 plmp4_10
71 0 112904 1 69.59628 plmp4_10
71 0 112914 2 65.86744 plmp4_10
71 0 145121 3 65.20792 plmp4_10
71 0 118005 4 64.1464 plmp4_10
71 0 112823 5 63.527283 plmp4_10
71 0 118234 6 63.21514 plmp4_10
71 0 117979 7 59.75465 plmp4_10
71 0 108303 8 56.195766 plmp4_10
71 0 3189783 9 54.942215 plmp4_10
72 0 118052 0 78.12944 plmp4_10
72 0 112904 1 70.04802 plmp4_10
72 0 118005 2 67.77422 plmp4_10
72 0 118234 3 67.65691 plmp4_10
72 0 112914 4 67.409065 plmp4_10
72 0 145121 5 64.49398 plmp4_10
72 0 112823 6 62.31077 plmp4_10
72 0 117979 7 61.950886 plmp4_10
72 0 3189783 8 57.326733 plmp4_10
72 0 1087946 9 56.046043 plmp4_10
73 0 108264 0 25.684717 plmp4_10
73 0 110517 1 25.291853 plmp4_10
73 0 2784695 2 24.733093 plmp4_10
73 0 110516 3 23.963697 plmp4_10
73 0 109893 4 23.596123 plmp4_10
73 0 136987 5 23.458712 plmp4_10
73 0 621195 6 23.0558 plmp4_10
73 0 621270 7 23.0558 plmp4_10
73 0 809121 8 22.760592 plmp4_10
73 0 109031 9 22.636457 plmp4_10
74 0 107904 0 45.388092 plmp4_10
74 0 109284 1 43.991528 plmp4_10
74 0 112774 2 43.000835 plmp4_10
74 0 111755 3 42.161636 plmp4_10
74 0 2804674 4 41.427845 plmp4_10
74 0 112902 5 40.200443 plmp4_10
74 0 108331 6 38.47392 plmp4_10
74 0 109016 7 37.771564 plmp4_10
74 0 108839 8 37.754406 plmp4_10
74 0 110798 9 37.20752 plmp4_10
75 0 89410 0 61.280037 plmp4_10
75 0 96318 1 59.142895 plmp4_10
75 0 98058 2 59.132133 plmp4_10
75 0 89224 3 58.014633 plmp4_10
75 0 110964 4 57.229477 plmp4_10
75 0 92916 5 56.973976 plmp4_10
75 0 86533 6 56.455177 plmp4_10
75 0 2655499 7 53.54444 plmp4_10
75 0 91724 8 49.55792 plmp4_10
75 0 118226 9 49.511147 plmp4_10
76 0 2679833 0 61.156387 plmp4_10
76 0 2680440 1 61.156387 plmp4_10
76 0 112919 2 54.274345 plmp4_10
76 0 112428 3 53.405964 plmp4_10
76 0 145861 4 52.77467 plmp4_10
76 0 118341 5 52.747246 plmp4_10
76 0 112434 6 52.361156 plmp4_10
76 0 117837 7 52.32376 plmp4_10
76 0 111772 8 52.28918 plmp4_10
76 0 145652 9 52.08113 plmp4_10
77 0 4151822 0 68.63066 plmp4_10
77 0 2812588 1 63.52985 plmp4_10
77 0 145817 2 60.558834 plmp4_10
77 0 112726 3 58.206623 plmp4_10
77 0 111455 4 56.74181 plmp4_10
77 0 145647 5 53.78885 plmp4_10
77 0 145902 6 53.47017 plmp4_10
77 0 134747 7 53.445965 plmp4_10
77 0 1087693 8 53.342106 plmp4_10
77 0 111029 9 52.473663 plmp4_10
78 0 145632 0 25.52289 plmp4_10
78 0 104784 1 24.53018 plmp4_10
78 0 108859 2 23.887 plmp4_10
78 0 108913 3 22.947607 plmp4_10
78 0 111686 4 22.91037 plmp4_10
78 0 112133 5 22.647131 plmp4_10
78 0 117968 6 22.42829 plmp4_10
78 0 2812588 7 22.417677 plmp4_10
78 0 105930 8 22.395084 plmp4_10
78 0 112458 9 22.317076 plmp4_10
79 0 111009 0 105.34439 plmp4_10
79 0 118143 1 94.16927 plmp4_10
79 0 111470 2 93.51425 plmp4_10
79 0 110221 3 71.154594 plmp4_10
79 0 2680438 4 58.2662 plmp4_10
79 0 118513 5 54.89373 plmp4_10
79 0 3171728 6 53.71254 plmp4_10
79 0 110183 7 52.10925 plmp4_10
79 0 118372 8 48.244385 plmp4_10
79 0 112867 9 47.201557 plmp4_10
80 0 118143 0 88.7506 plmp4_10
80 0 111470 1 84.04964 plmp4_10
80 0 111009 2 83.85972 plmp4_10
80 0 626054 3 67.16179 plmp4_10
80 0 109342 4 65.26981 plmp4_10
80 0 106328 5 64.954285 plmp4_10
80 0 145859 6 62.97435 plmp4_10
80 0 110221 7 61.718624 plmp4_10
80 0 2672210 8 60.455074 plmp4_10
80 0 2654755 9 60.455074 plmp4_10
81 0 148484 0 39.99916 plmp4_10
81 0 799981 1 36.650288 plmp4_10
81 0 118126 2 35.788116 plmp4_10
81 0 117841 3 35.023685 plmp4_10
81 0 127900 4 33.997368 plmp4_10
81 0 118368 5 33.575592 plmp4_10
81 0 145865 6 33.23839 plmp4_10
81 0 1726 7 32.70638 plmp4_10
81 0 216735 8 31.963753 plmp4_10
81 0 216806 9 31.963753 plmp4_10
82 0 127900 0 61.690926 plmp4_10
82 0 118368 1 61.013546 plmp4_10
82 0 2803250 2 59.296005 plmp4_10
82 0 799981 3 58.90072 plmp4_10
82 0 145865 4 57.602753 plmp4_10
82 0 118126 5 56.250565 plmp4_10
82 0 1726 6 54.863113 plmp4_10
82 0 216735 7 51.965042 plmp4_10
82 0 216806 8 51.965042 plmp4_10
82 0 3213871 9 43.490074 plmp4_10
83 0 145859 0 79.02727 plmp4_10
83 0 110289 1 58.251606 plmp4_10
83 0 112922 2 52.1297 plmp4_10
83 0 111286 3 51.44684 plmp4_10
83 0 112368 4 49.65645 plmp4_10
83 0 111333 5 47.17499 plmp4_10
83 0 137746 6 46.753086 plmp4_10
83 0 109894 7 45.992855 plmp4_10
83 0 145870 8 44.396244 plmp4_10
83 0 118073 9 44.083714 plmp4_10
84 0 145859 0 72.637184 plmp4_10
84 0 112922 1 58.056355 plmp4_10
84 0 110289 2 57.226406 plmp4_10
84 0 107293 3 54.27281 plmp4_10
84 0 111286 4 50.22634 plmp4_10
84 0 800858 5 50.006454 plmp4_10
84 0 109894 6 49.708416 plmp4_10
84 0 109895 7 47.571907 plmp4_10
84 0 110681 8 46.944027 plmp4_10
84 0 107980 9 46.906338 plmp4_10
85 0 802973 0 89.30271 plmp4_10
85 0 803271 1 89.30271 plmp4_10
85 0 2959737 2 89.30271 plmp4_10
85 0 3177199 3 66.112686 plmp4_10
85 0 3171724 4 65.93978 plmp4_10
85 0 3177200 5 65.93978 plmp4_10
85 0 3205766 6 64.26477 plmp4_10
85 0 150543 7 57.089577 plmp4_10
85 0 2959732 8 57.089577 plmp4_10
85 0 146553 9 56.962383 plmp4_10
86 0 3177199 0 47.058205 plmp4_10
86 0 3171724 1 46.964428 plmp4_10
86 0 3177200 2 46.964428 plmp4_10
86 0 802973 3 41.11093 plmp4_10
86 0 803271 4 41.11093 plmp4_10
86 0 2959737 5 41.11093 plmp4_10
86 0 3205766 6 41.004642 plmp4_10
86 0 3181481 7 35.574425 plmp4_10
86 0 3195092 8 33.208908 plmp4_10
86 0 150543 9 32.788635 plmp4_10
87 0 145818 0 25.4871 plmp4_10
87 0 112807 1 21.159546 plmp4_10
87 0 111170 2 20.392534 plmp4_10
87 0 149653 3 20.37987 plmp4_10
87 0 145826 4 20.31424 plmp4_10
87 0 102747 5 19.707058 plmp4_10
87 0 111385 6 19.558977 plmp4_10
87 0 105004 7 19.558378 plmp4_10
87 0 111665 8 19.323189 plmp4_10
87 0 90132 9 19.301725 plmp4_10
88 0 145897 0 53.790077 plmp4_10
88 0 182992 1 50.98855 plmp4_10
88 0 182991 2 49.609306 plmp4_10
88 0 118339 3 49.32859 plmp4_10
88 0 1756 4 47.300106 plmp4_10
88 0 130159 5 46.80835 plmp4_10
88 0 127691 6 46.788563 plmp4_10
88 0 111170 7 46.298214 plmp4_10
88 0 112807 8 45.367516 plmp4_10
88 0 2654277 9 45.09546 plmp4_10
89 0 4151822 0 123.53896 plmp4_10
89 0 2770446 1 103.45428 plmp4_10
89 0 2812588 2 99.510826 plmp4_10
89 0 4162110 3 96.53438 plmp4_10
89 0 145817 4 67.77975 plmp4_10
89 0 145647 5 66.54175 plmp4_10
89 0 134747 6 65.01872 plmp4_10
89 0 4162111 7 62.243454 plmp4_10
89 0 145954 8 55.957447 plmp4_10
89 0 219509 9 50.526855 plmp4_10
90 0 145626 0 95.19433 plmp4_10
90 0 2620698 1 84.86394 plmp4_10
90 0 118054 2 82.94443 plmp4_10
90 0 130150 3 82.54846 plmp4_10
90 0 118420 4 82.30651 plmp4_10
90 0 4151822 5 81.00075 plmp4_10
90 0 2812588 6 80.750435 plmp4_10
90 0 3181025 7 77.846565 plmp4_10
90 0 112258 8 76.971306 plmp4_10
90 0 137748 9 76.617516 plmp4_10
91 0 3212514 0 103.16973 plmp4_10
91 0 109857 1 61.45766 plmp4_10
91 0 134732 2 54.7444 plmp4_10
91 0 110032 3 54.37729 plmp4_10
91 0 1087959 4 53.921192 plmp4_10
91 0 118507 5 53.27708 plmp4_10
91 0 110249 6 51.853355 plmp4_10
91 0 112439 7 51.484753 plmp4_10
91 0 145785 8 51.091805 plmp4_10
91 0 109818 9 49.60096 plmp4_10
92 0 3212514 0 102.39507 plmp4_10
92 0 110249 1 75.138756 plmp4_10
92 0 1087959 2 68.9459 plmp4_10
92 0 118507 3 64.95222 plmp4_10
92 0 109857 4 58.563145 plmp4_10
92 0 110032 5 57.99248 plmp4_10
92 0 110213 6 54.23949 plmp4_10
92 0 134732 7 52.429688 plmp4_10
92 0 110057 8 51.495132 plmp4_10
92 0 110506 9 51.374588 plmp4_10
93 0 118334 0 81.55065 plmp4_10
93 0 118107 1 79.352135 plmp4_10
93 0 110877 2 77.76154 plmp4_10
93 0 130158 3 77.224304 plmp4_10
93 0 112824 4 72.463486 plmp4_10
93 0 2788983 5 71.25231 plmp4_10
93 0 112905 6 70.49383 plmp4_10
93 0 109610 7 68.55178 plmp4_10
93 0 117874 8 68.114624 plmp4_10
93 0 117968 9 65.33714 plmp4_10
94 0 931614 0 78.57304 plmp4_10
94 0 2788983 1 78.31531 plmp4_10
94 0 3195891 2 72.0597 plmp4_10
94 0 117874 3 68.43051 plmp4_10
94 0 145901 4 67.778114 plmp4_10
94 0 4151827 5 66.921684 plmp4_10
94 0 112824 6 65.85556 plmp4_10
94 0 112818 7 64.22854 plmp4_10
94 0 117876 8 64.1009 plmp4_10
94 0 118334 9 63.6846 plmp4_10
95 0 105495 0 59.999847 plmp4_10
95 0 108555 1 57.981533 plmp4_10
95 0 107232 2 55.715393 plmp4_10
95 0 106171 3 53.526176 plmp4_10
95 0 107475 4 47.319973 plmp4_10
95 0 106073 5 40.854664 plmp4_10
95 0 103631 6 40.841244 plmp4_10
95 0 109444 7 37.374683 plmp4_10
95 0 104671 8 36.45066 plmp4_10
95 0 110134 9 36.35278 plmp4_10
96 0 103631 0 47.390667 plmp4_10
96 0 92705 1 47.04707 plmp4_10
96 0 96542 2 46.57658 plmp4_10
96 0 96341 3 45.364502 plmp4_10
96 0 93395 4 44.95471 plmp4_10
96 0 108555 5 44.845203 plmp4_10
96 0 92746 6 44.48586 plmp4_10
96 0 93739 7 43.953636 plmp4_10
96 0 96359 8 43.910854 plmp4_10
96 0 96850 9 43.227757 plmp4_10
97 0 112101 0 71.31415 plmp4_10
97 0 111922 1 55.575676 plmp4_10
97 0 2655597 2 37.66384 plmp4_10
97 0 112574 3 36.106884 plmp4_10
97 0 117959 4 35.35557 plmp4_10
97 0 112247 5 35.11029 plmp4_10
97 0 820748 6 34.827595 plmp4_10
97 0 146554 7 33.609776 plmp4_10
97 0 109115 8 31.040728 plmp4_10
97 0 136993 9 30.734959 plmp4_10
98 0 112123 0 17.777004 plmp4_10
98 0 108542 1 17.602865 plmp4_10
98 0 150541 2 17.436234 plmp4_10
98 0 130155 3 16.6693 plmp4_10
98 0 109400 4 16.3828 plmp4_10
98 0 111616 5 16.329647 plmp4_10
98 0 122242 6 16.328945 plmp4_10
98 0 108650 7 15.95409 plmp4_10
98 0 104675 8 15.906769 plmp4_10
98 0 111249 9 15.793378 plmp4_10
99 0 112267 0 66.261246 plmp4_10
99 0 111884 1 48.902172 plmp4_10
99 0 110552 2 42.0601 plmp4_10
99 0 109976 3 35.276768 plmp4_10
99 0 118121 4 35.184677 plmp4_10
99 0 112723 5 34.146 plmp4_10
99 0 110578 6 33.66457 plmp4_10
99 0 104759 7 31.983261 plmp4_10
99 0 109673 8 29.993097 plmp4_10
99 0 112033 9 28.36922 plmp4_10
100 0 112267 0 82.69263 plmp4_10
100 0 111884 1 75.87385 plmp4_10
100 0 108405 2 67.0958 plmp4_10
100 0 110552 3 64.728714 plmp4_10
100 0 110296 4 64.13909 plmp4_10
100 0 109673 5 64.06165 plmp4_10
100 0 102906 6 62.578785 plmp4_10
100 0 112033 7 61.337704 plmp4_10
100 0 110578 8 60.40285 plmp4_10
100 0 111381 9 60.092175 plmp4_10
