1 0 3204919 0 69.380905 plmp6_3
1 0 2649076 1 62.021675 plmp6_3
1 0 2809767 2 61.39331 plmp6_3
1 0 2811850 3 61.39331 plmp6_3
1 0 4164893 4 59.877953 plmp6_3
1 0 3153112 5 59.058773 plmp6_3
1 0 802972 6 59.042213 plmp6_3
1 0 2781925 7 57.753498 plmp6_3
1 0 3177197 8 57.127197 plmp6_3
1 0 3170730 9 57.099575 plmp6_3
2 0 103631 0 64.29385 plmp6_3
2 0 103549 1 57.4591 plmp6_3
2 0 104671 2 57.396484 plmp6_3
2 0 145692 3 56.266262 plmp6_3
2 0 104571 4 53.76435 plmp6_3
2 0 105116 5 53.0587 plmp6_3
2 0 108555 6 52.15646 plmp6_3
2 0 104673 7 49.86894 plmp6_3
2 0 105294 8 47.84328 plmp6_3
2 0 109928 9 47.489056 plmp6_3
3 0 3162143 0 81.00631 plmp6_3
3 0 215496 1 71.25995 plmp6_3
3 0 215694 2 71.25995 plmp6_3
3 0 2959735 3 71.25891 plmp6_3
3 0 130157 4 69.57772 plmp6_3
3 0 145890 5 69.38833 plmp6_3
3 0 112584 6 67.809105 plmp6_3
3 0 118475 7 67.59789 plmp6_3
3 0 145821 8 65.50675 plmp6_3
3 0 111091 9 65.46601 plmp6_3
4 0 215694 0 179.78296 plmp6_3
4 0 2959735 1 179.78088 plmp6_3
4 0 215496 2 179.76439 plmp6_3
4 0 623142 3 160.89148 plmp6_3
4 0 3162143 4 159.3074 plmp6_3
4 0 118029 5 156.27504 plmp6_3
4 0 149007 6 140.41328 plmp6_3
4 0 903973 7 127.99509 plmp6_3
4 0 78783 8 113.63086 plmp6_3
4 0 111920 9 110.49422 plmp6_3
5 0 2672209 0 59.86823 plmp6_3
5 0 2657779 1 59.86823 plmp6_3
5 0 183480 2 54.94042 plmp6_3
5 0 145652 3 54.195766 plmp6_3
5 0 112708 4 53.202305 plmp6_3
5 0 110056 5 52.892807 plmp6_3
5 0 1740 6 51.939854 plmp6_3
5 0 110831 7 50.027164 plmp6_3
5 0 118217 8 46.24172 plmp6_3
5 0 108089 9 45.39169 plmp6_3
6 0 110654 0 99.630615 plmp6_3
6 0 110056 1 79.34938 plmp6_3
6 0 3203656 2 62.62458 plmp6_3
6 0 3206414 3 62.62458 plmp6_3
6 0 183480 4 61.449623 plmp6_3
6 0 111258 5 59.89182 plmp6_3
6 0 111114 6 55.8255 plmp6_3
6 0 117932 7 54.751938 plmp6_3
6 0 110789 8 51.481415 plmp6_3
6 0 110599 9 46.34544 plmp6_3
7 0 147531 0 40.071533 plmp6_3
7 0 2672535 1 39.266785 plmp6_3
7 0 2655591 2 39.080044 plmp6_3
7 0 134749 3 38.886993 plmp6_3
7 0 2678467 4 38.78252 plmp6_3
7 0 2679202 5 38.78252 plmp6_3
7 0 2959746 6 38.78252 plmp6_3
7 0 145715 7 37.411606 plmp6_3
7 0 3195892 8 37.170883 plmp6_3
7 0 145713 9 37.149002 plmp6_3
8 0 134749 0 98.454384 plmp6_3
8 0 112174 1 95.83075 plmp6_3
8 0 145715 2 90.26424 plmp6_3
8 0 145868 3 86.85833 plmp6_3
8 0 112834 4 84.8082 plmp6_3
8 0 2678467 5 82.7893 plmp6_3
8 0 2679202 6 82.7893 plmp6_3
8 0 2959746 7 82.7893 plmp6_3
8 0 147531 8 81.71205 plmp6_3
8 0 112748 9 77.83151 plmp6_3
9 0 2675751 0 92.55718 plmp6_3
9 0 118212 1 82.04968 plmp6_3
9 0 112641 2 80.48061 plmp6_3
9 0 854177 3 79.96209 plmp6_3
9 0 127923 4 79.60021 plmp6_3
9 0 147530 5 79.20151 plmp6_3
9 0 118318 6 76.638245 plmp6_3
9 0 127887 7 76.53429 plmp6_3
9 0 118011 8 76.354164 plmp6_3
9 0 118317 9 75.90256 plmp6_3
10 0 118087 0 105.36591 plmp6_3
10 0 112423 1 105.09053 plmp6_3
10 0 111500 2 95.63219 plmp6_3
10 0 147531 3 90.01925 plmp6_3
10 0 214949 4 89.00092 plmp6_3
10 0 215071 5 89.00092 plmp6_3
10 0 118236 6 88.5857 plmp6_3
10 0 112800 7 87.69198 plmp6_3
10 0 110753 8 87.5452 plmp6_3
10 0 134743 9 87.49354 plmp6_3
11 0 2810524 0 56.487392 plmp6_3
11 0 2811846 1 56.487392 plmp6_3
11 0 873668 2 55.660683 plmp6_3
11 0 217512 3 52.490437 plmp6_3
11 0 3171724 4 51.39855 plmp6_3
11 0 3177199 5 51.39855 plmp6_3
11 0 3177200 6 51.39855 plmp6_3
11 0 2812210 7 50.750336 plmp6_3
11 0 145960 8 49.88792 plmp6_3
11 0 218926 9 48.943832 plmp6_3
12 0 2672535 0 71.278076 plmp6_3
12 0 3207860 1 54.75041 plmp6_3
12 0 3153112 2 49.042366 plmp6_3
12 0 3211503 3 47.91933 plmp6_3
12 0 3204919 4 47.77336 plmp6_3
12 0 183479 5 46.98388 plmp6_3
12 0 3216389 6 46.82541 plmp6_3
12 0 3181025 7 46.384792 plmp6_3
12 0 2750101 8 45.5617 plmp6_3
12 0 4151832 9 45.292175 plmp6_3
13 0 2812588 0 72.20638 plmp6_3
13 0 145967 1 69.55696 plmp6_3
13 0 4162111 2 67.26163 plmp6_3
13 0 2642828 3 65.473755 plmp6_3
13 0 802973 4 60.617786 plmp6_3
13 0 803271 5 60.617786 plmp6_3
13 0 2959737 6 60.617786 plmp6_3
13 0 4106440 7 60.151268 plmp6_3
13 0 2959730 8 58.36111 plmp6_3
13 0 145632 9 55.73868 plmp6_3
14 0 614392 0 42.714954 plmp6_3
14 0 614485 1 42.714954 plmp6_3
14 0 108730 2 42.377155 plmp6_3
14 0 2153 3 40.671093 plmp6_3
14 0 2670965 4 38.313248 plmp6_3
14 0 2812588 5 37.65852 plmp6_3
14 0 2742710 6 36.898033 plmp6_3
14 0 108193 7 36.22009 plmp6_3
14 0 117942 8 36.043465 plmp6_3
14 0 107679 9 36.030117 plmp6_3
15 0 2812588 0 114.60931 plmp6_3
15 0 4151822 1 99.9592 plmp6_3
15 0 2770446 2 79.50285 plmp6_3
15 0 4171965 3 72.461464 plmp6_3
15 0 2809767 4 69.7666 plmp6_3
15 0 2811850 5 69.7666 plmp6_3
15 0 2812587 6 64.175766 plmp6_3
15 0 2959748 7 64.175766 plmp6_3
15 0 2812210 8 63.91261 plmp6_3
15 0 3153112 9 63.03382 plmp6_3
16 0 4151822 0 102.58365 plmp6_3
16 0 2812588 1 70.892265 plmp6_3
16 0 2770446 2 66.276344 plmp6_3
16 0 4171965 3 61.319653 plmp6_3
16 0 145817 4 57.32187 plmp6_3
16 0 4162936 5 53.327496 plmp6_3
16 0 4162111 6 52.296963 plmp6_3
16 0 134747 7 51.304653 plmp6_3
16 0 4168362 8 50.791664 plmp6_3
16 0 3209687 9 50.113552 plmp6_3
17 0 148484 0 41.592617 plmp6_3
17 0 813289 1 40.233852 plmp6_3
17 0 4161362 2 38.79432 plmp6_3
17 0 145865 3 38.50146 plmp6_3
17 0 150542 4 38.409622 plmp6_3
17 0 147527 5 38.263664 plmp6_3
17 0 1726 6 38.247242 plmp6_3
17 0 2783506 7 37.731895 plmp6_3
17 0 111122 8 37.660873 plmp6_3
17 0 215412 9 37.47789 plmp6_3
18 0 205712 0 111.47599 plmp6_3
18 0 148484 1 93.395355 plmp6_3
18 0 620566 2 86.42831 plmp6_3
18 0 2795703 3 81.21881 plmp6_3
18 0 2797292 4 81.21881 plmp6_3
18 0 1753 5 80.271194 plmp6_3
18 0 131156 6 79.14471 plmp6_3
18 0 815689 7 78.17035 plmp6_3
18 0 217512 8 77.799614 plmp6_3
18 0 218133 9 77.64235 plmp6_3
19 0 2654533 0 121.09943 plmp6_3
19 0 2654756 1 121.09943 plmp6_3
19 0 4172500 2 85.319916 plmp6_3
19 0 4151825 3 83.80135 plmp6_3
19 0 3203656 4 77.70323 plmp6_3
19 0 3206414 5 77.70323 plmp6_3
19 0 219509 6 77.65035 plmp6_3
19 0 112808 7 76.9249 plmp6_3
19 0 2679558 8 75.83185 plmp6_3
19 0 4151826 9 75.712845 plmp6_3
20 0 2654533 0 126.69398 plmp6_3
20 0 2654756 1 126.69398 plmp6_3
20 0 4151825 2 84.805725 plmp6_3
20 0 4172500 3 84.03892 plmp6_3
20 0 112775 4 78.086525 plmp6_3
20 0 219509 5 77.65035 plmp6_3
20 0 206098 6 77.52731 plmp6_3
20 0 3203656 7 76.508705 plmp6_3
20 0 3206414 8 76.508705 plmp6_3
20 0 110085 9 74.8751 plmp6_3
21 0 873660 0 114.181725 plmp6_3
21 0 867657 1 98.44068 plmp6_3
21 0 117890 2 94.6931 plmp6_3
21 0 112799 3 94.15096 plmp6_3
21 0 145925 4 89.67381 plmp6_3
21 0 2804673 5 88.653114 plmp6_3
21 0 2659300 6 87.89882 plmp6_3
21 0 3181482 7 86.32341 plmp6_3
21 0 821306 8 85.38361 plmp6_3
21 0 2654534 9 84.270226 plmp6_3
22 0 2659300 0 145.99794 plmp6_3
22 0 117890 1 131.13466 plmp6_3
22 0 112799 2 119.01158 plmp6_3
22 0 145925 3 106.41395 plmp6_3
22 0 867657 4 105.737404 plmp6_3
22 0 145829 5 103.94514 plmp6_3
22 0 118081 6 100.758354 plmp6_3
22 0 112774 7 99.741165 plmp6_3
22 0 2804673 8 95.18596 plmp6_3
22 0 112846 9 93.12189 plmp6_3
23 0 2810525 0 78.200294 plmp6_3
23 0 2811847 1 78.200294 plmp6_3
23 0 118449 2 73.26048 plmp6_3
23 0 118180 3 70.75724 plmp6_3
23 0 2801435 4 67.68531 plmp6_3
23 0 2657927 5 66.266266 plmp6_3
23 0 3217227 6 62.91033 plmp6_3
23 0 4162535 7 62.540443 plmp6_3
23 0 1738 8 62.01381 plmp6_3
23 0 218457 9 61.712452 plmp6_3
24 0 1738 0 33.650078 plmp6_3
24 0 145778 1 33.0275 plmp6_3
24 0 802408 2 29.439545 plmp6_3
24 0 2678133 3 29.234049 plmp6_3
24 0 2804671 4 27.042376 plmp6_3
24 0 145866 5 26.59886 plmp6_3
24 0 182558 6 25.96821 plmp6_3
24 0 2790213 7 24.204422 plmp6_3
24 0 145635 8 23.727406 plmp6_3
24 0 2654754 9 23.594004 plmp6_3
25 0 112616 0 99.44368 plmp6_3
25 0 2655499 1 70.15962 plmp6_3
25 0 108792 2 59.754833 plmp6_3
25 0 821305 3 57.046753 plmp6_3
25 0 110318 4 55.46164 plmp6_3
25 0 3211503 5 54.253532 plmp6_3
25 0 118021 6 51.317287 plmp6_3
25 0 2621067 7 47.78612 plmp6_3
25 0 111495 8 46.491566 plmp6_3
25 0 117845 9 46.462368 plmp6_3
26 0 117872 0 93.14281 plmp6_3
26 0 112616 1 88.64801 plmp6_3
26 0 112045 2 79.15903 plmp6_3
26 0 145758 3 76.22388 plmp6_3
26 0 118026 4 73.796646 plmp6_3
26 0 112457 5 72.71368 plmp6_3
26 0 117841 6 69.58064 plmp6_3
26 0 112324 7 69.20047 plmp6_3
26 0 4161362 8 68.6032 plmp6_3
26 0 111056 9 68.60027 plmp6_3
27 0 4157382 0 167.15004 plmp6_3
27 0 4157405 1 167.15004 plmp6_3
27 0 111141 2 88.729805 plmp6_3
27 0 112346 3 85.83373 plmp6_3
27 0 112523 4 76.14513 plmp6_3
27 0 112792 5 68.90204 plmp6_3
27 0 110384 6 64.693665 plmp6_3
27 0 182992 7 63.908775 plmp6_3
27 0 145636 8 63.887463 plmp6_3
27 0 217703 9 62.775463 plmp6_3
28 0 4157382 0 136.86234 plmp6_3
28 0 4157405 1 136.86234 plmp6_3
28 0 112346 2 91.29293 plmp6_3
28 0 111141 3 77.63849 plmp6_3
28 0 110384 4 57.225956 plmp6_3
28 0 118489 5 56.717937 plmp6_3
28 0 110706 6 55.918915 plmp6_3
28 0 112071 7 54.797894 plmp6_3
28 0 931121 8 54.794834 plmp6_3
28 0 212970 9 54.372627 plmp6_3
29 0 118044 0 33.402866 plmp6_3
29 0 4151826 1 33.085182 plmp6_3
29 0 117875 2 32.966637 plmp6_3
29 0 137739 3 32.223854 plmp6_3
29 0 118381 4 32.13625 plmp6_3
29 0 112485 5 32.02772 plmp6_3
29 0 109560 6 31.496536 plmp6_3
29 0 111471 7 31.404594 plmp6_3
29 0 112646 8 31.141739 plmp6_3
29 0 205788 9 31.122639 plmp6_3
30 0 205788 0 112.89165 plmp6_3
30 0 218921 1 95.4758 plmp6_3
30 0 4151826 2 92.15494 plmp6_3
30 0 899483 3 91.45308 plmp6_3
30 0 802770 4 88.9957 plmp6_3
30 0 148795 5 88.33895 plmp6_3
30 0 626206 6 86.43953 plmp6_3
30 0 145841 7 85.557884 plmp6_3
30 0 179213 8 84.00687 plmp6_3
30 0 145761 9 81.50865 plmp6_3
31 0 145925 0 70.5392 plmp6_3
31 0 2809763 1 63.40605 plmp6_3
31 0 118023 2 62.175705 plmp6_3
31 0 2795279 3 60.473507 plmp6_3
31 0 145909 4 60.214653 plmp6_3
31 0 110561 5 60.03646 plmp6_3
31 0 902267 6 58.776543 plmp6_3
31 0 118353 7 58.111927 plmp6_3
31 0 219510 8 58.065006 plmp6_3
31 0 118458 9 57.766224 plmp6_3
32 0 112329 0 66.75185 plmp6_3
32 0 111434 1 64.653755 plmp6_3
32 0 1728 2 63.69283 plmp6_3
32 0 112850 3 62.278225 plmp6_3
32 0 125839 4 58.27424 plmp6_3
32 0 112447 5 58.150936 plmp6_3
32 0 112090 6 58.0963 plmp6_3
32 0 118455 7 56.105362 plmp6_3
32 0 111596 8 53.270027 plmp6_3
32 0 145710 9 52.875168 plmp6_3
33 0 109535 0 65.16597 plmp6_3
33 0 802973 1 63.509285 plmp6_3
33 0 803271 2 63.509285 plmp6_3
33 0 2959737 3 63.509285 plmp6_3
33 0 109532 4 63.479187 plmp6_3
33 0 110795 5 63.068085 plmp6_3
33 0 112485 6 61.934532 plmp6_3
33 0 109935 7 61.7469 plmp6_3
33 0 111863 8 60.622826 plmp6_3
33 0 121158 9 60.588055 plmp6_3
34 0 2676594 0 215.0005 plmp6_3
34 0 2675753 1 210.17833 plmp6_3
34 0 2679204 2 210.17833 plmp6_3
34 0 2809767 3 156.06465 plmp6_3
34 0 2811850 4 156.06465 plmp6_3
34 0 3216389 5 85.93911 plmp6_3
34 0 121158 6 81.870255 plmp6_3
34 0 625710 7 80.67182 plmp6_3
34 0 112325 8 74.07224 plmp6_3
34 0 136994 9 73.62887 plmp6_3
35 0 821306 0 39.13195 plmp6_3
35 0 205203 1 38.800575 plmp6_3
35 0 2768888 2 37.349804 plmp6_3
35 0 218927 3 36.96534 plmp6_3
35 0 2678134 4 36.856953 plmp6_3
35 0 931124 5 34.15507 plmp6_3
35 0 2801432 6 34.061424 plmp6_3
35 0 4168362 7 33.788746 plmp6_3
35 0 903979 8 33.783268 plmp6_3
35 0 902768 9 33.783268 plmp6_3
36 0 118319 0 63.238464 plmp6_3
36 0 118142 1 61.51926 plmp6_3
36 0 118238 2 59.942978 plmp6_3
36 0 902769 3 59.792835 plmp6_3
36 0 118329 4 58.99538 plmp6_3
36 0 3170730 5 57.121967 plmp6_3
36 0 3177197 6 57.121967 plmp6_3
36 0 218927 7 56.167706 plmp6_3
36 0 2670966 8 54.847466 plmp6_3
36 0 112314 9 54.72655 plmp6_3
37 0 4151829 0 50.099697 plmp6_3
37 0 118269 1 46.961205 plmp6_3
37 0 145629 2 45.488735 plmp6_3
37 0 110742 3 44.029606 plmp6_3
37 0 145731 4 43.97354 plmp6_3
37 0 110774 5 43.64748 plmp6_3
37 0 118290 6 43.34207 plmp6_3
37 0 111982 7 42.853348 plmp6_3
37 0 121171 8 42.29953 plmp6_3
37 0 121168 9 41.93951 plmp6_3
38 0 145855 0 87.08509 plmp6_3
38 0 145731 1 81.77238 plmp6_3
38 0 4151829 2 79.489334 plmp6_3
38 0 118269 3 61.91835 plmp6_3
38 0 1993216 4 60.638138 plmp6_3
38 0 112910 5 54.2443 plmp6_3
38 0 111982 6 53.606976 plmp6_3
38 0 110774 7 53.47054 plmp6_3
38 0 112292 8 51.178562 plmp6_3
38 0 111420 9 50.43938 plmp6_3
39 0 112568 0 72.40415 plmp6_3
39 0 112420 1 61.45748 plmp6_3
39 0 118457 2 59.41777 plmp6_3
39 0 111432 3 53.36501 plmp6_3
39 0 2959744 4 51.415646 plmp6_3
39 0 855518 5 51.415646 plmp6_3
39 0 2674861 6 51.083725 plmp6_3
39 0 2675754 7 51.083725 plmp6_3
39 0 111062 8 50.80842 plmp6_3
39 0 112855 9 50.22817 plmp6_3
40 0 105200 0 82.720406 plmp6_3
40 0 621044 1 74.14995 plmp6_3
40 0 621090 2 74.14995 plmp6_3
40 0 2959739 3 74.14995 plmp6_3
40 0 1731 4 73.82095 plmp6_3
40 0 122254 5 72.0207 plmp6_3
40 0 118457 6 69.323166 plmp6_3
40 0 112273 7 66.610825 plmp6_3
40 0 2144 8 65.28272 plmp6_3
40 0 2959744 9 64.38559 plmp6_3
41 0 112924 0 85.33952 plmp6_3
41 0 2811847 1 82.40623 plmp6_3
41 0 2810525 2 82.40153 plmp6_3
41 0 111198 3 71.510544 plmp6_3
41 0 112585 4 71.254555 plmp6_3
41 0 2654533 5 71.04921 plmp6_3
41 0 2654756 6 71.04921 plmp6_3
41 0 145756 7 70.2804 plmp6_3
41 0 145785 8 66.632774 plmp6_3
41 0 117864 9 65.75311 plmp6_3
42 0 112585 0 93.61729 plmp6_3
42 0 2654533 1 88.763 plmp6_3
42 0 2654756 2 88.763 plmp6_3
42 0 111891 3 80.81287 plmp6_3
42 0 111198 4 79.976265 plmp6_3
42 0 109186 5 79.726135 plmp6_3
42 0 110132 6 78.756645 plmp6_3
42 0 112924 7 78.50997 plmp6_3
42 0 109352 8 75.24335 plmp6_3
42 0 145785 9 75.10825 plmp6_3
43 0 2680590 0 74.75885 plmp6_3
43 0 2959745 1 74.75885 plmp6_3
43 0 112920 2 71.537346 plmp6_3
43 0 112305 3 70.3073 plmp6_3
43 0 112803 4 60.40657 plmp6_3
43 0 118148 5 56.976746 plmp6_3
43 0 110729 6 56.116684 plmp6_3
43 0 112644 7 54.85097 plmp6_3
43 0 118113 8 51.92538 plmp6_3
43 0 117935 9 51.508186 plmp6_3
44 0 92563 0 20.95129 plmp6_3
44 0 96678 1 20.342945 plmp6_3
44 0 802408 2 18.962957 plmp6_3
44 0 2781925 3 18.869045 plmp6_3
44 0 183480 4 18.74445 plmp6_3
44 0 108965 5 18.551867 plmp6_3
44 0 4104823 6 18.344013 plmp6_3
44 0 145903 7 18.188202 plmp6_3
44 0 145834 8 18.114702 plmp6_3
44 0 118182 9 17.932484 plmp6_3
45 0 3204917 0 130.82231 plmp6_3
45 0 800568 1 108.81513 plmp6_3
45 0 866024 2 105.2482 plmp6_3
45 0 858802 3 105.2482 plmp6_3
45 0 150542 4 103.596306 plmp6_3
45 0 145861 5 100.1004 plmp6_3
45 0 145772 6 98.98598 plmp6_3
45 0 145903 7 97.62898 plmp6_3
45 0 137725 8 92.33545 plmp6_3
45 0 2804673 9 91.92631 plmp6_3
46 0 866024 0 225.73117 plmp6_3
46 0 858802 1 225.72086 plmp6_3
46 0 623145 2 159.086 plmp6_3
46 0 3204917 3 151.96234 plmp6_3
46 0 2804673 4 151.09254 plmp6_3
46 0 150542 5 137.84895 plmp6_3
46 0 145861 6 136.32495 plmp6_3
46 0 903971 7 135.6545 plmp6_3
46 0 2959742 8 135.6545 plmp6_3
46 0 145764 9 123.2155 plmp6_3
47 0 2674861 0 101.355064 plmp6_3
47 0 2675754 1 101.355064 plmp6_3
47 0 2678133 2 57.30651 plmp6_3
47 0 2803251 3 56.906807 plmp6_3
47 0 3213872 4 56.503994 plmp6_3
47 0 2790213 5 56.22675 plmp6_3
47 0 2671723 6 55.752937 plmp6_3
47 0 2795703 7 55.610016 plmp6_3
47 0 2797292 8 55.610016 plmp6_3
47 0 2771250 9 54.658817 plmp6_3
48 0 2674861 0 98.97355 plmp6_3
48 0 2675754 1 98.97355 plmp6_3
48 0 3170727 2 57.179066 plmp6_3
48 0 2646093 3 52.97631 plmp6_3
48 0 111362 4 51.49707 plmp6_3
48 0 96612 5 50.214825 plmp6_3
48 0 103019 6 49.987804 plmp6_3
48 0 96147 7 49.93062 plmp6_3
48 0 145896 8 48.70681 plmp6_3
48 0 205316 9 48.537205 plmp6_3
49 0 2810525 0 58.866558 plmp6_3
49 0 2811847 1 58.866558 plmp6_3
49 0 4162535 2 54.558228 plmp6_3
49 0 3153112 3 43.778824 plmp6_3
49 0 2809767 4 40.773422 plmp6_3
49 0 2811850 5 40.773422 plmp6_3
49 0 4151826 6 40.67894 plmp6_3
49 0 2812210 7 39.68813 plmp6_3
49 0 2801435 8 39.07375 plmp6_3
49 0 2811845 9 38.41162 plmp6_3
50 0 3153112 0 89.17293 plmp6_3
50 0 4162535 1 78.933624 plmp6_3
50 0 2810525 2 63.60895 plmp6_3
50 0 2811847 3 63.60895 plmp6_3
50 0 4151826 4 48.516453 plmp6_3
50 0 3181025 5 47.182877 plmp6_3
50 0 2812210 6 46.73967 plmp6_3
50 0 2809767 7 46.521038 plmp6_3
50 0 2811850 8 46.521038 plmp6_3
50 0 2801435 9 45.11976 plmp6_3
51 0 2752078 0 51.266163 plmp6_3
51 0 616433 1 51.16326 plmp6_3
51 0 112770 2 50.01976 plmp6_3
51 0 145868 3 47.571568 plmp6_3
51 0 620566 4 47.475826 plmp6_3
51 0 215412 5 47.318356 plmp6_3
51 0 616869 6 45.902786 plmp6_3
51 0 873668 7 45.844334 plmp6_3
51 0 3203658 8 45.633003 plmp6_3
51 0 148799 9 45.587868 plmp6_3
52 0 112770 0 43.307594 plmp6_3
52 0 112931 1 40.206646 plmp6_3
52 0 112243 2 36.053703 plmp6_3
52 0 802399 3 33.624077 plmp6_3
52 0 98744 4 32.341164 plmp6_3
52 0 854177 5 32.261772 plmp6_3
52 0 103302 6 32.044556 plmp6_3
52 0 109704 7 31.661884 plmp6_3
52 0 103145 8 31.143076 plmp6_3
52 0 105869 9 30.797365 plmp6_3
53 0 799985 0 74.94332 plmp6_3
53 0 145792 1 66.06403 plmp6_3
53 0 2808291 2 64.95409 plmp6_3
53 0 148483 3 61.846462 plmp6_3
53 0 2771250 4 61.400154 plmp6_3
53 0 621045 5 55.882416 plmp6_3
53 0 1744 6 55.87546 plmp6_3
53 0 145664 7 55.66597 plmp6_3
53 0 2650505 8 54.81081 plmp6_3
53 0 811778 9 54.733253 plmp6_3
54 0 872994 0 115.08991 plmp6_3
54 0 811778 1 98.20724 plmp6_3
54 0 943668 2 87.69975 plmp6_3
54 0 811777 3 85.35034 plmp6_3
54 0 931123 4 82.885826 plmp6_3
54 0 625711 5 80.762314 plmp6_3
54 0 2808291 6 71.7104 plmp6_3
54 0 621045 7 66.1586 plmp6_3
54 0 2655591 8 64.12053 plmp6_3
54 0 2679557 9 63.49351 plmp6_3
55 0 4154603 0 114.494804 plmp6_3
55 0 145855 1 85.7198 plmp6_3
55 0 145731 2 84.923744 plmp6_3
55 0 145629 3 79.84329 plmp6_3
55 0 118269 4 79.54806 plmp6_3
55 0 111261 5 74.216446 plmp6_3
55 0 112910 6 69.27968 plmp6_3
55 0 110774 7 67.26769 plmp6_3
55 0 111982 8 65.04054 plmp6_3
55 0 111420 9 65.02829 plmp6_3
56 0 4154603 0 175.18987 plmp6_3
56 0 145731 1 117.19311 plmp6_3
56 0 118269 2 115.75293 plmp6_3
56 0 112910 3 113.67363 plmp6_3
56 0 111261 4 95.95599 plmp6_3
56 0 145629 5 95.63268 plmp6_3
56 0 110774 6 95.26155 plmp6_3
56 0 145855 7 93.32962 plmp6_3
56 0 1993216 8 87.96653 plmp6_3
56 0 111420 9 85.78625 plmp6_3
57 0 800569 0 70.647964 plmp6_3
57 0 867644 1 69.245224 plmp6_3
57 0 802408 2 68.13506 plmp6_3
57 0 815320 3 67.42446 plmp6_3
57 0 800859 4 65.67092 plmp6_3
57 0 205720 5 62.146744 plmp6_3
57 0 182567 6 60.676056 plmp6_3
57 0 4170683 7 60.16064 plmp6_3
57 0 117856 8 60.07976 plmp6_3
57 0 118297 9 59.35983 plmp6_3
58 0 145735 0 83.2083 plmp6_3
58 0 217702 1 63.16159 plmp6_3
58 0 108547 2 59.96278 plmp6_3
58 0 2676592 3 58.532276 plmp6_3
58 0 145800 4 58.371376 plmp6_3
58 0 112467 5 56.612404 plmp6_3
58 0 106179 6 54.688362 plmp6_3
58 0 4104822 7 53.46735 plmp6_3
58 0 110330 8 52.89649 plmp6_3
58 0 4172497 9 52.78496 plmp6_3
59 0 2788983 0 218.9611 plmp6_3
59 0 4170685 1 191.85063 plmp6_3
59 0 118037 2 170.26097 plmp6_3
59 0 145627 3 166.45287 plmp6_3
59 0 118129 4 164.40692 plmp6_3
59 0 117968 5 161.82787 plmp6_3
59 0 118040 6 159.04575 plmp6_3
59 0 1087691 7 153.47675 plmp6_3
59 0 118422 8 145.00633 plmp6_3
59 0 3205767 9 138.53593 plmp6_3
60 0 3195891 0 212.92499 plmp6_3
60 0 2788983 1 181.25612 plmp6_3
60 0 4170685 2 180.28174 plmp6_3
60 0 118129 3 158.00357 plmp6_3
60 0 118334 4 156.04047 plmp6_3
60 0 145627 5 154.17215 plmp6_3
60 0 621195 6 153.6755 plmp6_3
60 0 621270 7 153.6755 plmp6_3
60 0 931614 8 153.57362 plmp6_3
60 0 130158 9 149.80692 plmp6_3
61 0 145743 0 119.18975 plmp6_3
61 0 145923 1 114.683556 plmp6_3
61 0 2812210 2 112.08514 plmp6_3
61 0 218457 3 102.02637 plmp6_3
61 0 1732 4 93.19991 plmp6_3
61 0 112854 5 90.159325 plmp6_3
61 0 3195092 6 88.92097 plmp6_3
61 0 145815 7 88.6072 plmp6_3
61 0 219815 8 82.11123 plmp6_3
61 0 218132 9 79.5619 plmp6_3
62 0 2812210 0 53.821594 plmp6_3
62 0 110661 1 43.031425 plmp6_3
62 0 118299 2 42.171856 plmp6_3
62 0 110926 3 41.873665 plmp6_3
62 0 117875 4 41.663162 plmp6_3
62 0 110091 5 40.171825 plmp6_3
62 0 107147 6 39.905136 plmp6_3
62 0 118098 7 39.90339 plmp6_3
62 0 109966 8 38.80856 plmp6_3
62 0 109846 9 38.617065 plmp6_3
63 0 107685 0 47.0311 plmp6_3
63 0 149702 1 46.800343 plmp6_3
63 0 106985 2 46.680447 plmp6_3
63 0 2812589 3 44.928627 plmp6_3
63 0 2959749 4 44.928627 plmp6_3
63 0 104521 5 43.39832 plmp6_3
63 0 107014 6 42.946976 plmp6_3
63 0 105525 7 42.681416 plmp6_3
63 0 108538 8 42.434437 plmp6_3
63 0 111250 9 42.382324 plmp6_3
64 0 3205768 0 60.019035 plmp6_3
64 0 2758568 1 58.709003 plmp6_3
64 0 3205767 2 58.672 plmp6_3
64 0 2809766 3 57.726906 plmp6_3
64 0 2811849 4 57.726906 plmp6_3
64 0 3207860 5 52.03634 plmp6_3
64 0 110645 6 51.83152 plmp6_3
64 0 4151827 7 51.571045 plmp6_3
64 0 145895 8 50.88085 plmp6_3
64 0 3205736 9 50.579254 plmp6_3
65 0 118123 0 137.81279 plmp6_3
65 0 150540 1 87.4167 plmp6_3
65 0 3211501 2 85.46844 plmp6_3
65 0 4151825 3 81.88764 plmp6_3
65 0 110645 4 81.45046 plmp6_3
65 0 4102799 5 78.73808 plmp6_3
65 0 4089982 6 78.05719 plmp6_3
65 0 3199502 7 77.10677 plmp6_3
65 0 873668 8 74.7252 plmp6_3
65 0 149286 9 72.841354 plmp6_3
66 0 3211501 0 140.56262 plmp6_3
66 0 145867 1 130.17728 plmp6_3
66 0 4151827 2 104.57348 plmp6_3
66 0 118123 3 100.64727 plmp6_3
66 0 3214775 4 97.3509 plmp6_3
66 0 150540 5 95.10496 plmp6_3
66 0 143378 6 94.42848 plmp6_3
66 0 3213872 7 93.41638 plmp6_3
66 0 3212516 8 92.476524 plmp6_3
66 0 112935 9 91.96044 plmp6_3
67 0 145800 0 148.73235 plmp6_3
67 0 867645 1 136.75043 plmp6_3
67 0 103675 2 90.71481 plmp6_3
67 0 106757 3 75.7511 plmp6_3
67 0 104522 4 68.919754 plmp6_3
67 0 103678 5 66.15844 plmp6_3
67 0 107938 6 63.388596 plmp6_3
67 0 110330 7 61.35767 plmp6_3
67 0 103916 8 60.01413 plmp6_3
67 0 2810526 9 59.880737 plmp6_3
68 0 145800 0 131.96283 plmp6_3
68 0 867645 1 104.25139 plmp6_3
68 0 97893 2 74.16209 plmp6_3
68 0 94177 3 73.47566 plmp6_3
68 0 88704 4 71.62585 plmp6_3
68 0 103675 5 70.99092 plmp6_3
68 0 87585 6 68.35986 plmp6_3
68 0 103678 7 67.107765 plmp6_3
68 0 103093 8 66.93304 plmp6_3
68 0 88756 9 66.60149 plmp6_3
69 0 111709 0 84.20118 plmp6_3
69 0 3214778 1 82.877205 plmp6_3
69 0 182558 2 82.16914 plmp6_3
69 0 866022 3 80.50489 plmp6_3
69 0 117859 4 79.95863 plmp6_3
69 0 110068 5 79.65121 plmp6_3
69 0 112820 6 76.43034 plmp6_3
69 0 3214777 7 76.08948 plmp6_3
69 0 149289 8 75.08144 plmp6_3
69 0 112534 9 74.21583 plmp6_3
70 0 182558 0 93.990746 plmp6_3
70 0 2676593 1 93.02795 plmp6_3
70 0 3214778 2 92.552864 plmp6_3
70 0 868384 3 88.182884 plmp6_3
70 0 802971 4 88.11562 plmp6_3
70 0 803270 5 88.11562 plmp6_3
70 0 149289 6 87.460014 plmp6_3
70 0 3214777 7 86.8429 plmp6_3
70 0 866022 8 86.16434 plmp6_3
70 0 2790213 9 85.729164 plmp6_3
71 0 145121 0 88.070496 plmp6_3
71 0 118052 1 87.969154 plmp6_3
71 0 112914 2 85.70419 plmp6_3
71 0 3189783 3 79.935326 plmp6_3
71 0 112904 4 79.86547 plmp6_3
71 0 118287 5 79.19005 plmp6_3
71 0 118005 6 77.69913 plmp6_3
71 0 118234 7 75.45257 plmp6_3
71 0 112823 8 71.447876 plmp6_3
71 0 117979 9 70.924484 plmp6_3
72 0 118052 0 101.88641 plmp6_3
72 0 112904 1 91.110725 plmp6_3
72 0 145121 2 88.816345 plmp6_3
72 0 112914 3 87.86031 plmp6_3
72 0 118005 4 86.85167 plmp6_3
72 0 118234 5 86.60885 plmp6_3
72 0 3189783 6 83.47675 plmp6_3
72 0 117979 7 75.55145 plmp6_3
72 0 112823 8 70.24998 plmp6_3
72 0 118287 9 70.085304 plmp6_3
73 0 2804674 0 42.047092 plmp6_3
73 0 110692 1 38.997803 plmp6_3
73 0 108538 2 38.897453 plmp6_3
73 0 109931 3 38.465107 plmp6_3
73 0 145624 4 38.246307 plmp6_3
73 0 110175 5 35.604588 plmp6_3
73 0 118043 6 35.09579 plmp6_3
73 0 217514 7 34.813812 plmp6_3
73 0 1087954 8 33.80584 plmp6_3
73 0 112637 9 33.10671 plmp6_3
74 0 2804674 0 70.29107 plmp6_3
74 0 107904 1 68.178185 plmp6_3
74 0 109284 2 65.82104 plmp6_3
74 0 112774 3 61.762676 plmp6_3
74 0 127908 4 55.53571 plmp6_3
74 0 2675749 5 54.803127 plmp6_3
74 0 111245 6 52.049812 plmp6_3
74 0 108616 7 50.29601 plmp6_3
74 0 110798 8 49.566452 plmp6_3
74 0 111596 9 49.08744 plmp6_3
75 0 89410 0 65.05873 plmp6_3
75 0 92916 1 64.40783 plmp6_3
75 0 110964 2 62.90612 plmp6_3
75 0 3189783 3 62.195473 plmp6_3
75 0 98058 4 61.54415 plmp6_3
75 0 89224 5 59.964054 plmp6_3
75 0 92470 6 59.84031 plmp6_3
75 0 86533 7 59.64991 plmp6_3
75 0 96318 8 59.142895 plmp6_3
75 0 802770 9 58.60949 plmp6_3
76 0 2679833 0 78.087845 plmp6_3
76 0 2680440 1 78.087845 plmp6_3
76 0 110964 2 74.41713 plmp6_3
76 0 112919 3 70.926865 plmp6_3
76 0 108900 4 70.71485 plmp6_3
76 0 2670966 5 69.26593 plmp6_3
76 0 1732 6 67.70667 plmp6_3
76 0 118360 7 67.58461 plmp6_3
76 0 145861 8 67.56043 plmp6_3
76 0 150540 9 67.055824 plmp6_3
77 0 2812588 0 104.94856 plmp6_3
77 0 4151822 1 103.51685 plmp6_3
77 0 145817 2 97.26637 plmp6_3
77 0 2770446 3 91.565216 plmp6_3
77 0 134747 4 87.8693 plmp6_3
77 0 112726 5 85.94005 plmp6_3
77 0 111029 6 81.74935 plmp6_3
77 0 145647 7 75.893974 plmp6_3
77 0 145902 8 75.73105 plmp6_3
77 0 111455 9 75.36888 plmp6_3
78 0 2812588 0 39.233402 plmp6_3
78 0 616862 1 35.141567 plmp6_3
78 0 117968 2 35.091812 plmp6_3
78 0 118022 3 34.927982 plmp6_3
78 0 799976 4 34.4172 plmp6_3
78 0 111702 5 33.993748 plmp6_3
78 0 112358 6 33.951504 plmp6_3
78 0 145632 7 33.60192 plmp6_3
78 0 111092 8 33.163216 plmp6_3
78 0 118037 9 32.873352 plmp6_3
79 0 111009 0 129.08463 plmp6_3
79 0 118143 1 115.15603 plmp6_3
79 0 111470 2 109.27936 plmp6_3
79 0 110221 3 86.2019 plmp6_3
79 0 2680438 4 74.07382 plmp6_3
79 0 110183 5 63.955616 plmp6_3
79 0 118513 6 62.499607 plmp6_3
79 0 218665 7 56.660477 plmp6_3
79 0 111964 8 56.10238 plmp6_3
79 0 3171728 9 55.009636 plmp6_3
80 0 118143 0 104.38651 plmp6_3
80 0 111009 1 103.32917 plmp6_3
80 0 111470 2 101.01069 plmp6_3
80 0 145859 3 77.54505 plmp6_3
80 0 110221 4 68.21572 plmp6_3
80 0 109342 5 65.11783 plmp6_3
80 0 106328 6 64.91572 plmp6_3
80 0 150540 7 64.70344 plmp6_3
80 0 2672210 8 64.40165 plmp6_3
80 0 2654755 9 64.40165 plmp6_3
81 0 148484 0 74.97526 plmp6_3
81 0 112440 1 55.885273 plmp6_3
81 0 122253 2 51.272076 plmp6_3
81 0 118445 3 44.30361 plmp6_3
81 0 117841 4 41.51983 plmp6_3
81 0 127900 5 40.44022 plmp6_3
81 0 112616 6 39.594635 plmp6_3
81 0 112867 7 39.120335 plmp6_3
81 0 799981 8 39.02176 plmp6_3
81 0 112422 9 38.751648 plmp6_3
82 0 2803250 0 74.394775 plmp6_3
82 0 118368 1 72.6735 plmp6_3
82 0 127900 2 70.92647 plmp6_3
82 0 1726 3 70.28369 plmp6_3
82 0 216735 4 65.56141 plmp6_3
82 0 216806 5 65.56141 plmp6_3
82 0 799981 6 63.974216 plmp6_3
82 0 145865 7 63.217834 plmp6_3
82 0 145625 8 57.59434 plmp6_3
82 0 3213871 9 56.6333 plmp6_3
83 0 145859 0 100.85722 plmp6_3
83 0 112922 1 71.784004 plmp6_3
83 0 137746 2 63.254578 plmp6_3
83 0 110289 3 61.43788 plmp6_3
83 0 145870 4 61.402744 plmp6_3
83 0 109894 5 61.19087 plmp6_3
83 0 111286 6 60.26587 plmp6_3
83 0 111246 7 60.013897 plmp6_3
83 0 111194 8 59.47266 plmp6_3
83 0 111103 9 59.244263 plmp6_3
84 0 145859 0 99.29391 plmp6_3
84 0 112922 1 83.26308 plmp6_3
84 0 107293 2 72.39594 plmp6_3
84 0 800858 3 71.50498 plmp6_3
84 0 111151 4 70.24516 plmp6_3
84 0 109895 5 69.79516 plmp6_3
84 0 107980 6 67.32092 plmp6_3
84 0 109893 7 67.051414 plmp6_3
84 0 109200 8 66.541336 plmp6_3
84 0 110681 9 66.33579 plmp6_3
85 0 2959737 0 151.2467 plmp6_3
85 0 802973 1 150.52237 plmp6_3
85 0 803271 2 150.52237 plmp6_3
85 0 3177199 3 110.06221 plmp6_3
85 0 3171724 4 109.889305 plmp6_3
85 0 3177200 5 109.889305 plmp6_3
85 0 150543 6 92.55896 plmp6_3
85 0 2959732 7 92.55896 plmp6_3
85 0 146553 8 92.07211 plmp6_3
85 0 146790 9 92.07211 plmp6_3
86 0 3171724 0 96.59724 plmp6_3
86 0 3177199 1 96.59724 plmp6_3
86 0 3177200 2 96.59724 plmp6_3
86 0 3205766 3 89.698746 plmp6_3
86 0 802973 4 81.23737 plmp6_3
86 0 803271 5 81.23737 plmp6_3
86 0 2959737 6 81.23737 plmp6_3
86 0 150543 7 74.77925 plmp6_3
86 0 2959732 8 74.77925 plmp6_3
86 0 146553 9 74.23959 plmp6_3
87 0 1088038 0 33.47405 plmp6_3
87 0 110760 1 31.263857 plmp6_3
87 0 143378 2 30.07296 plmp6_3
87 0 111905 3 28.743725 plmp6_3
87 0 110372 4 28.35597 plmp6_3
87 0 111170 5 27.82711 plmp6_3
87 0 111660 6 27.801634 plmp6_3
87 0 136998 7 27.769968 plmp6_3
87 0 2812588 8 27.631304 plmp6_3
87 0 118109 9 27.373407 plmp6_3
88 0 182992 0 80.5937 plmp6_3
88 0 2654277 1 74.27011 plmp6_3
88 0 182991 2 74.153076 plmp6_3
88 0 145897 3 72.87441 plmp6_3
88 0 149653 4 71.113144 plmp6_3
88 0 111170 5 67.557816 plmp6_3
88 0 625832 6 67.11471 plmp6_3
88 0 626055 7 67.11471 plmp6_3
88 0 1756 8 66.48011 plmp6_3
88 0 112807 9 63.522552 plmp6_3
89 0 4151822 0 160.04286 plmp6_3
89 0 2770446 1 147.75932 plmp6_3
89 0 2812588 2 139.35876 plmp6_3
89 0 4162110 3 105.46915 plmp6_3
89 0 145817 4 79.914795 plmp6_3
89 0 134747 5 77.91308 plmp6_3
89 0 145647 6 74.80559 plmp6_3
89 0 145954 7 65.821526 plmp6_3
89 0 4162111 8 61.569675 plmp6_3
89 0 4106440 9 58.08412 plmp6_3
90 0 4151822 0 181.94002 plmp6_3
90 0 2812588 1 167.90033 plmp6_3
90 0 2770446 2 132.10683 plmp6_3
90 0 145626 3 120.03484 plmp6_3
90 0 130150 4 110.95865 plmp6_3
90 0 3181025 5 104.78536 plmp6_3
90 0 2620698 6 103.41434 plmp6_3
90 0 626454 7 102.89368 plmp6_3
90 0 118054 8 102.888084 plmp6_3
90 0 118420 9 101.911575 plmp6_3
91 0 3212514 0 202.96848 plmp6_3
91 0 145785 1 81.75567 plmp6_3
91 0 145892 2 81.471306 plmp6_3
91 0 109857 3 80.08998 plmp6_3
91 0 145782 4 79.63991 plmp6_3
91 0 1087959 5 78.786575 plmp6_3
91 0 219097 6 78.66717 plmp6_3
91 0 118507 7 77.643684 plmp6_3
91 0 110249 8 76.99167 plmp6_3
91 0 110213 9 75.946625 plmp6_3
92 0 3212514 0 196.22453 plmp6_3
92 0 110249 1 105.89658 plmp6_3
92 0 1087959 2 97.020905 plmp6_3
92 0 118507 3 93.214905 plmp6_3
92 0 110213 4 80.333015 plmp6_3
92 0 145892 5 79.38712 plmp6_3
92 0 134725 6 79.36196 plmp6_3
92 0 109857 7 77.57261 plmp6_3
92 0 110032 8 75.49199 plmp6_3
92 0 110506 9 74.25204 plmp6_3
93 0 145901 0 150.27179 plmp6_3
93 0 112905 1 139.60551 plmp6_3
93 0 112824 2 137.92592 plmp6_3
93 0 118334 3 137.21439 plmp6_3
93 0 117874 4 136.77985 plmp6_3
93 0 130158 5 135.24103 plmp6_3
93 0 118107 6 134.28372 plmp6_3
93 0 145627 7 125.990974 plmp6_3
93 0 2788983 8 125.67572 plmp6_3
93 0 931614 9 125.40014 plmp6_3
94 0 931614 0 157.34741 plmp6_3
94 0 145901 1 155.42113 plmp6_3
94 0 2788983 2 139.15327 plmp6_3
94 0 117874 3 138.43712 plmp6_3
94 0 4151827 4 130.80359 plmp6_3
94 0 112824 5 128.35345 plmp6_3
94 0 118129 6 124.89313 plmp6_3
94 0 112905 7 124.88384 plmp6_3
94 0 145627 8 122.55465 plmp6_3
94 0 111736 9 122.35372 plmp6_3
95 0 108555 0 75.47344 plmp6_3
95 0 105495 1 74.10368 plmp6_3
95 0 107232 2 67.79677 plmp6_3
95 0 107475 3 62.466507 plmp6_3
95 0 106171 4 58.646416 plmp6_3
95 0 103631 5 51.796078 plmp6_3
95 0 109444 6 50.25062 plmp6_3
95 0 106073 7 49.52001 plmp6_3
95 0 112750 8 44.933697 plmp6_3
95 0 104671 9 44.733994 plmp6_3
96 0 108555 0 83.71212 plmp6_3
96 0 103631 1 78.11026 plmp6_3
96 0 96542 2 61.385395 plmp6_3
96 0 92746 3 60.938725 plmp6_3
96 0 103511 4 59.532673 plmp6_3
96 0 92705 5 59.24392 plmp6_3
96 0 96341 6 59.158234 plmp6_3
96 0 93395 7 58.34251 plmp6_3
96 0 96850 8 57.966274 plmp6_3
96 0 96359 9 57.205254 plmp6_3
97 0 112101 0 89.76767 plmp6_3
97 0 111922 1 68.516884 plmp6_3
97 0 117959 2 40.366875 plmp6_3
97 0 111215 3 39.7355 plmp6_3
97 0 2795279 4 37.834236 plmp6_3
97 0 112742 5 36.592896 plmp6_3
97 0 112574 6 36.566696 plmp6_3
97 0 902770 7 36.55367 plmp6_3
97 0 2959743 8 36.549446 plmp6_3
97 0 858289 9 36.549446 plmp6_3
98 0 118467 0 25.046139 plmp6_3
98 0 145804 1 24.63591 plmp6_3
98 0 134732 2 24.610939 plmp6_3
98 0 2655591 3 23.91435 plmp6_3
98 0 2676593 4 23.870695 plmp6_3
98 0 145903 5 22.917862 plmp6_3
98 0 108783 6 22.909964 plmp6_3
98 0 118148 7 22.585825 plmp6_3
98 0 109088 8 22.579803 plmp6_3
98 0 145628 9 22.529346 plmp6_3
99 0 112267 0 100.38548 plmp6_3
99 0 111884 1 73.08748 plmp6_3
99 0 110552 2 60.644554 plmp6_3
99 0 112723 3 55.052013 plmp6_3
99 0 110578 4 50.046875 plmp6_3
99 0 109976 5 48.79861 plmp6_3
99 0 145914 6 46.21721 plmp6_3
99 0 118121 7 44.94311 plmp6_3
99 0 104759 8 44.286125 plmp6_3
99 0 111484 9 43.924564 plmp6_3
100 0 112267 0 108.23312 plmp6_3
100 0 110552 1 88.85186 plmp6_3
100 0 111884 2 78.453125 plmp6_3
100 0 102981 3 68.55918 plmp6_3
100 0 111886 4 68.17801 plmp6_3
100 0 108405 5 68.154915 plmp6_3
100 0 110098 6 66.24073 plmp6_3
100 0 104524 7 65.46841 plmp6_3
100 0 102906 8 64.75122 plmp6_3
100 0 110296 9 64.544846 plmp6_3
