1 0 3204919 0 104.95844 plmp9_10
1 0 2649076 1 89.825935 plmp9_10
1 0 219733 2 87.710075 plmp9_10
1 0 220342 3 87.710075 plmp9_10
1 0 149702 4 87.6799 plmp9_10
1 0 2812210 5 85.45556 plmp9_10
1 0 3177197 6 84.64631 plmp9_10
1 0 3170730 7 84.51029 plmp9_10
1 0 2809767 8 82.94175 plmp9_10
1 0 2811850 9 82.94175 plmp9_10
2 0 103631 0 90.74906 plmp9_10
2 0 145692 1 87.10396 plmp9_10
2 0 103549 2 86.44252 plmp9_10
2 0 104671 3 84.38848 plmp9_10
2 0 104571 4 83.643555 plmp9_10
2 0 108555 5 83.02914 plmp9_10
2 0 105116 6 80.39581 plmp9_10
2 0 96850 7 76.241035 plmp9_10
2 0 103644 8 75.34873 plmp9_10
2 0 106522 9 75.18971 plmp9_10
3 0 3162143 0 130.00005 plmp9_10
3 0 215496 1 118.75412 plmp9_10
3 0 215694 2 118.75412 plmp9_10
3 0 2959735 3 118.753075 plmp9_10
3 0 118475 4 115.08255 plmp9_10
3 0 903973 5 112.546455 plmp9_10
3 0 130157 6 112.496185 plmp9_10
3 0 117959 7 110.97614 plmp9_10
3 0 117907 8 110.78952 plmp9_10
3 0 112212 9 108.88632 plmp9_10
4 0 215694 0 215.90416 plmp9_10
4 0 2959735 1 215.90208 plmp9_10
4 0 215496 2 215.83865 plmp9_10
4 0 3162143 3 196.5885 plmp9_10
4 0 118029 4 178.40694 plmp9_10
4 0 623142 5 168.9605 plmp9_10
4 0 149007 6 166.33266 plmp9_10
4 0 903973 7 166.05814 plmp9_10
4 0 78783 8 156.69563 plmp9_10
4 0 145900 9 156.59372 plmp9_10
5 0 145652 0 85.36004 plmp9_10
5 0 1740 1 84.525764 plmp9_10
5 0 110831 2 82.698364 plmp9_10
5 0 110056 3 76.779 plmp9_10
5 0 2672209 4 76.39612 plmp9_10
5 0 2657779 5 76.39612 plmp9_10
5 0 118037 6 75.15339 plmp9_10
5 0 131163 7 74.68538 plmp9_10
5 0 118360 8 74.20098 plmp9_10
5 0 3214778 9 73.08187 plmp9_10
6 0 110654 0 121.79467 plmp9_10
6 0 110056 1 92.06827 plmp9_10
6 0 3203656 2 88.76688 plmp9_10
6 0 3206414 3 88.76688 plmp9_10
6 0 111258 4 86.66474 plmp9_10
6 0 183480 5 82.03793 plmp9_10
6 0 111114 6 81.61309 plmp9_10
6 0 110789 7 79.70137 plmp9_10
6 0 2811844 8 75.355415 plmp9_10
6 0 2959750 9 75.355415 plmp9_10
7 0 147531 0 57.47451 plmp9_10
7 0 2672535 1 57.10868 plmp9_10
7 0 2655591 2 56.810028 plmp9_10
7 0 134749 3 56.571964 plmp9_10
7 0 118511 4 55.908703 plmp9_10
7 0 219733 5 55.86474 plmp9_10
7 0 220342 6 55.86474 plmp9_10
7 0 217512 7 55.71527 plmp9_10
7 0 3195892 8 55.5608 plmp9_10
7 0 2678467 9 54.746662 plmp9_10
8 0 112174 0 126.458626 plmp9_10
8 0 134749 1 125.31697 plmp9_10
8 0 145868 2 112.81279 plmp9_10
8 0 145715 3 111.86351 plmp9_10
8 0 147531 4 106.74577 plmp9_10
8 0 112834 5 106.29616 plmp9_10
8 0 2678467 6 103.38999 plmp9_10
8 0 2679202 7 103.38999 plmp9_10
8 0 2959746 8 103.38999 plmp9_10
8 0 110932 9 98.804565 plmp9_10
9 0 2675751 0 136.97119 plmp9_10
9 0 147530 1 126.13498 plmp9_10
9 0 854177 2 123.5375 plmp9_10
9 0 2655498 3 118.32109 plmp9_10
9 0 127923 4 117.8652 plmp9_10
9 0 118317 5 117.49645 plmp9_10
9 0 108092 6 116.82668 plmp9_10
9 0 118212 7 115.62975 plmp9_10
9 0 145890 8 115.22204 plmp9_10
9 0 118011 9 115.21391 plmp9_10
10 0 111500 0 163.70534 plmp9_10
10 0 112423 1 153.67563 plmp9_10
10 0 112657 2 149.05171 plmp9_10
10 0 214949 3 145.50401 plmp9_10
10 0 215071 4 145.50401 plmp9_10
10 0 112800 5 144.19707 plmp9_10
10 0 118087 6 142.71297 plmp9_10
10 0 112293 7 140.24597 plmp9_10
10 0 118511 8 140.23723 plmp9_10
10 0 147531 9 139.7981 plmp9_10
11 0 2809767 0 81.0542 plmp9_10
11 0 2811850 1 81.0542 plmp9_10
11 0 4151830 2 80.7507 plmp9_10
11 0 2810524 3 80.69349 plmp9_10
11 0 2811846 4 80.69349 plmp9_10
11 0 145960 5 80.14811 plmp9_10
11 0 148483 6 77.962006 plmp9_10
11 0 873668 7 77.6684 plmp9_10
11 0 217512 8 77.66664 plmp9_10
11 0 811228 9 77.061424 plmp9_10
12 0 2672535 0 99.43509 plmp9_10
12 0 3211503 1 83.974815 plmp9_10
12 0 111722 2 81.73964 plmp9_10
12 0 2790213 3 81.16416 plmp9_10
12 0 3181025 4 80.21569 plmp9_10
12 0 108766 5 79.81433 plmp9_10
12 0 3153112 6 78.92265 plmp9_10
12 0 2809767 7 78.74808 plmp9_10
12 0 2811850 8 78.74808 plmp9_10
12 0 3177198 9 77.39323 plmp9_10
13 0 2812588 0 106.01998 plmp9_10
13 0 2642828 1 98.05093 plmp9_10
13 0 145967 2 97.05504 plmp9_10
13 0 802973 3 95.585915 plmp9_10
13 0 803271 4 95.585915 plmp9_10
13 0 2959737 5 95.585915 plmp9_10
13 0 4162111 6 93.20443 plmp9_10
13 0 150543 7 90.85488 plmp9_10
13 0 2959732 8 90.85468 plmp9_10
13 0 2959730 9 90.61617 plmp9_10
14 0 2670965 0 62.08867 plmp9_10
14 0 118015 1 61.791405 plmp9_10
14 0 2812588 2 61.66808 plmp9_10
14 0 118296 3 60.928738 plmp9_10
14 0 111330 4 60.660263 plmp9_10
14 0 148483 5 60.187897 plmp9_10
14 0 213842 6 59.594345 plmp9_10
14 0 118447 7 59.27719 plmp9_10
14 0 122258 8 59.05414 plmp9_10
14 0 111271 9 58.160778 plmp9_10
15 0 2812588 0 156.45088 plmp9_10
15 0 4151822 1 140.5901 plmp9_10
15 0 2770446 2 118.778854 plmp9_10
15 0 2809767 3 108.48224 plmp9_10
15 0 2811850 4 108.48224 plmp9_10
15 0 2771249 5 103.19647 plmp9_10
15 0 2812210 6 97.563324 plmp9_10
15 0 4151826 7 96.75597 plmp9_10
15 0 4155979 8 94.99346 plmp9_10
15 0 2809766 9 94.46322 plmp9_10
16 0 4151822 0 121.39311 plmp9_10
16 0 2812588 1 98.0901 plmp9_10
16 0 145817 2 88.57639 plmp9_10
16 0 3209687 3 87.73098 plmp9_10
16 0 111455 4 85.23443 plmp9_10
16 0 4151826 5 84.66221 plmp9_10
16 0 4155979 6 83.61048 plmp9_10
16 0 1921234 7 82.17401 plmp9_10
16 0 111934 8 81.47047 plmp9_10
16 0 4161362 9 81.0101 plmp9_10
17 0 148484 0 64.41545 plmp9_10
17 0 4161362 1 63.898075 plmp9_10
17 0 620566 2 62.10162 plmp9_10
17 0 145865 3 62.071114 plmp9_10
17 0 217512 4 59.903828 plmp9_10
17 0 2783506 5 59.12128 plmp9_10
17 0 111122 6 58.86805 plmp9_10
17 0 117987 7 58.378483 plmp9_10
17 0 813289 8 58.219513 plmp9_10
17 0 134749 9 57.981133 plmp9_10
18 0 205712 0 142.87527 plmp9_10
18 0 148484 1 138.69128 plmp9_10
18 0 620566 2 134.41658 plmp9_10
18 0 145664 3 132.21284 plmp9_10
18 0 217512 4 130.7432 plmp9_10
18 0 820903 5 128.96442 plmp9_10
18 0 145635 6 127.780655 plmp9_10
18 0 206097 7 126.33504 plmp9_10
18 0 182990 8 125.729324 plmp9_10
18 0 131156 9 124.2529 plmp9_10
19 0 2654533 0 169.20186 plmp9_10
19 0 2654756 1 169.20186 plmp9_10
19 0 112808 2 130.25435 plmp9_10
19 0 112775 3 126.75446 plmp9_10
19 0 118018 4 122.53791 plmp9_10
19 0 145121 5 121.45213 plmp9_10
19 0 2781925 6 119.90962 plmp9_10
19 0 4151826 7 119.49845 plmp9_10
19 0 2654534 8 118.696625 plmp9_10
19 0 4151825 9 118.46013 plmp9_10
20 0 2654533 0 172.93721 plmp9_10
20 0 2654756 1 172.93721 plmp9_10
20 0 112775 2 127.87256 plmp9_10
20 0 145121 3 122.178345 plmp9_10
20 0 112808 4 120.315575 plmp9_10
20 0 4151825 5 119.46449 plmp9_10
20 0 2781925 6 118.19201 plmp9_10
20 0 206098 7 118.158875 plmp9_10
20 0 112914 8 117.103935 plmp9_10
20 0 4172500 9 116.24428 plmp9_10
21 0 873660 0 184.96527 plmp9_10
21 0 117890 1 167.78975 plmp9_10
21 0 112799 2 161.33456 plmp9_10
21 0 121159 3 157.82997 plmp9_10
21 0 118081 4 156.80864 plmp9_10
21 0 118416 5 153.05188 plmp9_10
21 0 3181482 6 149.89688 plmp9_10
21 0 867657 7 149.58801 plmp9_10
21 0 118119 8 147.23386 plmp9_10
21 0 145925 9 144.98769 plmp9_10
22 0 117890 0 199.30093 plmp9_10
22 0 2659300 1 186.78668 plmp9_10
22 0 112799 2 180.8806 plmp9_10
22 0 118081 3 173.00308 plmp9_10
22 0 118416 4 167.85103 plmp9_10
22 0 121159 5 167.05246 plmp9_10
22 0 145925 6 161.90195 plmp9_10
22 0 3181482 7 156.22168 plmp9_10
22 0 118119 8 155.65173 plmp9_10
22 0 145829 9 153.82275 plmp9_10
23 0 118449 0 111.74676 plmp9_10
23 0 2811847 1 102.58466 plmp9_10
23 0 2810525 2 102.57996 plmp9_10
23 0 112257 3 101.00108 plmp9_10
23 0 118180 4 99.37318 plmp9_10
23 0 2801435 5 98.82712 plmp9_10
23 0 142878 6 97.19106 plmp9_10
23 0 145738 7 95.20601 plmp9_10
23 0 145121 8 91.80435 plmp9_10
23 0 623242 9 91.590935 plmp9_10
24 0 1738 0 47.665688 plmp9_10
24 0 145778 1 45.171047 plmp9_10
24 0 2678133 2 41.10545 plmp9_10
24 0 145866 3 40.606956 plmp9_10
24 0 802408 4 40.559135 plmp9_10
24 0 2790213 5 39.860703 plmp9_10
24 0 182558 6 39.81749 plmp9_10
24 0 145635 7 39.06441 plmp9_10
24 0 2675751 8 38.237446 plmp9_10
24 0 217512 9 38.061214 plmp9_10
25 0 112616 0 145.59178 plmp9_10
25 0 2655499 1 102.16416 plmp9_10
25 0 110318 2 97.91574 plmp9_10
25 0 3211503 3 89.17343 plmp9_10
25 0 118021 4 88.407425 plmp9_10
25 0 108792 5 87.15346 plmp9_10
25 0 821305 6 86.43752 plmp9_10
25 0 111495 7 83.07857 plmp9_10
25 0 117845 8 82.61898 plmp9_10
25 0 112700 9 81.6997 plmp9_10
26 0 117872 0 145.24062 plmp9_10
26 0 112616 1 127.86571 plmp9_10
26 0 112045 2 126.25636 plmp9_10
26 0 118026 3 123.54788 plmp9_10
26 0 112324 4 121.827835 plmp9_10
26 0 112259 5 117.399796 plmp9_10
26 0 127910 6 115.01491 plmp9_10
26 0 145779 7 113.295 plmp9_10
26 0 112457 8 112.92757 plmp9_10
26 0 145758 9 112.67953 plmp9_10
27 0 4157405 0 219.0126 plmp9_10
27 0 4157382 1 219.01044 plmp9_10
27 0 112346 2 143.0201 plmp9_10
27 0 111141 3 142.63736 plmp9_10
27 0 112523 4 125.462 plmp9_10
27 0 3204918 5 112.75106 plmp9_10
27 0 145636 6 109.16086 plmp9_10
27 0 931121 7 108.59225 plmp9_10
27 0 118489 8 108.33785 plmp9_10
27 0 110384 9 106.911766 plmp9_10
28 0 4157405 0 179.5854 plmp9_10
28 0 4157382 1 179.58322 plmp9_10
28 0 112346 2 134.0679 plmp9_10
28 0 111141 3 121.444244 plmp9_10
28 0 931121 4 96.59612 plmp9_10
28 0 118489 5 96.03734 plmp9_10
28 0 110706 6 94.64786 plmp9_10
28 0 111145 7 93.55899 plmp9_10
28 0 112071 8 92.91275 plmp9_10
28 0 118244 9 92.3324 plmp9_10
29 0 4151826 0 48.343147 plmp9_10
29 0 205788 1 47.875496 plmp9_10
29 0 111471 2 47.062603 plmp9_10
29 0 145632 3 47.01684 plmp9_10
29 0 118400 4 46.472855 plmp9_10
29 0 137739 5 46.236603 plmp9_10
29 0 117875 6 46.019203 plmp9_10
29 0 112810 7 45.70902 plmp9_10
29 0 109922 8 45.348763 plmp9_10
29 0 118351 9 45.042942 plmp9_10
30 0 205788 0 135.65253 plmp9_10
30 0 145841 1 130.98729 plmp9_10
30 0 145761 2 123.67445 plmp9_10
30 0 218921 3 122.64076 plmp9_10
30 0 137739 4 122.53127 plmp9_10
30 0 145708 5 122.47009 plmp9_10
30 0 148795 6 117.5954 plmp9_10
30 0 4151826 7 116.676254 plmp9_10
30 0 112704 8 116.369125 plmp9_10
30 0 118117 9 114.084724 plmp9_10
31 0 145925 0 96.563416 plmp9_10
31 0 110561 1 95.17894 plmp9_10
31 0 112486 2 94.57906 plmp9_10
31 0 118023 3 91.02707 plmp9_10
31 0 118458 4 89.41458 plmp9_10
31 0 118353 5 88.64222 plmp9_10
31 0 131149 6 87.630974 plmp9_10
31 0 112781 7 87.47776 plmp9_10
31 0 112356 8 86.66971 plmp9_10
31 0 145909 9 86.1707 plmp9_10
32 0 112329 0 76.989494 plmp9_10
32 0 111434 1 72.796455 plmp9_10
32 0 112850 2 71.09377 plmp9_10
32 0 1728 3 70.262794 plmp9_10
32 0 112447 4 69.64546 plmp9_10
32 0 145710 5 65.2181 plmp9_10
32 0 117963 6 63.26368 plmp9_10
32 0 117853 7 63.243736 plmp9_10
32 0 111596 8 62.87058 plmp9_10
32 0 118455 9 62.51503 plmp9_10
33 0 112485 0 89.06454 plmp9_10
33 0 145870 1 88.248146 plmp9_10
33 0 121158 2 85.6842 plmp9_10
33 0 109532 3 83.93266 plmp9_10
33 0 112325 4 83.08906 plmp9_10
33 0 2812588 5 83.08177 plmp9_10
33 0 3168776 6 82.98553 plmp9_10
33 0 112808 7 82.83229 plmp9_10
33 0 2642828 8 82.52256 plmp9_10
33 0 112487 9 82.169716 plmp9_10
34 0 2676594 0 275.5139 plmp9_10
34 0 2675753 1 268.86398 plmp9_10
34 0 2679204 2 268.86398 plmp9_10
34 0 2809767 3 198.62106 plmp9_10
34 0 2811850 4 198.62106 plmp9_10
34 0 121158 5 126.71708 plmp9_10
34 0 3216389 6 123.93356 plmp9_10
34 0 112325 7 122.81501 plmp9_10
34 0 136994 8 114.69092 plmp9_10
34 0 4151827 9 114.59819 plmp9_10
35 0 821306 0 58.13962 plmp9_10
35 0 134742 1 53.86391 plmp9_10
35 0 145660 2 53.71063 plmp9_10
35 0 219617 3 52.40143 plmp9_10
35 0 102737 4 52.21546 plmp9_10
35 0 106350 5 50.8993 plmp9_10
35 0 2959740 6 50.863136 plmp9_10
35 0 931615 7 50.863136 plmp9_10
35 0 2678134 8 50.483727 plmp9_10
35 0 118079 9 50.255398 plmp9_10
36 0 118319 0 102.5509 plmp9_10
36 0 118238 1 100.53052 plmp9_10
36 0 109923 2 99.43065 plmp9_10
36 0 118142 3 95.37623 plmp9_10
36 0 902769 4 94.75409 plmp9_10
36 0 217512 5 94.60143 plmp9_10
36 0 112314 6 93.94036 plmp9_10
36 0 3177197 7 93.29228 plmp9_10
36 0 3170730 8 93.13462 plmp9_10
36 0 821306 9 92.90038 plmp9_10
37 0 4151829 0 74.2526 plmp9_10
37 0 110774 1 74.20313 plmp9_10
37 0 118269 2 72.01493 plmp9_10
37 0 112910 3 70.52825 plmp9_10
37 0 110742 4 69.396545 plmp9_10
37 0 145731 5 69.29204 plmp9_10
37 0 118290 6 68.53296 plmp9_10
37 0 112133 7 67.40682 plmp9_10
37 0 111982 8 66.9932 plmp9_10
37 0 110925 9 66.97891 plmp9_10
38 0 145855 0 108.02978 plmp9_10
38 0 145731 1 105.20215 plmp9_10
38 0 4151829 2 100.9814 plmp9_10
38 0 118269 3 88.60638 plmp9_10
38 0 1993216 4 82.58392 plmp9_10
38 0 110774 5 78.66446 plmp9_10
38 0 112910 6 78.41693 plmp9_10
38 0 111420 7 75.09626 plmp9_10
38 0 111982 8 74.582245 plmp9_10
38 0 112292 9 73.60154 plmp9_10
39 0 112568 0 90.489944 plmp9_10
39 0 112420 1 81.335945 plmp9_10
39 0 118457 2 77.26746 plmp9_10
39 0 111432 3 75.59227 plmp9_10
39 0 621044 4 70.614365 plmp9_10
39 0 621090 5 70.614365 plmp9_10
39 0 2959739 6 70.614365 plmp9_10
39 0 2674861 7 69.78202 plmp9_10
39 0 2675754 8 69.78202 plmp9_10
39 0 2959744 9 69.36192 plmp9_10
40 0 105200 0 132.8317 plmp9_10
40 0 621044 1 119.91836 plmp9_10
40 0 621090 2 119.91836 plmp9_10
40 0 2959739 3 119.91836 plmp9_10
40 0 122254 4 113.09676 plmp9_10
40 0 2959744 5 112.04769 plmp9_10
40 0 855518 6 112.04769 plmp9_10
40 0 1731 7 109.90653 plmp9_10
40 0 108818 8 108.336334 plmp9_10
40 0 104688 9 106.400185 plmp9_10
41 0 112924 0 150.6279 plmp9_10
41 0 111198 1 136.46695 plmp9_10
41 0 2654533 2 135.67336 plmp9_10
41 0 2654756 3 135.67336 plmp9_10
41 0 2811847 4 133.37357 plmp9_10
41 0 2810525 5 133.36887 plmp9_10
41 0 111891 6 129.96417 plmp9_10
41 0 112731 7 128.71017 plmp9_10
41 0 109186 8 125.560844 plmp9_10
41 0 127916 9 125.035866 plmp9_10
42 0 2654533 0 153.4946 plmp9_10
42 0 2654756 1 153.4946 plmp9_10
42 0 111891 2 146.84529 plmp9_10
42 0 111198 3 146.16277 plmp9_10
42 0 112924 4 145.1981 plmp9_10
42 0 112585 5 143.59773 plmp9_10
42 0 110132 6 143.00943 plmp9_10
42 0 109186 7 140.68626 plmp9_10
42 0 112731 8 135.15076 plmp9_10
42 0 109352 9 133.77342 plmp9_10
43 0 112920 0 106.12592 plmp9_10
43 0 112305 1 104.21377 plmp9_10
43 0 2680590 2 102.131195 plmp9_10
43 0 2959745 3 102.131195 plmp9_10
43 0 112803 4 95.492584 plmp9_10
43 0 118148 5 93.70354 plmp9_10
43 0 112644 6 85.3114 plmp9_10
43 0 121170 7 83.76644 plmp9_10
43 0 2959749 8 82.96606 plmp9_10
43 0 2812589 9 82.94089 plmp9_10
44 0 92563 0 32.795654 plmp9_10
44 0 802408 1 32.001743 plmp9_10
44 0 118269 2 31.803713 plmp9_10
44 0 145903 3 31.53405 plmp9_10
44 0 183480 4 30.765987 plmp9_10
44 0 118182 5 30.309772 plmp9_10
44 0 109515 6 30.28689 plmp9_10
44 0 117953 7 30.062742 plmp9_10
44 0 112139 8 29.933645 plmp9_10
44 0 118282 9 29.909527 plmp9_10
45 0 3204917 0 190.53925 plmp9_10
45 0 866024 1 172.99193 plmp9_10
45 0 858802 2 172.99193 plmp9_10
45 0 150542 3 165.83424 plmp9_10
45 0 145772 4 161.24382 plmp9_10
45 0 145903 5 157.50154 plmp9_10
45 0 145861 6 155.34248 plmp9_10
45 0 2804673 7 155.10135 plmp9_10
45 0 626207 8 154.69958 plmp9_10
45 0 800568 9 153.86026 plmp9_10
46 0 866024 0 287.074 plmp9_10
46 0 858802 1 287.0637 plmp9_10
46 0 903971 2 199.83105 plmp9_10
46 0 2959742 3 199.83105 plmp9_10
46 0 623145 4 199.60362 plmp9_10
46 0 2804673 5 194.45592 plmp9_10
46 0 3204917 6 193.06035 plmp9_10
46 0 2657927 7 183.609 plmp9_10
46 0 150542 8 180.75946 plmp9_10
46 0 1732 9 177.40448 plmp9_10
47 0 2674861 0 134.57439 plmp9_10
47 0 2675754 1 134.57439 plmp9_10
47 0 2678133 2 87.506874 plmp9_10
47 0 2795703 3 86.998215 plmp9_10
47 0 2797292 4 86.998215 plmp9_10
47 0 2671723 5 85.98833 plmp9_10
47 0 2790213 6 84.77959 plmp9_10
47 0 821305 7 84.722595 plmp9_10
47 0 2803251 8 83.19807 plmp9_10
47 0 2810526 9 82.48435 plmp9_10
48 0 2674861 0 140.22691 plmp9_10
48 0 2675754 1 140.22691 plmp9_10
48 0 111362 2 89.01156 plmp9_10
48 0 3170727 3 87.96108 plmp9_10
48 0 117864 4 83.91915 plmp9_10
48 0 112867 5 82.9036 plmp9_10
48 0 145756 6 82.59701 plmp9_10
48 0 96612 7 82.2369 plmp9_10
48 0 142882 8 81.20116 plmp9_10
48 0 105889 9 81.08817 plmp9_10
49 0 2810525 0 72.18648 plmp9_10
49 0 2811847 1 72.18648 plmp9_10
49 0 4162535 2 61.01822 plmp9_10
49 0 3153112 3 55.488983 plmp9_10
49 0 4151826 4 54.776806 plmp9_10
49 0 2809767 5 50.936966 plmp9_10
49 0 2811850 6 50.936966 plmp9_10
49 0 2812210 7 50.221344 plmp9_10
49 0 2803251 8 49.126797 plmp9_10
49 0 2809764 9 48.07567 plmp9_10
50 0 3153112 0 103.35937 plmp9_10
50 0 4162535 1 86.654884 plmp9_10
50 0 2810525 2 81.09241 plmp9_10
50 0 2811847 3 81.09241 plmp9_10
50 0 4151826 4 69.192665 plmp9_10
50 0 2809767 5 62.885395 plmp9_10
50 0 2811850 6 62.885395 plmp9_10
50 0 2812585 7 62.630554 plmp9_10
50 0 3181025 8 62.596977 plmp9_10
50 0 3177197 9 61.836426 plmp9_10
51 0 112770 0 89.93631 plmp9_10
51 0 616433 1 81.78586 plmp9_10
51 0 78783 2 79.8496 plmp9_10
51 0 2812589 3 77.71097 plmp9_10
51 0 2959749 4 77.71097 plmp9_10
51 0 145872 5 75.50472 plmp9_10
51 0 213842 6 74.246506 plmp9_10
51 0 3195892 7 73.46678 plmp9_10
51 0 109715 8 71.88672 plmp9_10
51 0 145868 9 71.45217 plmp9_10
52 0 112770 0 64.96221 plmp9_10
52 0 112243 1 58.8905 plmp9_10
52 0 112931 2 55.718037 plmp9_10
52 0 85451 3 52.11331 plmp9_10
52 0 89354 4 51.512936 plmp9_10
52 0 98744 5 51.407528 plmp9_10
52 0 103302 6 51.0212 plmp9_10
52 0 105869 7 50.38156 plmp9_10
52 0 86774 8 50.29567 plmp9_10
52 0 103145 9 50.16448 plmp9_10
53 0 799985 0 110.96032 plmp9_10
53 0 2808291 1 92.36115 plmp9_10
53 0 2771250 2 90.635025 plmp9_10
53 0 145664 3 87.287766 plmp9_10
53 0 145792 4 86.243195 plmp9_10
53 0 148483 5 85.69685 plmp9_10
53 0 117916 6 84.080826 plmp9_10
53 0 811778 7 83.92843 plmp9_10
53 0 145635 8 82.037445 plmp9_10
53 0 145647 9 81.25351 plmp9_10
54 0 811778 0 110.39588 plmp9_10
54 0 625711 1 109.76223 plmp9_10
54 0 872994 2 108.99344 plmp9_10
54 0 2808291 3 104.667206 plmp9_10
54 0 931123 4 102.95195 plmp9_10
54 0 799985 5 102.13495 plmp9_10
54 0 621045 6 97.91511 plmp9_10
54 0 3195890 7 94.51516 plmp9_10
54 0 2677565 8 93.12262 plmp9_10
54 0 3177197 9 92.79214 plmp9_10
55 0 4154603 0 153.44678 plmp9_10
55 0 118269 1 125.072296 plmp9_10
55 0 145731 2 121.154366 plmp9_10
55 0 145629 3 114.75562 plmp9_10
55 0 145855 4 113.80461 plmp9_10
55 0 111261 5 110.35697 plmp9_10
55 0 110774 6 107.92225 plmp9_10
55 0 112910 7 100.21776 plmp9_10
55 0 109062 8 95.46332 plmp9_10
55 0 112359 9 95.42532 plmp9_10
56 0 4154603 0 197.57634 plmp9_10
56 0 118269 1 149.21922 plmp9_10
56 0 145731 2 147.87634 plmp9_10
56 0 112910 3 133.43507 plmp9_10
56 0 145629 4 133.20695 plmp9_10
56 0 111261 5 130.74153 plmp9_10
56 0 110774 6 127.089714 plmp9_10
56 0 145855 7 125.02426 plmp9_10
56 0 1993216 8 109.44492 plmp9_10
56 0 111420 9 107.860916 plmp9_10
57 0 802408 0 112.0958 plmp9_10
57 0 867644 1 111.29753 plmp9_10
57 0 800569 2 109.99158 plmp9_10
57 0 118297 3 107.860565 plmp9_10
57 0 118224 4 107.42492 plmp9_10
57 0 122254 5 107.41853 plmp9_10
57 0 117856 6 106.66783 plmp9_10
57 0 112324 7 105.363335 plmp9_10
57 0 118364 8 104.103935 plmp9_10
57 0 145815 9 104.02987 plmp9_10
58 0 145735 0 101.076645 plmp9_10
58 0 112467 1 98.31736 plmp9_10
58 0 217702 2 97.78876 plmp9_10
58 0 2676592 3 92.29163 plmp9_10
58 0 106179 4 91.38115 plmp9_10
58 0 108547 5 90.04983 plmp9_10
58 0 2672207 6 89.639885 plmp9_10
58 0 2671725 7 89.60846 plmp9_10
58 0 798626 8 88.33779 plmp9_10
58 0 2657927 9 87.297874 plmp9_10
59 0 2788983 0 270.08505 plmp9_10
59 0 4170685 1 242.57037 plmp9_10
59 0 145627 2 230.4767 plmp9_10
59 0 118037 3 228.45738 plmp9_10
59 0 117968 4 221.57283 plmp9_10
59 0 118129 5 219.4401 plmp9_10
59 0 118040 6 210.5431 plmp9_10
59 0 1087691 7 197.54858 plmp9_10
59 0 134735 8 194.38304 plmp9_10
59 0 118422 9 192.43314 plmp9_10
60 0 3195891 0 255.82999 plmp9_10
60 0 2788983 1 245.15457 plmp9_10
60 0 4170685 2 239.94139 plmp9_10
60 0 118129 3 231.8 plmp9_10
60 0 145627 4 226.83798 plmp9_10
60 0 117968 5 221.3351 plmp9_10
60 0 931614 6 213.06093 plmp9_10
60 0 111737 7 208.71228 plmp9_10
60 0 130158 8 208.46223 plmp9_10
60 0 118334 9 206.88248 plmp9_10
61 0 145743 0 157.04408 plmp9_10
61 0 2812210 1 155.09354 plmp9_10
61 0 145923 2 151.18292 plmp9_10
61 0 218457 3 140.28828 plmp9_10
61 0 145815 4 129.70093 plmp9_10
61 0 1732 5 127.15692 plmp9_10
61 0 3195092 6 123.84953 plmp9_10
61 0 112435 7 118.87663 plmp9_10
61 0 218132 8 114.56481 plmp9_10
61 0 2657927 9 114.43124 plmp9_10
62 0 2812210 0 77.24978 plmp9_10
62 0 110091 1 64.74792 plmp9_10
62 0 110661 2 63.96957 plmp9_10
62 0 118299 3 63.626427 plmp9_10
62 0 110926 4 62.52643 plmp9_10
62 0 118188 5 61.399128 plmp9_10
62 0 130161 6 61.230835 plmp9_10
62 0 145810 7 61.214565 plmp9_10
62 0 218457 8 61.18725 plmp9_10
62 0 2676593 9 60.80528 plmp9_10
63 0 149702 0 75.56993 plmp9_10
63 0 108713 1 74.02323 plmp9_10
63 0 91054 2 73.22295 plmp9_10
63 0 118148 3 72.20839 plmp9_10
63 0 118011 4 72.16106 plmp9_10
63 0 118318 5 71.37934 plmp9_10
63 0 108111 6 71.27748 plmp9_10
63 0 108539 7 70.23108 plmp9_10
63 0 104521 8 70.108444 plmp9_10
63 0 112324 9 69.74606 plmp9_10
64 0 3205768 0 88.99346 plmp9_10
64 0 2758568 1 84.87812 plmp9_10
64 0 3207860 2 84.14891 plmp9_10
64 0 2809766 3 80.18474 plmp9_10
64 0 2811849 4 80.18474 plmp9_10
64 0 3205736 5 78.27499 plmp9_10
64 0 4151826 6 78.11831 plmp9_10
64 0 112125 7 76.91542 plmp9_10
64 0 3205767 8 75.82886 plmp9_10
64 0 4151827 9 75.07325 plmp9_10
65 0 118123 0 198.90334 plmp9_10
65 0 150540 1 136.10513 plmp9_10
65 0 110645 2 135.53246 plmp9_10
65 0 131165 3 131.75375 plmp9_10
65 0 3211501 4 131.31268 plmp9_10
65 0 109292 5 129.44753 plmp9_10
65 0 111051 6 125.88865 plmp9_10
65 0 3183080 7 124.0956 plmp9_10
65 0 145883 8 123.64863 plmp9_10
65 0 130159 9 123.09754 plmp9_10
66 0 3211501 0 199.36566 plmp9_10
66 0 145867 1 179.5076 plmp9_10
66 0 150540 2 154.02904 plmp9_10
66 0 3213872 3 150.37883 plmp9_10
66 0 4151827 4 150.17336 plmp9_10
66 0 118123 5 149.85793 plmp9_10
66 0 112935 6 149.73706 plmp9_10
66 0 3217422 7 149.25615 plmp9_10
66 0 3217423 8 148.71675 plmp9_10
66 0 3217226 9 148.7035 plmp9_10
67 0 145800 0 151.06546 plmp9_10
67 0 867645 1 149.6343 plmp9_10
67 0 103675 2 108.90785 plmp9_10
67 0 104522 3 104.95804 plmp9_10
67 0 2810526 4 101.60957 plmp9_10
67 0 110330 5 97.45288 plmp9_10
67 0 103678 6 96.11567 plmp9_10
67 0 104055 7 95.61185 plmp9_10
67 0 111139 8 95.53872 plmp9_10
67 0 122254 9 93.553085 plmp9_10
68 0 145800 0 146.9988 plmp9_10
68 0 867645 1 124.99946 plmp9_10
68 0 103093 2 104.98932 plmp9_10
68 0 97584 3 104.52909 plmp9_10
68 0 94177 4 103.20831 plmp9_10
68 0 97893 5 101.61749 plmp9_10
68 0 103675 6 100.34766 plmp9_10
68 0 88704 7 99.620766 plmp9_10
68 0 103678 8 97.52039 plmp9_10
68 0 87585 9 96.03353 plmp9_10
69 0 111709 0 133.22656 plmp9_10
69 0 117859 1 132.04364 plmp9_10
69 0 3214778 2 130.49918 plmp9_10
69 0 149289 3 128.55516 plmp9_10
69 0 110996 4 124.404526 plmp9_10
69 0 112820 5 122.06507 plmp9_10
69 0 149006 6 121.15983 plmp9_10
69 0 110068 7 119.545975 plmp9_10
69 0 2676593 8 118.94205 plmp9_10
69 0 112534 9 118.35142 plmp9_10
70 0 3214778 0 146.32787 plmp9_10
70 0 149289 1 145.42413 plmp9_10
70 0 2676593 2 141.04884 plmp9_10
70 0 118111 3 136.05286 plmp9_10
70 0 821306 4 135.30997 plmp9_10
70 0 149006 5 134.13373 plmp9_10
70 0 109835 6 134.11343 plmp9_10
70 0 2959744 7 132.6061 plmp9_10
70 0 855518 8 132.6061 plmp9_10
70 0 809122 9 130.08301 plmp9_10
71 0 145121 0 127.99455 plmp9_10
71 0 112914 1 125.57224 plmp9_10
71 0 118052 2 122.50214 plmp9_10
71 0 3189783 3 118.6303 plmp9_10
71 0 112904 4 117.23479 plmp9_10
71 0 118287 5 114.201096 plmp9_10
71 0 118005 6 111.98504 plmp9_10
71 0 118234 7 111.00132 plmp9_10
71 0 2654533 8 110.27813 plmp9_10
71 0 2654756 9 110.27813 plmp9_10
72 0 118052 0 131.65895 plmp9_10
72 0 112904 1 123.06116 plmp9_10
72 0 145121 2 121.62284 plmp9_10
72 0 112914 3 120.66299 plmp9_10
72 0 3189783 4 117.70898 plmp9_10
72 0 118234 5 117.65437 plmp9_10
72 0 118005 6 116.45849 plmp9_10
72 0 117979 7 111.166626 plmp9_10
72 0 2654533 8 107.09726 plmp9_10
72 0 2654756 9 107.09726 plmp9_10
73 0 2804674 0 69.52683 plmp9_10
73 0 110692 1 67.52534 plmp9_10
73 0 108538 2 63.424286 plmp9_10
73 0 217514 3 61.64036 plmp9_10
73 0 109931 4 61.611187 plmp9_10
73 0 868383 5 61.46866 plmp9_10
73 0 112206 6 61.39997 plmp9_10
73 0 111425 7 61.236767 plmp9_10
73 0 145624 8 61.1731 plmp9_10
73 0 109935 9 60.558083 plmp9_10
74 0 2804674 0 88.11267 plmp9_10
74 0 107904 1 84.19318 plmp9_10
74 0 109284 2 79.5692 plmp9_10
74 0 112774 3 76.555534 plmp9_10
74 0 127908 4 74.53116 plmp9_10
74 0 112902 5 71.31911 plmp9_10
74 0 145810 6 69.15261 plmp9_10
74 0 803268 7 69.14563 plmp9_10
74 0 2675749 8 68.62137 plmp9_10
74 0 111755 9 67.88391 plmp9_10
75 0 86460 0 111.36086 plmp9_10
75 0 110964 1 110.635704 plmp9_10
75 0 118226 2 109.67785 plmp9_10
75 0 802770 3 107.02924 plmp9_10
75 0 86533 4 105.82903 plmp9_10
75 0 3189783 5 105.77287 plmp9_10
75 0 110779 6 104.33321 plmp9_10
75 0 2675751 7 104.0996 plmp9_10
75 0 92916 8 102.47225 plmp9_10
75 0 90423 9 102.29578 plmp9_10
76 0 2679833 0 125.22014 plmp9_10
76 0 2680440 1 125.22014 plmp9_10
76 0 108900 2 117.98108 plmp9_10
76 0 112919 3 117.688286 plmp9_10
76 0 150540 4 114.680046 plmp9_10
76 0 118298 5 111.246185 plmp9_10
76 0 2670966 6 110.08859 plmp9_10
76 0 110779 7 109.536545 plmp9_10
76 0 111945 8 108.97143 plmp9_10
76 0 2781925 9 108.81661 plmp9_10
77 0 2812588 0 150.22586 plmp9_10
77 0 4151822 1 143.81033 plmp9_10
77 0 145817 2 137.18172 plmp9_10
77 0 111455 3 131.61212 plmp9_10
77 0 111029 4 126.69159 plmp9_10
77 0 112726 5 124.315956 plmp9_10
77 0 2770446 6 119.39053 plmp9_10
77 0 134747 7 118.73076 plmp9_10
77 0 145902 8 117.76467 plmp9_10
77 0 111610 9 114.07049 plmp9_10
78 0 2812588 0 58.38422 plmp9_10
78 0 112358 1 58.024105 plmp9_10
78 0 118022 2 57.68828 plmp9_10
78 0 112485 3 57.66309 plmp9_10
78 0 111250 4 57.587074 plmp9_10
78 0 117836 5 57.432804 plmp9_10
78 0 145632 6 57.246037 plmp9_10
78 0 112601 7 55.783867 plmp9_10
78 0 799976 8 55.69919 plmp9_10
78 0 111869 9 55.39762 plmp9_10
79 0 111009 0 162.8825 plmp9_10
79 0 118143 1 152.27237 plmp9_10
79 0 111470 2 138.13368 plmp9_10
79 0 110221 3 119.279686 plmp9_10
79 0 118513 4 90.65166 plmp9_10
79 0 2680438 5 87.391365 plmp9_10
79 0 111964 6 84.54807 plmp9_10
79 0 110183 7 82.76043 plmp9_10
79 0 106328 8 82.2359 plmp9_10
79 0 109626 9 79.415596 plmp9_10
80 0 118143 0 136.82243 plmp9_10
80 0 111009 1 127.37716 plmp9_10
80 0 111470 2 123.41134 plmp9_10
80 0 150540 3 117.164635 plmp9_10
80 0 145859 4 111.978935 plmp9_10
80 0 2672210 5 109.00546 plmp9_10
80 0 2654755 6 109.00546 plmp9_10
80 0 109342 7 105.91814 plmp9_10
80 0 106328 8 105.29969 plmp9_10
80 0 2680438 9 104.87787 plmp9_10
81 0 148484 0 102.86206 plmp9_10
81 0 112440 1 79.77421 plmp9_10
81 0 122253 2 79.36088 plmp9_10
81 0 117841 3 65.70879 plmp9_10
81 0 118445 4 64.408325 plmp9_10
81 0 112867 5 63.818726 plmp9_10
81 0 799981 6 62.466568 plmp9_10
81 0 112616 7 61.60232 plmp9_10
81 0 108370 8 60.376392 plmp9_10
81 0 112422 9 60.043175 plmp9_10
82 0 118368 0 108.04414 plmp9_10
82 0 1726 1 106.108795 plmp9_10
82 0 127900 2 103.499435 plmp9_10
82 0 216735 3 96.71368 plmp9_10
82 0 216806 4 96.71368 plmp9_10
82 0 2803250 5 96.46285 plmp9_10
82 0 118126 6 94.91776 plmp9_10
82 0 799981 7 94.89546 plmp9_10
82 0 110701 8 91.09174 plmp9_10
82 0 145625 9 90.4214 plmp9_10
83 0 145859 0 133.86989 plmp9_10
83 0 112922 1 101.742386 plmp9_10
83 0 137746 2 94.76448 plmp9_10
83 0 110289 3 93.02803 plmp9_10
83 0 109894 4 92.974174 plmp9_10
83 0 111194 5 92.17952 plmp9_10
83 0 111151 6 90.786514 plmp9_10
83 0 111246 7 90.59992 plmp9_10
83 0 111286 8 90.108604 plmp9_10
83 0 107980 9 89.973236 plmp9_10
84 0 145859 0 130.78915 plmp9_10
84 0 112922 1 112.6595 plmp9_10
84 0 107293 2 102.81902 plmp9_10
84 0 800858 3 102.66137 plmp9_10
84 0 111151 4 101.375404 plmp9_10
84 0 107980 5 100.28606 plmp9_10
84 0 109895 6 99.29799 plmp9_10
84 0 109893 7 98.70967 plmp9_10
84 0 111664 8 97.81261 plmp9_10
84 0 122251 9 97.4485 plmp9_10
85 0 2959737 0 197.45868 plmp9_10
85 0 802973 1 196.73434 plmp9_10
85 0 803271 2 196.73434 plmp9_10
85 0 3177199 3 152.4575 plmp9_10
85 0 3171724 4 152.2846 plmp9_10
85 0 3177200 5 152.2846 plmp9_10
85 0 150543 6 145.64998 plmp9_10
85 0 2959732 7 145.64978 plmp9_10
85 0 146553 8 144.92943 plmp9_10
85 0 146790 9 144.92923 plmp9_10
86 0 3177199 0 110.76724 plmp9_10
86 0 3171724 1 110.67347 plmp9_10
86 0 3177200 2 110.67347 plmp9_10
86 0 802973 3 108.6107 plmp9_10
86 0 803271 4 108.6107 plmp9_10
86 0 2959737 5 108.6107 plmp9_10
86 0 150543 6 100.9863 plmp9_10
86 0 2959732 7 100.9863 plmp9_10
86 0 146553 8 100.319565 plmp9_10
86 0 146790 9 100.319565 plmp9_10
87 0 112807 0 47.962803 plmp9_10
87 0 111170 1 46.977993 plmp9_10
87 0 143378 2 43.585384 plmp9_10
87 0 124715 3 43.467537 plmp9_10
87 0 148483 4 43.436005 plmp9_10
87 0 131161 5 42.814507 plmp9_10
87 0 2812588 6 42.199368 plmp9_10
87 0 112168 7 42.02331 plmp9_10
87 0 136998 8 41.98868 plmp9_10
87 0 111471 9 41.838516 plmp9_10
88 0 182992 0 115.25281 plmp9_10
88 0 145897 1 109.07399 plmp9_10
88 0 111170 2 105.031944 plmp9_10
88 0 182991 3 104.3299 plmp9_10
88 0 149653 4 99.444664 plmp9_10
88 0 2654277 5 99.325714 plmp9_10
88 0 112807 6 98.553185 plmp9_10
88 0 118339 7 97.27208 plmp9_10
88 0 145122 8 96.85317 plmp9_10
88 0 130159 9 96.79496 plmp9_10
89 0 4151822 0 195.84644 plmp9_10
89 0 2812588 1 178.25798 plmp9_10
89 0 2770446 2 169.46353 plmp9_10
89 0 4162110 3 120.364075 plmp9_10
89 0 134747 4 119.06961 plmp9_10
89 0 145647 5 117.89596 plmp9_10
89 0 145817 6 112.56828 plmp9_10
89 0 145954 7 91.4319 plmp9_10
89 0 111029 8 88.46981 plmp9_10
89 0 213842 9 85.956985 plmp9_10
90 0 4151822 0 227.59428 plmp9_10
90 0 2812588 1 224.87132 plmp9_10
90 0 2770446 2 170.8829 plmp9_10
90 0 145626 3 161.45775 plmp9_10
90 0 118054 4 155.89378 plmp9_10
90 0 137748 5 149.15224 plmp9_10
90 0 4151825 6 146.69516 plmp9_10
90 0 3181025 7 145.97063 plmp9_10
90 0 2959745 8 145.72722 plmp9_10
90 0 2680590 9 145.72719 plmp9_10
91 0 3212514 0 257.01288 plmp9_10
91 0 145782 1 143.75693 plmp9_10
91 0 109857 2 139.8502 plmp9_10
91 0 134732 3 138.77048 plmp9_10
91 0 112439 4 132.07379 plmp9_10
91 0 219097 5 127.47185 plmp9_10
91 0 145785 6 122.42848 plmp9_10
91 0 1087959 7 121.47459 plmp9_10
91 0 1087955 8 120.303566 plmp9_10
91 0 2654533 9 120.28308 plmp9_10
92 0 3212514 0 251.8566 plmp9_10
92 0 110249 1 145.48685 plmp9_10
92 0 1087959 2 144.77908 plmp9_10
92 0 118507 3 137.93874 plmp9_10
92 0 109857 4 137.04816 plmp9_10
92 0 134732 5 132.88495 plmp9_10
92 0 110032 6 129.94473 plmp9_10
92 0 112439 7 127.2355 plmp9_10
92 0 219097 8 124.12171 plmp9_10
92 0 110213 9 122.42846 plmp9_10
93 0 118334 0 189.55836 plmp9_10
93 0 117874 1 188.99382 plmp9_10
93 0 118107 2 185.95285 plmp9_10
93 0 145901 3 185.22154 plmp9_10
93 0 112905 4 178.79726 plmp9_10
93 0 112824 5 173.8736 plmp9_10
93 0 130158 6 173.17767 plmp9_10
93 0 110877 7 170.21481 plmp9_10
93 0 2788983 8 169.09764 plmp9_10
93 0 145627 9 166.91615 plmp9_10
94 0 145901 0 189.82481 plmp9_10
94 0 117874 1 183.64322 plmp9_10
94 0 931614 2 172.40585 plmp9_10
94 0 112824 3 165.6631 plmp9_10
94 0 111736 4 165.43433 plmp9_10
94 0 2788983 5 164.84196 plmp9_10
94 0 112905 6 163.9817 plmp9_10
94 0 112629 7 162.00195 plmp9_10
94 0 117876 8 157.53294 plmp9_10
94 0 145627 9 157.23343 plmp9_10
95 0 108555 0 95.983665 plmp9_10
95 0 105495 1 92.42271 plmp9_10
95 0 107232 2 87.70478 plmp9_10
95 0 107475 3 85.658066 plmp9_10
95 0 106171 4 75.056946 plmp9_10
95 0 109444 5 72.47144 plmp9_10
95 0 103631 6 70.77651 plmp9_10
95 0 106073 7 69.11456 plmp9_10
95 0 104571 8 68.34893 plmp9_10
95 0 145692 9 65.73221 plmp9_10
96 0 103631 0 98.27428 plmp9_10
96 0 108555 1 96.196526 plmp9_10
96 0 799986 2 85.398796 plmp9_10
96 0 96542 3 85.19243 plmp9_10
96 0 92746 4 84.55959 plmp9_10
96 0 96850 5 84.16065 plmp9_10
96 0 96359 6 82.990166 plmp9_10
96 0 103511 7 82.448784 plmp9_10
96 0 93395 8 81.99314 plmp9_10
96 0 92705 9 81.486244 plmp9_10
97 0 112101 0 131.21094 plmp9_10
97 0 111922 1 104.93324 plmp9_10
97 0 2655597 2 75.09205 plmp9_10
97 0 134749 3 74.56272 plmp9_10
97 0 110718 4 74.11526 plmp9_10
97 0 2676593 5 73.54243 plmp9_10
97 0 145925 6 72.92242 plmp9_10
97 0 118458 7 72.76526 plmp9_10
97 0 145822 8 72.25194 plmp9_10
97 0 117890 9 72.05828 plmp9_10
98 0 110996 0 37.44717 plmp9_10
98 0 2655591 1 37.013535 plmp9_10
98 0 118148 2 36.442223 plmp9_10
98 0 118459 3 36.259754 plmp9_10
98 0 117832 4 34.838978 plmp9_10
98 0 148484 5 34.804955 plmp9_10
98 0 145903 6 34.731743 plmp9_10
98 0 150541 7 34.178177 plmp9_10
98 0 2811845 8 34.16006 plmp9_10
98 0 118094 9 34.14682 plmp9_10
99 0 112267 0 119.59239 plmp9_10
99 0 111884 1 93.29674 plmp9_10
99 0 110552 2 84.79972 plmp9_10
99 0 112723 3 78.96385 plmp9_10
99 0 110578 4 72.77949 plmp9_10
99 0 109976 5 69.80946 plmp9_10
99 0 110935 6 65.79774 plmp9_10
99 0 142887 7 65.33688 plmp9_10
99 0 109673 8 64.659004 plmp9_10
99 0 118121 9 63.52553 plmp9_10
100 0 112267 0 154.37033 plmp9_10
100 0 110552 1 131.6529 plmp9_10
100 0 111884 2 118.59213 plmp9_10
100 0 111886 3 110.75431 plmp9_10
100 0 110098 4 107.4511 plmp9_10
100 0 110578 5 104.89138 plmp9_10
100 0 110296 6 104.67669 plmp9_10
100 0 109633 7 103.471596 plmp9_10
100 0 102981 8 103.3898 plmp9_10
100 0 109673 9 103.21522 plmp9_10
