1 0 3204919 0 121.358925 plmp11_4
1 0 2649076 1 114.46091 plmp11_4
1 0 149702 2 107.74186 plmp11_4
1 0 3177197 3 106.58326 plmp11_4
1 0 3170730 4 106.44724 plmp11_4
1 0 2812210 5 106.31441 plmp11_4
1 0 4164893 6 106.2628 plmp11_4
1 0 2809767 7 105.27123 plmp11_4
1 0 2811850 8 105.27123 plmp11_4
1 0 219733 9 104.461044 plmp11_4
2 0 103631 0 110.17304 plmp11_4
2 0 145692 1 109.75909 plmp11_4
2 0 103549 2 105.84391 plmp11_4
2 0 104671 3 103.851616 plmp11_4
2 0 108555 4 102.51336 plmp11_4
2 0 104571 5 102.42471 plmp11_4
2 0 4170684 6 95.65579 plmp11_4
2 0 96850 7 95.357285 plmp11_4
2 0 105116 8 95.22768 plmp11_4
2 0 106522 9 93.51251 plmp11_4
3 0 3162143 0 147.58781 plmp11_4
3 0 118475 1 136.30783 plmp11_4
3 0 215496 2 136.01743 plmp11_4
3 0 215694 3 136.01743 plmp11_4
3 0 2959735 4 136.01639 plmp11_4
3 0 145890 5 132.77904 plmp11_4
3 0 130157 6 132.3739 plmp11_4
3 0 118248 7 131.28409 plmp11_4
3 0 903973 8 130.75119 plmp11_4
3 0 117907 9 129.35179 plmp11_4
4 0 215694 0 266.82288 plmp11_4
4 0 2959735 1 266.82077 plmp11_4
4 0 215496 2 266.8043 plmp11_4
4 0 3162143 3 240.15474 plmp11_4
4 0 118029 4 228.63617 plmp11_4
4 0 149007 5 218.51172 plmp11_4
4 0 623142 6 215.95624 plmp11_4
4 0 903973 7 205.68385 plmp11_4
4 0 145890 8 184.17471 plmp11_4
4 0 145900 9 182.15259 plmp11_4
5 0 2672209 0 99.18096 plmp11_4
5 0 2657779 1 99.18096 plmp11_4
5 0 145652 2 98.47105 plmp11_4
5 0 1740 3 95.435684 plmp11_4
5 0 110831 4 94.49729 plmp11_4
5 0 112708 5 92.63197 plmp11_4
5 0 110056 6 92.310394 plmp11_4
5 0 183480 7 91.663994 plmp11_4
5 0 131163 8 88.699844 plmp11_4
5 0 3214778 9 86.060104 plmp11_4
6 0 110654 0 162.36026 plmp11_4
6 0 110056 1 136.61177 plmp11_4
6 0 183480 2 122.92152 plmp11_4
6 0 111258 3 112.04997 plmp11_4
6 0 3203656 4 106.65371 plmp11_4
6 0 3206414 5 106.65371 plmp11_4
6 0 111114 6 106.14896 plmp11_4
6 0 117932 7 100.02937 plmp11_4
6 0 110789 8 99.13651 plmp11_4
6 0 111661 9 92.26774 plmp11_4
7 0 2672535 0 67.7254 plmp11_4
7 0 134749 1 67.292725 plmp11_4
7 0 219733 2 66.99382 plmp11_4
7 0 220342 3 66.99382 plmp11_4
7 0 147531 4 66.067314 plmp11_4
7 0 118511 5 66.000175 plmp11_4
7 0 110315 6 64.423004 plmp11_4
7 0 3195892 7 64.16416 plmp11_4
7 0 2655591 8 64.14957 plmp11_4
7 0 130162 9 63.961197 plmp11_4
8 0 134749 0 145.14886 plmp11_4
8 0 112174 1 142.10889 plmp11_4
8 0 145868 2 128.19577 plmp11_4
8 0 145715 3 128.11533 plmp11_4
8 0 112834 4 125.06002 plmp11_4
8 0 147531 5 122.99516 plmp11_4
8 0 2678467 6 119.84987 plmp11_4
8 0 2679202 7 119.84987 plmp11_4
8 0 2959746 8 119.84987 plmp11_4
8 0 110932 9 118.81683 plmp11_4
9 0 2675751 0 156.95732 plmp11_4
9 0 854177 1 149.29729 plmp11_4
9 0 147530 2 143.72914 plmp11_4
9 0 112931 3 141.67894 plmp11_4
9 0 118317 4 140.2117 plmp11_4
9 0 112641 5 139.42253 plmp11_4
9 0 127923 6 138.57565 plmp11_4
9 0 118212 7 136.84166 plmp11_4
9 0 2679557 8 136.67331 plmp11_4
9 0 118323 9 135.97694 plmp11_4
10 0 111500 0 186.79993 plmp11_4
10 0 112423 1 173.28911 plmp11_4
10 0 118087 2 170.67325 plmp11_4
10 0 112657 3 169.55524 plmp11_4
10 0 214949 4 169.33769 plmp11_4
10 0 215071 5 169.33769 plmp11_4
10 0 147531 6 168.32077 plmp11_4
10 0 112293 7 163.67647 plmp11_4
10 0 112800 8 163.45497 plmp11_4
10 0 118511 9 163.3888 plmp11_4
11 0 2810524 0 106.40599 plmp11_4
11 0 2811846 1 106.40599 plmp11_4
11 0 217512 2 102.61233 plmp11_4
11 0 2809767 3 100.83224 plmp11_4
11 0 2811850 4 100.83224 plmp11_4
11 0 150541 5 98.24077 plmp11_4
11 0 4151830 6 98.10562 plmp11_4
11 0 145960 7 97.15033 plmp11_4
11 0 873668 8 96.38394 plmp11_4
11 0 148483 9 95.838745 plmp11_4
12 0 2672535 0 127.448044 plmp11_4
12 0 3153112 1 95.39226 plmp11_4
12 0 4151830 2 95.16448 plmp11_4
12 0 183479 3 94.76053 plmp11_4
12 0 2809767 4 93.980385 plmp11_4
12 0 2811850 5 93.980385 plmp11_4
12 0 108766 6 93.85332 plmp11_4
12 0 3216389 7 93.25667 plmp11_4
12 0 4170685 8 93.0119 plmp11_4
12 0 3211503 9 92.75807 plmp11_4
13 0 2812588 0 129.17212 plmp11_4
13 0 802973 1 116.91356 plmp11_4
13 0 803271 2 116.91356 plmp11_4
13 0 2959737 3 116.91356 plmp11_4
13 0 108605 4 110.694756 plmp11_4
13 0 150543 5 110.2325 plmp11_4
13 0 2959732 6 110.2323 plmp11_4
13 0 145632 7 109.567245 plmp11_4
13 0 2959730 8 109.31974 plmp11_4
13 0 2642828 9 109.06958 plmp11_4
14 0 2812588 0 82.8766 plmp11_4
14 0 614392 1 78.27551 plmp11_4
14 0 614485 2 78.27551 plmp11_4
14 0 118296 3 75.959885 plmp11_4
14 0 108730 4 75.72349 plmp11_4
14 0 148483 5 74.71182 plmp11_4
14 0 122258 6 74.670395 plmp11_4
14 0 2153 7 74.5656 plmp11_4
14 0 118015 8 74.498024 plmp11_4
14 0 2670965 9 74.24886 plmp11_4
15 0 2812588 0 173.18646 plmp11_4
15 0 4151822 1 154.60883 plmp11_4
15 0 2770446 2 128.62422 plmp11_4
15 0 2809767 3 124.28717 plmp11_4
15 0 2811850 4 124.28717 plmp11_4
15 0 2771249 5 113.11853 plmp11_4
15 0 2812210 6 111.38149 plmp11_4
15 0 2809766 7 111.253944 plmp11_4
15 0 2811849 8 111.253944 plmp11_4
15 0 4170685 9 109.69336 plmp11_4
16 0 4151822 0 155.66823 plmp11_4
16 0 2812588 1 129.6807 plmp11_4
16 0 2770446 2 114.32726 plmp11_4
16 0 145817 3 110.38099 plmp11_4
16 0 3209687 4 106.865425 plmp11_4
16 0 4151830 5 101.78887 plmp11_4
16 0 4151826 6 101.759056 plmp11_4
16 0 2642828 7 101.12842 plmp11_4
16 0 4155979 8 100.737465 plmp11_4
16 0 3170728 9 99.814995 plmp11_4
17 0 4161362 0 73.290375 plmp11_4
17 0 148484 1 72.38515 plmp11_4
17 0 111122 2 71.93461 plmp11_4
17 0 620566 3 71.41631 plmp11_4
17 0 117987 4 71.36595 plmp11_4
17 0 145865 5 70.23298 plmp11_4
17 0 217512 6 70.167694 plmp11_4
17 0 118230 7 68.2284 plmp11_4
17 0 112076 8 67.773026 plmp11_4
17 0 1751 9 67.59237 plmp11_4
18 0 205712 0 169.9383 plmp11_4
18 0 148484 1 167.92278 plmp11_4
18 0 620566 2 156.17491 plmp11_4
18 0 217512 3 149.42557 plmp11_4
18 0 131156 4 148.61568 plmp11_4
18 0 206097 5 145.10164 plmp11_4
18 0 145635 6 144.72127 plmp11_4
18 0 1753 7 144.69533 plmp11_4
18 0 145664 8 143.37233 plmp11_4
18 0 145119 9 142.55186 plmp11_4
19 0 2654533 0 197.8285 plmp11_4
19 0 2654756 1 197.8285 plmp11_4
19 0 112808 2 151.8682 plmp11_4
19 0 4151826 3 148.09645 plmp11_4
19 0 4172500 4 146.43474 plmp11_4
19 0 219509 5 144.98483 plmp11_4
19 0 2670966 6 143.13977 plmp11_4
19 0 4151825 7 142.85574 plmp11_4
19 0 2760668 8 142.39018 plmp11_4
19 0 2812210 9 142.36981 plmp11_4
20 0 2654533 0 201.56387 plmp11_4
20 0 2654756 1 201.56387 plmp11_4
20 0 4172500 2 145.15375 plmp11_4
20 0 4151825 3 143.86012 plmp11_4
20 0 4151826 4 143.81125 plmp11_4
20 0 219509 5 142.56766 plmp11_4
20 0 112808 6 141.92943 plmp11_4
20 0 2670966 7 141.75517 plmp11_4
20 0 112775 8 141.49806 plmp11_4
20 0 206098 9 139.53773 plmp11_4
21 0 873660 0 206.61269 plmp11_4
21 0 117890 1 190.59003 plmp11_4
21 0 112799 2 183.21336 plmp11_4
21 0 121159 3 182.01732 plmp11_4
21 0 118081 4 180.45995 plmp11_4
21 0 118416 5 174.47507 plmp11_4
21 0 2811845 6 173.1377 plmp11_4
21 0 3181482 7 172.88087 plmp11_4
21 0 145925 8 171.3572 plmp11_4
21 0 2781925 9 169.29948 plmp11_4
22 0 117890 0 232.703 plmp11_4
22 0 2659300 1 217.55722 plmp11_4
22 0 112799 2 210.58032 plmp11_4
22 0 118081 3 202.64362 plmp11_4
22 0 118416 4 195.92863 plmp11_4
22 0 145925 5 192.43248 plmp11_4
22 0 121159 6 191.1797 plmp11_4
22 0 2781925 7 183.58572 plmp11_4
22 0 145829 8 183.36615 plmp11_4
22 0 2811845 9 183.12401 plmp11_4
23 0 118449 0 130.1453 plmp11_4
23 0 2811847 1 129.17445 plmp11_4
23 0 2810525 2 129.16974 plmp11_4
23 0 2801435 3 126.402214 plmp11_4
23 0 623242 4 120.25903 plmp11_4
23 0 112257 5 119.53042 plmp11_4
23 0 145738 6 118.25958 plmp11_4
23 0 118180 7 117.690186 plmp11_4
23 0 2675750 8 113.44864 plmp11_4
23 0 137736 9 111.073685 plmp11_4
24 0 1738 0 55.416466 plmp11_4
24 0 145778 1 52.719273 plmp11_4
24 0 802408 2 48.35756 plmp11_4
24 0 2790213 3 47.871975 plmp11_4
24 0 145866 4 46.909756 plmp11_4
24 0 2801435 5 46.906857 plmp11_4
24 0 145635 6 46.844246 plmp11_4
24 0 2678133 7 46.746742 plmp11_4
24 0 217512 8 45.994324 plmp11_4
24 0 118449 9 45.958313 plmp11_4
25 0 112616 0 160.49359 plmp11_4
25 0 2655499 1 117.115944 plmp11_4
25 0 110318 2 112.56875 plmp11_4
25 0 3211503 3 103.43539 plmp11_4
25 0 108792 4 101.704216 plmp11_4
25 0 118021 5 100.94793 plmp11_4
25 0 821305 6 100.45332 plmp11_4
25 0 111495 7 95.003334 plmp11_4
25 0 112457 8 92.66821 plmp11_4
25 0 109919 9 92.518845 plmp11_4
26 0 117872 0 162.18187 plmp11_4
26 0 112616 1 146.7497 plmp11_4
26 0 112045 2 144.00934 plmp11_4
26 0 118026 3 142.96962 plmp11_4
26 0 112324 4 141.1472 plmp11_4
26 0 111056 5 134.20276 plmp11_4
26 0 4161362 6 132.88841 plmp11_4
26 0 110915 7 132.18733 plmp11_4
26 0 117841 8 132.00412 plmp11_4
26 0 112457 9 131.59993 plmp11_4
27 0 4157405 0 252.65031 plmp11_4
27 0 4157382 1 252.4847 plmp11_4
27 0 111141 2 154.8035 plmp11_4
27 0 112346 3 154.46513 plmp11_4
27 0 112523 4 143.03767 plmp11_4
27 0 3204918 5 130.4673 plmp11_4
27 0 145636 6 129.22191 plmp11_4
27 0 931121 7 126.197815 plmp11_4
27 0 150541 8 125.513466 plmp11_4
27 0 213842 9 124.89912 plmp11_4
28 0 4157405 0 207.10655 plmp11_4
28 0 4157382 1 206.94093 plmp11_4
28 0 112346 2 144.1971 plmp11_4
28 0 111141 3 133.53429 plmp11_4
28 0 145827 4 108.61011 plmp11_4
28 0 931121 5 106.8058 plmp11_4
28 0 110706 6 106.49827 plmp11_4
28 0 112523 7 105.099014 plmp11_4
28 0 931120 8 104.38678 plmp11_4
28 0 212970 9 103.87116 plmp11_4
29 0 4151826 0 55.5811 plmp11_4
29 0 205788 1 55.134605 plmp11_4
29 0 137739 2 53.89618 plmp11_4
29 0 111471 3 53.56011 plmp11_4
29 0 118351 4 52.39531 plmp11_4
29 0 118044 5 51.7642 plmp11_4
29 0 145632 6 51.53979 plmp11_4
29 0 145708 7 51.448544 plmp11_4
29 0 118381 8 51.174896 plmp11_4
29 0 117875 9 51.11588 plmp11_4
30 0 205788 0 170.44788 plmp11_4
30 0 218921 1 153.68225 plmp11_4
30 0 148795 2 144.8899 plmp11_4
30 0 4151826 3 142.73828 plmp11_4
30 0 145841 4 141.11778 plmp11_4
30 0 626206 5 138.68825 plmp11_4
30 0 899483 6 136.82979 plmp11_4
30 0 137739 7 136.75075 plmp11_4
30 0 145761 8 133.50273 plmp11_4
30 0 802770 9 133.41763 plmp11_4
31 0 145925 0 115.3627 plmp11_4
31 0 110561 1 109.89178 plmp11_4
31 0 112486 2 109.65576 plmp11_4
31 0 131149 3 106.56714 plmp11_4
31 0 118458 4 105.71869 plmp11_4
31 0 118023 5 105.61524 plmp11_4
31 0 118353 6 104.558685 plmp11_4
31 0 118061 7 103.28112 plmp11_4
31 0 118501 8 102.80175 plmp11_4
31 0 117869 9 101.50601 plmp11_4
32 0 112329 0 98.487045 plmp11_4
32 0 111434 1 94.89614 plmp11_4
32 0 1728 2 94.80312 plmp11_4
32 0 112850 3 90.61008 plmp11_4
32 0 112447 4 87.69553 plmp11_4
32 0 112090 5 83.65405 plmp11_4
32 0 118455 6 82.324326 plmp11_4
32 0 111596 7 82.17482 plmp11_4
32 0 117853 8 80.198944 plmp11_4
32 0 125839 9 78.86401 plmp11_4
33 0 109535 0 103.349754 plmp11_4
33 0 109532 1 103.266914 plmp11_4
33 0 110795 2 102.84957 plmp11_4
33 0 112485 3 102.20614 plmp11_4
33 0 109935 4 101.01208 plmp11_4
33 0 121158 5 100.03725 plmp11_4
33 0 145870 6 98.39267 plmp11_4
33 0 112808 7 98.36315 plmp11_4
33 0 802973 8 97.78708 plmp11_4
33 0 803271 9 97.78708 plmp11_4
34 0 2676594 0 309.182 plmp11_4
34 0 2675753 1 301.30807 plmp11_4
34 0 2679204 2 301.30807 plmp11_4
34 0 2809767 3 231.33867 plmp11_4
34 0 2811850 4 231.33867 plmp11_4
34 0 3216389 5 152.66856 plmp11_4
34 0 121158 6 151.75217 plmp11_4
34 0 112325 7 140.22957 plmp11_4
34 0 130155 8 137.28918 plmp11_4
34 0 858288 9 135.90984 plmp11_4
35 0 821306 0 64.333046 plmp11_4
35 0 205203 1 61.586906 plmp11_4
35 0 102737 2 59.614113 plmp11_4
35 0 213843 3 59.514347 plmp11_4
35 0 214063 4 59.514347 plmp11_4
35 0 214467 5 59.514347 plmp11_4
35 0 118079 6 58.94867 plmp11_4
35 0 218927 7 58.548054 plmp11_4
35 0 134742 8 58.50773 plmp11_4
35 0 145660 9 58.35325 plmp11_4
36 0 118238 0 124.47684 plmp11_4
36 0 109923 1 122.765755 plmp11_4
36 0 118319 2 122.135414 plmp11_4
36 0 118329 3 114.46479 plmp11_4
36 0 118142 4 113.228874 plmp11_4
36 0 902769 5 112.855064 plmp11_4
36 0 213843 6 111.171585 plmp11_4
36 0 214063 7 111.171585 plmp11_4
36 0 214467 8 111.171585 plmp11_4
36 0 217512 9 110.88806 plmp11_4
37 0 4151829 0 84.61258 plmp11_4
37 0 110774 1 84.4449 plmp11_4
37 0 118269 2 81.14524 plmp11_4
37 0 118290 3 79.175865 plmp11_4
37 0 110742 4 78.994255 plmp11_4
37 0 112133 5 78.95096 plmp11_4
37 0 145731 6 77.461426 plmp11_4
37 0 111982 7 76.794914 plmp11_4
37 0 108863 8 76.78125 plmp11_4
37 0 121171 9 76.702866 plmp11_4
38 0 145855 0 123.08867 plmp11_4
38 0 145731 1 116.60354 plmp11_4
38 0 4151829 2 116.23542 plmp11_4
38 0 118269 3 103.848854 plmp11_4
38 0 1993216 4 95.78655 plmp11_4
38 0 110774 5 92.096054 plmp11_4
38 0 112910 6 90.83918 plmp11_4
38 0 112292 7 88.21842 plmp11_4
38 0 145629 8 87.53006 plmp11_4
38 0 111982 9 87.305084 plmp11_4
39 0 112568 0 104.457886 plmp11_4
39 0 112420 1 93.47828 plmp11_4
39 0 118457 2 88.841064 plmp11_4
39 0 111432 3 86.02085 plmp11_4
39 0 621044 4 84.19599 plmp11_4
39 0 621090 5 84.19599 plmp11_4
39 0 2959739 6 84.19599 plmp11_4
39 0 2959744 7 84.05436 plmp11_4
39 0 855518 8 84.05436 plmp11_4
39 0 2674861 9 82.74324 plmp11_4
40 0 105200 0 151.1208 plmp11_4
40 0 621044 1 139.77533 plmp11_4
40 0 621090 2 139.77533 plmp11_4
40 0 2959739 3 139.77533 plmp11_4
40 0 122254 4 136.38947 plmp11_4
40 0 2959744 5 132.11392 plmp11_4
40 0 855518 6 132.11392 plmp11_4
40 0 108818 7 130.90335 plmp11_4
40 0 1731 8 128.17412 plmp11_4
40 0 104688 9 125.80506 plmp11_4
41 0 112924 0 179.16199 plmp11_4
41 0 2654533 1 160.04832 plmp11_4
41 0 2654756 2 160.04832 plmp11_4
41 0 111198 3 158.49176 plmp11_4
41 0 2811847 4 157.84204 plmp11_4
41 0 2810525 5 157.83734 plmp11_4
41 0 112731 6 154.22626 plmp11_4
41 0 127916 7 151.45178 plmp11_4
41 0 112585 8 150.2512 plmp11_4
41 0 111891 9 149.57957 plmp11_4
42 0 2654533 0 177.76212 plmp11_4
42 0 2654756 1 177.76212 plmp11_4
42 0 112585 2 172.61394 plmp11_4
42 0 112924 3 172.33243 plmp11_4
42 0 111198 4 166.95749 plmp11_4
42 0 111891 5 165.32756 plmp11_4
42 0 110132 6 164.84854 plmp11_4
42 0 109352 7 160.23033 plmp11_4
42 0 112731 8 159.30188 plmp11_4
42 0 109186 9 157.58063 plmp11_4
43 0 2680590 0 125.31429 plmp11_4
43 0 2959745 1 125.31429 plmp11_4
43 0 112920 2 115.02388 plmp11_4
43 0 112305 3 114.713905 plmp11_4
43 0 112803 4 107.35374 plmp11_4
43 0 118148 5 104.19245 plmp11_4
43 0 2959749 6 99.96221 plmp11_4
43 0 2812589 7 99.93705 plmp11_4
43 0 2784695 8 97.73604 plmp11_4
43 0 112644 9 97.236984 plmp11_4
44 0 2781925 0 37.38925 plmp11_4
44 0 145903 1 37.310123 plmp11_4
44 0 802408 2 37.27619 plmp11_4
44 0 3213871 3 36.30173 plmp11_4
44 0 183480 4 36.249775 plmp11_4
44 0 118182 5 36.120804 plmp11_4
44 0 109864 6 35.473625 plmp11_4
44 0 111107 7 35.458893 plmp11_4
44 0 111731 8 35.25329 plmp11_4
44 0 117953 9 35.23592 plmp11_4
45 0 3204917 0 214.43951 plmp11_4
45 0 866024 1 191.57645 plmp11_4
45 0 858802 2 191.56613 plmp11_4
45 0 150542 3 185.3464 plmp11_4
45 0 145861 4 179.6282 plmp11_4
45 0 800568 5 179.23714 plmp11_4
45 0 145772 6 178.779 plmp11_4
45 0 145903 7 178.07571 plmp11_4
45 0 118452 8 175.34135 plmp11_4
45 0 626207 9 174.36998 plmp11_4
46 0 866024 0 324.50443 plmp11_4
46 0 858802 1 324.49414 plmp11_4
46 0 903971 2 234.2858 plmp11_4
46 0 2959742 3 234.2858 plmp11_4
46 0 623145 4 229.42892 plmp11_4
46 0 2804673 5 226.72171 plmp11_4
46 0 3204917 6 224.54253 plmp11_4
46 0 2657927 7 212.23924 plmp11_4
46 0 145861 8 211.9242 plmp11_4
46 0 1732 9 208.63058 plmp11_4
47 0 2674861 0 154.37949 plmp11_4
47 0 2675754 1 154.37949 plmp11_4
47 0 2795703 2 103.975746 plmp11_4
47 0 2797292 3 103.975746 plmp11_4
47 0 2671723 4 102.47621 plmp11_4
47 0 626207 5 101.334015 plmp11_4
47 0 2790213 6 101.14169 plmp11_4
47 0 148483 7 100.94466 plmp11_4
47 0 2678133 8 100.87251 plmp11_4
47 0 2810526 9 99.329994 plmp11_4
48 0 2674861 0 158.04605 plmp11_4
48 0 2675754 1 158.04605 plmp11_4
48 0 3170727 2 103.71473 plmp11_4
48 0 111362 3 101.613335 plmp11_4
48 0 117864 4 96.17944 plmp11_4
48 0 145756 5 94.93144 plmp11_4
48 0 2646093 6 94.49267 plmp11_4
48 0 121149 7 93.73577 plmp11_4
48 0 112867 8 93.11155 plmp11_4
48 0 108375 9 92.755 plmp11_4
49 0 2810525 0 82.871216 plmp11_4
49 0 2811847 1 82.871216 plmp11_4
49 0 4162535 2 76.142876 plmp11_4
49 0 4151826 3 69.67888 plmp11_4
49 0 3153112 4 66.67571 plmp11_4
49 0 2809767 5 63.26006 plmp11_4
49 0 2811850 6 63.26006 plmp11_4
49 0 2803251 7 63.241142 plmp11_4
49 0 2812210 8 63.14867 plmp11_4
49 0 3181025 9 61.15312 plmp11_4
50 0 3153112 0 114.84726 plmp11_4
50 0 4162535 1 107.95623 plmp11_4
50 0 2810525 2 88.3104 plmp11_4
50 0 2811847 3 88.3104 plmp11_4
50 0 4151826 4 77.15644 plmp11_4
50 0 3181025 5 74.32656 plmp11_4
50 0 3177197 6 70.62419 plmp11_4
50 0 2809767 7 70.102295 plmp11_4
50 0 2811850 8 70.102295 plmp11_4
50 0 3170730 9 69.95674 plmp11_4
51 0 112770 0 109.40523 plmp11_4
51 0 2812589 1 99.31204 plmp11_4
51 0 2959749 2 99.31204 plmp11_4
51 0 78783 3 98.744644 plmp11_4
51 0 616433 4 96.423096 plmp11_4
51 0 145872 5 95.179924 plmp11_4
51 0 3195892 6 92.33342 plmp11_4
51 0 213842 7 91.27029 plmp11_4
51 0 215412 8 90.15188 plmp11_4
51 0 1736 9 88.729034 plmp11_4
52 0 112770 0 73.5623 plmp11_4
52 0 112931 1 68.91972 plmp11_4
52 0 112243 2 64.456345 plmp11_4
52 0 1859075 3 60.142776 plmp11_4
52 0 127923 4 60.140244 plmp11_4
52 0 127887 5 60.096794 plmp11_4
52 0 105869 6 60.062695 plmp11_4
52 0 110753 7 59.26055 plmp11_4
52 0 103302 8 58.6265 plmp11_4
52 0 4172500 9 58.124664 plmp11_4
53 0 799985 0 125.075356 plmp11_4
53 0 2808291 1 104.53417 plmp11_4
53 0 148483 2 103.57207 plmp11_4
53 0 2771250 3 100.29613 plmp11_4
53 0 145664 4 99.95912 plmp11_4
53 0 145792 5 99.28675 plmp11_4
53 0 145635 6 98.33098 plmp11_4
53 0 621045 7 97.009605 plmp11_4
53 0 625711 8 96.65994 plmp11_4
53 0 117916 9 96.40764 plmp11_4
54 0 872994 0 150.78253 plmp11_4
54 0 811778 1 134.59612 plmp11_4
54 0 625711 2 124.51515 plmp11_4
54 0 931123 3 117.408875 plmp11_4
54 0 2808291 4 109.11498 plmp11_4
54 0 799985 5 108.914665 plmp11_4
54 0 621045 6 104.671265 plmp11_4
54 0 620566 7 103.70355 plmp11_4
54 0 3195890 8 101.84098 plmp11_4
54 0 811777 9 101.32067 plmp11_4
55 0 4154603 0 180.87895 plmp11_4
55 0 118269 1 141.08533 plmp11_4
55 0 145731 2 137.79446 plmp11_4
55 0 145629 3 134.82396 plmp11_4
55 0 145855 4 133.81212 plmp11_4
55 0 110774 5 129.74475 plmp11_4
55 0 111261 6 128.65182 plmp11_4
55 0 111982 7 113.287056 plmp11_4
55 0 118101 8 111.44281 plmp11_4
55 0 112910 9 110.48538 plmp11_4
56 0 4154603 0 253.74889 plmp11_4
56 0 118269 1 189.99265 plmp11_4
56 0 145731 2 182.68652 plmp11_4
56 0 110774 3 169.58548 plmp11_4
56 0 112910 4 167.20541 plmp11_4
56 0 145629 5 164.5084 plmp11_4
56 0 111261 6 161.86676 plmp11_4
56 0 145855 7 152.35503 plmp11_4
56 0 1993216 8 143.9398 plmp11_4
56 0 111420 9 142.05652 plmp11_4
57 0 802408 0 134.7882 plmp11_4
57 0 867644 1 133.93767 plmp11_4
57 0 800569 2 132.72108 plmp11_4
57 0 122254 3 129.56488 plmp11_4
57 0 815320 4 128.88387 plmp11_4
57 0 118297 5 128.17322 plmp11_4
57 0 149585 6 124.95068 plmp11_4
57 0 149649 7 124.95068 plmp11_4
57 0 145903 8 123.72322 plmp11_4
57 0 800859 9 123.60107 plmp11_4
58 0 145735 0 129.88829 plmp11_4
58 0 112467 1 110.36255 plmp11_4
58 0 217702 2 109.48711 plmp11_4
58 0 108547 3 108.04923 plmp11_4
58 0 106179 4 107.97094 plmp11_4
58 0 2672207 5 105.4373 plmp11_4
58 0 2671725 6 105.4063 plmp11_4
58 0 2676592 7 103.42255 plmp11_4
58 0 218133 8 102.72271 plmp11_4
58 0 145815 9 102.48284 plmp11_4
59 0 2788983 0 315.55307 plmp11_4
59 0 4170685 1 290.23618 plmp11_4
59 0 145627 2 263.4379 plmp11_4
59 0 118037 3 262.5545 plmp11_4
59 0 117968 4 259.29956 plmp11_4
59 0 118129 5 253.86856 plmp11_4
59 0 118040 6 239.42152 plmp11_4
59 0 1087691 7 228.45897 plmp11_4
59 0 134735 8 225.05351 plmp11_4
59 0 3195891 9 219.73566 plmp11_4
60 0 3195891 0 306.7577 plmp11_4
60 0 2788983 1 304.10367 plmp11_4
60 0 4170685 2 291.52563 plmp11_4
60 0 145627 3 275.6249 plmp11_4
60 0 118129 4 275.5188 plmp11_4
60 0 117968 5 263.4812 plmp11_4
60 0 118334 6 258.71326 plmp11_4
60 0 931614 7 256.05246 plmp11_4
60 0 130158 8 255.60475 plmp11_4
60 0 3191119 9 246.42328 plmp11_4
61 0 2812210 0 176.52036 plmp11_4
61 0 145743 1 172.81433 plmp11_4
61 0 145923 2 166.32158 plmp11_4
61 0 218457 3 155.53783 plmp11_4
61 0 1732 4 142.26959 plmp11_4
61 0 3195092 5 139.9627 plmp11_4
61 0 145815 6 138.78845 plmp11_4
61 0 112854 7 135.86725 plmp11_4
61 0 2657927 8 132.63182 plmp11_4
61 0 112435 9 131.36177 plmp11_4
62 0 2812210 0 97.99869 plmp11_4
62 0 110661 1 82.97381 plmp11_4
62 0 118299 2 82.44475 plmp11_4
62 0 110091 3 81.268974 plmp11_4
62 0 110926 4 79.575806 plmp11_4
62 0 117875 5 76.95485 plmp11_4
62 0 3195092 6 75.27846 plmp11_4
62 0 218457 7 75.271965 plmp11_4
62 0 145810 8 74.801254 plmp11_4
62 0 118381 9 74.1845 plmp11_4
63 0 149702 0 85.87594 plmp11_4
63 0 106985 1 84.24062 plmp11_4
63 0 104521 2 83.77186 plmp11_4
63 0 107685 3 83.38981 plmp11_4
63 0 108539 4 82.5948 plmp11_4
63 0 108111 5 82.13431 plmp11_4
63 0 118148 6 81.55851 plmp11_4
63 0 108538 7 80.78752 plmp11_4
63 0 108713 8 80.66508 plmp11_4
63 0 118011 9 80.05681 plmp11_4
64 0 3205768 0 109.07749 plmp11_4
64 0 2758568 1 104.0919 plmp11_4
64 0 2809766 2 102.65268 plmp11_4
64 0 2811849 3 102.65268 plmp11_4
64 0 110645 4 93.70314 plmp11_4
64 0 3207860 5 93.67994 plmp11_4
64 0 4151827 6 93.291084 plmp11_4
64 0 4170685 7 91.80333 plmp11_4
64 0 118196 8 91.75434 plmp11_4
64 0 106391 9 90.79696 plmp11_4
65 0 118123 0 221.15471 plmp11_4
65 0 150540 1 164.60239 plmp11_4
65 0 3211501 2 160.04857 plmp11_4
65 0 110645 3 155.47075 plmp11_4
65 0 131165 4 155.30511 plmp11_4
65 0 145883 5 153.63342 plmp11_4
65 0 111051 6 152.90094 plmp11_4
65 0 112732 7 149.77737 plmp11_4
65 0 109292 8 149.55977 plmp11_4
65 0 624280 9 148.34184 plmp11_4
66 0 3211501 0 245.78192 plmp11_4
66 0 145867 1 215.48183 plmp11_4
66 0 4151827 2 189.51549 plmp11_4
66 0 3213872 3 186.77112 plmp11_4
66 0 150540 4 186.25214 plmp11_4
66 0 118123 5 184.78671 plmp11_4
66 0 4151826 6 184.73897 plmp11_4
66 0 218925 7 183.56891 plmp11_4
66 0 2959737 8 183.34628 plmp11_4
66 0 802973 9 183.34598 plmp11_4
67 0 145800 0 203.90512 plmp11_4
67 0 867645 1 191.44315 plmp11_4
67 0 103675 2 140.98628 plmp11_4
67 0 104522 3 130.33116 plmp11_4
67 0 103678 4 122.42786 plmp11_4
67 0 2810526 5 118.07271 plmp11_4
67 0 104055 6 117.46576 plmp11_4
67 0 103916 7 117.13905 plmp11_4
67 0 110330 8 115.4047 plmp11_4
67 0 106757 9 115.189384 plmp11_4
68 0 145800 0 185.28189 plmp11_4
68 0 867645 1 160.58307 plmp11_4
68 0 103093 2 125.355095 plmp11_4
68 0 97584 3 123.99283 plmp11_4
68 0 88704 4 120.9876 plmp11_4
68 0 94177 5 120.957596 plmp11_4
68 0 103675 6 120.695175 plmp11_4
68 0 103678 7 119.365715 plmp11_4
68 0 2810526 8 118.369576 plmp11_4
68 0 97893 9 118.09733 plmp11_4
69 0 3214778 0 159.60893 plmp11_4
69 0 149289 1 158.16823 plmp11_4
69 0 2676593 2 150.79118 plmp11_4
69 0 117859 3 148.74515 plmp11_4
69 0 219733 4 147.10594 plmp11_4
69 0 220342 5 147.10594 plmp11_4
69 0 111709 6 146.74889 plmp11_4
69 0 110996 7 144.91415 plmp11_4
69 0 149006 8 143.15324 plmp11_4
69 0 110068 9 142.25717 plmp11_4
70 0 149289 0 179.58032 plmp11_4
70 0 2676593 1 177.99516 plmp11_4
70 0 3214778 2 177.06644 plmp11_4
70 0 118111 3 168.94409 plmp11_4
70 0 219733 4 167.8648 plmp11_4
70 0 220342 5 167.8648 plmp11_4
70 0 149006 6 165.4333 plmp11_4
70 0 858289 7 164.61179 plmp11_4
70 0 2959743 8 164.59482 plmp11_4
70 0 109835 9 163.02814 plmp11_4
71 0 145121 0 151.29924 plmp11_4
71 0 112914 1 151.28453 plmp11_4
71 0 3189783 2 146.06673 plmp11_4
71 0 118052 3 145.25517 plmp11_4
71 0 118287 4 140.6001 plmp11_4
71 0 2654533 5 140.42781 plmp11_4
71 0 2654756 6 140.42781 plmp11_4
71 0 112904 7 137.64578 plmp11_4
71 0 118005 8 133.36935 plmp11_4
71 0 118234 9 130.34381 plmp11_4
72 0 118052 0 154.41197 plmp11_4
72 0 112914 1 146.37527 plmp11_4
72 0 3189783 2 145.1454 plmp11_4
72 0 145121 3 144.92752 plmp11_4
72 0 112904 4 143.47215 plmp11_4
72 0 118005 5 137.8428 plmp11_4
72 0 2654533 6 137.24695 plmp11_4
72 0 2654756 7 137.24695 plmp11_4
72 0 118234 8 136.99687 plmp11_4
72 0 117979 9 127.82902 plmp11_4
73 0 2804674 0 83.83229 plmp11_4
73 0 110692 1 81.473495 plmp11_4
73 0 108538 2 76.696495 plmp11_4
73 0 109931 3 73.853134 plmp11_4
73 0 112206 4 73.168144 plmp11_4
73 0 112573 5 72.67792 plmp11_4
73 0 109935 6 72.49949 plmp11_4
73 0 118043 7 72.29215 plmp11_4
73 0 145624 8 72.22411 plmp11_4
73 0 110662 9 72.18771 plmp11_4
74 0 2804674 0 108.14652 plmp11_4
74 0 107904 1 98.67372 plmp11_4
74 0 109284 2 96.17731 plmp11_4
74 0 112774 3 92.82078 plmp11_4
74 0 127908 4 89.25277 plmp11_4
74 0 2675749 5 82.68943 plmp11_4
74 0 803268 6 78.870735 plmp11_4
74 0 111245 7 77.33451 plmp11_4
74 0 111755 8 77.213104 plmp11_4
74 0 108616 9 76.95537 plmp11_4
75 0 86460 0 131.57126 plmp11_4
75 0 3189783 1 130.63574 plmp11_4
75 0 118226 2 129.58598 plmp11_4
75 0 802770 3 127.547035 plmp11_4
75 0 110964 4 126.21284 plmp11_4
75 0 89728 5 125.90597 plmp11_4
75 0 2675751 6 124.59862 plmp11_4
75 0 112398 7 124.27412 plmp11_4
75 0 90423 8 123.10243 plmp11_4
75 0 88610 9 120.366714 plmp11_4
76 0 2679833 0 135.77368 plmp11_4
76 0 2680440 1 135.77368 plmp11_4
76 0 150540 2 130.63107 plmp11_4
76 0 108900 3 127.81587 plmp11_4
76 0 112919 4 126.10513 plmp11_4
76 0 118298 5 125.387344 plmp11_4
76 0 110964 6 124.65818 plmp11_4
76 0 111945 7 124.30288 plmp11_4
76 0 112738 8 124.21573 plmp11_4
76 0 2670966 9 122.98482 plmp11_4
77 0 2812588 0 176.0235 plmp11_4
77 0 4151822 1 165.49524 plmp11_4
77 0 145817 2 157.54037 plmp11_4
77 0 111029 3 142.98128 plmp11_4
77 0 111455 4 141.91187 plmp11_4
77 0 2770446 5 141.55316 plmp11_4
77 0 134747 6 136.4646 plmp11_4
77 0 112726 7 136.02736 plmp11_4
77 0 145902 8 132.56497 plmp11_4
77 0 111610 9 128.08937 plmp11_4
78 0 2812588 0 73.310295 plmp11_4
78 0 145632 1 72.11143 plmp11_4
78 0 111717 2 69.181 plmp11_4
78 0 117899 3 69.166725 plmp11_4
78 0 799976 4 68.85005 plmp11_4
78 0 112485 5 68.62708 plmp11_4
78 0 111250 6 67.54754 plmp11_4
78 0 118022 7 67.17586 plmp11_4
78 0 122258 8 66.559296 plmp11_4
78 0 111092 9 66.2107 plmp11_4
79 0 111009 0 178.44153 plmp11_4
79 0 118143 1 166.18459 plmp11_4
79 0 111470 2 151.08052 plmp11_4
79 0 110221 3 132.25047 plmp11_4
79 0 118513 4 103.019035 plmp11_4
79 0 2680438 5 100.71388 plmp11_4
79 0 106328 6 94.957565 plmp11_4
79 0 109626 7 94.295166 plmp11_4
79 0 111964 8 93.9036 plmp11_4
79 0 110183 9 92.20263 plmp11_4
80 0 118143 0 168.69429 plmp11_4
80 0 111009 1 158.62794 plmp11_4
80 0 111470 2 154.43246 plmp11_4
80 0 150540 3 138.64691 plmp11_4
80 0 145859 4 134.87535 plmp11_4
80 0 2672210 5 126.14255 plmp11_4
80 0 2654755 6 126.14255 plmp11_4
80 0 110221 7 125.01336 plmp11_4
80 0 106328 8 124.366066 plmp11_4
80 0 2678468 9 122.50015 plmp11_4
81 0 148484 0 114.69902 plmp11_4
81 0 112440 1 89.969894 plmp11_4
81 0 122253 2 89.22272 plmp11_4
81 0 117841 3 78.70937 plmp11_4
81 0 112867 4 78.257324 plmp11_4
81 0 118445 5 75.97615 plmp11_4
81 0 121157 6 74.777885 plmp11_4
81 0 118368 7 73.95227 plmp11_4
81 0 799981 8 73.65755 plmp11_4
81 0 112422 9 73.45257 plmp11_4
82 0 118368 0 124.63462 plmp11_4
82 0 1726 1 122.54929 plmp11_4
82 0 127900 2 119.29147 plmp11_4
82 0 2803250 3 117.71283 plmp11_4
82 0 216735 4 114.51665 plmp11_4
82 0 216806 5 114.51665 plmp11_4
82 0 799981 6 113.15274 plmp11_4
82 0 145625 7 110.27896 plmp11_4
82 0 118148 8 109.61739 plmp11_4
82 0 118126 9 109.12271 plmp11_4
83 0 145859 0 146.88853 plmp11_4
83 0 112922 1 111.59156 plmp11_4
83 0 137746 2 102.67465 plmp11_4
83 0 111151 3 101.18803 plmp11_4
83 0 109894 4 100.8987 plmp11_4
83 0 111246 5 100.87692 plmp11_4
83 0 145870 6 99.12546 plmp11_4
83 0 110289 7 98.54816 plmp11_4
83 0 111194 8 97.68024 plmp11_4
83 0 111286 9 97.346725 plmp11_4
84 0 145859 0 143.8078 plmp11_4
84 0 112922 1 122.50867 plmp11_4
84 0 111151 2 111.77692 plmp11_4
84 0 800858 3 111.007256 plmp11_4
84 0 109895 4 109.713295 plmp11_4
84 0 109893 5 107.57212 plmp11_4
84 0 107980 6 106.809685 plmp11_4
84 0 109200 7 106.55737 plmp11_4
84 0 110361 8 105.973915 plmp11_4
84 0 122251 9 105.75935 plmp11_4
85 0 2959737 0 224.74709 plmp11_4
85 0 802973 1 224.02275 plmp11_4
85 0 803271 2 224.02275 plmp11_4
85 0 3177199 3 170.75308 plmp11_4
85 0 3171724 4 170.58018 plmp11_4
85 0 3177200 5 170.58018 plmp11_4
85 0 150543 6 163.35385 plmp11_4
85 0 2959732 7 163.35365 plmp11_4
85 0 146553 8 162.66132 plmp11_4
85 0 146790 9 162.66112 plmp11_4
86 0 3177199 0 137.796 plmp11_4
86 0 3171724 1 137.70222 plmp11_4
86 0 3177200 2 137.70222 plmp11_4
86 0 802973 3 127.68415 plmp11_4
86 0 803271 4 127.68415 plmp11_4
86 0 2959737 5 127.68415 plmp11_4
86 0 3205766 6 120.92308 plmp11_4
86 0 150543 7 119.01912 plmp11_4
86 0 2959732 8 119.01893 plmp11_4
86 0 146553 9 118.340256 plmp11_4
87 0 143378 0 55.249866 plmp11_4
87 0 111170 1 55.20632 plmp11_4
87 0 112807 2 54.815605 plmp11_4
87 0 112746 3 52.41579 plmp11_4
87 0 136998 4 52.282906 plmp11_4
87 0 117987 5 50.945904 plmp11_4
87 0 148483 6 50.485767 plmp11_4
87 0 117899 7 50.429905 plmp11_4
87 0 110760 8 50.225647 plmp11_4
87 0 118109 9 49.376507 plmp11_4
88 0 182992 0 136.89742 plmp11_4
88 0 182991 1 128.05641 plmp11_4
88 0 145897 2 123.911964 plmp11_4
88 0 111170 3 123.38833 plmp11_4
88 0 149653 4 120.0628 plmp11_4
88 0 2654277 5 118.37344 plmp11_4
88 0 625832 6 115.40101 plmp11_4
88 0 626055 7 115.40101 plmp11_4
88 0 130159 8 115.06924 plmp11_4
88 0 145122 9 114.91896 plmp11_4
89 0 4151822 0 221.67097 plmp11_4
89 0 2812588 1 202.88823 plmp11_4
89 0 2770446 2 188.181 plmp11_4
89 0 145647 3 137.08127 plmp11_4
89 0 4162110 4 132.05927 plmp11_4
89 0 134747 5 131.37733 plmp11_4
89 0 145817 6 129.97108 plmp11_4
89 0 2809767 7 105.36107 plmp11_4
89 0 2811850 8 105.36107 plmp11_4
89 0 802973 9 100.63119 plmp11_4
90 0 2812588 0 265.4363 plmp11_4
90 0 4151822 1 264.32086 plmp11_4
90 0 2770446 2 204.433 plmp11_4
90 0 145626 3 202.24023 plmp11_4
90 0 118054 4 195.33047 plmp11_4
90 0 137748 5 194.97157 plmp11_4
90 0 130150 6 189.60031 plmp11_4
90 0 626454 7 184.86234 plmp11_4
90 0 3181025 8 180.43018 plmp11_4
90 0 2620698 9 180.22647 plmp11_4
91 0 3212514 0 307.8034 plmp11_4
91 0 145782 1 164.56155 plmp11_4
91 0 1087959 2 159.64523 plmp11_4
91 0 118507 3 157.8751 plmp11_4
91 0 134732 4 157.41588 plmp11_4
91 0 109857 5 155.89642 plmp11_4
91 0 112439 6 152.3704 plmp11_4
91 0 219097 7 152.17567 plmp11_4
91 0 110249 8 151.54344 plmp11_4
91 0 110213 9 150.56671 plmp11_4
92 0 3212514 0 295.79318 plmp11_4
92 0 110249 1 183.79916 plmp11_4
92 0 1087959 2 182.94972 plmp11_4
92 0 118507 3 176.30815 plmp11_4
92 0 110032 4 154.52422 plmp11_4
92 0 110213 5 154.48792 plmp11_4
92 0 109857 6 153.09438 plmp11_4
92 0 134732 7 151.53035 plmp11_4
92 0 134725 8 148.66174 plmp11_4
92 0 112439 9 147.5321 plmp11_4
93 0 145901 0 221.47948 plmp11_4
93 0 118334 1 214.89848 plmp11_4
93 0 117874 2 214.68413 plmp11_4
93 0 118107 3 209.45245 plmp11_4
93 0 112905 4 204.90836 plmp11_4
93 0 112824 5 199.39348 plmp11_4
93 0 130158 6 198.4855 plmp11_4
93 0 118129 7 197.32812 plmp11_4
93 0 110877 8 196.15517 plmp11_4
93 0 117968 9 194.4954 plmp11_4
94 0 145901 0 227.84508 plmp11_4
94 0 931614 1 225.44083 plmp11_4
94 0 117874 2 213.01814 plmp11_4
94 0 2788983 3 204.25883 plmp11_4
94 0 118334 4 195.94644 plmp11_4
94 0 118129 5 195.4828 plmp11_4
94 0 4151827 6 195.3836 plmp11_4
94 0 112905 7 194.54874 plmp11_4
94 0 111736 8 193.02118 plmp11_4
94 0 112824 9 191.15936 plmp11_4
95 0 108555 0 107.28114 plmp11_4
95 0 105495 1 106.35868 plmp11_4
95 0 107232 2 99.597885 plmp11_4
95 0 107475 3 97.93952 plmp11_4
95 0 106171 4 82.65695 plmp11_4
95 0 109444 5 78.98044 plmp11_4
95 0 106073 6 78.92959 plmp11_4
95 0 103631 7 78.55195 plmp11_4
95 0 104571 8 74.94526 plmp11_4
95 0 145692 9 74.50501 plmp11_4
96 0 108555 0 128.18439 plmp11_4
96 0 103631 1 122.11309 plmp11_4
96 0 799986 2 96.1464 plmp11_4
96 0 108493 3 93.12794 plmp11_4
96 0 92746 4 92.54364 plmp11_4
96 0 96850 5 92.32007 plmp11_4
96 0 96542 6 90.5535 plmp11_4
96 0 92705 7 90.31707 plmp11_4
96 0 110322 8 90.20808 plmp11_4
96 0 107475 9 89.41478 plmp11_4
97 0 112101 0 152.82973 plmp11_4
97 0 111922 1 118.9163 plmp11_4
97 0 2655597 2 90.3012 plmp11_4
97 0 110718 3 90.23172 plmp11_4
97 0 2676593 4 89.86825 plmp11_4
97 0 2795279 5 89.4026 plmp11_4
97 0 117959 6 87.06395 plmp11_4
97 0 118111 7 86.9108 plmp11_4
97 0 134749 8 86.81873 plmp11_4
97 0 136993 9 85.19039 plmp11_4
98 0 118148 0 40.8419 plmp11_4
98 0 2655591 1 40.150593 plmp11_4
98 0 118467 2 39.763195 plmp11_4
98 0 134732 3 39.669243 plmp11_4
98 0 109088 4 39.63488 plmp11_4
98 0 145804 5 39.56579 plmp11_4
98 0 117832 6 39.362724 plmp11_4
98 0 110996 7 39.34897 plmp11_4
98 0 2811845 8 39.270317 plmp11_4
98 0 117902 9 39.07991 plmp11_4
99 0 112267 0 135.3175 plmp11_4
99 0 111884 1 107.54457 plmp11_4
99 0 110552 2 95.914894 plmp11_4
99 0 112723 3 89.5871 plmp11_4
99 0 110578 4 83.28734 plmp11_4
99 0 145914 5 79.37289 plmp11_4
99 0 109976 6 79.247284 plmp11_4
99 0 118121 7 76.49586 plmp11_4
99 0 109612 8 76.28123 plmp11_4
99 0 110935 9 75.95317 plmp11_4
100 0 112267 0 173.294 plmp11_4
100 0 110552 1 152.28462 plmp11_4
100 0 111884 2 129.05482 plmp11_4
100 0 111886 3 125.82795 plmp11_4
100 0 110098 4 122.4271 plmp11_4
100 0 109633 5 120.94361 plmp11_4
100 0 109673 6 119.68762 plmp11_4
100 0 112723 7 119.64353 plmp11_4
100 0 110296 8 119.076866 plmp11_4
100 0 111695 9 117.92614 plmp11_4
