1 0 118043 0 25.62279 plmp3_2
1 0 102256 1 24.038279 plmp3_2
1 0 111872 2 23.684013 plmp3_2
1 0 110022 3 23.504202 plmp3_2
1 0 112750 4 23.428574 plmp3_2
1 0 118105 5 23.386318 plmp3_2
1 0 102391 6 23.11685 plmp3_2
1 0 109385 7 23.035534 plmp3_2
1 0 1087946 8 22.967157 plmp3_2
1 0 3204919 9 22.875563 plmp3_2
2 0 104671 0 41.10228 plmp3_2
2 0 103549 1 39.685345 plmp3_2
2 0 105116 2 39.46281 plmp3_2
2 0 106843 3 37.914154 plmp3_2
2 0 104673 4 36.712654 plmp3_2
2 0 105294 5 35.206837 plmp3_2
2 0 103644 6 34.410595 plmp3_2
2 0 104571 7 34.211002 plmp3_2
2 0 104393 8 33.457455 plmp3_2
2 0 103631 9 32.92486 plmp3_2
3 0 112584 0 53.007023 plmp3_2
3 0 145821 1 52.95402 plmp3_2
3 0 117907 2 52.504517 plmp3_2
3 0 111091 3 52.2732 plmp3_2
3 0 3162143 4 50.97155 plmp3_2
3 0 78783 5 50.06042 plmp3_2
3 0 899484 6 50.0594 plmp3_2
3 0 130157 7 49.934654 plmp3_2
3 0 118415 8 49.923737 plmp3_2
3 0 118475 9 49.278397 plmp3_2
4 0 3162143 0 95.26162 plmp3_2
4 0 215694 1 95.23787 plmp3_2
4 0 2959735 2 95.23579 plmp3_2
4 0 215496 3 95.17237 plmp3_2
4 0 903973 4 86.13673 plmp3_2
4 0 623142 5 83.62862 plmp3_2
4 0 149007 6 81.28668 plmp3_2
4 0 78783 7 81.08715 plmp3_2
4 0 899484 8 76.7507 plmp3_2
4 0 812450 9 76.57966 plmp3_2
5 0 1740 0 31.579588 plmp3_2
5 0 131163 1 30.820679 plmp3_2
5 0 109285 2 30.208923 plmp3_2
5 0 118329 3 29.541695 plmp3_2
5 0 3197746 4 29.492561 plmp3_2
5 0 112699 5 29.177864 plmp3_2
5 0 110831 6 28.563679 plmp3_2
5 0 112888 7 28.48913 plmp3_2
5 0 3206414 8 28.412956 plmp3_2
5 0 145722 9 28.410202 plmp3_2
6 0 110056 0 32.955147 plmp3_2
6 0 2808290 1 31.94515 plmp3_2
6 0 110520 2 30.042412 plmp3_2
6 0 2771752 3 29.66327 plmp3_2
6 0 183480 4 29.527119 plmp3_2
6 0 110654 5 29.48761 plmp3_2
6 0 3160677 6 28.617193 plmp3_2
6 0 4162535 7 28.520538 plmp3_2
6 0 3214776 8 28.312122 plmp3_2
6 0 2801435 9 28.241915 plmp3_2
7 0 147531 0 29.949677 plmp3_2
7 0 2672535 1 28.699032 plmp3_2
7 0 3195892 2 25.03081 plmp3_2
7 0 110932 3 25.010155 plmp3_2
7 0 145715 4 23.656633 plmp3_2
7 0 3158927 5 23.61403 plmp3_2
7 0 134749 6 23.43744 plmp3_2
7 0 2675751 7 23.40103 plmp3_2
7 0 145868 8 23.179747 plmp3_2
7 0 147530 9 23.133331 plmp3_2
8 0 112174 0 49.82855 plmp3_2
8 0 110932 1 48.41998 plmp3_2
8 0 145868 2 48.07926 plmp3_2
8 0 145715 3 46.654484 plmp3_2
8 0 112834 4 44.64038 plmp3_2
8 0 134749 5 44.087105 plmp3_2
8 0 2678467 6 43.619957 plmp3_2
8 0 2679202 7 43.619957 plmp3_2
8 0 2959746 8 43.619957 plmp3_2
8 0 3158927 9 41.73645 plmp3_2
9 0 118212 0 62.2247 plmp3_2
9 0 2675751 1 61.635433 plmp3_2
9 0 109720 2 61.621098 plmp3_2
9 0 118423 3 60.443718 plmp3_2
9 0 118011 4 55.83341 plmp3_2
9 0 112641 5 55.619102 plmp3_2
9 0 118317 6 55.031635 plmp3_2
9 0 118454 7 53.246964 plmp3_2
9 0 111828 8 52.801586 plmp3_2
9 0 127923 9 52.662518 plmp3_2
10 0 112423 0 62.787342 plmp3_2
10 0 147531 1 61.127987 plmp3_2
10 0 111500 2 60.21308 plmp3_2
10 0 112094 3 57.625084 plmp3_2
10 0 112931 4 57.22562 plmp3_2
10 0 112318 5 56.47544 plmp3_2
10 0 112291 6 54.412777 plmp3_2
10 0 214949 7 53.82714 plmp3_2
10 0 215071 8 53.82714 plmp3_2
10 0 118511 9 53.745483 plmp3_2
11 0 217512 0 26.871601 plmp3_2
11 0 108197 1 26.54896 plmp3_2
11 0 2672535 2 26.40068 plmp3_2
11 0 3183080 3 26.104183 plmp3_2
11 0 107140 4 26.057365 plmp3_2
11 0 146982 5 25.957008 plmp3_2
11 0 127930 6 25.86038 plmp3_2
11 0 180494 7 25.83872 plmp3_2
11 0 112884 8 25.778908 plmp3_2
11 0 111187 9 25.762714 plmp3_2
12 0 2672535 0 31.521238 plmp3_2
12 0 112024 1 31.180857 plmp3_2
12 0 3207860 2 27.583038 plmp3_2
12 0 108573 3 27.48108 plmp3_2
12 0 109469 4 27.161592 plmp3_2
12 0 110503 5 27.161041 plmp3_2
12 0 108066 6 27.121403 plmp3_2
12 0 110514 7 26.989967 plmp3_2
12 0 111576 8 26.958376 plmp3_2
12 0 108200 9 26.877428 plmp3_2
13 0 2642828 0 38.052273 plmp3_2
13 0 802973 1 30.307096 plmp3_2
13 0 803271 2 30.307096 plmp3_2
13 0 2959737 3 30.307096 plmp3_2
13 0 802770 4 30.096258 plmp3_2
13 0 1749 5 29.893314 plmp3_2
13 0 3168776 6 29.32879 plmp3_2
13 0 2959730 7 28.996708 plmp3_2
13 0 3171724 8 28.284023 plmp3_2
13 0 3177199 9 28.284023 plmp3_2
14 0 145931 0 23.967505 plmp3_2
14 0 145974 1 23.74678 plmp3_2
14 0 2742710 2 18.856169 plmp3_2
14 0 104211 3 17.696257 plmp3_2
14 0 145911 4 17.064713 plmp3_2
14 0 2959754 5 16.574326 plmp3_2
14 0 903977 6 15.684187 plmp3_2
14 0 902767 7 15.684187 plmp3_2
14 0 145790 8 15.018123 plmp3_2
14 0 2670965 9 14.880869 plmp3_2
15 0 2812588 0 59.4161 plmp3_2
15 0 4151822 1 55.214756 plmp3_2
15 0 4171965 2 41.47983 plmp3_2
15 0 2770446 3 39.274403 plmp3_2
15 0 98533 4 24.956953 plmp3_2
15 0 4106440 5 23.556664 plmp3_2
15 0 2959738 6 22.216198 plmp3_2
15 0 2806207 7 21.670698 plmp3_2
15 0 145897 8 21.623951 plmp3_2
15 0 2641235 9 21.341368 plmp3_2
16 0 4171965 0 37.524155 plmp3_2
16 0 4151822 1 35.28692 plmp3_2
16 0 4151817 2 30.093307 plmp3_2
16 0 2770446 3 28.129002 plmp3_2
16 0 4162111 4 27.754477 plmp3_2
16 0 2812588 5 27.402658 plmp3_2
16 0 4154603 6 27.2776 plmp3_2
16 0 4157405 7 26.971628 plmp3_2
16 0 130156 8 26.56271 plmp3_2
16 0 4157382 9 26.264957 plmp3_2
17 0 112428 0 23.162357 plmp3_2
17 0 148484 1 22.675894 plmp3_2
17 0 118169 2 22.522877 plmp3_2
17 0 104306 3 22.245136 plmp3_2
17 0 118007 4 22.104376 plmp3_2
17 0 111427 5 21.750395 plmp3_2
17 0 112337 6 21.471565 plmp3_2
17 0 111772 7 21.238525 plmp3_2
17 0 112434 8 21.212044 plmp3_2
17 0 122247 9 21.197592 plmp3_2
18 0 205712 0 50.631004 plmp3_2
18 0 620566 1 44.285374 plmp3_2
18 0 131156 2 42.98799 plmp3_2
18 0 148484 3 42.737366 plmp3_2
18 0 112337 4 42.09533 plmp3_2
18 0 1753 5 41.779644 plmp3_2
18 0 145119 6 41.64667 plmp3_2
18 0 112128 7 41.510956 plmp3_2
18 0 145635 8 41.35477 plmp3_2
18 0 145663 9 40.87307 plmp3_2
19 0 2654533 0 59.667923 plmp3_2
19 0 2654756 1 59.667923 plmp3_2
19 0 206098 2 50.355858 plmp3_2
19 0 219509 3 49.06915 plmp3_2
19 0 4151826 4 47.757896 plmp3_2
19 0 112775 5 45.64833 plmp3_2
19 0 903973 6 44.951496 plmp3_2
19 0 872994 7 44.683678 plmp3_2
19 0 625711 8 44.54085 plmp3_2
19 0 4172500 9 44.446815 plmp3_2
20 0 2654533 0 59.667923 plmp3_2
20 0 2654756 1 59.667923 plmp3_2
20 0 206098 2 50.355858 plmp3_2
20 0 219509 3 49.06915 plmp3_2
20 0 4151826 4 47.757896 plmp3_2
20 0 112775 5 45.64833 plmp3_2
20 0 903973 6 44.951496 plmp3_2
20 0 872994 7 44.683678 plmp3_2
20 0 625711 8 44.54085 plmp3_2
20 0 4172500 9 44.446815 plmp3_2
21 0 873660 0 60.82801 plmp3_2
21 0 117890 1 50.6243 plmp3_2
21 0 2659300 2 46.92578 plmp3_2
21 0 867657 3 45.622986 plmp3_2
21 0 118119 4 44.49311 plmp3_2
21 0 112799 5 44.1292 plmp3_2
21 0 118081 6 42.33353 plmp3_2
21 0 112846 7 41.845932 plmp3_2
21 0 111858 8 40.519512 plmp3_2
21 0 112512 9 40.16831 plmp3_2
22 0 2659300 0 68.21246 plmp3_2
22 0 117890 1 63.480778 plmp3_2
22 0 867657 2 59.251354 plmp3_2
22 0 112799 3 55.788418 plmp3_2
22 0 118081 4 52.83445 plmp3_2
22 0 3181482 5 51.306583 plmp3_2
22 0 112777 6 49.675873 plmp3_2
22 0 112846 7 49.33277 plmp3_2
22 0 118119 8 48.31432 plmp3_2
22 0 118055 9 47.91275 plmp3_2
23 0 1738 0 49.87268 plmp3_2
23 0 2810525 1 46.025723 plmp3_2
23 0 2811847 2 46.025723 plmp3_2
23 0 118449 3 45.29148 plmp3_2
23 0 112257 4 40.136425 plmp3_2
23 0 118180 5 38.127373 plmp3_2
23 0 2801435 6 37.361713 plmp3_2
23 0 4151832 7 34.58058 plmp3_2
23 0 110916 8 34.305447 plmp3_2
23 0 2675750 9 33.225685 plmp3_2
24 0 1738 0 24.555653 plmp3_2
24 0 145778 1 17.109228 plmp3_2
24 0 109265 2 14.467255 plmp3_2
24 0 112872 3 14.164376 plmp3_2
24 0 145866 4 13.759307 plmp3_2
24 0 85289 5 13.719417 plmp3_2
24 0 110916 6 13.667492 plmp3_2
24 0 146982 7 12.465149 plmp3_2
24 0 2678133 8 12.241681 plmp3_2
24 0 91886 9 12.114719 plmp3_2
25 0 112616 0 56.99149 plmp3_2
25 0 2655499 1 41.462585 plmp3_2
25 0 821305 2 32.91281 plmp3_2
25 0 2621067 3 30.324888 plmp3_2
25 0 117845 4 28.53978 plmp3_2
25 0 118021 5 27.908674 plmp3_2
25 0 4104821 6 25.392056 plmp3_2
25 0 3211503 7 23.18446 plmp3_2
25 0 145802 8 23.02025 plmp3_2
25 0 108792 9 22.867182 plmp3_2
26 0 112616 0 63.23313 plmp3_2
26 0 117872 1 56.88008 plmp3_2
26 0 112700 2 54.746475 plmp3_2
26 0 145758 3 54.732426 plmp3_2
26 0 118026 4 54.536015 plmp3_2
26 0 112457 5 53.807766 plmp3_2
26 0 1087946 6 52.57695 plmp3_2
26 0 112539 7 52.480644 plmp3_2
26 0 112724 8 52.101566 plmp3_2
26 0 109989 9 51.740746 plmp3_2
27 0 4157382 0 62.971687 plmp3_2
27 0 4157405 1 62.971687 plmp3_2
27 0 2679557 2 42.817223 plmp3_2
27 0 112346 3 42.308598 plmp3_2
27 0 111141 4 42.064205 plmp3_2
27 0 112523 5 40.274456 plmp3_2
27 0 217703 6 39.9457 plmp3_2
27 0 110384 7 38.396717 plmp3_2
27 0 112792 8 38.30791 plmp3_2
27 0 111217 9 38.02448 plmp3_2
28 0 4157382 0 69.93808 plmp3_2
28 0 4157405 1 69.93808 plmp3_2
28 0 112346 2 55.346992 plmp3_2
28 0 111141 3 39.062187 plmp3_2
28 0 104005 4 30.871609 plmp3_2
28 0 1730 5 30.832201 plmp3_2
28 0 145673 6 30.737253 plmp3_2
28 0 112523 7 30.08622 plmp3_2
28 0 109101 8 29.563808 plmp3_2
28 0 110060 9 29.497824 plmp3_2
29 0 112080 0 20.815393 plmp3_2
29 0 118400 1 20.754217 plmp3_2
29 0 108717 2 20.461523 plmp3_2
29 0 109622 3 20.429745 plmp3_2
29 0 111978 4 20.265984 plmp3_2
29 0 109922 5 20.19867 plmp3_2
29 0 111660 6 20.089863 plmp3_2
29 0 118045 7 19.915071 plmp3_2
29 0 111869 8 19.643076 plmp3_2
29 0 145973 9 19.421616 plmp3_2
30 0 205788 0 55.646862 plmp3_2
30 0 218921 1 48.219208 plmp3_2
30 0 2642828 2 46.898155 plmp3_2
30 0 112704 3 44.489834 plmp3_2
30 0 148795 4 43.72098 plmp3_2
30 0 802770 5 42.743317 plmp3_2
30 0 118045 6 42.442917 plmp3_2
30 0 145841 7 42.35965 plmp3_2
30 0 137739 8 41.89612 plmp3_2
30 0 145708 9 41.727036 plmp3_2
31 0 118023 0 48.22973 plmp3_2
31 0 2795279 1 44.828 plmp3_2
31 0 118458 2 41.982407 plmp3_2
31 0 117924 3 41.72503 plmp3_2
31 0 110015 4 41.233883 plmp3_2
31 0 109450 5 41.107426 plmp3_2
31 0 109006 6 40.847443 plmp3_2
31 0 118455 7 40.54199 plmp3_2
31 0 109727 8 39.28038 plmp3_2
31 0 112356 9 39.178654 plmp3_2
32 0 112329 0 43.57507 plmp3_2
32 0 112850 1 43.033722 plmp3_2
32 0 125839 2 42.873257 plmp3_2
32 0 145710 3 40.342274 plmp3_2
32 0 112090 4 39.557724 plmp3_2
32 0 1728 5 38.807346 plmp3_2
32 0 111434 6 38.119186 plmp3_2
32 0 117853 7 37.24824 plmp3_2
32 0 118455 8 36.01567 plmp3_2
32 0 112447 9 35.584236 plmp3_2
33 0 2809767 0 37.955242 plmp3_2
33 0 2811850 1 37.955242 plmp3_2
33 0 2676594 2 35.005352 plmp3_2
33 0 2675753 3 34.47465 plmp3_2
33 0 2679204 4 34.47465 plmp3_2
33 0 112325 5 31.512976 plmp3_2
33 0 105075 6 30.458838 plmp3_2
33 0 137727 7 30.26701 plmp3_2
33 0 111706 8 29.874062 plmp3_2
33 0 121158 9 29.203495 plmp3_2
34 0 2676594 0 128.58661 plmp3_2
34 0 2675753 1 127.361626 plmp3_2
34 0 2679204 2 127.361626 plmp3_2
34 0 2809767 3 102.00289 plmp3_2
34 0 2811850 4 102.00289 plmp3_2
34 0 136994 5 55.496914 plmp3_2
34 0 121158 6 55.21698 plmp3_2
34 0 137727 7 54.70549 plmp3_2
34 0 3216389 8 51.568928 plmp3_2
34 0 112325 9 50.107605 plmp3_2
35 0 2654532 0 21.773987 plmp3_2
35 0 821306 1 21.144337 plmp3_2
35 0 2801434 2 21.078255 plmp3_2
35 0 3214778 3 20.044933 plmp3_2
35 0 110101 4 19.962925 plmp3_2
35 0 109586 5 19.592234 plmp3_2
35 0 625833 6 19.489866 plmp3_2
35 0 213843 7 19.407118 plmp3_2
35 0 214063 8 19.407118 plmp3_2
35 0 214467 9 19.407118 plmp3_2
36 0 112476 0 30.445015 plmp3_2
36 0 118142 1 29.847809 plmp3_2
36 0 118070 2 29.845913 plmp3_2
36 0 118319 3 29.560116 plmp3_2
36 0 100648 4 29.022072 plmp3_2
36 0 1087952 5 28.99988 plmp3_2
36 0 821306 6 28.802197 plmp3_2
36 0 101732 7 28.678114 plmp3_2
36 0 111192 8 28.665525 plmp3_2
36 0 3170730 9 28.612522 plmp3_2
37 0 4151829 0 34.983192 plmp3_2
37 0 145629 1 30.682905 plmp3_2
37 0 145731 2 28.463026 plmp3_2
37 0 145855 3 28.36516 plmp3_2
37 0 111982 4 28.056456 plmp3_2
37 0 118269 5 27.211113 plmp3_2
37 0 112910 6 27.06845 plmp3_2
37 0 1993216 7 25.916862 plmp3_2
37 0 103870 8 25.587683 plmp3_2
37 0 118407 9 25.316933 plmp3_2
38 0 145855 0 58.263824 plmp3_2
38 0 145731 1 56.103645 plmp3_2
38 0 4151829 2 55.382267 plmp3_2
38 0 118269 3 38.038082 plmp3_2
38 0 110774 4 37.172794 plmp3_2
38 0 111261 5 35.819622 plmp3_2
38 0 111982 6 34.983162 plmp3_2
38 0 1993216 7 33.88506 plmp3_2
38 0 112292 8 32.002033 plmp3_2
38 0 111420 9 31.388056 plmp3_2
39 0 112568 0 51.252354 plmp3_2
39 0 112420 1 45.654305 plmp3_2
39 0 118457 2 41.81904 plmp3_2
39 0 130141 3 38.442955 plmp3_2
39 0 111432 4 37.68822 plmp3_2
39 0 112855 5 36.798145 plmp3_2
39 0 108442 6 36.12843 plmp3_2
39 0 2959744 7 34.48511 plmp3_2
39 0 855518 8 34.48511 plmp3_2
39 0 118192 9 34.03125 plmp3_2
40 0 105200 0 49.880844 plmp3_2
40 0 1731 1 48.847176 plmp3_2
40 0 621044 2 46.92777 plmp3_2
40 0 621090 3 46.92777 plmp3_2
40 0 2959739 4 46.92777 plmp3_2
40 0 2674861 5 46.636627 plmp3_2
40 0 2675754 6 46.636627 plmp3_2
40 0 96731 7 45.840214 plmp3_2
40 0 91083 8 45.467155 plmp3_2
40 0 3213872 9 44.54909 plmp3_2
41 0 112924 0 46.57091 plmp3_2
41 0 2811847 1 44.68353 plmp3_2
41 0 2810525 2 44.67883 plmp3_2
41 0 109186 3 43.43053 plmp3_2
41 0 2654533 4 41.44896 plmp3_2
41 0 2654756 5 41.44896 plmp3_2
41 0 112585 6 40.55391 plmp3_2
41 0 111198 7 40.14862 plmp3_2
41 0 110660 8 38.75411 plmp3_2
41 0 217703 9 38.644505 plmp3_2
42 0 2654533 0 44.5551 plmp3_2
42 0 2654756 1 44.5551 plmp3_2
42 0 109186 2 43.43053 plmp3_2
42 0 112585 3 40.55391 plmp3_2
42 0 111198 4 40.14862 plmp3_2
42 0 2811847 5 39.609535 plmp3_2
42 0 2810525 6 39.60483 plmp3_2
42 0 110660 7 38.75411 plmp3_2
42 0 217703 8 38.644505 plmp3_2
42 0 112440 9 38.542156 plmp3_2
43 0 101906 0 38.18756 plmp3_2
43 0 112305 1 36.544952 plmp3_2
43 0 2680590 2 34.505493 plmp3_2
43 0 2959745 3 34.505493 plmp3_2
43 0 112920 4 31.956852 plmp3_2
43 0 95854 5 31.176332 plmp3_2
43 0 99904 6 31.145536 plmp3_2
43 0 121170 7 29.404032 plmp3_2
43 0 85450 8 29.064507 plmp3_2
43 0 104999 9 28.878813 plmp3_2
44 0 183480 0 15.76622 plmp3_2
44 0 135284 1 13.729057 plmp3_2
44 0 92563 2 13.148494 plmp3_2
44 0 99616 3 13.079235 plmp3_2
44 0 91444 4 13.056753 plmp3_2
44 0 92375 5 12.670679 plmp3_2
44 0 109785 6 12.202106 plmp3_2
44 0 93877 7 11.801191 plmp3_2
44 0 145712 8 11.712006 plmp3_2
44 0 145064 9 11.551667 plmp3_2
45 0 3181481 0 61.928043 plmp3_2
45 0 3204917 1 60.372395 plmp3_2
45 0 145861 2 51.489777 plmp3_2
45 0 623145 3 50.049595 plmp3_2
45 0 800568 4 49.97811 plmp3_2
45 0 2804673 5 49.71661 plmp3_2
45 0 3205766 6 48.18807 plmp3_2
45 0 150542 7 47.217785 plmp3_2
45 0 3205768 8 46.85071 plmp3_2
45 0 866024 9 46.80091 plmp3_2
46 0 866024 0 133.40088 plmp3_2
46 0 858802 1 133.39056 plmp3_2
46 0 3204917 2 87.64762 plmp3_2
46 0 150542 3 79.844025 plmp3_2
46 0 2804673 4 77.11203 plmp3_2
46 0 623145 5 75.78293 plmp3_2
46 0 903971 6 75.39981 plmp3_2
46 0 2959742 7 75.39981 plmp3_2
46 0 145861 8 74.01299 plmp3_2
46 0 3216388 9 70.73731 plmp3_2
47 0 2674861 0 52.408516 plmp3_2
47 0 2675754 1 52.408516 plmp3_2
47 0 4164893 2 35.3745 plmp3_2
47 0 4151822 3 33.363533 plmp3_2
47 0 3170730 4 33.196175 plmp3_2
47 0 3177197 5 33.196175 plmp3_2
47 0 4172500 6 32.371323 plmp3_2
47 0 216735 7 31.9993 plmp3_2
47 0 216806 8 31.9993 plmp3_2
47 0 2803251 9 31.99355 plmp3_2
48 0 2674861 0 65.862526 plmp3_2
48 0 2675754 1 65.862526 plmp3_2
48 0 96147 2 34.413982 plmp3_2
48 0 96612 3 32.69797 plmp3_2
48 0 142882 4 31.917892 plmp3_2
48 0 92421 5 31.43533 plmp3_2
48 0 111362 6 31.266891 plmp3_2
48 0 103019 7 30.45475 plmp3_2
48 0 112867 8 30.349163 plmp3_2
48 0 101604 9 29.721981 plmp3_2
49 0 2810525 0 47.77907 plmp3_2
49 0 2811847 1 47.77907 plmp3_2
49 0 4162535 2 25.028824 plmp3_2
49 0 2809764 3 22.323904 plmp3_2
49 0 2812210 4 20.507536 plmp3_2
49 0 2809767 5 20.3777 plmp3_2
49 0 2811850 6 20.3777 plmp3_2
49 0 2810524 7 19.466915 plmp3_2
49 0 2811846 8 19.466915 plmp3_2
49 0 2810527 9 18.477652 plmp3_2
50 0 4162535 0 41.541813 plmp3_2
50 0 2789928 1 35.931423 plmp3_2
50 0 2812210 2 34.220264 plmp3_2
50 0 4151826 3 33.930656 plmp3_2
50 0 3216391 4 33.923477 plmp3_2
50 0 2809767 5 33.72601 plmp3_2
50 0 2811850 6 33.72601 plmp3_2
50 0 2803251 7 33.70344 plmp3_2
50 0 2771249 8 33.27271 plmp3_2
50 0 2801435 9 33.20335 plmp3_2
51 0 134741 0 30.71981 plmp3_2
51 0 112770 1 30.261673 plmp3_2
51 0 105869 2 28.703133 plmp3_2
51 0 112931 3 28.667131 plmp3_2
51 0 111908 4 27.761469 plmp3_2
51 0 106986 5 27.226368 plmp3_2
51 0 106721 6 27.004173 plmp3_2
51 0 137726 7 26.687504 plmp3_2
51 0 854177 8 26.103184 plmp3_2
51 0 103244 9 26.041325 plmp3_2
52 0 112931 0 21.878511 plmp3_2
52 0 112770 1 21.861801 plmp3_2
52 0 112005 2 21.268723 plmp3_2
52 0 105869 3 21.071188 plmp3_2
52 0 134741 4 20.038506 plmp3_2
52 0 100134 5 19.918335 plmp3_2
52 0 111908 6 19.683552 plmp3_2
52 0 103302 7 19.642971 plmp3_2
52 0 854177 8 19.48736 plmp3_2
52 0 112243 9 19.182388 plmp3_2
53 0 145792 0 48.25652 plmp3_2
53 0 112677 1 43.2202 plmp3_2
53 0 108879 2 42.677288 plmp3_2
53 0 2808291 3 41.97081 plmp3_2
53 0 1744 4 41.58022 plmp3_2
53 0 110419 5 37.87669 plmp3_2
53 0 799985 6 37.87001 plmp3_2
53 0 118262 7 36.890343 plmp3_2
53 0 616862 8 36.7762 plmp3_2
53 0 145714 9 36.75521 plmp3_2
54 0 145792 0 46.365166 plmp3_2
54 0 112677 1 44.593822 plmp3_2
54 0 2808291 2 44.072983 plmp3_2
54 0 1744 3 44.025368 plmp3_2
54 0 108879 4 40.711544 plmp3_2
54 0 118262 5 40.09416 plmp3_2
54 0 799985 6 38.966915 plmp3_2
54 0 616862 7 38.77773 plmp3_2
54 0 117916 8 38.676743 plmp3_2
54 0 107735 9 37.428997 plmp3_2
55 0 4154603 0 74.46024 plmp3_2
55 0 145731 1 55.2865 plmp3_2
55 0 145855 2 54.090843 plmp3_2
55 0 145629 3 44.092297 plmp3_2
55 0 112910 4 38.4523 plmp3_2
55 0 118269 5 36.826824 plmp3_2
55 0 2676594 6 35.35357 plmp3_2
55 0 111261 7 35.302265 plmp3_2
55 0 2675753 8 34.46349 plmp3_2
55 0 2679204 9 34.46349 plmp3_2
56 0 4154603 0 106.04845 plmp3_2
56 0 145731 1 72.48386 plmp3_2
56 0 112910 2 62.978306 plmp3_2
56 0 118269 3 62.28002 plmp3_2
56 0 145855 4 55.11857 plmp3_2
56 0 145629 5 55.110943 plmp3_2
56 0 110774 6 47.486824 plmp3_2
56 0 111261 7 47.443344 plmp3_2
56 0 1993216 8 45.5969 plmp3_2
56 0 111420 9 40.530712 plmp3_2
57 0 117856 0 34.54847 plmp3_2
57 0 800859 1 33.707584 plmp3_2
57 0 802408 2 33.522865 plmp3_2
57 0 118470 3 30.7177 plmp3_2
57 0 867644 4 30.26674 plmp3_2
57 0 117831 5 29.602463 plmp3_2
57 0 800569 6 29.17607 plmp3_2
57 0 118089 7 28.638266 plmp3_2
57 0 2803250 8 28.497112 plmp3_2
57 0 1500655 9 28.442484 plmp3_2
58 0 145735 0 47.48614 plmp3_2
58 0 145800 1 39.92853 plmp3_2
58 0 106179 2 38.29033 plmp3_2
58 0 112467 3 38.037735 plmp3_2
58 0 4172497 4 35.191906 plmp3_2
58 0 108547 5 34.927658 plmp3_2
58 0 110330 6 33.92931 plmp3_2
58 0 106848 7 33.442654 plmp3_2
58 0 217702 8 33.15498 plmp3_2
58 0 2676592 9 32.796738 plmp3_2
59 0 2788983 0 99.48951 plmp3_2
59 0 4170685 1 98.65912 plmp3_2
59 0 118129 2 83.34501 plmp3_2
59 0 117968 3 82.84965 plmp3_2
59 0 118037 4 80.627556 plmp3_2
59 0 145627 5 80.6261 plmp3_2
59 0 118040 6 79.81656 plmp3_2
59 0 118422 7 78.622665 plmp3_2
59 0 134735 8 74.5312 plmp3_2
59 0 3205767 9 74.119835 plmp3_2
60 0 3195891 0 106.33247 plmp3_2
60 0 118334 1 103.93409 plmp3_2
60 0 621195 2 101.12546 plmp3_2
60 0 621270 3 101.12546 plmp3_2
60 0 4170685 4 99.48658 plmp3_2
60 0 110510 5 98.69957 plmp3_2
60 0 118129 6 95.68666 plmp3_2
60 0 117968 7 95.675095 plmp3_2
60 0 2788983 8 95.53861 plmp3_2
60 0 118107 9 93.431404 plmp3_2
61 0 205788 0 48.371246 plmp3_2
61 0 148795 1 46.903828 plmp3_2
61 0 899483 2 46.655533 plmp3_2
61 0 802791 3 44.473858 plmp3_2
61 0 112854 4 42.9695 plmp3_2
61 0 145841 5 41.783653 plmp3_2
61 0 219512 6 41.650143 plmp3_2
61 0 2812210 7 40.74802 plmp3_2
61 0 117954 8 39.67317 plmp3_2
61 0 145796 9 39.390656 plmp3_2
62 0 779833 0 25.929222 plmp3_2
62 0 798511 1 25.929222 plmp3_2
62 0 2155 2 24.006535 plmp3_2
62 0 145876 3 23.82625 plmp3_2
62 0 2812210 4 23.076586 plmp3_2
62 0 2781925 5 21.459654 plmp3_2
62 0 112794 6 21.152397 plmp3_2
62 0 3171723 7 20.95721 plmp3_2
62 0 145122 8 20.612299 plmp3_2
62 0 110428 9 20.602222 plmp3_2
63 0 112394 0 21.225374 plmp3_2
63 0 109964 1 19.524559 plmp3_2
63 0 145936 2 19.325161 plmp3_2
63 0 108968 3 19.241566 plmp3_2
63 0 108173 4 19.054249 plmp3_2
63 0 117921 5 19.033337 plmp3_2
63 0 104870 6 18.990675 plmp3_2
63 0 2812589 7 18.801502 plmp3_2
63 0 2959749 8 18.801502 plmp3_2
63 0 109124 9 18.428186 plmp3_2
64 0 2758568 0 38.983242 plmp3_2
64 0 110645 1 37.06374 plmp3_2
64 0 111660 2 33.02386 plmp3_2
64 0 105359 3 32.411182 plmp3_2
64 0 106391 4 32.146393 plmp3_2
64 0 110463 5 32.1054 plmp3_2
64 0 102061 6 32.006313 plmp3_2
64 0 112056 7 31.696987 plmp3_2
64 0 112371 8 31.590258 plmp3_2
64 0 108662 9 31.585836 plmp3_2
65 0 118123 0 80.42347 plmp3_2
65 0 150540 1 48.988636 plmp3_2
65 0 1750 2 44.260418 plmp3_2
65 0 112441 3 44.007774 plmp3_2
65 0 873668 4 43.04588 plmp3_2
65 0 110645 5 42.704773 plmp3_2
65 0 1745 6 42.456383 plmp3_2
65 0 149285 7 41.373436 plmp3_2
65 0 3211501 8 41.17977 plmp3_2
65 0 218667 9 41.109184 plmp3_2
66 0 3211501 0 72.151665 plmp3_2
66 0 145867 1 68.84 plmp3_2
66 0 112935 2 64.41775 plmp3_2
66 0 143378 3 62.659283 plmp3_2
66 0 111632 4 62.435036 plmp3_2
66 0 112106 5 60.13858 plmp3_2
66 0 218667 6 54.565517 plmp3_2
66 0 134921 7 54.38005 plmp3_2
66 0 111303 8 54.007412 plmp3_2
66 0 2797290 9 53.300743 plmp3_2
67 0 145800 0 100.11891 plmp3_2
67 0 867645 1 88.15758 plmp3_2
67 0 103675 2 56.999596 plmp3_2
67 0 110330 3 45.842197 plmp3_2
67 0 106844 4 45.328102 plmp3_2
67 0 104522 5 45.11414 plmp3_2
67 0 106757 6 44.687767 plmp3_2
67 0 103678 7 42.95557 plmp3_2
67 0 106848 8 41.242363 plmp3_2
67 0 103916 9 40.749516 plmp3_2
68 0 145800 0 88.73676 plmp3_2
68 0 867645 1 64.755424 plmp3_2
68 0 97893 2 58.220352 plmp3_2
68 0 88756 3 52.33505 plmp3_2
68 0 94177 4 52.088833 plmp3_2
68 0 87585 5 51.516552 plmp3_2
68 0 88819 6 51.251583 plmp3_2
68 0 88704 7 49.15846 plmp3_2
68 0 93847 8 48.91836 plmp3_2
68 0 103093 9 48.111496 plmp3_2
69 0 182558 0 45.295822 plmp3_2
69 0 112534 1 44.904945 plmp3_2
69 0 117927 2 42.350464 plmp3_2
69 0 118111 3 41.244812 plmp3_2
69 0 110068 4 41.146408 plmp3_2
69 0 111709 5 41.03479 plmp3_2
69 0 118363 6 40.952805 plmp3_2
69 0 110290 7 40.85497 plmp3_2
69 0 799995 8 40.832172 plmp3_2
69 0 110516 9 40.799698 plmp3_2
70 0 182558 0 53.06074 plmp3_2
70 0 109835 1 52.094013 plmp3_2
70 0 118111 2 50.804 plmp3_2
70 0 112534 3 50.200726 plmp3_2
70 0 110068 4 49.937786 plmp3_2
70 0 110881 5 49.19494 plmp3_2
70 0 3214777 6 49.05971 plmp3_2
70 0 117927 7 49.025352 plmp3_2
70 0 2676593 8 48.6782 plmp3_2
70 0 109384 9 48.50769 plmp3_2
71 0 118052 0 60.283745 plmp3_2
71 0 112904 1 57.037937 plmp3_2
71 0 112823 2 53.701374 plmp3_2
71 0 118234 3 51.90353 plmp3_2
71 0 112914 4 51.298157 plmp3_2
71 0 118005 5 49.73692 plmp3_2
71 0 111103 6 48.704487 plmp3_2
71 0 117979 7 48.496872 plmp3_2
71 0 145121 8 48.18515 plmp3_2
71 0 108303 9 46.384663 plmp3_2
72 0 118052 0 60.283745 plmp3_2
72 0 112904 1 57.037937 plmp3_2
72 0 112823 2 53.701374 plmp3_2
72 0 118234 3 51.90353 plmp3_2
72 0 112914 4 51.298157 plmp3_2
72 0 118005 5 49.73692 plmp3_2
72 0 111103 6 48.704487 plmp3_2
72 0 117979 7 48.496872 plmp3_2
72 0 145121 8 48.18515 plmp3_2
72 0 108303 9 46.384663 plmp3_2
73 0 110540 0 19.717867 plmp3_2
73 0 108729 1 15.477498 plmp3_2
73 0 106577 2 15.346916 plmp3_2
73 0 145449 3 15.283412 plmp3_2
73 0 800858 4 15.271185 plmp3_2
73 0 3203623 5 15.191313 plmp3_2
73 0 111800 6 15.100826 plmp3_2
73 0 109550 7 15.095435 plmp3_2
73 0 108469 8 15.06993 plmp3_2
73 0 107464 9 14.938385 plmp3_2
74 0 2804674 0 37.792046 plmp3_2
74 0 2675749 1 35.65679 plmp3_2
74 0 109284 2 35.14006 plmp3_2
74 0 107904 3 34.607605 plmp3_2
74 0 112774 4 31.429693 plmp3_2
74 0 112902 5 29.92353 plmp3_2
74 0 111755 6 28.855568 plmp3_2
74 0 110798 7 28.36951 plmp3_2
74 0 803268 8 28.221327 plmp3_2
74 0 111946 9 27.384792 plmp3_2
75 0 92916 0 54.847866 plmp3_2
75 0 89224 1 53.518963 plmp3_2
75 0 98058 2 52.783165 plmp3_2
75 0 89410 3 52.65274 plmp3_2
75 0 96318 4 51.95748 plmp3_2
75 0 86533 5 48.06914 plmp3_2
75 0 110964 6 44.80199 plmp3_2
75 0 92470 7 44.05986 plmp3_2
75 0 91724 8 42.209286 plmp3_2
75 0 89096 9 40.47576 plmp3_2
76 0 2679833 0 50.91011 plmp3_2
76 0 2680440 1 50.91011 plmp3_2
76 0 145652 2 43.161255 plmp3_2
76 0 95400 3 42.351162 plmp3_2
76 0 110779 4 41.77585 plmp3_2
76 0 2672210 5 41.404865 plmp3_2
76 0 2654755 6 41.404865 plmp3_2
76 0 2670966 7 41.397778 plmp3_2
76 0 108900 8 41.16088 plmp3_2
76 0 2672526 9 40.91988 plmp3_2
77 0 112726 0 55.1186 plmp3_2
77 0 145817 1 53.74931 plmp3_2
77 0 4151822 2 51.841713 plmp3_2
77 0 111455 3 50.773502 plmp3_2
77 0 2812588 4 50.72685 plmp3_2
77 0 1087693 5 50.533085 plmp3_2
77 0 134747 6 48.478577 plmp3_2
77 0 145647 7 48.406 plmp3_2
77 0 111029 8 47.22744 plmp3_2
77 0 111346 9 44.240986 plmp3_2
78 0 145632 0 22.82458 plmp3_2
78 0 2812588 1 22.370785 plmp3_2
78 0 4162111 2 20.78696 plmp3_2
78 0 110045 3 20.459623 plmp3_2
78 0 121171 4 18.792547 plmp3_2
78 0 101362 5 18.600664 plmp3_2
78 0 118100 6 18.435095 plmp3_2
78 0 117964 7 18.145714 plmp3_2
78 0 112459 8 18.10704 plmp3_2
78 0 117187 9 17.933874 plmp3_2
79 0 111009 0 79.10176 plmp3_2
79 0 111470 1 73.49439 plmp3_2
79 0 118143 2 72.31014 plmp3_2
79 0 110221 3 49.58774 plmp3_2
79 0 110183 4 38.831936 plmp3_2
79 0 118513 5 38.09462 plmp3_2
79 0 101490 6 36.459496 plmp3_2
79 0 3171728 7 35.300858 plmp3_2
79 0 87700 8 34.94316 plmp3_2
79 0 2680438 9 34.731995 plmp3_2
80 0 111009 0 72.32778 plmp3_2
80 0 111470 1 71.22048 plmp3_2
80 0 118143 2 70.98026 plmp3_2
80 0 626054 3 53.604053 plmp3_2
80 0 109342 4 50.184063 plmp3_2
80 0 106328 5 49.946213 plmp3_2
80 0 110221 6 48.99891 plmp3_2
80 0 145859 7 48.255234 plmp3_2
80 0 108426 8 46.638344 plmp3_2
80 0 108776 9 46.322178 plmp3_2
81 0 148484 0 50.9356 plmp3_2
81 0 112440 1 38.772892 plmp3_2
81 0 122253 2 31.363928 plmp3_2
81 0 117833 3 29.14761 plmp3_2
81 0 118445 4 26.112053 plmp3_2
81 0 145121 5 22.894829 plmp3_2
81 0 799981 6 22.385384 plmp3_2
81 0 145755 7 22.378677 plmp3_2
81 0 1726 8 21.918251 plmp3_2
81 0 118368 9 21.884516 plmp3_2
82 0 127900 0 54.207054 plmp3_2
82 0 118368 1 52.99064 plmp3_2
82 0 2803250 2 51.517727 plmp3_2
82 0 799981 3 51.476112 plmp3_2
82 0 145865 4 50.601036 plmp3_2
82 0 118126 5 48.930706 plmp3_2
82 0 1726 6 47.643723 plmp3_2
82 0 216735 7 43.173843 plmp3_2
82 0 216806 8 43.173843 plmp3_2
82 0 3213871 9 36.39383 plmp3_2
83 0 145859 0 49.2538 plmp3_2
83 0 110289 1 38.861034 plmp3_2
83 0 112922 2 35.763916 plmp3_2
83 0 110961 3 32.80404 plmp3_2
83 0 109894 4 31.557865 plmp3_2
83 0 2788685 5 30.690487 plmp3_2
83 0 2959751 6 30.690487 plmp3_2
83 0 112368 7 30.209402 plmp3_2
83 0 111093 8 29.67824 plmp3_2
83 0 112590 9 29.407053 plmp3_2
84 0 145859 0 57.514435 plmp3_2
84 0 110289 1 48.693115 plmp3_2
84 0 112922 2 42.371838 plmp3_2
84 0 101833 3 36.732994 plmp3_2
84 0 145870 4 36.298702 plmp3_2
84 0 111286 5 36.085247 plmp3_2
84 0 109894 6 34.804718 plmp3_2
84 0 110590 7 34.705425 plmp3_2
84 0 118073 8 34.37726 plmp3_2
84 0 112368 9 34.058907 plmp3_2
85 0 802973 0 56.49418 plmp3_2
85 0 803271 1 56.49418 plmp3_2
85 0 2959737 2 56.49418 plmp3_2
85 0 3177199 3 52.78978 plmp3_2
85 0 3171724 4 52.61688 plmp3_2
85 0 3177200 5 52.61688 plmp3_2
85 0 4151826 6 42.58961 plmp3_2
85 0 149653 7 42.39958 plmp3_2
85 0 150543 8 41.06598 plmp3_2
85 0 2959732 9 41.06598 plmp3_2
86 0 3205766 0 45.656864 plmp3_2
86 0 3171724 1 43.407883 plmp3_2
86 0 3177199 2 43.407883 plmp3_2
86 0 3177200 3 43.407883 plmp3_2
86 0 802973 4 37.0863 plmp3_2
86 0 803271 5 37.0863 plmp3_2
86 0 2959737 6 37.0863 plmp3_2
86 0 150543 7 27.987007 plmp3_2
86 0 2959732 8 27.987007 plmp3_2
86 0 146553 9 27.979485 plmp3_2
87 0 1088038 0 22.259754 plmp3_2
87 0 110372 1 20.712967 plmp3_2
87 0 111446 2 20.410164 plmp3_2
87 0 112689 3 19.93535 plmp3_2
87 0 110760 4 18.500002 plmp3_2
87 0 108037 5 18.379297 plmp3_2
87 0 110714 6 17.80354 plmp3_2
87 0 111364 7 17.62359 plmp3_2
87 0 3189783 8 17.47956 plmp3_2
87 0 110402 9 17.434711 plmp3_2
88 0 1756 0 35.790264 plmp3_2
88 0 182992 1 35.36653 plmp3_2
88 0 182991 2 34.732452 plmp3_2
88 0 118339 3 34.648594 plmp3_2
88 0 145897 4 34.36177 plmp3_2
88 0 1742 5 33.531483 plmp3_2
88 0 145839 6 33.12093 plmp3_2
88 0 111801 7 32.806236 plmp3_2
88 0 112807 8 32.539608 plmp3_2
88 0 111170 9 32.390324 plmp3_2
89 0 4151822 0 108.79593 plmp3_2
89 0 2770446 1 92.67821 plmp3_2
89 0 2812588 2 84.91843 plmp3_2
89 0 4162110 3 83.638245 plmp3_2
89 0 134747 4 56.769104 plmp3_2
89 0 145647 5 56.62458 plmp3_2
89 0 145817 6 55.611343 plmp3_2
89 0 4162111 7 46.531418 plmp3_2
89 0 145954 8 45.226746 plmp3_2
89 0 2804672 9 39.998207 plmp3_2
90 0 145626 0 73.457115 plmp3_2
90 0 2812588 1 68.60988 plmp3_2
90 0 118054 2 66.25568 plmp3_2
90 0 109718 3 64.78247 plmp3_2
90 0 109921 4 64.44485 plmp3_2
90 0 111913 5 63.44924 plmp3_2
90 0 2680439 6 61.92379 plmp3_2
90 0 2654534 7 61.89252 plmp3_2
90 0 130150 8 61.68056 plmp3_2
90 0 2620698 9 61.416912 plmp3_2
91 0 3212514 0 125.75569 plmp3_2
91 0 1087959 1 59.18098 plmp3_2
91 0 109857 2 58.121605 plmp3_2
91 0 118507 3 55.71367 plmp3_2
91 0 110249 4 54.864185 plmp3_2
91 0 145892 5 53.360756 plmp3_2
91 0 856791 6 52.91483 plmp3_2
91 0 145785 7 45.764187 plmp3_2
91 0 219097 8 45.71295 plmp3_2
91 0 145880 9 45.652443 plmp3_2
92 0 3212514 0 118.02195 plmp3_2
92 0 1087959 1 59.18098 plmp3_2
92 0 118507 2 55.71367 plmp3_2
92 0 110249 3 54.864185 plmp3_2
92 0 145892 4 53.360756 plmp3_2
92 0 856791 5 52.91483 plmp3_2
92 0 109857 6 48.402107 plmp3_2
92 0 145785 7 45.764187 plmp3_2
92 0 219097 8 45.71295 plmp3_2
92 0 145880 9 45.652443 plmp3_2
93 0 145901 0 65.92301 plmp3_2
93 0 118129 1 65.26073 plmp3_2
93 0 2788983 2 64.34941 plmp3_2
93 0 130158 3 64.03144 plmp3_2
93 0 118334 4 59.51204 plmp3_2
93 0 118107 5 58.415245 plmp3_2
93 0 145627 6 58.181305 plmp3_2
93 0 117874 7 58.016388 plmp3_2
93 0 112824 8 55.14919 plmp3_2
93 0 112905 9 54.608677 plmp3_2
94 0 2788983 0 65.64751 plmp3_2
94 0 931614 1 59.253403 plmp3_2
94 0 118129 2 58.11543 plmp3_2
94 0 118099 3 56.35808 plmp3_2
94 0 145807 4 56.00153 plmp3_2
94 0 4151827 5 54.676258 plmp3_2
94 0 118334 6 54.42472 plmp3_2
94 0 3195891 7 54.19965 plmp3_2
94 0 145901 8 53.60299 plmp3_2
94 0 118107 9 53.551754 plmp3_2
95 0 105495 0 48.728786 plmp3_2
95 0 108555 1 47.7174 plmp3_2
95 0 107232 2 45.870087 plmp3_2
95 0 106171 3 42.951717 plmp3_2
95 0 107475 4 36.98058 plmp3_2
95 0 106073 5 31.52121 plmp3_2
95 0 103631 6 31.263216 plmp3_2
95 0 109444 7 29.245707 plmp3_2
95 0 101111 8 28.039688 plmp3_2
95 0 104543 9 27.708017 plmp3_2
96 0 103631 0 38.791874 plmp3_2
96 0 96542 1 38.55493 plmp3_2
96 0 92705 2 38.034424 plmp3_2
96 0 92746 3 36.8463 plmp3_2
96 0 96341 4 36.64542 plmp3_2
96 0 93395 5 35.559177 plmp3_2
96 0 93739 6 35.253998 plmp3_2
96 0 108555 7 35.14263 plmp3_2
96 0 93789 8 34.746933 plmp3_2
96 0 96850 9 34.626247 plmp3_2
97 0 112101 0 59.706345 plmp3_2
97 0 111922 1 47.66101 plmp3_2
97 0 2655597 2 29.409828 plmp3_2
97 0 820748 3 29.013815 plmp3_2
97 0 117959 4 27.510784 plmp3_2
97 0 112247 5 26.19689 plmp3_2
97 0 146554 6 25.823513 plmp3_2
97 0 112574 7 25.35502 plmp3_2
97 0 2959743 8 22.416258 plmp3_2
97 0 858289 9 22.416258 plmp3_2
98 0 106593 0 17.632904 plmp3_2
98 0 118467 1 16.292276 plmp3_2
98 0 112092 2 15.694405 plmp3_2
98 0 134732 3 15.635028 plmp3_2
98 0 2676593 4 15.223952 plmp3_2
98 0 2655591 5 14.932902 plmp3_2
98 0 118065 6 14.875946 plmp3_2
98 0 111516 7 13.850837 plmp3_2
98 0 112151 8 13.594571 plmp3_2
98 0 102190 9 13.515212 plmp3_2
99 0 112267 0 61.27323 plmp3_2
99 0 111884 1 43.547073 plmp3_2
99 0 110552 2 36.821877 plmp3_2
99 0 109976 3 30.580532 plmp3_2
99 0 118121 4 30.39238 plmp3_2
99 0 112723 5 29.563656 plmp3_2
99 0 110578 6 28.711454 plmp3_2
99 0 104759 7 27.141205 plmp3_2
99 0 109673 8 25.593273 plmp3_2
99 0 96562 9 24.734793 plmp3_2
100 0 112267 0 70.5948 plmp3_2
100 0 111884 1 65.504814 plmp3_2
100 0 102906 2 55.76978 plmp3_2
100 0 108405 3 55.4297 plmp3_2
100 0 109673 4 54.952633 plmp3_2
100 0 110296 5 54.639782 plmp3_2
100 0 112033 6 52.653255 plmp3_2
100 0 110552 7 51.315514 plmp3_2
100 0 110578 8 50.14762 plmp3_2
100 0 104524 9 49.93084 plmp3_2
