1 0 3204919 0 90.68246 plmp8_1
1 0 2649076 1 83.26479 plmp8_1
1 0 149702 2 77.5438 plmp8_1
1 0 4164893 3 76.55547 plmp8_1
1 0 2809767 4 75.35685 plmp8_1
1 0 2811850 5 75.35685 plmp8_1
1 0 3177197 6 75.095116 plmp8_1
1 0 3170730 7 74.95911 plmp8_1
1 0 2812210 8 73.61057 plmp8_1
1 0 219733 9 73.225876 plmp8_1
2 0 103631 0 88.81423 plmp8_1
2 0 145692 1 84.50354 plmp8_1
2 0 103549 2 82.50075 plmp8_1
2 0 104671 3 79.715004 plmp8_1
2 0 104571 4 78.48471 plmp8_1
2 0 108555 5 78.15677 plmp8_1
2 0 96850 6 72.93251 plmp8_1
2 0 105116 7 71.96332 plmp8_1
2 0 93789 8 71.56683 plmp8_1
2 0 4170684 9 70.0199 plmp8_1
3 0 3162143 0 108.016975 plmp8_1
3 0 215496 1 99.40836 plmp8_1
3 0 215694 2 99.40836 plmp8_1
3 0 2959735 3 99.407326 plmp8_1
3 0 118475 4 98.15407 plmp8_1
3 0 130157 5 96.88567 plmp8_1
3 0 145890 6 95.48393 plmp8_1
3 0 118248 7 92.35021 plmp8_1
3 0 112584 8 91.3237 plmp8_1
3 0 117907 9 91.13205 plmp8_1
4 0 215694 0 220.24055 plmp8_1
4 0 2959735 1 220.23848 plmp8_1
4 0 215496 2 220.22198 plmp8_1
4 0 3162143 3 194.45193 plmp8_1
4 0 623142 4 184.22694 plmp8_1
4 0 118029 5 183.66537 plmp8_1
4 0 149007 6 173.2007 plmp8_1
4 0 903973 7 161.49884 plmp8_1
4 0 145890 8 141.67679 plmp8_1
4 0 78783 9 140.80182 plmp8_1
5 0 145652 0 75.65452 plmp8_1
5 0 2672209 1 73.02319 plmp8_1
5 0 2657779 2 73.02319 plmp8_1
5 0 1740 3 72.70937 plmp8_1
5 0 110831 4 71.62934 plmp8_1
5 0 110056 5 69.135056 plmp8_1
5 0 112708 6 66.79636 plmp8_1
5 0 131163 7 65.74097 plmp8_1
5 0 183480 8 64.88453 plmp8_1
5 0 118217 9 62.110447 plmp8_1
6 0 110654 0 134.12048 plmp8_1
6 0 110056 1 109.89236 plmp8_1
6 0 183480 2 94.16103 plmp8_1
6 0 111258 3 87.733734 plmp8_1
6 0 3203656 4 84.01701 plmp8_1
6 0 3206414 5 84.01701 plmp8_1
6 0 111114 6 81.166695 plmp8_1
6 0 117932 7 80.88059 plmp8_1
6 0 110789 8 73.991035 plmp8_1
6 0 111661 9 68.54653 plmp8_1
7 0 2672535 0 53.378555 plmp8_1
7 0 219733 1 52.573616 plmp8_1
7 0 220342 2 52.573616 plmp8_1
7 0 134749 3 51.98956 plmp8_1
7 0 147531 4 51.567654 plmp8_1
7 0 118511 5 50.882343 plmp8_1
7 0 3195892 6 50.4545 plmp8_1
7 0 147530 7 50.15261 plmp8_1
7 0 2678467 8 49.697205 plmp8_1
7 0 2679202 9 49.697205 plmp8_1
8 0 134749 0 118.06247 plmp8_1
8 0 112174 1 115.873245 plmp8_1
8 0 145868 2 104.90338 plmp8_1
8 0 145715 3 103.979675 plmp8_1
8 0 112834 4 100.16258 plmp8_1
8 0 147531 5 99.30516 plmp8_1
8 0 2678467 6 93.66378 plmp8_1
8 0 2679202 7 93.66378 plmp8_1
8 0 2959746 8 93.66378 plmp8_1
8 0 110932 9 93.224335 plmp8_1
9 0 2675751 0 123.431564 plmp8_1
9 0 854177 1 115.654305 plmp8_1
9 0 118212 2 108.42751 plmp8_1
9 0 147530 3 108.22381 plmp8_1
9 0 112641 4 107.52284 plmp8_1
9 0 118317 5 107.02911 plmp8_1
9 0 127923 6 106.72758 plmp8_1
9 0 112931 7 105.10622 plmp8_1
9 0 145678 8 103.435776 plmp8_1
9 0 127887 9 102.21247 plmp8_1
10 0 111500 0 141.5701 plmp8_1
10 0 118087 1 129.9299 plmp8_1
10 0 147531 2 127.646324 plmp8_1
10 0 214949 3 124.93465 plmp8_1
10 0 215071 4 124.93465 plmp8_1
10 0 112657 5 124.71812 plmp8_1
10 0 112423 6 122.07992 plmp8_1
10 0 112931 7 120.08804 plmp8_1
10 0 118236 8 118.877464 plmp8_1
10 0 112293 9 118.75315 plmp8_1
11 0 2810524 0 84.18942 plmp8_1
11 0 2811846 1 84.18942 plmp8_1
11 0 217512 2 75.91514 plmp8_1
11 0 2809767 3 75.64792 plmp8_1
11 0 2811850 4 75.64792 plmp8_1
11 0 873668 5 74.852875 plmp8_1
11 0 4151830 6 73.74154 plmp8_1
11 0 145960 7 72.77088 plmp8_1
11 0 2812210 8 71.23211 plmp8_1
11 0 147529 9 71.172325 plmp8_1
12 0 2672535 0 99.68002 plmp8_1
12 0 3207860 1 71.9957 plmp8_1
12 0 183479 2 69.41655 plmp8_1
12 0 3204919 3 66.01119 plmp8_1
12 0 3216389 4 65.87786 plmp8_1
12 0 3153112 5 65.54568 plmp8_1
12 0 2790213 6 64.77781 plmp8_1
12 0 4151830 7 64.66599 plmp8_1
12 0 3211503 8 64.573654 plmp8_1
12 0 2809767 9 63.54901 plmp8_1
13 0 2812588 0 97.43782 plmp8_1
13 0 802973 1 86.34246 plmp8_1
13 0 803271 2 86.34246 plmp8_1
13 0 2959737 3 86.34246 plmp8_1
13 0 4162111 4 82.82687 plmp8_1
13 0 2642828 5 81.4558 plmp8_1
13 0 2959730 6 81.1773 plmp8_1
13 0 145967 7 80.18792 plmp8_1
13 0 145632 8 78.76461 plmp8_1
13 0 150543 9 78.72797 plmp8_1
14 0 2812588 0 60.90223 plmp8_1
14 0 614392 1 60.24419 plmp8_1
14 0 614485 2 60.24419 plmp8_1
14 0 2153 3 56.26872 plmp8_1
14 0 108730 4 56.160812 plmp8_1
14 0 2670965 5 55.198936 plmp8_1
14 0 118296 6 54.46345 plmp8_1
14 0 148483 7 53.74546 plmp8_1
14 0 118015 8 53.714756 plmp8_1
14 0 124715 9 53.40376 plmp8_1
15 0 2812588 0 143.07448 plmp8_1
15 0 4151822 1 127.23024 plmp8_1
15 0 2770446 2 104.658295 plmp8_1
15 0 2809767 3 95.50305 plmp8_1
15 0 2811850 4 95.50305 plmp8_1
15 0 2771249 5 86.36162 plmp8_1
15 0 2812210 6 84.33971 plmp8_1
15 0 4171965 7 81.76415 plmp8_1
15 0 4155979 8 81.17274 plmp8_1
15 0 2812587 9 79.34675 plmp8_1
16 0 4151822 0 124.280014 plmp8_1
16 0 2812588 1 98.358 plmp8_1
16 0 2770446 2 85.91087 plmp8_1
16 0 145817 3 81.930954 plmp8_1
16 0 4171965 4 76.665245 plmp8_1
16 0 134747 5 74.105576 plmp8_1
16 0 3209687 6 73.88884 plmp8_1
16 0 2642828 7 73.38602 plmp8_1
16 0 4151830 8 73.28068 plmp8_1
16 0 3170728 9 72.59121 plmp8_1
17 0 148484 0 55.484104 plmp8_1
17 0 111122 1 55.054935 plmp8_1
17 0 4161362 2 54.92734 plmp8_1
17 0 109218 3 54.560383 plmp8_1
17 0 813289 4 53.014015 plmp8_1
17 0 117987 5 52.446888 plmp8_1
17 0 620566 6 52.319958 plmp8_1
17 0 145865 7 51.83049 plmp8_1
17 0 217512 8 51.127647 plmp8_1
17 0 2771249 9 51.040936 plmp8_1
18 0 205712 0 138.66551 plmp8_1
18 0 148484 1 128.12534 plmp8_1
18 0 620566 2 119.224754 plmp8_1
18 0 145635 3 111.32379 plmp8_1
18 0 1753 4 111.18754 plmp8_1
18 0 217512 5 111.00514 plmp8_1
18 0 131156 6 110.58744 plmp8_1
18 0 206097 7 109.34338 plmp8_1
18 0 145664 8 107.92777 plmp8_1
18 0 219106 9 106.49255 plmp8_1
19 0 2654533 0 155.63692 plmp8_1
19 0 2654756 1 155.63692 plmp8_1
19 0 4151826 2 113.1064 plmp8_1
19 0 112808 3 111.918976 plmp8_1
19 0 4172500 4 111.00203 plmp8_1
19 0 118018 5 109.28393 plmp8_1
19 0 112775 6 108.323166 plmp8_1
19 0 4151825 7 107.7624 plmp8_1
19 0 2670966 8 107.65608 plmp8_1
19 0 219509 9 107.64229 plmp8_1
20 0 2654533 0 159.37227 plmp8_1
20 0 2654756 1 159.37227 plmp8_1
20 0 4172500 2 109.72103 plmp8_1
20 0 112775 3 109.44126 plmp8_1
20 0 4151826 4 108.8212 plmp8_1
20 0 4151825 5 108.76677 plmp8_1
20 0 2670966 6 106.271484 plmp8_1
20 0 219509 7 105.22511 plmp8_1
20 0 110085 8 104.10763 plmp8_1
20 0 112808 9 101.98021 plmp8_1
21 0 873660 0 155.08012 plmp8_1
21 0 117890 1 134.39404 plmp8_1
21 0 112799 2 134.26263 plmp8_1
21 0 118081 3 127.258446 plmp8_1
21 0 121159 4 123.7398 plmp8_1
21 0 3181482 5 121.15085 plmp8_1
21 0 867657 6 121.14297 plmp8_1
21 0 118416 7 120.04886 plmp8_1
21 0 145925 8 118.22674 plmp8_1
21 0 2681317 9 116.427574 plmp8_1
22 0 117890 0 170.49951 plmp8_1
22 0 2659300 1 165.43881 plmp8_1
22 0 112799 2 153.6641 plmp8_1
22 0 118081 3 142.35422 plmp8_1
22 0 145829 4 140.6082 plmp8_1
22 0 145925 5 136.37062 plmp8_1
22 0 118416 6 134.83089 plmp8_1
22 0 112774 7 131.54327 plmp8_1
22 0 867657 8 128.07703 plmp8_1
22 0 121159 9 127.87718 plmp8_1
23 0 118449 0 100.32104 plmp8_1
23 0 2810525 1 99.129524 plmp8_1
23 0 2811847 2 99.129524 plmp8_1
23 0 2801435 3 94.6825 plmp8_1
23 0 145738 4 91.02284 plmp8_1
23 0 623242 5 88.79763 plmp8_1
23 0 112257 6 86.81263 plmp8_1
23 0 118180 7 85.993805 plmp8_1
23 0 142878 8 83.49031 plmp8_1
23 0 2675750 9 82.383316 plmp8_1
24 0 1738 0 43.447056 plmp8_1
24 0 145778 1 41.55789 plmp8_1
24 0 802408 2 38.158337 plmp8_1
24 0 2790213 3 35.906174 plmp8_1
24 0 2804671 4 35.055237 plmp8_1
24 0 2678133 5 34.985893 plmp8_1
24 0 145866 6 34.958664 plmp8_1
24 0 2801435 7 34.943863 plmp8_1
24 0 616433 8 34.8833 plmp8_1
24 0 2675751 9 33.957882 plmp8_1
25 0 112616 0 131.58728 plmp8_1
25 0 2655499 1 92.626625 plmp8_1
25 0 110318 2 84.75145 plmp8_1
25 0 108792 3 79.56431 plmp8_1
25 0 3211503 4 78.03096 plmp8_1
25 0 821305 5 74.396935 plmp8_1
25 0 118021 6 74.197136 plmp8_1
25 0 111495 7 70.23985 plmp8_1
25 0 112457 8 68.357376 plmp8_1
25 0 118115 9 65.88181 plmp8_1
26 0 117872 0 130.7265 plmp8_1
26 0 112616 1 113.51885 plmp8_1
26 0 112045 2 110.909164 plmp8_1
26 0 118026 3 106.89581 plmp8_1
26 0 112324 4 104.483116 plmp8_1
26 0 145758 5 104.03085 plmp8_1
26 0 110915 6 101.71921 plmp8_1
26 0 112457 7 100.50369 plmp8_1
26 0 111056 8 99.8557 plmp8_1
26 0 4161362 9 98.90312 plmp8_1
27 0 4157382 0 216.7961 plmp8_1
27 0 4157405 1 216.7961 plmp8_1
27 0 112346 2 119.485954 plmp8_1
27 0 111141 3 116.81474 plmp8_1
27 0 112523 4 110.69663 plmp8_1
27 0 3204918 5 100.70501 plmp8_1
27 0 182992 6 94.099045 plmp8_1
27 0 145636 7 93.554344 plmp8_1
27 0 213842 8 92.40432 plmp8_1
27 0 150541 9 91.10062 plmp8_1
28 0 4157382 0 177.62524 plmp8_1
28 0 4157405 1 177.62524 plmp8_1
28 0 112346 2 114.99077 plmp8_1
28 0 111141 3 101.65266 plmp8_1
28 0 110706 4 77.72422 plmp8_1
28 0 931121 5 77.20759 plmp8_1
28 0 112523 6 77.00104 plmp8_1
28 0 118489 7 75.27966 plmp8_1
28 0 110384 8 74.13433 plmp8_1
28 0 118475 9 73.68379 plmp8_1
29 0 4151826 0 44.713867 plmp8_1
29 0 205788 1 44.32503 plmp8_1
29 0 118351 2 43.921642 plmp8_1
29 0 137739 3 42.96059 plmp8_1
29 0 111471 4 42.85753 plmp8_1
29 0 118044 5 42.1114 plmp8_1
29 0 117875 6 42.109962 plmp8_1
29 0 145708 7 41.4669 plmp8_1
29 0 118381 8 40.861565 plmp8_1
29 0 112620 9 40.575188 plmp8_1
30 0 205788 0 138.33542 plmp8_1
30 0 218921 1 121.60382 plmp8_1
30 0 148795 2 113.2694 plmp8_1
30 0 4151826 3 113.07299 plmp8_1
30 0 145841 4 111.00948 plmp8_1
30 0 899483 5 109.8167 plmp8_1
30 0 626206 6 109.77769 plmp8_1
30 0 802770 7 105.740005 plmp8_1
30 0 145761 8 105.10342 plmp8_1
30 0 137739 9 103.82003 plmp8_1
31 0 145925 0 87.590195 plmp8_1
31 0 112486 1 85.34938 plmp8_1
31 0 110561 2 83.20299 plmp8_1
31 0 118458 3 79.9064 plmp8_1
31 0 118353 4 79.26253 plmp8_1
31 0 118023 5 79.084694 plmp8_1
31 0 118501 6 78.45736 plmp8_1
31 0 2809763 7 78.2015 plmp8_1
31 0 2795279 8 77.90991 plmp8_1
31 0 112781 9 76.889984 plmp8_1
32 0 112329 0 85.45741 plmp8_1
32 0 1728 1 82.5141 plmp8_1
32 0 111434 2 82.2843 plmp8_1
32 0 112850 3 79.320496 plmp8_1
32 0 112447 4 76.301285 plmp8_1
32 0 112090 5 74.26027 plmp8_1
32 0 118455 6 70.148964 plmp8_1
32 0 111596 7 69.52229 plmp8_1
32 0 117853 8 68.38695 plmp8_1
32 0 125839 9 68.02264 plmp8_1
33 0 110795 0 87.14665 plmp8_1
33 0 109535 1 87.037125 plmp8_1
33 0 109532 2 85.872574 plmp8_1
33 0 121158 3 85.26729 plmp8_1
33 0 112485 4 84.60806 plmp8_1
33 0 109935 5 83.62178 plmp8_1
33 0 111863 6 82.30419 plmp8_1
33 0 145870 7 81.37782 plmp8_1
33 0 802973 8 80.10223 plmp8_1
33 0 803271 9 80.10223 plmp8_1
34 0 2676594 0 261.23627 plmp8_1
34 0 2675753 1 254.62413 plmp8_1
34 0 2679204 2 254.62413 plmp8_1
34 0 2809767 3 189.54526 plmp8_1
34 0 2811850 4 189.54526 plmp8_1
34 0 3216389 5 114.739365 plmp8_1
34 0 121158 6 108.8715 plmp8_1
34 0 112325 7 102.91688 plmp8_1
34 0 625710 8 101.4047 plmp8_1
34 0 136994 9 98.55183 plmp8_1
35 0 821306 0 52.583237 plmp8_1
35 0 205203 1 47.36543 plmp8_1
35 0 932061 2 46.72211 plmp8_1
35 0 218927 3 46.124615 plmp8_1
35 0 213843 4 45.897346 plmp8_1
35 0 214063 5 45.897346 plmp8_1
35 0 214467 6 45.897346 plmp8_1
35 0 102737 7 44.942604 plmp8_1
35 0 931124 8 44.769226 plmp8_1
35 0 149005 9 44.50483 plmp8_1
36 0 118319 0 91.369514 plmp8_1
36 0 118238 1 88.230446 plmp8_1
36 0 109923 2 86.54997 plmp8_1
36 0 118142 3 82.24471 plmp8_1
36 0 902769 4 81.22276 plmp8_1
36 0 118329 5 80.64714 plmp8_1
36 0 118187 6 77.31036 plmp8_1
36 0 112314 7 77.29186 plmp8_1
36 0 3170730 8 76.97896 plmp8_1
36 0 3177197 9 76.97896 plmp8_1
37 0 4151829 0 64.664444 plmp8_1
37 0 110774 1 64.11938 plmp8_1
37 0 118269 2 62.677166 plmp8_1
37 0 118290 3 61.49455 plmp8_1
37 0 110742 4 60.36903 plmp8_1
37 0 112133 5 59.575764 plmp8_1
37 0 112910 6 59.295204 plmp8_1
37 0 121168 7 59.068993 plmp8_1
37 0 111982 8 58.154205 plmp8_1
37 0 145731 9 57.709846 plmp8_1
38 0 145855 0 102.12468 plmp8_1
38 0 145731 1 99.00446 plmp8_1
38 0 4151829 2 95.414116 plmp8_1
38 0 118269 3 81.105576 plmp8_1
38 0 1993216 4 78.15512 plmp8_1
38 0 110774 5 73.06183 plmp8_1
38 0 112910 6 72.2593 plmp8_1
38 0 111982 7 68.59117 plmp8_1
38 0 112292 8 67.551674 plmp8_1
38 0 111420 9 66.8038 plmp8_1
39 0 112568 0 91.41519 plmp8_1
39 0 112420 1 80.93156 plmp8_1
39 0 118457 2 75.41061 plmp8_1
39 0 111432 3 71.9999 plmp8_1
39 0 621044 4 70.2496 plmp8_1
39 0 621090 5 70.2496 plmp8_1
39 0 2959739 6 70.2496 plmp8_1
39 0 2959744 7 69.61459 plmp8_1
39 0 855518 8 69.61459 plmp8_1
39 0 2674861 9 68.05923 plmp8_1
40 0 105200 0 117.80507 plmp8_1
40 0 621044 1 103.18233 plmp8_1
40 0 621090 2 103.18233 plmp8_1
40 0 2959739 3 103.18233 plmp8_1
40 0 122254 4 102.733116 plmp8_1
40 0 1731 5 97.842316 plmp8_1
40 0 118457 6 95.44445 plmp8_1
40 0 2959744 7 95.05926 plmp8_1
40 0 855518 8 95.05926 plmp8_1
40 0 108818 9 94.65781 plmp8_1
41 0 112924 0 130.63239 plmp8_1
41 0 111198 1 112.964005 plmp8_1
41 0 2654533 2 110.35505 plmp8_1
41 0 2654756 3 110.35505 plmp8_1
41 0 2811847 4 109.96237 plmp8_1
41 0 2810525 5 109.95767 plmp8_1
41 0 112585 6 107.36015 plmp8_1
41 0 111891 7 105.392494 plmp8_1
41 0 112731 8 104.41969 plmp8_1
41 0 110132 9 104.295235 plmp8_1
42 0 112585 0 129.72289 plmp8_1
42 0 2654533 1 128.06883 plmp8_1
42 0 2654756 2 128.06883 plmp8_1
42 0 112924 3 123.802826 plmp8_1
42 0 110132 4 121.74823 plmp8_1
42 0 111198 5 121.42973 plmp8_1
42 0 111891 6 121.140465 plmp8_1
42 0 109186 7 115.6102 plmp8_1
42 0 109352 8 113.39216 plmp8_1
42 0 112731 9 109.49531 plmp8_1
43 0 2680590 0 96.62885 plmp8_1
43 0 2959745 1 96.62885 plmp8_1
43 0 112920 2 85.84084 plmp8_1
43 0 112305 3 85.63723 plmp8_1
43 0 112803 4 75.74726 plmp8_1
43 0 118148 5 71.88048 plmp8_1
43 0 2784695 6 71.31638 plmp8_1
43 0 2812589 7 69.58074 plmp8_1
43 0 2959749 8 69.58074 plmp8_1
43 0 112644 9 69.35797 plmp8_1
44 0 802408 0 27.72626 plmp8_1
44 0 2781925 1 27.46043 plmp8_1
44 0 183480 2 26.87877 plmp8_1
44 0 145903 3 26.853731 plmp8_1
44 0 92563 4 26.713215 plmp8_1
44 0 118182 5 26.229939 plmp8_1
44 0 3213871 6 26.194445 plmp8_1
44 0 99873 7 26.149395 plmp8_1
44 0 111107 8 26.104315 plmp8_1
44 0 108965 9 26.065865 plmp8_1
45 0 3204917 0 169.24374 plmp8_1
45 0 866024 1 146.50484 plmp8_1
45 0 858802 2 146.50484 plmp8_1
45 0 150542 3 145.33098 plmp8_1
45 0 145861 4 138.60298 plmp8_1
45 0 145772 5 137.37251 plmp8_1
45 0 800568 6 136.87288 plmp8_1
45 0 137725 7 130.87701 plmp8_1
45 0 145903 8 128.28061 plmp8_1
45 0 626207 9 127.31437 plmp8_1
46 0 866024 0 278.8915 plmp8_1
46 0 858802 1 278.8812 plmp8_1
46 0 903971 2 191.41231 plmp8_1
46 0 2959742 3 191.41231 plmp8_1
46 0 623145 4 191.05745 plmp8_1
46 0 2804673 5 182.93109 plmp8_1
46 0 3204917 6 182.34337 plmp8_1
46 0 2657927 7 170.58777 plmp8_1
46 0 1732 8 170.35532 plmp8_1
46 0 145861 9 167.98874 plmp8_1
47 0 2674861 0 130.45654 plmp8_1
47 0 2675754 1 130.45654 plmp8_1
47 0 2671723 2 78.28225 plmp8_1
47 0 2803251 3 77.82535 plmp8_1
47 0 2795703 4 77.279884 plmp8_1
47 0 2797292 5 77.279884 plmp8_1
47 0 2678133 6 77.18968 plmp8_1
47 0 2790213 7 76.59288 plmp8_1
47 0 2810526 8 74.089424 plmp8_1
47 0 2771250 9 73.76644 plmp8_1
48 0 2674861 0 126.921776 plmp8_1
48 0 2675754 1 126.921776 plmp8_1
48 0 3170727 2 74.69149 plmp8_1
48 0 111362 3 71.46899 plmp8_1
48 0 145896 4 68.296776 plmp8_1
48 0 96147 5 67.339424 plmp8_1
48 0 2646093 6 65.94077 plmp8_1
48 0 121149 7 65.91409 plmp8_1
48 0 103019 8 65.04766 plmp8_1
48 0 213842 9 64.83002 plmp8_1
49 0 2810525 0 72.42862 plmp8_1
49 0 2811847 1 72.42862 plmp8_1
49 0 4162535 2 65.8574 plmp8_1
49 0 3153112 3 58.358807 plmp8_1
49 0 4151826 4 58.20352 plmp8_1
49 0 2809767 5 53.227604 plmp8_1
49 0 2811850 6 53.227604 plmp8_1
49 0 2812210 7 52.854824 plmp8_1
49 0 2803251 8 51.848824 plmp8_1
49 0 2811845 9 51.832294 plmp8_1
50 0 3153112 0 104.177635 plmp8_1
50 0 4162535 1 95.70135 plmp8_1
50 0 2810525 2 75.9374 plmp8_1
50 0 2811847 3 75.9374 plmp8_1
50 0 4151826 4 62.815376 plmp8_1
50 0 3181025 5 61.693275 plmp8_1
50 0 2809767 6 57.265427 plmp8_1
50 0 2811850 7 57.265427 plmp8_1
50 0 3177197 8 56.675293 plmp8_1
50 0 2812210 9 56.60226 plmp8_1
51 0 112770 0 86.73179 plmp8_1
51 0 616433 1 73.739456 plmp8_1
51 0 78783 2 73.37352 plmp8_1
51 0 2812589 3 73.157906 plmp8_1
51 0 2959749 4 73.157906 plmp8_1
51 0 145872 5 69.221825 plmp8_1
51 0 213842 6 68.260635 plmp8_1
51 0 3195892 7 65.52985 plmp8_1
51 0 1736 8 64.63526 plmp8_1
51 0 1753 9 63.94679 plmp8_1
52 0 112770 0 62.36846 plmp8_1
52 0 112931 1 58.039516 plmp8_1
52 0 112243 2 53.056282 plmp8_1
52 0 105869 3 50.55726 plmp8_1
52 0 1859075 4 49.669197 plmp8_1
52 0 103302 5 48.691074 plmp8_1
52 0 127923 6 48.422104 plmp8_1
52 0 127887 7 48.41016 plmp8_1
52 0 110753 8 47.662262 plmp8_1
52 0 109087 9 47.459488 plmp8_1
53 0 799985 0 96.227 plmp8_1
53 0 2808291 1 79.61626 plmp8_1
53 0 145792 2 79.12349 plmp8_1
53 0 2771250 3 76.88506 plmp8_1
53 0 148483 4 74.94021 plmp8_1
53 0 145664 5 71.77626 plmp8_1
53 0 2650505 6 69.972305 plmp8_1
53 0 621045 7 69.59794 plmp8_1
53 0 112677 8 69.17826 plmp8_1
53 0 145635 9 68.67728 plmp8_1
54 0 872994 0 126.41137 plmp8_1
54 0 811778 1 113.98641 plmp8_1
54 0 625711 2 97.93678 plmp8_1
54 0 931123 3 96.83775 plmp8_1
54 0 943668 4 91.07905 plmp8_1
54 0 811777 5 89.25551 plmp8_1
54 0 2808291 6 86.32104 plmp8_1
54 0 799985 7 81.65602 plmp8_1
54 0 621045 8 80.04529 plmp8_1
54 0 2676594 9 79.863014 plmp8_1
55 0 4154603 0 151.5116 plmp8_1
55 0 118269 1 110.975075 plmp8_1
55 0 145731 2 108.43182 plmp8_1
55 0 145855 3 106.9558 plmp8_1
55 0 145629 4 103.985695 plmp8_1
55 0 111261 5 101.21586 plmp8_1
55 0 110774 6 99.15191 plmp8_1
55 0 112910 7 90.42213 plmp8_1
55 0 111982 8 85.58124 plmp8_1
55 0 111420 9 85.53782 plmp8_1
56 0 4154603 0 219.41682 plmp8_1
56 0 118269 1 155.00221 plmp8_1
56 0 145731 2 147.50784 plmp8_1
56 0 112910 3 141.35968 plmp8_1
56 0 110774 4 134.32985 plmp8_1
56 0 111261 5 129.27466 plmp8_1
56 0 145629 6 127.72982 plmp8_1
56 0 145855 7 121.04644 plmp8_1
56 0 111420 8 114.454285 plmp8_1
56 0 1993216 9 113.5226 plmp8_1
57 0 867644 0 98.018906 plmp8_1
57 0 802408 1 97.846634 plmp8_1
57 0 800569 2 97.220825 plmp8_1
57 0 815320 3 93.60362 plmp8_1
57 0 118297 4 92.29651 plmp8_1
57 0 148796 5 88.97358 plmp8_1
57 0 182567 6 88.22828 plmp8_1
57 0 800859 7 88.15427 plmp8_1
57 0 4170683 8 87.26 plmp8_1
57 0 2959744 9 87.054405 plmp8_1
58 0 145735 0 100.718575 plmp8_1
58 0 217702 1 79.94429 plmp8_1
58 0 112467 2 79.17539 plmp8_1
58 0 108547 3 78.54672 plmp8_1
58 0 106179 4 75.024994 plmp8_1
58 0 2676592 5 74.59431 plmp8_1
58 0 145815 6 73.69236 plmp8_1
58 0 2671725 7 73.37027 plmp8_1
58 0 2672207 8 73.34402 plmp8_1
58 0 218133 9 72.331955 plmp8_1
59 0 2788983 0 263.6064 plmp8_1
59 0 4170685 1 240.99934 plmp8_1
59 0 118037 2 211.54614 plmp8_1
59 0 145627 3 211.51523 plmp8_1
59 0 117968 4 208.12505 plmp8_1
59 0 118129 5 204.09023 plmp8_1
59 0 118040 6 197.48439 plmp8_1
59 0 1087691 7 183.61678 plmp8_1
59 0 134735 8 177.45091 plmp8_1
59 0 118422 9 176.70251 plmp8_1
60 0 3195891 0 254.38025 plmp8_1
60 0 2788983 1 243.00502 plmp8_1
60 0 4170685 2 234.61876 plmp8_1
60 0 118129 3 216.38693 plmp8_1
60 0 145627 4 213.02182 plmp8_1
60 0 117968 5 200.10771 plmp8_1
60 0 130158 6 199.96675 plmp8_1
60 0 118334 7 199.32579 plmp8_1
60 0 931614 8 196.26964 plmp8_1
60 0 621195 9 187.73308 plmp8_1
61 0 145743 0 153.81267 plmp8_1
61 0 2812210 1 152.63712 plmp8_1
61 0 145923 2 142.65424 plmp8_1
61 0 218457 3 134.73003 plmp8_1
61 0 1732 4 122.88973 plmp8_1
61 0 145815 5 122.06775 plmp8_1
61 0 3195092 6 118.50973 plmp8_1
61 0 112435 7 113.44171 plmp8_1
61 0 112854 8 113.1861 plmp8_1
61 0 2657927 9 110.54935 plmp8_1
62 0 2812210 0 73.99525 plmp8_1
62 0 110661 1 62.822372 plmp8_1
62 0 110091 2 61.500965 plmp8_1
62 0 118299 3 58.101475 plmp8_1
62 0 109846 4 57.61826 plmp8_1
62 0 117875 5 56.881706 plmp8_1
62 0 110926 6 55.910706 plmp8_1
62 0 112485 7 54.959827 plmp8_1
62 0 118240 8 54.139175 plmp8_1
62 0 118381 9 53.140915 plmp8_1
63 0 149702 0 64.96821 plmp8_1
63 0 104521 1 63.771717 plmp8_1
63 0 106985 2 63.741447 plmp8_1
63 0 107685 3 63.413074 plmp8_1
63 0 108539 4 62.874737 plmp8_1
63 0 108111 5 60.25383 plmp8_1
63 0 91054 6 60.04916 plmp8_1
63 0 105525 7 59.728165 plmp8_1
63 0 108538 8 59.628693 plmp8_1
63 0 118148 9 59.59074 plmp8_1
64 0 3205768 0 79.881805 plmp8_1
64 0 2758568 1 76.628784 plmp8_1
64 0 2809766 2 75.91949 plmp8_1
64 0 2811849 3 75.91949 plmp8_1
64 0 4151827 4 70.941315 plmp8_1
64 0 3205767 5 69.90338 plmp8_1
64 0 3207860 6 68.46535 plmp8_1
64 0 4170685 7 67.36629 plmp8_1
64 0 110645 8 67.239525 plmp8_1
64 0 3205736 9 66.582954 plmp8_1
65 0 118123 0 177.4076 plmp8_1
65 0 150540 1 121.36628 plmp8_1
65 0 3211501 2 117.572876 plmp8_1
65 0 131165 3 113.17866 plmp8_1
65 0 145883 4 112.09295 plmp8_1
65 0 4151825 5 111.54324 plmp8_1
65 0 110645 6 110.33178 plmp8_1
65 0 111051 7 108.499886 plmp8_1
65 0 112732 8 106.82149 plmp8_1
65 0 3183080 9 106.38067 plmp8_1
66 0 3211501 0 188.31427 plmp8_1
66 0 145867 1 160.44417 plmp8_1
66 0 3213872 2 140.71422 plmp8_1
66 0 4151827 3 140.28128 plmp8_1
66 0 218925 4 134.14742 plmp8_1
66 0 150540 5 131.97076 plmp8_1
66 0 3212516 6 129.29099 plmp8_1
66 0 3217422 7 128.12512 plmp8_1
66 0 3217423 8 127.8781 plmp8_1
66 0 3217226 9 127.84841 plmp8_1
67 0 145800 0 173.95952 plmp8_1
67 0 867645 1 163.67464 plmp8_1
67 0 103675 2 113.93337 plmp8_1
67 0 104522 3 96.85711 plmp8_1
67 0 103678 4 94.87185 plmp8_1
67 0 106757 5 93.965836 plmp8_1
67 0 103916 6 86.19982 plmp8_1
67 0 110330 7 85.659836 plmp8_1
67 0 104055 8 83.75351 plmp8_1
67 0 107938 9 82.46524 plmp8_1
68 0 145800 0 155.52002 plmp8_1
68 0 867645 1 128.6693 plmp8_1
68 0 97893 2 97.71351 plmp8_1
68 0 103093 3 95.314674 plmp8_1
68 0 94177 4 94.72487 plmp8_1
68 0 103675 5 93.277504 plmp8_1
68 0 103678 6 92.156456 plmp8_1
68 0 97584 7 91.24776 plmp8_1
68 0 88704 8 89.70809 plmp8_1
68 0 87585 9 86.51506 plmp8_1
69 0 3214778 0 118.30951 plmp8_1
69 0 149289 1 113.96617 plmp8_1
69 0 2676593 2 108.38292 plmp8_1
69 0 219733 3 106.0057 plmp8_1
69 0 220342 4 106.0057 plmp8_1
69 0 111709 5 104.607544 plmp8_1
69 0 117859 6 104.21648 plmp8_1
69 0 149006 7 100.34889 plmp8_1
69 0 2959743 8 100.15358 plmp8_1
69 0 858289 9 100.15358 plmp8_1
70 0 149289 0 132.09456 plmp8_1
70 0 2676593 1 130.99123 plmp8_1
70 0 3214778 2 127.33274 plmp8_1
70 0 118111 3 118.64716 plmp8_1
70 0 858289 4 118.454605 plmp8_1
70 0 2959743 5 118.437645 plmp8_1
70 0 219733 6 117.919266 plmp8_1
70 0 220342 7 117.919266 plmp8_1
70 0 110068 8 116.527916 plmp8_1
70 0 803267 9 115.85417 plmp8_1
71 0 145121 0 118.4909 plmp8_1
71 0 112914 1 116.0676 plmp8_1
71 0 118052 2 109.0908 plmp8_1
71 0 3189783 3 107.577385 plmp8_1
71 0 118287 4 106.96146 plmp8_1
71 0 112904 5 101.65176 plmp8_1
71 0 118005 6 99.43366 plmp8_1
71 0 118234 7 98.05934 plmp8_1
71 0 2654533 8 96.2811 plmp8_1
71 0 2654756 9 96.2811 plmp8_1
72 0 118052 0 120.06228 plmp8_1
72 0 145121 1 113.74146 plmp8_1
72 0 112914 2 112.78062 plmp8_1
72 0 112904 3 109.39589 plmp8_1
72 0 3189783 4 108.50974 plmp8_1
72 0 118234 5 106.65931 plmp8_1
72 0 118005 6 105.85403 plmp8_1
72 0 2654533 7 95.18629 plmp8_1
72 0 2654756 8 95.18629 plmp8_1
72 0 118287 9 93.02547 plmp8_1
73 0 2804674 0 58.95764 plmp8_1
73 0 110692 1 58.428905 plmp8_1
73 0 108538 2 54.40072 plmp8_1
73 0 109931 3 51.135536 plmp8_1
73 0 112573 4 50.933846 plmp8_1
73 0 217514 5 49.963573 plmp8_1
73 0 145624 6 49.797874 plmp8_1
73 0 868383 7 49.1816 plmp8_1
73 0 1087954 8 48.892834 plmp8_1
73 0 112206 9 48.79083 plmp8_1
74 0 2804674 0 90.55473 plmp8_1
74 0 107904 1 82.9164 plmp8_1
74 0 109284 2 82.27236 plmp8_1
74 0 112774 3 76.4402 plmp8_1
74 0 127908 4 73.58406 plmp8_1
74 0 2675749 5 70.38288 plmp8_1
74 0 111245 6 64.08833 plmp8_1
74 0 803268 7 63.99697 plmp8_1
74 0 111755 8 61.196987 plmp8_1
74 0 110798 9 60.702484 plmp8_1
75 0 92916 0 87.72982 plmp8_1
75 0 118226 1 86.55173 plmp8_1
75 0 89728 2 84.84402 plmp8_1
75 0 3189783 3 83.96451 plmp8_1
75 0 86460 4 83.03282 plmp8_1
75 0 110964 5 81.25169 plmp8_1
75 0 89410 6 79.47213 plmp8_1
75 0 802770 7 79.21615 plmp8_1
75 0 88610 8 78.502 plmp8_1
75 0 92470 9 78.27529 plmp8_1
76 0 2679833 0 103.18594 plmp8_1
76 0 2680440 1 103.18594 plmp8_1
76 0 150540 2 96.98654 plmp8_1
76 0 108900 3 95.36911 plmp8_1
76 0 112919 4 94.32153 plmp8_1
76 0 110964 5 93.42713 plmp8_1
76 0 111945 6 91.61713 plmp8_1
76 0 118298 7 90.86444 plmp8_1
76 0 2670966 8 90.61796 plmp8_1
76 0 2781925 9 90.40624 plmp8_1
77 0 2812588 0 134.70015 plmp8_1
77 0 4151822 1 129.40901 plmp8_1
77 0 145817 2 122.141 plmp8_1
77 0 112726 3 109.55469 plmp8_1
77 0 111029 4 109.4124 plmp8_1
77 0 111455 5 106.5982 plmp8_1
77 0 2770446 6 104.99883 plmp8_1
77 0 134747 7 100.854996 plmp8_1
77 0 145902 8 95.90081 plmp8_1
77 0 145647 9 92.56625 plmp8_1
78 0 2812588 0 56.37171 plmp8_1
78 0 145632 1 54.20111 plmp8_1
78 0 117899 2 53.141212 plmp8_1
78 0 117968 3 51.800564 plmp8_1
78 0 118022 4 51.370003 plmp8_1
78 0 799976 5 50.615868 plmp8_1
78 0 111717 6 50.54093 plmp8_1
78 0 112485 7 50.33834 plmp8_1
78 0 111250 8 50.099957 plmp8_1
78 0 111092 9 49.048573 plmp8_1
79 0 111009 0 153.17805 plmp8_1
79 0 118143 1 140.09314 plmp8_1
79 0 111470 2 129.44272 plmp8_1
79 0 110221 3 107.26876 plmp8_1
79 0 118513 4 80.459564 plmp8_1
79 0 111964 5 78.653854 plmp8_1
79 0 2680438 6 77.83888 plmp8_1
79 0 106328 7 70.95025 plmp8_1
79 0 110183 8 70.881454 plmp8_1
79 0 118375 9 69.79626 plmp8_1
80 0 118143 0 123.84962 plmp8_1
80 0 111009 1 118.60303 plmp8_1
80 0 111470 2 117.24265 plmp8_1
80 0 145859 3 96.91224 plmp8_1
80 0 150540 4 93.86126 plmp8_1
80 0 110221 5 84.89702 plmp8_1
80 0 2680438 6 83.967125 plmp8_1
80 0 106328 7 83.7239 plmp8_1
80 0 2672210 8 82.39658 plmp8_1
80 0 2654755 9 82.39658 plmp8_1
81 0 148484 0 95.72408 plmp8_1
81 0 112440 1 71.6559 plmp8_1
81 0 122253 2 70.40804 plmp8_1
81 0 118445 3 61.991585 plmp8_1
81 0 112867 4 60.95798 plmp8_1
81 0 117841 5 60.8778 plmp8_1
81 0 799981 6 58.078903 plmp8_1
81 0 118368 7 57.162033 plmp8_1
81 0 117837 8 57.05892 plmp8_1
81 0 112422 9 56.47697 plmp8_1
82 0 118368 0 96.41432 plmp8_1
82 0 1726 1 95.56407 plmp8_1
82 0 127900 2 93.59365 plmp8_1
82 0 2803250 3 90.02143 plmp8_1
82 0 216735 4 87.7678 plmp8_1
82 0 216806 5 87.7678 plmp8_1
82 0 799981 6 85.47541 plmp8_1
82 0 145625 7 82.84722 plmp8_1
82 0 112305 8 81.4053 plmp8_1
82 0 112869 9 81.09199 plmp8_1
83 0 145859 0 127.484 plmp8_1
83 0 112922 1 95.81864 plmp8_1
83 0 137746 2 84.77014 plmp8_1
83 0 111151 3 82.87964 plmp8_1
83 0 111246 4 82.761375 plmp8_1
83 0 145870 5 82.524025 plmp8_1
83 0 109894 6 82.237885 plmp8_1
83 0 110289 7 81.096954 plmp8_1
83 0 111194 8 80.20352 plmp8_1
83 0 111286 9 80.14179 plmp8_1
84 0 145859 0 126.40107 plmp8_1
84 0 112922 1 108.65175 plmp8_1
84 0 800858 2 96.23673 plmp8_1
84 0 111151 3 95.52903 plmp8_1
84 0 107293 4 94.074 plmp8_1
84 0 109895 5 93.13608 plmp8_1
84 0 109893 6 91.99708 plmp8_1
84 0 107980 7 90.82291 plmp8_1
84 0 122251 8 89.81105 plmp8_1
84 0 110361 9 89.59422 plmp8_1
85 0 2959737 0 192.61873 plmp8_1
85 0 802973 1 191.8944 plmp8_1
85 0 803271 2 191.8944 plmp8_1
85 0 3177199 3 144.34717 plmp8_1
85 0 3171724 4 144.17427 plmp8_1
85 0 3177200 5 144.17427 plmp8_1
85 0 150543 6 131.78288 plmp8_1
85 0 2959732 7 131.78288 plmp8_1
85 0 146553 8 131.0515 plmp8_1
85 0 146790 9 131.0515 plmp8_1
86 0 3171724 0 114.967255 plmp8_1
86 0 3177199 1 114.967255 plmp8_1
86 0 3177200 2 114.967255 plmp8_1
86 0 3205766 3 105.224075 plmp8_1
86 0 802973 4 104.09767 plmp8_1
86 0 803271 5 104.09767 plmp8_1
86 0 2959737 6 104.09767 plmp8_1
86 0 150543 7 96.676956 plmp8_1
86 0 2959732 8 96.676956 plmp8_1
86 0 146553 9 96.03574 plmp8_1
87 0 143378 0 44.34214 plmp8_1
87 0 111170 1 43.976604 plmp8_1
87 0 112807 2 43.497055 plmp8_1
87 0 136998 3 42.551945 plmp8_1
87 0 110760 4 41.797726 plmp8_1
87 0 111186 5 40.710365 plmp8_1
87 0 117899 6 40.32411 plmp8_1
87 0 1088038 7 40.10188 plmp8_1
87 0 118313 8 39.492493 plmp8_1
87 0 112746 9 39.398388 plmp8_1
88 0 182992 0 111.328804 plmp8_1
88 0 182991 1 103.66503 plmp8_1
88 0 145897 2 100.55288 plmp8_1
88 0 111170 3 97.23116 plmp8_1
88 0 149653 4 97.10073 plmp8_1
88 0 2654277 5 94.91073 plmp8_1
88 0 625832 6 90.344986 plmp8_1
88 0 626055 7 90.344986 plmp8_1
88 0 625833 8 89.90043 plmp8_1
88 0 118339 9 89.32934 plmp8_1
89 0 4151822 0 198.82138 plmp8_1
89 0 2812588 1 176.20334 plmp8_1
89 0 2770446 2 169.84935 plmp8_1
89 0 4162110 3 118.024796 plmp8_1
89 0 145647 4 113.163506 plmp8_1
89 0 145817 5 108.22411 plmp8_1
89 0 134747 6 105.24568 plmp8_1
89 0 145954 7 85.39979 plmp8_1
89 0 802973 8 78.03105 plmp8_1
89 0 803271 9 78.03105 plmp8_1
90 0 4151822 0 219.00876 plmp8_1
90 0 2812588 1 214.31262 plmp8_1
90 0 2770446 2 168.94955 plmp8_1
90 0 145626 3 153.45314 plmp8_1
90 0 137748 4 141.05063 plmp8_1
90 0 130150 5 137.77277 plmp8_1
90 0 118054 6 137.4911 plmp8_1
90 0 626454 7 135.6884 plmp8_1
90 0 3181025 8 133.57123 plmp8_1
90 0 111913 9 132.21312 plmp8_1
91 0 3212514 0 261.9898 plmp8_1
91 0 145782 1 119.82618 plmp8_1
91 0 1087959 2 117.9761 plmp8_1
91 0 118507 3 117.713066 plmp8_1
91 0 134732 4 116.207115 plmp8_1
91 0 109857 5 114.90522 plmp8_1
91 0 110213 6 113.59878 plmp8_1
91 0 110249 7 112.54345 plmp8_1
91 0 219097 8 111.26392 plmp8_1
91 0 112439 9 110.563644 plmp8_1
92 0 3212514 0 253.93106 plmp8_1
92 0 110249 1 144.7992 plmp8_1
92 0 1087959 2 141.99185 plmp8_1
92 0 118507 3 136.85738 plmp8_1
92 0 110213 4 118.41848 plmp8_1
92 0 110032 5 116.21556 plmp8_1
92 0 109857 6 114.16825 plmp8_1
92 0 134732 7 113.503235 plmp8_1
92 0 134725 8 112.83412 plmp8_1
92 0 112439 9 107.98156 plmp8_1
93 0 145901 0 181.36784 plmp8_1
93 0 117874 1 173.93484 plmp8_1
93 0 118334 2 173.36919 plmp8_1
93 0 118107 3 169.68564 plmp8_1
93 0 112905 4 166.6067 plmp8_1
93 0 130158 5 165.85295 plmp8_1
93 0 112824 6 161.8659 plmp8_1
93 0 110877 7 158.44417 plmp8_1
93 0 118129 8 157.12926 plmp8_1
93 0 2788983 9 156.08322 plmp8_1
94 0 145901 0 188.05267 plmp8_1
94 0 931614 1 187.23158 plmp8_1
94 0 117874 2 173.81915 plmp8_1
94 0 2788983 3 169.16905 plmp8_1
94 0 4151827 4 160.67468 plmp8_1
94 0 118129 5 157.37779 plmp8_1
94 0 112905 6 156.63914 plmp8_1
94 0 111736 7 155.65173 plmp8_1
94 0 112824 8 155.25798 plmp8_1
94 0 118334 9 154.97063 plmp8_1
95 0 108555 0 91.75865 plmp8_1
95 0 105495 1 90.96603 plmp8_1
95 0 107232 2 84.614395 plmp8_1
95 0 107475 3 81.80479 plmp8_1
95 0 106171 4 69.231476 plmp8_1
95 0 103631 5 65.591034 plmp8_1
95 0 109444 6 65.16796 plmp8_1
95 0 106073 7 64.075134 plmp8_1
95 0 112750 8 60.550354 plmp8_1
95 0 104571 9 59.569633 plmp8_1
96 0 108555 0 103.335335 plmp8_1
96 0 103631 1 98.844406 plmp8_1
96 0 92746 2 74.78809 plmp8_1
96 0 96542 3 72.069496 plmp8_1
96 0 93739 4 71.77144 plmp8_1
96 0 799986 5 71.26564 plmp8_1
96 0 93395 6 69.87514 plmp8_1
96 0 105495 7 69.829895 plmp8_1
96 0 96359 8 69.73339 plmp8_1
96 0 96341 9 69.47797 plmp8_1
97 0 112101 0 120.57245 plmp8_1
97 0 111922 1 91.79355 plmp8_1
97 0 110718 2 61.868744 plmp8_1
97 0 117959 3 60.297928 plmp8_1
97 0 2655597 4 60.244396 plmp8_1
97 0 2795279 5 58.57261 plmp8_1
97 0 2676593 6 57.943226 plmp8_1
97 0 136993 7 57.00035 plmp8_1
97 0 145822 8 56.95741 plmp8_1
97 0 111709 9 56.79159 plmp8_1
98 0 118467 0 30.436981 plmp8_1
98 0 118148 1 30.367023 plmp8_1
98 0 134732 2 30.16439 plmp8_1
98 0 85310 3 29.553411 plmp8_1
98 0 145804 4 29.535368 plmp8_1
98 0 2655591 5 29.506014 plmp8_1
98 0 109088 6 29.357683 plmp8_1
98 0 2811845 7 29.10846 plmp8_1
98 0 117832 8 28.762236 plmp8_1
98 0 108100 9 28.740232 plmp8_1
99 0 112267 0 118.285034 plmp8_1
99 0 111884 1 90.67143 plmp8_1
99 0 110552 2 79.539566 plmp8_1
99 0 112723 3 74.54878 plmp8_1
99 0 110578 4 67.272026 plmp8_1
99 0 109976 5 64.45401 plmp8_1
99 0 109673 6 63.636242 plmp8_1
99 0 145914 7 63.137 plmp8_1
99 0 109612 8 62.597595 plmp8_1
99 0 142887 9 60.94503 plmp8_1
100 0 112267 0 137.40852 plmp8_1
100 0 110552 1 116.8422 plmp8_1
100 0 111884 2 96.94254 plmp8_1
100 0 111886 3 94.10929 plmp8_1
100 0 110098 4 91.300735 plmp8_1
100 0 109633 5 90.66534 plmp8_1
100 0 112723 6 86.94058 plmp8_1
100 0 110296 7 84.93893 plmp8_1
100 0 110578 8 84.071365 plmp8_1
100 0 109673 9 83.921715 plmp8_1
