1 0 3204919 0 57.069023 plmp5_2
1 0 802972 1 47.900852 plmp5_2
1 0 2649076 2 47.335175 plmp5_2
1 0 2809767 3 46.001766 plmp5_2
1 0 2811850 4 46.001766 plmp5_2
1 0 2781925 5 45.266293 plmp5_2
1 0 3177197 6 43.21168 plmp5_2
1 0 3170730 7 43.18406 plmp5_2
1 0 4164893 8 41.265522 plmp5_2
1 0 4151832 9 41.231026 plmp5_2
2 0 103631 0 58.90821 plmp5_2
2 0 103549 1 53.110786 plmp5_2
2 0 104671 2 51.268158 plmp5_2
2 0 105116 3 47.986687 plmp5_2
2 0 104673 4 46.594807 plmp5_2
2 0 145692 5 46.428345 plmp5_2
2 0 108555 6 46.334717 plmp5_2
2 0 104571 7 45.728348 plmp5_2
2 0 105294 8 44.280632 plmp5_2
2 0 103644 9 43.71062 plmp5_2
3 0 3162143 0 72.66182 plmp5_2
3 0 112584 1 63.497124 plmp5_2
3 0 145890 2 62.83924 plmp5_2
3 0 215496 3 62.771553 plmp5_2
3 0 215694 4 62.771553 plmp5_2
3 0 2959735 5 62.77051 plmp5_2
3 0 111091 6 61.832336 plmp5_2
3 0 118475 7 61.76298 plmp5_2
3 0 145821 8 60.596066 plmp5_2
3 0 117907 9 58.778336 plmp5_2
4 0 215694 0 155.81439 plmp5_2
4 0 2959735 1 155.8123 plmp5_2
4 0 215496 2 155.7958 plmp5_2
4 0 623142 3 145.6122 plmp5_2
4 0 3162143 4 143.98982 plmp5_2
4 0 118029 5 136.2618 plmp5_2
4 0 149007 6 121.0946 plmp5_2
4 0 903973 7 112.212 plmp5_2
4 0 78783 8 104.07727 plmp5_2
4 0 812450 9 101.13917 plmp5_2
5 0 2672209 0 55.007282 plmp5_2
5 0 2657779 1 55.007282 plmp5_2
5 0 183480 2 49.66974 plmp5_2
5 0 110056 3 47.909187 plmp5_2
5 0 112708 4 46.07927 plmp5_2
5 0 145652 5 45.749557 plmp5_2
5 0 1740 6 45.747246 plmp5_2
5 0 110831 7 45.235886 plmp5_2
5 0 118217 8 43.869217 plmp5_2
5 0 108089 9 41.855602 plmp5_2
6 0 110654 0 67.032845 plmp5_2
6 0 110056 1 66.87734 plmp5_2
6 0 183480 2 51.91139 plmp5_2
6 0 111258 3 46.84823 plmp5_2
6 0 3203656 4 46.535294 plmp5_2
6 0 3206414 5 46.535294 plmp5_2
6 0 117932 6 44.373947 plmp5_2
6 0 111114 7 42.870564 plmp5_2
6 0 2811844 8 41.672714 plmp5_2
6 0 2959750 9 41.672714 plmp5_2
7 0 147531 0 37.60486 plmp5_2
7 0 2672535 1 35.538963 plmp5_2
7 0 110932 2 34.544247 plmp5_2
7 0 147530 3 34.020676 plmp5_2
7 0 3195892 4 33.61133 plmp5_2
7 0 2655591 5 33.37577 plmp5_2
7 0 118511 6 33.233128 plmp5_2
7 0 134749 7 33.188656 plmp5_2
7 0 145715 8 32.811237 plmp5_2
7 0 145713 9 32.591408 plmp5_2
8 0 112174 0 87.99373 plmp5_2
8 0 134749 1 86.28764 plmp5_2
8 0 145715 2 79.15175 plmp5_2
8 0 145868 3 78.776184 plmp5_2
8 0 2678467 4 73.89729 plmp5_2
8 0 2679202 5 73.89729 plmp5_2
8 0 2959746 6 73.89729 plmp5_2
8 0 112834 7 73.77912 plmp5_2
8 0 147531 8 73.775986 plmp5_2
8 0 112748 9 69.14914 plmp5_2
9 0 2675751 0 84.54514 plmp5_2
9 0 127923 1 74.64422 plmp5_2
9 0 118212 2 73.670525 plmp5_2
9 0 127887 3 73.49193 plmp5_2
9 0 109720 4 71.22358 plmp5_2
9 0 118317 5 71.21065 plmp5_2
9 0 854177 6 70.70344 plmp5_2
9 0 112641 7 70.57972 plmp5_2
9 0 118011 8 69.942154 plmp5_2
9 0 147530 9 69.84118 plmp5_2
10 0 118087 0 82.14427 plmp5_2
10 0 147531 1 78.62097 plmp5_2
10 0 112423 2 78.31307 plmp5_2
10 0 111500 3 77.912125 plmp5_2
10 0 118236 4 74.16227 plmp5_2
10 0 112657 5 72.771965 plmp5_2
10 0 110753 6 71.020805 plmp5_2
10 0 134743 7 69.86043 plmp5_2
10 0 145697 8 69.61721 plmp5_2
10 0 118484 9 69.223816 plmp5_2
11 0 2810524 0 52.048824 plmp5_2
11 0 2811846 1 52.048824 plmp5_2
11 0 217512 2 48.315376 plmp5_2
11 0 3171724 3 47.414043 plmp5_2
11 0 3177199 4 47.414043 plmp5_2
11 0 3177200 5 47.414043 plmp5_2
11 0 145960 6 44.41062 plmp5_2
11 0 218926 7 44.041138 plmp5_2
11 0 873668 8 43.870342 plmp5_2
11 0 3214776 9 43.019245 plmp5_2
12 0 2672535 0 59.99453 plmp5_2
12 0 3207860 1 50.311886 plmp5_2
12 0 3153112 2 45.035244 plmp5_2
12 0 3203658 3 42.68162 plmp5_2
12 0 3214780 4 41.16564 plmp5_2
12 0 3203657 5 40.99964 plmp5_2
12 0 3181025 6 40.159554 plmp5_2
12 0 3171725 7 39.656796 plmp5_2
12 0 112024 8 39.222794 plmp5_2
12 0 2797291 9 38.840366 plmp5_2
13 0 4162111 0 59.67626 plmp5_2
13 0 2812588 1 56.56587 plmp5_2
13 0 145967 2 54.144737 plmp5_2
13 0 2642828 3 51.7735 plmp5_2
13 0 614392 4 48.665047 plmp5_2
13 0 614485 5 48.665047 plmp5_2
13 0 802973 6 47.70617 plmp5_2
13 0 803271 7 47.70617 plmp5_2
13 0 2959737 8 47.70617 plmp5_2
13 0 2959730 9 45.728363 plmp5_2
14 0 108730 0 36.344948 plmp5_2
14 0 2153 1 36.23384 plmp5_2
14 0 614392 2 35.995483 plmp5_2
14 0 614485 3 35.995483 plmp5_2
14 0 2742710 4 32.703815 plmp5_2
14 0 2670965 5 31.847067 plmp5_2
14 0 145967 6 30.480698 plmp5_2
14 0 124715 7 30.162094 plmp5_2
14 0 1921234 8 29.895859 plmp5_2
14 0 107679 9 28.801702 plmp5_2
15 0 2812588 0 104.43798 plmp5_2
15 0 4151822 1 91.9361 plmp5_2
15 0 4171965 2 72.461464 plmp5_2
15 0 2770446 3 70.365555 plmp5_2
15 0 2809767 4 59.316597 plmp5_2
15 0 2811850 5 59.316597 plmp5_2
15 0 2812587 6 55.08777 plmp5_2
15 0 2959748 7 55.08777 plmp5_2
15 0 4015951 8 54.814674 plmp5_2
15 0 2771249 9 54.663395 plmp5_2
16 0 4151822 0 84.15986 plmp5_2
16 0 4171965 1 54.127064 plmp5_2
16 0 2812588 2 52.56844 plmp5_2
16 0 2770446 3 51.884045 plmp5_2
16 0 4168362 4 47.375923 plmp5_2
16 0 4162936 5 46.925262 plmp5_2
16 0 4161362 6 44.021275 plmp5_2
16 0 3181025 7 43.599392 plmp5_2
16 0 4157405 8 43.2308 plmp5_2
16 0 4162535 9 43.153687 plmp5_2
17 0 148484 0 39.61931 plmp5_2
17 0 145865 1 35.584465 plmp5_2
17 0 1726 2 34.661964 plmp5_2
17 0 147527 3 33.938496 plmp5_2
17 0 4161362 4 33.886166 plmp5_2
17 0 813289 5 33.846237 plmp5_2
17 0 2670966 6 33.42908 plmp5_2
17 0 217512 7 33.16532 plmp5_2
17 0 2672526 8 33.16446 plmp5_2
17 0 2674863 9 33.16446 plmp5_2
18 0 205712 0 100.62416 plmp5_2
18 0 148484 1 73.062195 plmp5_2
18 0 620566 2 72.698845 plmp5_2
18 0 2795703 3 69.989174 plmp5_2
18 0 2797292 4 69.989174 plmp5_2
18 0 217288 5 64.93856 plmp5_2
18 0 1753 6 64.47311 plmp5_2
18 0 182990 7 64.462845 plmp5_2
18 0 145119 8 64.334175 plmp5_2
18 0 131156 9 63.585655 plmp5_2
19 0 2654533 0 100.778725 plmp5_2
19 0 2654756 1 100.778725 plmp5_2
19 0 4172500 2 70.102264 plmp5_2
19 0 118018 3 68.288895 plmp5_2
19 0 112775 4 67.986534 plmp5_2
19 0 4151825 5 66.30431 plmp5_2
19 0 112808 6 64.92727 plmp5_2
19 0 2654534 7 61.809868 plmp5_2
19 0 3203656 8 61.45137 plmp5_2
19 0 3206414 9 61.45137 plmp5_2
20 0 2654533 0 104.6163 plmp5_2
20 0 2654756 1 104.6163 plmp5_2
20 0 112775 2 70.21412 plmp5_2
20 0 4172500 3 68.821266 plmp5_2
20 0 4151825 4 65.86183 plmp5_2
20 0 206098 5 64.954254 plmp5_2
20 0 145121 6 60.21676 plmp5_2
20 0 2781925 7 58.901684 plmp5_2
20 0 2654534 8 58.641262 plmp5_2
20 0 110506 9 58.617977 plmp5_2
21 0 873660 0 93.6465 plmp5_2
21 0 867657 1 83.143906 plmp5_2
21 0 112799 2 73.26193 plmp5_2
21 0 2804673 3 72.61199 plmp5_2
21 0 117890 4 69.09451 plmp5_2
21 0 2659300 5 68.27289 plmp5_2
21 0 902267 6 67.27559 plmp5_2
21 0 3181482 7 66.44741 plmp5_2
21 0 145925 8 65.210304 plmp5_2
21 0 820904 9 64.662544 plmp5_2
22 0 2659300 0 124.33512 plmp5_2
22 0 117890 1 108.12838 plmp5_2
22 0 112799 2 95.829 plmp5_2
22 0 867657 3 87.9581 plmp5_2
22 0 118081 4 81.81348 plmp5_2
22 0 112774 5 81.635895 plmp5_2
22 0 145829 6 81.073944 plmp5_2
22 0 145925 7 81.046715 plmp5_2
22 0 2804673 8 79.01091 plmp5_2
22 0 112846 9 72.930954 plmp5_2
23 0 2810525 0 70.08362 plmp5_2
23 0 2811847 1 70.08362 plmp5_2
23 0 118449 2 63.333485 plmp5_2
23 0 2801435 3 59.40654 plmp5_2
23 0 118180 4 59.2132 plmp5_2
23 0 2657927 5 58.674984 plmp5_2
23 0 1738 6 58.133842 plmp5_2
23 0 3217227 7 56.813377 plmp5_2
23 0 118233 8 55.123127 plmp5_2
23 0 623242 9 54.572342 plmp5_2
24 0 145778 0 28.11854 plmp5_2
24 0 1738 1 27.441833 plmp5_2
24 0 145866 2 25.379683 plmp5_2
24 0 2678133 3 24.869497 plmp5_2
24 0 2804671 4 24.090342 plmp5_2
24 0 802408 5 24.077822 plmp5_2
24 0 2654754 6 22.885983 plmp5_2
24 0 145635 7 22.166851 plmp5_2
24 0 182558 8 21.414377 plmp5_2
24 0 3217476 9 21.234652 plmp5_2
25 0 112616 0 86.24765 plmp5_2
25 0 2655499 1 62.366714 plmp5_2
25 0 3211503 2 49.73582 plmp5_2
25 0 821305 3 46.946445 plmp5_2
25 0 108792 4 46.084393 plmp5_2
25 0 118021 5 45.50345 plmp5_2
25 0 2621067 6 43.5315 plmp5_2
25 0 117845 7 43.375122 plmp5_2
25 0 110318 8 43.041397 plmp5_2
25 0 4104821 9 37.670807 plmp5_2
26 0 117872 0 85.108406 plmp5_2
26 0 112616 1 79.437325 plmp5_2
26 0 112045 2 71.20194 plmp5_2
26 0 118026 3 64.00081 plmp5_2
26 0 112457 4 63.5622 plmp5_2
26 0 112700 5 61.429157 plmp5_2
26 0 145758 6 61.095646 plmp5_2
26 0 112324 7 59.997826 plmp5_2
26 0 117841 8 59.29646 plmp5_2
26 0 112539 9 58.37414 plmp5_2
27 0 4157382 0 135.39043 plmp5_2
27 0 4157405 1 135.39043 plmp5_2
27 0 111141 2 76.36664 plmp5_2
27 0 112346 3 70.87373 plmp5_2
27 0 112792 4 67.36228 plmp5_2
27 0 112523 5 67.09291 plmp5_2
27 0 111061 6 60.361794 plmp5_2
27 0 110384 7 52.766182 plmp5_2
27 0 104758 8 51.01116 plmp5_2
27 0 118489 9 49.986027 plmp5_2
28 0 4157382 0 112.97473 plmp5_2
28 0 4157405 1 112.97473 plmp5_2
28 0 112346 2 78.141235 plmp5_2
28 0 111141 3 62.462414 plmp5_2
28 0 112523 4 47.741573 plmp5_2
28 0 217703 5 47.11008 plmp5_2
28 0 110460 6 44.984547 plmp5_2
28 0 106806 7 44.399525 plmp5_2
28 0 111004 8 44.355556 plmp5_2
28 0 110060 9 43.96007 plmp5_2
29 0 121164 0 28.272617 plmp5_2
29 0 118381 1 27.89993 plmp5_2
29 0 118044 2 27.883886 plmp5_2
29 0 109560 3 27.35008 plmp5_2
29 0 112485 4 27.210873 plmp5_2
29 0 4151826 5 27.03795 plmp5_2
29 0 117875 6 27.016663 plmp5_2
29 0 112646 7 26.826176 plmp5_2
29 0 111471 8 26.725494 plmp5_2
29 0 137739 9 26.589931 plmp5_2
30 0 205788 0 97.820496 plmp5_2
30 0 218921 1 79.20956 plmp5_2
30 0 899483 2 75.932274 plmp5_2
30 0 4151826 3 75.28493 plmp5_2
30 0 148795 4 74.48597 plmp5_2
30 0 626206 5 74.19363 plmp5_2
30 0 802770 6 73.58021 plmp5_2
30 0 2642828 7 71.76136 plmp5_2
30 0 145841 8 68.78925 plmp5_2
30 0 179213 9 66.92884 plmp5_2
31 0 118023 0 58.322807 plmp5_2
31 0 2795279 1 55.82949 plmp5_2
31 0 145925 2 52.156277 plmp5_2
31 0 118458 3 51.585938 plmp5_2
31 0 145909 4 51.447926 plmp5_2
31 0 2809763 5 50.53638 plmp5_2
31 0 110561 6 50.278225 plmp5_2
31 0 4151820 7 50.27317 plmp5_2
31 0 111175 8 49.74118 plmp5_2
31 0 117924 9 48.968983 plmp5_2
32 0 112329 0 61.68186 plmp5_2
32 0 1728 1 60.26871 plmp5_2
32 0 111434 2 58.10175 plmp5_2
32 0 112850 3 57.07177 plmp5_2
32 0 112447 4 53.73278 plmp5_2
32 0 112090 5 53.18217 plmp5_2
32 0 125839 6 53.04906 plmp5_2
32 0 118455 7 51.4101 plmp5_2
32 0 117853 8 49.91544 plmp5_2
32 0 111596 9 49.67058 plmp5_2
33 0 2676594 0 49.23465 plmp5_2
33 0 109535 1 48.927647 plmp5_2
33 0 110795 2 48.1549 plmp5_2
33 0 109532 3 48.122845 plmp5_2
33 0 2809767 4 48.031765 plmp5_2
33 0 2811850 5 48.031765 plmp5_2
33 0 121158 6 47.96791 plmp5_2
33 0 111863 7 47.946243 plmp5_2
33 0 802973 8 47.66289 plmp5_2
33 0 803271 9 47.66289 plmp5_2
34 0 2676594 0 179.6829 plmp5_2
34 0 2675753 1 176.054 plmp5_2
34 0 2679204 2 176.054 plmp5_2
34 0 2809767 3 138.54547 plmp5_2
34 0 2811850 4 138.54547 plmp5_2
34 0 121158 5 71.3253 plmp5_2
34 0 3216389 6 70.713005 plmp5_2
34 0 136994 7 70.42512 plmp5_2
34 0 137727 8 66.84338 plmp5_2
34 0 112325 9 66.63874 plmp5_2
35 0 821306 0 37.43248 plmp5_2
35 0 2768888 1 37.349804 plmp5_2
35 0 205203 2 36.92713 plmp5_2
35 0 2654532 3 33.778954 plmp5_2
35 0 218927 4 33.662292 plmp5_2
35 0 4104821 5 32.61935 plmp5_2
35 0 932061 6 32.464684 plmp5_2
35 0 903979 7 32.202427 plmp5_2
35 0 902768 8 32.202427 plmp5_2
35 0 931124 9 31.81863 plmp5_2
36 0 118319 0 50.21907 plmp5_2
36 0 118142 1 49.701294 plmp5_2
36 0 2670966 2 49.187084 plmp5_2
36 0 3170730 3 48.840252 plmp5_2
36 0 3177197 4 48.840252 plmp5_2
36 0 118238 5 48.237404 plmp5_2
36 0 118070 6 46.390106 plmp5_2
36 0 1751 7 46.09618 plmp5_2
36 0 218927 8 45.872334 plmp5_2
36 0 779833 9 45.412827 plmp5_2
37 0 4151829 0 39.707363 plmp5_2
37 0 118269 1 37.436165 plmp5_2
37 0 145629 2 36.9605 plmp5_2
37 0 110742 3 35.193645 plmp5_2
37 0 103870 4 34.775116 plmp5_2
37 0 118290 5 34.680416 plmp5_2
37 0 110141 6 34.330116 plmp5_2
37 0 110137 7 34.12282 plmp5_2
37 0 121171 8 33.978348 plmp5_2
37 0 121168 9 33.920174 plmp5_2
38 0 145855 0 83.0111 plmp5_2
38 0 4151829 1 75.99753 plmp5_2
38 0 145731 2 75.875595 plmp5_2
38 0 118269 3 59.670765 plmp5_2
38 0 1993216 4 57.233704 plmp5_2
38 0 112910 5 49.022305 plmp5_2
38 0 111982 6 48.69754 plmp5_2
38 0 110774 7 47.715435 plmp5_2
38 0 112292 8 47.395966 plmp5_2
38 0 111420 9 46.33981 plmp5_2
39 0 112568 0 68.42674 plmp5_2
39 0 112420 1 58.766617 plmp5_2
39 0 118457 2 54.625546 plmp5_2
39 0 111432 3 51.08806 plmp5_2
39 0 2674861 4 48.883137 plmp5_2
39 0 2675754 5 48.883137 plmp5_2
39 0 2959744 6 48.871346 plmp5_2
39 0 855518 7 48.871346 plmp5_2
39 0 1731 8 47.987373 plmp5_2
39 0 130141 9 47.926212 plmp5_2
40 0 105200 0 71.574745 plmp5_2
40 0 1731 1 67.326965 plmp5_2
40 0 621044 2 65.60584 plmp5_2
40 0 621090 3 65.60584 plmp5_2
40 0 2959739 4 65.60584 plmp5_2
40 0 122254 5 60.080124 plmp5_2
40 0 2144 6 58.248318 plmp5_2
40 0 108818 7 57.800385 plmp5_2
40 0 2674861 8 57.71484 plmp5_2
40 0 2675754 9 57.71484 plmp5_2
41 0 112924 0 72.89061 plmp5_2
41 0 2811847 1 64.444885 plmp5_2
41 0 2810525 2 64.440186 plmp5_2
41 0 145756 3 60.42198 plmp5_2
41 0 112585 4 56.927055 plmp5_2
41 0 111198 5 56.844296 plmp5_2
41 0 2654533 6 54.83919 plmp5_2
41 0 2654756 7 54.83919 plmp5_2
41 0 111254 8 54.24636 plmp5_2
41 0 109186 9 53.844257 plmp5_2
42 0 112585 0 79.28979 plmp5_2
42 0 2654533 1 72.55298 plmp5_2
42 0 2654756 2 72.55298 plmp5_2
42 0 110132 3 68.93641 plmp5_2
42 0 109186 4 68.24807 plmp5_2
42 0 112924 5 66.06106 plmp5_2
42 0 111198 6 65.31002 plmp5_2
42 0 111891 7 64.27363 plmp5_2
42 0 145785 8 60.53145 plmp5_2
42 0 110230 9 57.167522 plmp5_2
43 0 2680590 0 60.701664 plmp5_2
43 0 2959745 1 60.701664 plmp5_2
43 0 112305 2 60.03974 plmp5_2
43 0 112920 3 57.185844 plmp5_2
43 0 110729 4 49.458046 plmp5_2
43 0 118148 5 45.79115 plmp5_2
43 0 112644 6 45.043858 plmp5_2
43 0 112803 7 44.97605 plmp5_2
43 0 104999 8 44.734417 plmp5_2
43 0 100926 9 44.55073 plmp5_2
44 0 96678 0 18.168095 plmp5_2
44 0 183480 1 17.733313 plmp5_2
44 0 2781925 2 17.347172 plmp5_2
44 0 131143 3 16.728506 plmp5_2
44 0 4172499 4 16.307177 plmp5_2
44 0 92563 5 16.24505 plmp5_2
44 0 118182 6 16.052513 plmp5_2
44 0 92375 7 15.823799 plmp5_2
44 0 112168 8 15.796392 plmp5_2
44 0 108645 9 15.547423 plmp5_2
45 0 3204917 0 107.64959 plmp5_2
45 0 800568 1 89.04696 plmp5_2
45 0 145903 2 85.29243 plmp5_2
45 0 866024 3 82.214836 plmp5_2
45 0 858802 4 82.214836 plmp5_2
45 0 150542 5 80.83355 plmp5_2
45 0 2808291 6 79.54115 plmp5_2
45 0 3181481 7 78.65633 plmp5_2
45 0 145861 8 78.47593 plmp5_2
45 0 2804673 9 77.05347 plmp5_2
46 0 866024 0 198.51141 plmp5_2
46 0 858802 1 198.5011 plmp5_2
46 0 623145 2 146.24834 plmp5_2
46 0 3204917 3 140.11592 plmp5_2
46 0 2804673 4 136.931 plmp5_2
46 0 145861 5 125.98089 plmp5_2
46 0 150542 6 125.52904 plmp5_2
46 0 145772 7 112.93561 plmp5_2
46 0 618680 8 110.98652 plmp5_2
46 0 145764 9 108.174866 plmp5_2
47 0 2674861 0 88.10956 plmp5_2
47 0 2675754 1 88.10956 plmp5_2
47 0 2790213 2 50.981274 plmp5_2
47 0 2678133 3 50.493233 plmp5_2
47 0 2671723 4 49.848766 plmp5_2
47 0 2672209 5 49.01156 plmp5_2
47 0 2657779 6 49.01156 plmp5_2
47 0 3171725 7 48.518612 plmp5_2
47 0 145925 8 48.196774 plmp5_2
47 0 2795703 9 48.1963 plmp5_2
48 0 2674861 0 84.31362 plmp5_2
48 0 2675754 1 84.31362 plmp5_2
48 0 111362 2 43.85718 plmp5_2
48 0 103019 3 43.31472 plmp5_2
48 0 96612 4 41.27765 plmp5_2
48 0 96147 5 41.04971 plmp5_2
48 0 145664 6 40.853134 plmp5_2
48 0 3170727 7 40.658543 plmp5_2
48 0 112422 8 40.386227 plmp5_2
48 0 142882 9 39.604595 plmp5_2
49 0 2810525 0 57.29723 plmp5_2
49 0 2811847 1 57.29723 plmp5_2
49 0 4162535 2 49.292564 plmp5_2
49 0 3153112 3 41.086643 plmp5_2
49 0 4151826 4 38.850384 plmp5_2
49 0 2812210 5 38.469772 plmp5_2
49 0 2809767 6 38.437122 plmp5_2
49 0 2811850 7 38.437122 plmp5_2
49 0 2801435 8 37.02382 plmp5_2
49 0 2811845 9 35.93302 plmp5_2
50 0 3153112 0 81.999115 plmp5_2
50 0 4162535 1 74.91855 plmp5_2
50 0 2810525 2 63.545525 plmp5_2
50 0 2811847 3 63.545525 plmp5_2
50 0 3181025 4 47.122906 plmp5_2
50 0 2812210 5 45.82039 plmp5_2
50 0 4151826 6 45.166004 plmp5_2
50 0 2809767 7 44.42581 plmp5_2
50 0 2811850 8 44.42581 plmp5_2
50 0 3204917 9 41.392616 plmp5_2
51 0 112770 0 45.565304 plmp5_2
51 0 2752078 1 35.93472 plmp5_2
51 0 112931 2 35.8845 plmp5_2
51 0 134741 3 34.668377 plmp5_2
51 0 106522 4 34.10889 plmp5_2
51 0 3197367 5 33.84534 plmp5_2
51 0 213842 6 33.26733 plmp5_2
51 0 4170684 7 33.07921 plmp5_2
51 0 215412 8 33.077446 plmp5_2
51 0 145872 9 32.862133 plmp5_2
52 0 112770 0 38.46091 plmp5_2
52 0 112931 1 32.68178 plmp5_2
52 0 112243 2 31.378399 plmp5_2
52 0 98744 3 30.784117 plmp5_2
52 0 103439 4 30.539633 plmp5_2
52 0 90478 5 29.332956 plmp5_2
52 0 85451 6 28.800598 plmp5_2
52 0 103302 7 28.628292 plmp5_2
52 0 90150 8 28.275747 plmp5_2
52 0 85452 9 27.98297 plmp5_2
53 0 799985 0 59.63705 plmp5_2
53 0 2808291 1 55.357056 plmp5_2
53 0 2771250 2 55.01822 plmp5_2
53 0 145792 3 53.860023 plmp5_2
53 0 1744 4 51.11664 plmp5_2
53 0 148483 5 47.822357 plmp5_2
53 0 145647 6 47.319645 plmp5_2
53 0 2655591 7 46.268562 plmp5_2
53 0 145807 8 46.14888 plmp5_2
53 0 2650505 9 45.279743 plmp5_2
54 0 872994 0 90.900055 plmp5_2
54 0 811778 1 72.20645 plmp5_2
54 0 943668 2 71.192795 plmp5_2
54 0 931123 3 67.43027 plmp5_2
54 0 811777 4 65.543976 plmp5_2
54 0 2808291 5 58.224133 plmp5_2
54 0 2675752 6 57.58585 plmp5_2
54 0 1744 7 54.054943 plmp5_2
54 0 616862 8 53.721577 plmp5_2
54 0 625711 9 52.868916 plmp5_2
55 0 4154603 0 100.58273 plmp5_2
55 0 145855 1 74.161575 plmp5_2
55 0 145731 2 72.23414 plmp5_2
55 0 118269 3 68.17977 plmp5_2
55 0 145629 4 66.13365 plmp5_2
55 0 111261 5 59.957214 plmp5_2
55 0 112910 6 56.826897 plmp5_2
55 0 110774 7 54.141026 plmp5_2
55 0 112292 8 52.253696 plmp5_2
55 0 111420 9 52.191563 plmp5_2
56 0 4154603 0 150.93472 plmp5_2
56 0 118269 1 98.69595 plmp5_2
56 0 145731 2 94.943886 plmp5_2
56 0 112910 3 93.67899 plmp5_2
56 0 145855 4 76.27269 plmp5_2
56 0 145629 5 76.25909 plmp5_2
56 0 110774 6 74.35751 plmp5_2
56 0 111261 7 74.15609 plmp5_2
56 0 1993216 8 71.44969 plmp5_2
56 0 111420 9 68.87097 plmp5_2
57 0 867644 0 54.558838 plmp5_2
57 0 117856 1 50.85324 plmp5_2
57 0 800859 2 50.585125 plmp5_2
57 0 800569 3 49.369644 plmp5_2
57 0 802408 4 48.530167 plmp5_2
57 0 117831 5 47.61029 plmp5_2
57 0 118470 6 46.850475 plmp5_2
57 0 145718 7 46.63073 plmp5_2
57 0 118297 8 45.608192 plmp5_2
57 0 118224 9 45.03861 plmp5_2
58 0 145735 0 70.30976 plmp5_2
58 0 217702 1 55.542027 plmp5_2
58 0 2676592 2 50.86187 plmp5_2
58 0 112811 3 49.509457 plmp5_2
58 0 108547 4 48.123676 plmp5_2
58 0 112467 5 47.528778 plmp5_2
58 0 4104822 6 47.271122 plmp5_2
58 0 145800 7 47.21932 plmp5_2
58 0 106179 8 45.209484 plmp5_2
58 0 798626 9 43.85592 plmp5_2
59 0 2788983 0 186.28801 plmp5_2
59 0 4170685 1 161.80396 plmp5_2
59 0 118037 2 139.9708 plmp5_2
59 0 145627 3 139.49103 plmp5_2
59 0 118129 4 135.0633 plmp5_2
59 0 117968 5 135.01152 plmp5_2
59 0 118040 6 132.43494 plmp5_2
59 0 3205767 7 131.22102 plmp5_2
59 0 1087691 8 124.236664 plmp5_2
59 0 118422 9 120.12648 plmp5_2
60 0 3195891 0 178.92026 plmp5_2
60 0 4170685 1 148.52452 plmp5_2
60 0 2788983 2 145.81311 plmp5_2
60 0 118129 3 136.40916 plmp5_2
60 0 118334 4 136.3709 plmp5_2
60 0 621195 5 133.1682 plmp5_2
60 0 621270 6 133.1682 plmp5_2
60 0 931614 7 128.71716 plmp5_2
60 0 145627 8 123.53388 plmp5_2
60 0 117968 9 120.70318 plmp5_2
61 0 145743 0 98.25483 plmp5_2
61 0 145923 1 97.40485 plmp5_2
61 0 2812210 2 90.670166 plmp5_2
61 0 218457 3 83.27084 plmp5_2
61 0 112854 4 79.320694 plmp5_2
61 0 1732 5 75.024605 plmp5_2
61 0 3195092 6 71.48046 plmp5_2
61 0 179213 7 70.73563 plmp5_2
61 0 145815 8 70.10585 plmp5_2
61 0 219815 9 69.281265 plmp5_2
62 0 2812210 0 49.263912 plmp5_2
62 0 110661 1 39.73299 plmp5_2
62 0 110926 2 39.377792 plmp5_2
62 0 118299 3 37.928543 plmp5_2
62 0 118098 4 37.5118 plmp5_2
62 0 110091 5 37.38695 plmp5_2
62 0 117875 6 36.738598 plmp5_2
62 0 109846 7 35.89594 plmp5_2
62 0 107147 8 34.462036 plmp5_2
62 0 110984 9 34.449806 plmp5_2
63 0 107685 0 37.2025 plmp5_2
63 0 106985 1 37.120968 plmp5_2
63 0 2812589 2 35.526585 plmp5_2
63 0 2959749 3 35.526585 plmp5_2
63 0 149702 4 35.298023 plmp5_2
63 0 111250 5 34.52601 plmp5_2
63 0 105525 6 34.344196 plmp5_2
63 0 107014 7 34.323788 plmp5_2
63 0 118148 8 33.820328 plmp5_2
63 0 109309 9 33.060017 plmp5_2
64 0 3205767 0 54.755455 plmp5_2
64 0 3205768 1 50.796703 plmp5_2
64 0 2758568 2 47.854187 plmp5_2
64 0 3207860 3 47.539894 plmp5_2
64 0 2809766 4 46.090485 plmp5_2
64 0 2811849 5 46.090485 plmp5_2
64 0 3205736 6 45.4786 plmp5_2
64 0 3214775 7 43.12916 plmp5_2
64 0 145895 8 42.945827 plmp5_2
64 0 821189 9 42.91884 plmp5_2
65 0 118123 0 128.76195 plmp5_2
65 0 110645 1 73.60187 plmp5_2
65 0 150540 2 68.50523 plmp5_2
65 0 3211501 3 68.042076 plmp5_2
65 0 4151825 4 64.958176 plmp5_2
65 0 873668 5 63.251263 plmp5_2
65 0 112441 6 61.98374 plmp5_2
65 0 1745 7 61.876297 plmp5_2
65 0 131165 8 59.32439 plmp5_2
65 0 3204919 9 59.11829 plmp5_2
66 0 3211501 0 121.227066 plmp5_2
66 0 145867 1 108.84134 plmp5_2
66 0 118123 2 88.366516 plmp5_2
66 0 3214775 3 87.4412 plmp5_2
66 0 143378 4 86.74961 plmp5_2
66 0 4151827 5 85.54366 plmp5_2
66 0 3213872 6 82.5091 plmp5_2
66 0 3195445 7 81.39412 plmp5_2
66 0 3216389 8 78.790276 plmp5_2
66 0 218667 9 77.973724 plmp5_2
67 0 145800 0 143.9704 plmp5_2
67 0 867645 1 135.58287 plmp5_2
67 0 103675 2 77.62851 plmp5_2
67 0 106757 3 68.74448 plmp5_2
67 0 104522 4 62.659786 plmp5_2
67 0 103678 5 58.503807 plmp5_2
67 0 110330 6 57.547523 plmp5_2
67 0 108330 7 57.035213 plmp5_2
67 0 107938 8 56.940582 plmp5_2
67 0 103721 9 56.282154 plmp5_2
68 0 145800 0 125.24557 plmp5_2
68 0 867645 1 100.75959 plmp5_2
68 0 97893 2 74.16209 plmp5_2
68 0 94177 3 67.09225 plmp5_2
68 0 88704 4 66.42443 plmp5_2
68 0 88756 5 62.88315 plmp5_2
68 0 87585 6 61.622074 plmp5_2
68 0 103093 7 60.508995 plmp5_2
68 0 88819 8 60.325554 plmp5_2
68 0 97584 9 59.312878 plmp5_2
69 0 111709 0 75.03911 plmp5_2
69 0 182558 1 70.0545 plmp5_2
69 0 117859 2 68.850914 plmp5_2
69 0 3214778 3 68.703804 plmp5_2
69 0 149289 4 62.982864 plmp5_2
69 0 110068 5 62.913387 plmp5_2
69 0 112820 6 62.651314 plmp5_2
69 0 110996 7 62.475952 plmp5_2
69 0 112534 8 62.44181 plmp5_2
69 0 866022 9 61.96498 plmp5_2
70 0 182558 0 81.05681 plmp5_2
70 0 3214778 1 72.789856 plmp5_2
70 0 3214777 2 72.00751 plmp5_2
70 0 2676593 3 71.615875 plmp5_2
70 0 149289 4 71.44206 plmp5_2
70 0 2790213 5 69.6841 plmp5_2
70 0 866022 6 68.90178 plmp5_2
70 0 868384 7 68.73851 plmp5_2
70 0 118111 8 68.07571 plmp5_2
70 0 821306 9 67.490875 plmp5_2
71 0 118052 0 79.51925 plmp5_2
71 0 112904 1 76.32035 plmp5_2
71 0 145121 2 72.84127 plmp5_2
71 0 112914 3 72.579544 plmp5_2
71 0 3189783 4 69.05304 plmp5_2
71 0 118234 5 69.045555 plmp5_2
71 0 118005 6 64.88903 plmp5_2
71 0 112823 7 63.261513 plmp5_2
71 0 117979 8 61.66752 plmp5_2
71 0 118287 9 60.61295 plmp5_2
72 0 118052 0 94.18558 plmp5_2
72 0 112904 1 83.8694 plmp5_2
72 0 118234 2 79.69762 plmp5_2
72 0 145121 3 75.970924 plmp5_2
72 0 112914 4 74.85382 plmp5_2
72 0 118005 5 74.09863 plmp5_2
72 0 3189783 6 70.969826 plmp5_2
72 0 117979 7 64.30051 plmp5_2
72 0 112823 8 61.795273 plmp5_2
72 0 106096 9 61.724064 plmp5_2
73 0 2804674 0 37.28463 plmp5_2
73 0 110175 1 31.820738 plmp5_2
73 0 145624 2 30.896727 plmp5_2
73 0 109931 3 30.659431 plmp5_2
73 0 118043 4 30.079103 plmp5_2
73 0 118162 5 29.646723 plmp5_2
73 0 108538 6 29.580816 plmp5_2
73 0 1087954 7 29.460865 plmp5_2
73 0 110692 8 28.979326 plmp5_2
73 0 145638 9 28.50374 plmp5_2
74 0 2804674 0 62.34351 plmp5_2
74 0 107904 1 61.742115 plmp5_2
74 0 109284 2 59.62772 plmp5_2
74 0 112774 3 52.37989 plmp5_2
74 0 2675749 4 51.64665 plmp5_2
74 0 127908 5 48.00639 plmp5_2
74 0 110798 6 45.881535 plmp5_2
74 0 111245 7 44.577515 plmp5_2
74 0 108616 8 43.102898 plmp5_2
74 0 104844 9 41.913376 plmp5_2
75 0 89410 0 61.280037 plmp5_2
75 0 92916 1 59.20958 plmp5_2
75 0 96318 2 59.142895 plmp5_2
75 0 98058 3 59.132133 plmp5_2
75 0 89224 4 58.014633 plmp5_2
75 0 110964 5 57.966114 plmp5_2
75 0 112904 6 55.941605 plmp5_2
75 0 86533 7 54.72289 plmp5_2
75 0 3189783 8 54.43536 plmp5_2
75 0 88610 9 53.223866 plmp5_2
76 0 110964 0 67.74649 plmp5_2
76 0 2679833 1 64.311676 plmp5_2
76 0 2680440 2 64.311676 plmp5_2
76 0 145861 3 58.41487 plmp5_2
76 0 2670966 4 58.374794 plmp5_2
76 0 108900 5 56.02755 plmp5_2
76 0 110779 6 53.72866 plmp5_2
76 0 112919 7 52.352467 plmp5_2
76 0 112428 8 52.17608 plmp5_2
76 0 867644 9 52.095036 plmp5_2
77 0 4151822 0 87.138504 plmp5_2
77 0 2812588 1 86.67163 plmp5_2
77 0 145817 2 85.86413 plmp5_2
77 0 112726 3 81.93966 plmp5_2
77 0 2770446 4 78.467354 plmp5_2
77 0 134747 5 75.02517 plmp5_2
77 0 111029 6 71.8522 plmp5_2
77 0 145647 7 70.58695 plmp5_2
77 0 111455 8 69.07878 plmp5_2
77 0 145902 9 64.22339 plmp5_2
78 0 2812588 0 33.90618 plmp5_2
78 0 118022 1 32.176464 plmp5_2
78 0 616862 2 31.240685 plmp5_2
78 0 112358 3 29.954657 plmp5_2
78 0 111092 4 29.165947 plmp5_2
78 0 111869 5 29.057285 plmp5_2
78 0 117899 6 28.811342 plmp5_2
78 0 799976 7 28.373102 plmp5_2
78 0 145632 8 27.802504 plmp5_2
78 0 117968 9 27.722965 plmp5_2
79 0 111009 0 115.032166 plmp5_2
79 0 118143 1 103.674774 plmp5_2
79 0 111470 2 97.9728 plmp5_2
79 0 110221 3 78.26196 plmp5_2
79 0 2680438 4 74.07382 plmp5_2
79 0 118513 5 57.67619 plmp5_2
79 0 3171728 6 55.009636 plmp5_2
79 0 110183 7 54.667618 plmp5_2
79 0 218665 8 51.29391 plmp5_2
79 0 118372 9 51.215523 plmp5_2
80 0 111009 0 96.71376 plmp5_2
80 0 111470 1 96.52912 plmp5_2
80 0 118143 2 96.50219 plmp5_2
80 0 145859 3 70.566574 plmp5_2
80 0 2672210 4 63.406433 plmp5_2
80 0 2654755 5 63.406433 plmp5_2
80 0 110221 6 63.073135 plmp5_2
80 0 626054 7 61.35069 plmp5_2
80 0 106328 8 60.43389 plmp5_2
80 0 109342 9 59.32293 plmp5_2
81 0 148484 0 66.839935 plmp5_2
81 0 112440 1 50.835403 plmp5_2
81 0 122253 2 46.079834 plmp5_2
81 0 118445 3 39.629574 plmp5_2
81 0 117833 4 37.310562 plmp5_2
81 0 127900 5 35.822422 plmp5_2
81 0 1726 6 34.50128 plmp5_2
81 0 112616 7 34.013916 plmp5_2
81 0 117841 8 33.689053 plmp5_2
81 0 112421 9 33.42119 plmp5_2
82 0 2803250 0 65.35696 plmp5_2
82 0 127900 1 61.725174 plmp5_2
82 0 118368 2 61.613888 plmp5_2
82 0 1726 3 58.965843 plmp5_2
82 0 799981 4 56.777626 plmp5_2
82 0 216735 5 55.422615 plmp5_2
82 0 216806 6 55.422615 plmp5_2
82 0 145865 7 54.947086 plmp5_2
82 0 118126 8 51.877323 plmp5_2
82 0 3213871 9 46.21044 plmp5_2
83 0 145859 0 93.564835 plmp5_2
83 0 112922 1 64.385666 plmp5_2
83 0 111333 2 57.82131 plmp5_2
83 0 112368 3 57.013264 plmp5_2
83 0 109894 4 55.251728 plmp5_2
83 0 110289 5 55.00683 plmp5_2
83 0 111286 6 54.95106 plmp5_2
83 0 137746 7 54.6225 plmp5_2
83 0 145870 8 54.453648 plmp5_2
83 0 111246 9 52.82412 plmp5_2
84 0 145859 0 91.684685 plmp5_2
84 0 112922 1 75.9994 plmp5_2
84 0 107293 2 67.08786 plmp5_2
84 0 800858 3 64.37187 plmp5_2
84 0 110681 4 62.798462 plmp5_2
84 0 111151 5 62.2634 plmp5_2
84 0 109895 6 62.15612 plmp5_2
84 0 109894 7 60.87443 plmp5_2
84 0 109893 8 60.209427 plmp5_2
84 0 122251 9 59.826714 plmp5_2
85 0 2959737 0 128.47896 plmp5_2
85 0 802973 1 127.754616 plmp5_2
85 0 803271 2 127.754616 plmp5_2
85 0 3177199 3 95.050125 plmp5_2
85 0 3171724 4 94.87723 plmp5_2
85 0 3177200 5 94.87723 plmp5_2
85 0 150543 6 84.65191 plmp5_2
85 0 2959732 7 84.65191 plmp5_2
85 0 146553 8 84.165054 plmp5_2
85 0 146790 9 84.165054 plmp5_2
86 0 3205766 0 78.141785 plmp5_2
86 0 3171724 1 76.20917 plmp5_2
86 0 3177199 2 76.20917 plmp5_2
86 0 3177200 3 76.20917 plmp5_2
86 0 802973 4 67.99977 plmp5_2
86 0 803271 5 67.99977 plmp5_2
86 0 2959737 6 67.99977 plmp5_2
86 0 150543 7 66.898636 plmp5_2
86 0 2959732 8 66.898636 plmp5_2
86 0 146553 9 66.367355 plmp5_2
87 0 111905 0 28.743725 plmp5_2
87 0 1088038 1 28.166996 plmp5_2
87 0 110760 2 27.48617 plmp5_2
87 0 110372 3 27.007603 plmp5_2
87 0 106464 4 26.74437 plmp5_2
87 0 143378 5 26.653894 plmp5_2
87 0 104480 6 26.22663 plmp5_2
87 0 107238 7 24.092838 plmp5_2
87 0 2788474 8 23.820776 plmp5_2
87 0 112689 9 23.636126 plmp5_2
88 0 182991 0 60.471725 plmp5_2
88 0 182992 1 60.053337 plmp5_2
88 0 2654277 2 59.732063 plmp5_2
88 0 149653 3 56.43244 plmp5_2
88 0 145897 4 54.542732 plmp5_2
88 0 625832 5 53.134388 plmp5_2
88 0 626055 6 53.134388 plmp5_2
88 0 1756 7 51.63824 plmp5_2
88 0 145633 8 50.60693 plmp5_2
88 0 111801 9 48.886078 plmp5_2
89 0 4151822 0 144.03136 plmp5_2
89 0 2770446 1 135.21312 plmp5_2
89 0 2812588 2 118.968414 plmp5_2
89 0 4162110 3 93.68375 plmp5_2
89 0 145817 4 66.8205 plmp5_2
89 0 134747 5 66.319984 plmp5_2
89 0 145647 6 64.484985 plmp5_2
89 0 4162111 7 58.19959 plmp5_2
89 0 145954 8 55.957447 plmp5_2
89 0 219509 9 46.549046 plmp5_2
90 0 4151822 0 155.71104 plmp5_2
90 0 2812588 1 146.01624 plmp5_2
90 0 2770446 2 123.10162 plmp5_2
90 0 145626 3 96.149956 plmp5_2
90 0 130150 4 86.37843 plmp5_2
90 0 4106440 5 84.17863 plmp5_2
90 0 145817 6 84.01866 plmp5_2
90 0 118054 7 83.851875 plmp5_2
90 0 626454 8 82.37872 plmp5_2
90 0 111913 9 80.76294 plmp5_2
91 0 3212514 0 182.52786 plmp5_2
91 0 145892 1 76.343735 plmp5_2
91 0 145785 2 74.94829 plmp5_2
91 0 118507 3 71.73887 plmp5_2
91 0 110249 4 71.0522 plmp5_2
91 0 1087959 5 70.836136 plmp5_2
91 0 109857 6 69.92533 plmp5_2
91 0 219097 7 69.33197 plmp5_2
91 0 145873 8 66.64304 plmp5_2
91 0 118328 9 64.38634 plmp5_2
92 0 3212514 0 180.37584 plmp5_2
92 0 110249 1 96.42311 plmp5_2
92 0 1087959 2 88.62826 plmp5_2
92 0 118507 3 86.40802 plmp5_2
92 0 145892 4 71.716324 plmp5_2
92 0 109857 5 68.746254 plmp5_2
92 0 134725 6 66.58392 plmp5_2
92 0 219097 7 64.953384 plmp5_2
92 0 110032 8 64.53153 plmp5_2
92 0 110213 9 62.803318 plmp5_2
93 0 145901 0 127.91745 plmp5_2
93 0 118334 1 125.52094 plmp5_2
93 0 130158 2 123.219444 plmp5_2
93 0 117874 3 122.2507 plmp5_2
93 0 112824 4 121.23745 plmp5_2
93 0 118107 5 119.06383 plmp5_2
93 0 112905 6 115.80028 plmp5_2
93 0 2788983 7 113.34959 plmp5_2
93 0 118129 8 112.945206 plmp5_2
93 0 931614 9 111.0507 plmp5_2
94 0 931614 0 130.39513 plmp5_2
94 0 145901 1 114.873055 plmp5_2
94 0 117874 2 106.8367 plmp5_2
94 0 2788983 3 105.70022 plmp5_2
94 0 3195891 4 98.37511 plmp5_2
94 0 4151827 5 98.06939 plmp5_2
94 0 112824 6 97.54839 plmp5_2
94 0 118334 7 96.28384 plmp5_2
94 0 118129 8 94.440475 plmp5_2
94 0 117876 9 92.20119 plmp5_2
95 0 108555 0 66.67363 plmp5_2
95 0 105495 1 65.966774 plmp5_2
95 0 107232 2 59.67908 plmp5_2
95 0 106171 3 54.822247 plmp5_2
95 0 107475 4 53.263107 plmp5_2
95 0 103631 5 44.471447 plmp5_2
95 0 106073 6 42.08838 plmp5_2
95 0 109444 7 41.71841 plmp5_2
95 0 112750 8 40.49632 plmp5_2
95 0 101996 9 40.371887 plmp5_2
96 0 108555 0 64.27588 plmp5_2
96 0 103631 1 60.98496 plmp5_2
96 0 92746 2 49.585762 plmp5_2
96 0 105495 3 49.467854 plmp5_2
96 0 92705 4 48.283844 plmp5_2
96 0 96542 5 47.629395 plmp5_2
96 0 96341 6 47.488613 plmp5_2
96 0 93395 7 46.485424 plmp5_2
96 0 96359 8 46.092026 plmp5_2
96 0 93739 9 46.077747 plmp5_2
97 0 112101 0 78.97199 plmp5_2
97 0 111922 1 54.101723 plmp5_2
97 0 820748 2 33.74765 plmp5_2
97 0 117959 3 33.252384 plmp5_2
97 0 146554 4 31.973 plmp5_2
97 0 112247 5 30.658558 plmp5_2
97 0 2655597 6 30.553013 plmp5_2
97 0 112574 7 29.530418 plmp5_2
97 0 2959743 8 28.98563 plmp5_2
97 0 858289 9 28.98563 plmp5_2
98 0 118467 0 25.046139 plmp5_2
98 0 2655591 1 23.246698 plmp5_2
98 0 134732 2 22.898935 plmp5_2
98 0 2676593 3 21.659231 plmp5_2
98 0 3181481 4 21.471655 plmp5_2
98 0 145822 5 21.13505 plmp5_2
98 0 145804 6 21.121521 plmp5_2
98 0 112901 7 21.085587 plmp5_2
98 0 103809 8 20.996264 plmp5_2
98 0 112574 9 20.970587 plmp5_2
99 0 112267 0 92.551445 plmp5_2
99 0 111884 1 64.88943 plmp5_2
99 0 110552 2 54.560932 plmp5_2
99 0 112723 3 46.541782 plmp5_2
99 0 109976 4 41.910572 plmp5_2
99 0 110578 5 41.187874 plmp5_2
99 0 145914 6 39.955883 plmp5_2
99 0 118121 7 39.459164 plmp5_2
99 0 854177 8 37.920902 plmp5_2
99 0 104759 9 37.537254 plmp5_2
100 0 112267 0 92.176216 plmp5_2
100 0 110552 1 80.5768 plmp5_2
100 0 111884 2 73.51908 plmp5_2
100 0 102906 3 64.75122 plmp5_2
100 0 102981 4 63.630745 plmp5_2
100 0 104524 5 63.01579 plmp5_2
100 0 108405 6 62.77017 plmp5_2
100 0 110098 7 62.177715 plmp5_2
100 0 111381 8 61.050304 plmp5_2
100 0 111886 9 60.558537 plmp5_2
