1 0 111872 0 25.378088 plmp3_5
1 0 102256 1 25.268747 plmp3_5
1 0 110022 2 25.167295 plmp3_5
1 0 112750 3 25.16372 plmp3_5
1 0 118105 4 25.137486 plmp3_5
1 0 1087946 5 24.671085 plmp3_5
1 0 3204919 6 24.572077 plmp3_5
1 0 109385 7 24.491158 plmp3_5
1 0 102391 8 24.159058 plmp3_5
1 0 100851 9 23.650711 plmp3_5
2 0 103631 0 32.934113 plmp3_5
2 0 104516 1 29.868439 plmp3_5
2 0 103549 2 29.713732 plmp3_5
2 0 100105 3 29.620625 plmp3_5
2 0 108555 4 29.102049 plmp3_5
2 0 145692 5 28.397242 plmp3_5
2 0 106522 6 28.262524 plmp3_5
2 0 4170684 7 28.251545 plmp3_5
2 0 106788 8 27.974562 plmp3_5
2 0 104571 9 27.881851 plmp3_5
3 0 145821 0 52.95844 plmp3_5
3 0 117907 1 52.508816 plmp3_5
3 0 111091 2 52.277664 plmp3_5
3 0 112584 3 51.192276 plmp3_5
3 0 3162143 4 50.976032 plmp3_5
3 0 899484 5 50.063812 plmp3_5
3 0 130157 6 49.93905 plmp3_5
3 0 118415 7 49.92804 plmp3_5
3 0 118475 8 49.2828 plmp3_5
3 0 215496 9 48.908722 plmp3_5
4 0 623142 0 85.35525 plmp3_5
4 0 149007 1 84.724754 plmp3_5
4 0 78783 2 84.33768 plmp3_5
4 0 215496 3 83.901794 plmp3_5
4 0 215694 4 83.901794 plmp3_5
4 0 2959735 5 83.89971 plmp3_5
4 0 3162143 6 83.73459 plmp3_5
4 0 899484 7 80.25947 plmp3_5
4 0 149288 8 77.6457 plmp3_5
4 0 145900 9 77.11005 plmp3_5
5 0 1740 0 31.579588 plmp3_5
5 0 131163 1 30.820679 plmp3_5
5 0 109285 2 30.208923 plmp3_5
5 0 118329 3 29.541695 plmp3_5
5 0 3197746 4 29.492561 plmp3_5
5 0 112699 5 29.177864 plmp3_5
5 0 110831 6 28.563679 plmp3_5
5 0 112888 7 28.48913 plmp3_5
5 0 3206414 8 28.412956 plmp3_5
5 0 145722 9 28.410202 plmp3_5
6 0 2808290 0 32.0076 plmp3_5
6 0 2771752 1 29.724897 plmp3_5
6 0 3160677 2 28.680481 plmp3_5
6 0 4162535 3 28.582603 plmp3_5
6 0 3214776 4 28.375437 plmp3_5
6 0 2801435 5 28.303175 plmp3_5
6 0 2808291 6 27.960392 plmp3_5
6 0 2771248 7 27.925749 plmp3_5
6 0 2812589 8 27.848532 plmp3_5
6 0 2959749 9 27.848532 plmp3_5
7 0 147531 0 29.949677 plmp3_5
7 0 2672535 1 28.699032 plmp3_5
7 0 3195892 2 25.03081 plmp3_5
7 0 110932 3 25.010155 plmp3_5
7 0 145715 4 23.656633 plmp3_5
7 0 3158927 5 23.61403 plmp3_5
7 0 134749 6 23.43744 plmp3_5
7 0 2675751 7 23.40103 plmp3_5
7 0 145868 8 23.179747 plmp3_5
7 0 147530 9 23.133331 plmp3_5
8 0 112174 0 50.785538 plmp3_5
8 0 110932 1 49.287388 plmp3_5
8 0 145868 2 49.044685 plmp3_5
8 0 145715 3 47.682194 plmp3_5
8 0 112834 4 45.629234 plmp3_5
8 0 134749 5 45.069492 plmp3_5
8 0 3158927 6 42.682755 plmp3_5
8 0 2678467 7 41.085876 plmp3_5
8 0 2679202 8 41.085876 plmp3_5
8 0 2959746 9 41.085876 plmp3_5
9 0 109720 0 59.045948 plmp3_5
9 0 118423 1 58.80624 plmp3_5
9 0 118212 2 58.18362 plmp3_5
9 0 2675751 3 57.03334 plmp3_5
9 0 118011 4 55.76169 plmp3_5
9 0 112641 5 53.33596 plmp3_5
9 0 127923 6 52.662518 plmp3_5
9 0 118317 7 51.671303 plmp3_5
9 0 118318 8 51.642513 plmp3_5
9 0 111694 9 51.62583 plmp3_5
10 0 112423 0 64.20769 plmp3_5
10 0 111500 1 61.501923 plmp3_5
10 0 112094 2 58.945526 plmp3_5
10 0 112931 3 58.437027 plmp3_5
10 0 112318 4 57.58421 plmp3_5
10 0 147531 5 57.0838 plmp3_5
10 0 112291 6 55.731796 plmp3_5
10 0 214949 7 55.209686 plmp3_5
10 0 215071 8 55.209686 plmp3_5
10 0 118511 9 55.187695 plmp3_5
11 0 3183080 0 25.538797 plmp3_5
11 0 110808 1 25.431469 plmp3_5
11 0 1755 2 25.329248 plmp3_5
11 0 217512 3 25.214228 plmp3_5
11 0 2672535 4 25.133902 plmp3_5
11 0 108197 5 25.033113 plmp3_5
11 0 220538 6 24.607742 plmp3_5
11 0 107140 7 24.554424 plmp3_5
11 0 110593 8 24.508986 plmp3_5
11 0 142898 9 24.399212 plmp3_5
12 0 2672535 0 29.410406 plmp3_5
12 0 112024 1 28.987186 plmp3_5
12 0 108573 2 25.72899 plmp3_5
12 0 3207860 3 25.594564 plmp3_5
12 0 110503 4 25.31037 plmp3_5
12 0 111576 5 25.206285 plmp3_5
12 0 2154 6 25.142393 plmp3_5
12 0 110514 7 25.098507 plmp3_5
12 0 109469 8 25.031435 plmp3_5
12 0 108200 9 24.946814 plmp3_5
13 0 2642828 0 39.80231 plmp3_5
13 0 802973 1 32.062595 plmp3_5
13 0 803271 2 32.062595 plmp3_5
13 0 2959737 3 32.062595 plmp3_5
13 0 802770 4 31.841782 plmp3_5
13 0 1749 5 31.64034 plmp3_5
13 0 3168776 6 31.086597 plmp3_5
13 0 2959730 7 30.716892 plmp3_5
13 0 3171724 8 30.030674 plmp3_5
13 0 3177199 9 30.030674 plmp3_5
14 0 145931 0 25.67735 plmp3_5
14 0 145974 1 25.34977 plmp3_5
14 0 104211 2 19.227821 plmp3_5
14 0 145911 3 18.813892 plmp3_5
14 0 2959754 4 18.261497 plmp3_5
14 0 903977 5 17.425272 plmp3_5
14 0 902767 6 17.425272 plmp3_5
14 0 110870 7 16.127546 plmp3_5
14 0 145958 8 15.974697 plmp3_5
14 0 105400 9 15.895733 plmp3_5
15 0 2812588 0 59.4161 plmp3_5
15 0 4151822 1 55.214756 plmp3_5
15 0 4171965 2 41.47983 plmp3_5
15 0 2770446 3 39.274403 plmp3_5
15 0 98533 4 24.956953 plmp3_5
15 0 4106440 5 23.556664 plmp3_5
15 0 2959738 6 22.216198 plmp3_5
15 0 2806207 7 21.670698 plmp3_5
15 0 145897 8 21.623951 plmp3_5
15 0 2641235 9 21.341368 plmp3_5
16 0 4171965 0 37.524155 plmp3_5
16 0 4151822 1 35.28692 plmp3_5
16 0 4151817 2 30.093307 plmp3_5
16 0 2770446 3 28.129002 plmp3_5
16 0 4162111 4 27.754477 plmp3_5
16 0 2812588 5 27.402658 plmp3_5
16 0 4154603 6 27.2776 plmp3_5
16 0 4157405 7 26.971628 plmp3_5
16 0 130156 8 26.56271 plmp3_5
16 0 4157382 9 26.264957 plmp3_5
17 0 112428 0 23.162357 plmp3_5
17 0 148484 1 22.675894 plmp3_5
17 0 118169 2 22.522877 plmp3_5
17 0 104306 3 22.245136 plmp3_5
17 0 118007 4 22.104376 plmp3_5
17 0 111427 5 21.750395 plmp3_5
17 0 112337 6 21.471565 plmp3_5
17 0 111772 7 21.238525 plmp3_5
17 0 112434 8 21.212044 plmp3_5
17 0 122247 9 21.197592 plmp3_5
18 0 205712 0 50.631004 plmp3_5
18 0 620566 1 44.285374 plmp3_5
18 0 131156 2 42.98799 plmp3_5
18 0 148484 3 42.737366 plmp3_5
18 0 112337 4 42.09533 plmp3_5
18 0 1753 5 41.779644 plmp3_5
18 0 145119 6 41.64667 plmp3_5
18 0 112128 7 41.510956 plmp3_5
18 0 145635 8 41.35477 plmp3_5
18 0 145663 9 40.87307 plmp3_5
19 0 2654533 0 59.02461 plmp3_5
19 0 2654756 1 59.02461 plmp3_5
19 0 206098 2 49.508785 plmp3_5
19 0 4151826 3 49.109375 plmp3_5
19 0 219509 4 48.964012 plmp3_5
19 0 112775 5 46.966938 plmp3_5
19 0 872994 6 46.07869 plmp3_5
19 0 4172500 7 45.891533 plmp3_5
19 0 2654534 8 45.43643 plmp3_5
19 0 1744 9 45.065987 plmp3_5
20 0 2654533 0 59.02461 plmp3_5
20 0 2654756 1 59.02461 plmp3_5
20 0 206098 2 49.508785 plmp3_5
20 0 4151826 3 49.109375 plmp3_5
20 0 219509 4 48.964012 plmp3_5
20 0 112775 5 46.966938 plmp3_5
20 0 872994 6 46.07869 plmp3_5
20 0 4172500 7 45.891533 plmp3_5
20 0 2654534 8 45.43643 plmp3_5
20 0 1744 9 45.065987 plmp3_5
21 0 873660 0 57.94438 plmp3_5
21 0 2659300 1 48.495396 plmp3_5
21 0 117890 2 42.425037 plmp3_5
21 0 112512 3 41.64336 plmp3_5
21 0 118081 4 41.352226 plmp3_5
21 0 112799 5 40.42565 plmp3_5
21 0 145925 6 40.088947 plmp3_5
21 0 820904 7 39.429806 plmp3_5
21 0 112846 8 39.073936 plmp3_5
21 0 118119 9 39.007168 plmp3_5
22 0 2659300 0 64.678764 plmp3_5
22 0 117890 1 56.16711 plmp3_5
22 0 867657 2 50.57875 plmp3_5
22 0 118119 3 49.796665 plmp3_5
22 0 112799 4 49.23018 plmp3_5
22 0 118081 5 47.810352 plmp3_5
22 0 112846 6 46.712574 plmp3_5
22 0 112512 7 45.41625 plmp3_5
22 0 111858 8 45.268032 plmp3_5
22 0 112777 9 44.889374 plmp3_5
23 0 1738 0 49.215897 plmp3_5
23 0 2810525 1 44.73003 plmp3_5
23 0 2811847 2 44.73003 plmp3_5
23 0 118449 3 43.901653 plmp3_5
23 0 112257 4 38.860287 plmp3_5
23 0 118180 5 36.737595 plmp3_5
23 0 2801435 6 35.963203 plmp3_5
23 0 112810 7 34.786507 plmp3_5
23 0 4151832 8 33.137012 plmp3_5
23 0 110916 9 33.039295 plmp3_5
24 0 1738 0 24.555653 plmp3_5
24 0 145778 1 17.109228 plmp3_5
24 0 109265 2 14.467255 plmp3_5
24 0 112872 3 14.164376 plmp3_5
24 0 145866 4 13.759307 plmp3_5
24 0 85289 5 13.719417 plmp3_5
24 0 110916 6 13.667492 plmp3_5
24 0 146982 7 12.465149 plmp3_5
24 0 2678133 8 12.241681 plmp3_5
24 0 91886 9 12.114719 plmp3_5
25 0 112616 0 54.97808 plmp3_5
25 0 2655499 1 36.932755 plmp3_5
25 0 821305 2 31.439816 plmp3_5
25 0 2621067 3 29.548765 plmp3_5
25 0 118021 4 28.42559 plmp3_5
25 0 4104821 5 26.458605 plmp3_5
25 0 117845 6 26.264702 plmp3_5
25 0 108792 7 25.986923 plmp3_5
25 0 2671723 8 24.829266 plmp3_5
25 0 3211503 9 24.6385 plmp3_5
26 0 112616 0 61.326084 plmp3_5
26 0 117872 1 54.9718 plmp3_5
26 0 112700 2 53.052593 plmp3_5
26 0 145758 3 52.747326 plmp3_5
26 0 118026 4 52.510365 plmp3_5
26 0 112457 5 51.842903 plmp3_5
26 0 112539 6 50.822163 plmp3_5
26 0 1087946 7 50.60993 plmp3_5
26 0 109989 8 50.134598 plmp3_5
26 0 112724 9 49.98587 plmp3_5
27 0 4157382 0 61.74373 plmp3_5
27 0 4157405 1 61.74373 plmp3_5
27 0 112346 2 43.584137 plmp3_5
27 0 111141 3 43.56691 plmp3_5
27 0 2679557 4 41.758434 plmp3_5
27 0 112523 5 41.608345 plmp3_5
27 0 110384 6 39.890972 plmp3_5
27 0 112792 7 39.84767 plmp3_5
27 0 111217 8 39.487377 plmp3_5
27 0 2678466 9 36.508747 plmp3_5
28 0 4157382 0 62.6106 plmp3_5
28 0 4157405 1 62.6106 plmp3_5
28 0 112346 2 49.189705 plmp3_5
28 0 111141 3 34.409275 plmp3_5
28 0 109101 4 29.568224 plmp3_5
28 0 112523 5 28.99346 plmp3_5
28 0 111822 6 28.247576 plmp3_5
28 0 109046 7 27.290003 plmp3_5
28 0 104855 8 27.168003 plmp3_5
28 0 109522 9 26.14711 plmp3_5
29 0 104578 0 17.82704 plmp3_5
29 0 626206 1 17.799114 plmp3_5
29 0 899483 2 17.766857 plmp3_5
29 0 4151826 3 17.651125 plmp3_5
29 0 112485 4 17.622627 plmp3_5
29 0 145843 5 17.594437 plmp3_5
29 0 112190 6 17.58865 plmp3_5
29 0 111917 7 17.588388 plmp3_5
29 0 145761 8 17.537786 plmp3_5
29 0 145921 9 17.42793 plmp3_5
30 0 205788 0 55.646862 plmp3_5
30 0 218921 1 48.219208 plmp3_5
30 0 2642828 2 46.898155 plmp3_5
30 0 112704 3 44.489834 plmp3_5
30 0 148795 4 43.72098 plmp3_5
30 0 802770 5 42.743317 plmp3_5
30 0 118045 6 42.442917 plmp3_5
30 0 145841 7 42.35965 plmp3_5
30 0 137739 8 41.89612 plmp3_5
30 0 145708 9 41.727036 plmp3_5
31 0 118023 0 45.77978 plmp3_5
31 0 2795279 1 42.084667 plmp3_5
31 0 109006 2 40.849552 plmp3_5
31 0 109450 3 39.2946 plmp3_5
31 0 118458 4 39.293617 plmp3_5
31 0 110015 5 39.273415 plmp3_5
31 0 117924 6 39.165173 plmp3_5
31 0 104267 7 37.9105 plmp3_5
31 0 110329 8 37.816833 plmp3_5
31 0 118455 9 37.708084 plmp3_5
32 0 112329 0 39.47045 plmp3_5
32 0 112850 1 39.325066 plmp3_5
32 0 125839 2 39.16051 plmp3_5
32 0 111434 3 37.49079 plmp3_5
32 0 145710 4 37.147556 plmp3_5
32 0 112090 5 35.458755 plmp3_5
32 0 1728 6 35.016983 plmp3_5
32 0 112447 7 32.831455 plmp3_5
32 0 117853 8 32.82876 plmp3_5
32 0 118455 9 32.189674 plmp3_5
33 0 2809767 0 37.955242 plmp3_5
33 0 2811850 1 37.955242 plmp3_5
33 0 2676594 2 35.005352 plmp3_5
33 0 2675753 3 34.47465 plmp3_5
33 0 2679204 4 34.47465 plmp3_5
33 0 112325 5 31.512976 plmp3_5
33 0 105075 6 30.458838 plmp3_5
33 0 137727 7 30.26701 plmp3_5
33 0 111706 8 29.874062 plmp3_5
33 0 121158 9 29.203495 plmp3_5
34 0 2676594 0 128.58661 plmp3_5
34 0 2675753 1 127.361626 plmp3_5
34 0 2679204 2 127.361626 plmp3_5
34 0 2809767 3 102.00289 plmp3_5
34 0 2811850 4 102.00289 plmp3_5
34 0 136994 5 55.496914 plmp3_5
34 0 121158 6 55.21698 plmp3_5
34 0 137727 7 54.70549 plmp3_5
34 0 3216389 8 51.568928 plmp3_5
34 0 112325 9 50.107605 plmp3_5
35 0 2654532 0 21.773987 plmp3_5
35 0 821306 1 21.144337 plmp3_5
35 0 2801434 2 21.078255 plmp3_5
35 0 3214778 3 20.044933 plmp3_5
35 0 110101 4 19.962925 plmp3_5
35 0 109586 5 19.592234 plmp3_5
35 0 625833 6 19.489866 plmp3_5
35 0 213843 7 19.407118 plmp3_5
35 0 214063 8 19.407118 plmp3_5
35 0 214467 9 19.407118 plmp3_5
36 0 112476 0 33.72216 plmp3_5
36 0 111192 1 31.86956 plmp3_5
36 0 100648 2 31.778244 plmp3_5
36 0 101732 3 31.743055 plmp3_5
36 0 118070 4 31.62771 plmp3_5
36 0 111777 5 31.383364 plmp3_5
36 0 3170730 6 30.999233 plmp3_5
36 0 3177197 7 30.999233 plmp3_5
36 0 118142 8 30.731638 plmp3_5
36 0 1087952 9 30.688496 plmp3_5
37 0 4151829 0 34.983192 plmp3_5
37 0 145629 1 30.682905 plmp3_5
37 0 145731 2 28.463026 plmp3_5
37 0 145855 3 28.36516 plmp3_5
37 0 111982 4 28.056456 plmp3_5
37 0 118269 5 27.211113 plmp3_5
37 0 112910 6 27.06845 plmp3_5
37 0 1993216 7 25.916862 plmp3_5
37 0 103870 8 25.587683 plmp3_5
37 0 118407 9 25.316933 plmp3_5
38 0 145855 0 58.263824 plmp3_5
38 0 145731 1 56.103645 plmp3_5
38 0 4151829 2 55.382267 plmp3_5
38 0 118269 3 38.038082 plmp3_5
38 0 110774 4 37.172794 plmp3_5
38 0 111261 5 35.819622 plmp3_5
38 0 111982 6 34.983162 plmp3_5
38 0 1993216 7 33.88506 plmp3_5
38 0 112292 8 32.002033 plmp3_5
38 0 111420 9 31.388056 plmp3_5
39 0 112568 0 51.252354 plmp3_5
39 0 112420 1 45.654305 plmp3_5
39 0 118457 2 41.81904 plmp3_5
39 0 130141 3 38.442955 plmp3_5
39 0 111432 4 37.68822 plmp3_5
39 0 112855 5 36.798145 plmp3_5
39 0 108442 6 36.12843 plmp3_5
39 0 2959744 7 34.48511 plmp3_5
39 0 855518 8 34.48511 plmp3_5
39 0 118192 9 34.03125 plmp3_5
40 0 105200 0 49.89733 plmp3_5
40 0 1731 1 48.864197 plmp3_5
40 0 621044 2 46.945583 plmp3_5
40 0 621090 3 46.945583 plmp3_5
40 0 2959739 4 46.945583 plmp3_5
40 0 2674861 5 46.652508 plmp3_5
40 0 2675754 6 46.652508 plmp3_5
40 0 96731 7 45.853382 plmp3_5
40 0 91083 8 45.4814 plmp3_5
40 0 3213872 9 44.56548 plmp3_5
41 0 112924 0 48.57315 plmp3_5
41 0 109186 1 46.477596 plmp3_5
41 0 2811847 2 45.241238 plmp3_5
41 0 2810525 3 45.236538 plmp3_5
41 0 112585 4 43.544476 plmp3_5
41 0 111198 5 43.199852 plmp3_5
41 0 110660 6 41.91586 plmp3_5
41 0 145756 7 41.416107 plmp3_5
41 0 111891 8 41.385124 plmp3_5
41 0 112257 9 41.029453 plmp3_5
42 0 109186 0 46.477596 plmp3_5
42 0 2654533 1 43.89755 plmp3_5
42 0 2654756 2 43.89755 plmp3_5
42 0 112585 3 43.544476 plmp3_5
42 0 111198 4 43.199852 plmp3_5
42 0 110660 5 41.91586 plmp3_5
42 0 111891 6 41.385124 plmp3_5
42 0 112257 7 41.029453 plmp3_5
42 0 2811847 8 40.167244 plmp3_5
42 0 2810525 9 40.162544 plmp3_5
43 0 101906 0 38.18756 plmp3_5
43 0 112305 1 36.544952 plmp3_5
43 0 2680590 2 34.505493 plmp3_5
43 0 2959745 3 34.505493 plmp3_5
43 0 112920 4 31.956852 plmp3_5
43 0 95854 5 31.176332 plmp3_5
43 0 99904 6 31.145536 plmp3_5
43 0 121170 7 29.404032 plmp3_5
43 0 85450 8 29.064507 plmp3_5
43 0 104999 9 28.878813 plmp3_5
44 0 183480 0 15.76622 plmp3_5
44 0 135284 1 13.729057 plmp3_5
44 0 92563 2 13.148494 plmp3_5
44 0 99616 3 13.079235 plmp3_5
44 0 91444 4 13.056753 plmp3_5
44 0 92375 5 12.670679 plmp3_5
44 0 109785 6 12.202106 plmp3_5
44 0 93877 7 11.801191 plmp3_5
44 0 145712 8 11.712006 plmp3_5
44 0 145064 9 11.551667 plmp3_5
45 0 3181481 0 61.928043 plmp3_5
45 0 3204917 1 60.372395 plmp3_5
45 0 145861 2 51.489777 plmp3_5
45 0 623145 3 50.049595 plmp3_5
45 0 800568 4 49.97811 plmp3_5
45 0 2804673 5 49.71661 plmp3_5
45 0 3205766 6 48.18807 plmp3_5
45 0 150542 7 47.217785 plmp3_5
45 0 3205768 8 46.85071 plmp3_5
45 0 866024 9 46.80091 plmp3_5
46 0 866024 0 99.86227 plmp3_5
46 0 858802 1 99.85196 plmp3_5
46 0 3204917 2 69.98622 plmp3_5
46 0 623145 3 69.348114 plmp3_5
46 0 2804673 4 67.0031 plmp3_5
46 0 150542 5 66.9434 plmp3_5
46 0 903971 6 63.211205 plmp3_5
46 0 2959742 7 63.211205 plmp3_5
46 0 218457 8 61.301834 plmp3_5
46 0 218132 9 60.79846 plmp3_5
47 0 2674861 0 52.408516 plmp3_5
47 0 2675754 1 52.408516 plmp3_5
47 0 4164893 2 35.3745 plmp3_5
47 0 4151822 3 33.363533 plmp3_5
47 0 3170730 4 33.196175 plmp3_5
47 0 3177197 5 33.196175 plmp3_5
47 0 4172500 6 32.371323 plmp3_5
47 0 216735 7 31.9993 plmp3_5
47 0 216806 8 31.9993 plmp3_5
47 0 2803251 9 31.99355 plmp3_5
48 0 2674861 0 65.862526 plmp3_5
48 0 2675754 1 65.862526 plmp3_5
48 0 96147 2 34.413982 plmp3_5
48 0 96612 3 32.69797 plmp3_5
48 0 142882 4 31.917892 plmp3_5
48 0 92421 5 31.43533 plmp3_5
48 0 111362 6 31.266891 plmp3_5
48 0 103019 7 30.45475 plmp3_5
48 0 112867 8 30.349163 plmp3_5
48 0 101604 9 29.721981 plmp3_5
49 0 2810525 0 47.78123 plmp3_5
49 0 2811847 1 47.78123 plmp3_5
49 0 4162535 2 21.35962 plmp3_5
49 0 2812210 3 19.827072 plmp3_5
49 0 2809764 4 19.61566 plmp3_5
49 0 2809767 5 19.51847 plmp3_5
49 0 2811850 6 19.51847 plmp3_5
49 0 2810524 7 19.469065 plmp3_5
49 0 2811846 8 19.469065 plmp3_5
49 0 2812588 9 18.320719 plmp3_5
50 0 2789928 0 35.993824 plmp3_5
50 0 4151826 1 33.99405 plmp3_5
50 0 3216391 2 33.98514 plmp3_5
50 0 4162535 3 33.914963 plmp3_5
50 0 2809767 4 33.78734 plmp3_5
50 0 2811850 5 33.78734 plmp3_5
50 0 2803251 6 33.7653 plmp3_5
50 0 2771249 7 33.334736 plmp3_5
50 0 2801435 8 33.26461 plmp3_5
50 0 2789927 9 33.18267 plmp3_5
51 0 134741 0 29.333338 plmp3_5
51 0 112770 1 29.13194 plmp3_5
51 0 105869 2 27.453701 plmp3_5
51 0 112931 3 26.938763 plmp3_5
51 0 111908 4 26.2046 plmp3_5
51 0 106721 5 25.239872 plmp3_5
51 0 106986 6 25.156778 plmp3_5
51 0 137726 7 24.876785 plmp3_5
51 0 98744 8 24.817465 plmp3_5
51 0 118423 9 24.124763 plmp3_5
52 0 112931 0 21.882656 plmp3_5
52 0 112770 1 21.866243 plmp3_5
52 0 105869 2 21.075583 plmp3_5
52 0 134741 3 20.04294 plmp3_5
52 0 100134 4 19.922314 plmp3_5
52 0 111908 5 19.687614 plmp3_5
52 0 103302 6 19.64697 plmp3_5
52 0 854177 7 19.491652 plmp3_5
52 0 112243 8 19.186735 plmp3_5
52 0 112094 9 18.713594 plmp3_5
53 0 145792 0 48.25652 plmp3_5
53 0 112677 1 43.2202 plmp3_5
53 0 108879 2 42.677288 plmp3_5
53 0 2808291 3 41.97081 plmp3_5
53 0 1744 4 41.58022 plmp3_5
53 0 110419 5 37.87669 plmp3_5
53 0 799985 6 37.87001 plmp3_5
53 0 118262 7 36.890343 plmp3_5
53 0 616862 8 36.7762 plmp3_5
53 0 145714 9 36.75521 plmp3_5
54 0 145792 0 46.365166 plmp3_5
54 0 112677 1 44.593822 plmp3_5
54 0 2808291 2 44.072983 plmp3_5
54 0 1744 3 44.025368 plmp3_5
54 0 108879 4 40.711544 plmp3_5
54 0 118262 5 40.09416 plmp3_5
54 0 799985 6 38.966915 plmp3_5
54 0 616862 7 38.77773 plmp3_5
54 0 117916 8 38.676743 plmp3_5
54 0 107735 9 37.428997 plmp3_5
55 0 4154603 0 74.474106 plmp3_5
55 0 145731 1 55.300377 plmp3_5
55 0 145855 2 54.104027 plmp3_5
55 0 145629 3 44.106544 plmp3_5
55 0 112910 4 38.467026 plmp3_5
55 0 118269 5 36.84047 plmp3_5
55 0 111261 6 35.316666 plmp3_5
55 0 110774 7 30.842386 plmp3_5
55 0 111420 8 28.038841 plmp3_5
55 0 111982 9 27.929312 plmp3_5
56 0 4154603 0 101.9332 plmp3_5
56 0 145731 1 67.553215 plmp3_5
56 0 112910 2 59.338818 plmp3_5
56 0 118269 3 59.06011 plmp3_5
56 0 145855 4 54.104027 plmp3_5
56 0 145629 5 53.27515 plmp3_5
56 0 110774 6 47.501656 plmp3_5
56 0 111261 7 47.457745 plmp3_5
56 0 1993216 8 43.0515 plmp3_5
56 0 111420 9 40.544983 plmp3_5
57 0 117856 0 36.290134 plmp3_5
57 0 800859 1 35.420425 plmp3_5
57 0 802408 2 35.27401 plmp3_5
57 0 867644 3 32.000362 plmp3_5
57 0 800569 4 30.867199 plmp3_5
57 0 118089 5 30.353514 plmp3_5
57 0 2803250 6 30.231455 plmp3_5
57 0 1500655 7 30.155231 plmp3_5
57 0 121162 8 29.518835 plmp3_5
57 0 205720 9 29.512598 plmp3_5
58 0 145735 0 47.48614 plmp3_5
58 0 145800 1 39.92853 plmp3_5
58 0 106179 2 38.29033 plmp3_5
58 0 112467 3 38.037735 plmp3_5
58 0 4172497 4 35.191906 plmp3_5
58 0 108547 5 34.927658 plmp3_5
58 0 110330 6 33.92931 plmp3_5
58 0 106848 7 33.442654 plmp3_5
58 0 217702 8 33.15498 plmp3_5
58 0 2676592 9 32.796738 plmp3_5
59 0 2788983 0 92.30983 plmp3_5
59 0 4170685 1 91.029816 plmp3_5
59 0 118129 2 86.494415 plmp3_5
59 0 117968 3 84.56053 plmp3_5
59 0 145627 4 83.81742 plmp3_5
59 0 118037 5 83.74133 plmp3_5
59 0 118040 6 82.75361 plmp3_5
59 0 118422 7 81.91381 plmp3_5
59 0 134735 8 77.44638 plmp3_5
59 0 1087691 9 71.21524 plmp3_5
60 0 118334 0 103.72437 plmp3_5
60 0 3195891 1 102.148346 plmp3_5
60 0 621195 2 101.04757 plmp3_5
60 0 621270 3 101.04757 plmp3_5
60 0 118129 4 98.7232 plmp3_5
60 0 110510 5 97.603 plmp3_5
60 0 117968 6 97.40493 plmp3_5
60 0 118107 7 96.3495 plmp3_5
60 0 127905 8 95.94407 plmp3_5
60 0 130158 9 95.718445 plmp3_5
61 0 205788 0 48.371246 plmp3_5
61 0 148795 1 46.903828 plmp3_5
61 0 899483 2 46.655533 plmp3_5
61 0 802791 3 44.473858 plmp3_5
61 0 112854 4 42.9695 plmp3_5
61 0 145841 5 41.783653 plmp3_5
61 0 219512 6 41.650143 plmp3_5
61 0 2812210 7 40.74802 plmp3_5
61 0 117954 8 39.67317 plmp3_5
61 0 145796 9 39.390656 plmp3_5
62 0 2155 0 24.008675 plmp3_5
62 0 779833 1 23.473478 plmp3_5
62 0 798511 2 23.473478 plmp3_5
62 0 2812210 3 22.253454 plmp3_5
62 0 145876 4 21.843208 plmp3_5
62 0 2781925 5 21.461645 plmp3_5
62 0 3171723 6 20.959414 plmp3_5
62 0 206097 7 19.988523 plmp3_5
62 0 2676593 8 19.779457 plmp3_5
62 0 118381 9 19.665539 plmp3_5
63 0 112394 0 21.225374 plmp3_5
63 0 109964 1 19.524559 plmp3_5
63 0 145936 2 19.325161 plmp3_5
63 0 108968 3 19.241566 plmp3_5
63 0 108173 4 19.054249 plmp3_5
63 0 117921 5 19.033337 plmp3_5
63 0 104870 6 18.990675 plmp3_5
63 0 2812589 7 18.801502 plmp3_5
63 0 2959749 8 18.801502 plmp3_5
63 0 109124 9 18.428186 plmp3_5
64 0 2758568 0 38.983242 plmp3_5
64 0 110645 1 37.06374 plmp3_5
64 0 111660 2 33.02386 plmp3_5
64 0 105359 3 32.411182 plmp3_5
64 0 106391 4 32.146393 plmp3_5
64 0 110463 5 32.1054 plmp3_5
64 0 102061 6 32.006313 plmp3_5
64 0 112056 7 31.696987 plmp3_5
64 0 112371 8 31.590258 plmp3_5
64 0 108662 9 31.585836 plmp3_5
65 0 118123 0 78.9515 plmp3_5
65 0 150540 1 47.180466 plmp3_5
65 0 1750 2 43.00277 plmp3_5
65 0 112441 3 42.44671 plmp3_5
65 0 873668 4 41.601444 plmp3_5
65 0 110645 5 41.43135 plmp3_5
65 0 1745 6 40.506165 plmp3_5
65 0 149285 7 40.317207 plmp3_5
65 0 3211501 8 39.866554 plmp3_5
65 0 149286 9 39.343002 plmp3_5
66 0 3211501 0 74.12888 plmp3_5
66 0 145867 1 70.64001 plmp3_5
66 0 112935 2 66.32232 plmp3_5
66 0 111632 3 64.41717 plmp3_5
66 0 143378 4 63.925457 plmp3_5
66 0 112106 5 62.217663 plmp3_5
66 0 218667 6 56.35728 plmp3_5
66 0 134921 7 56.05094 plmp3_5
66 0 111303 8 55.72155 plmp3_5
66 0 2797290 9 54.028572 plmp3_5
67 0 145800 0 89.59264 plmp3_5
67 0 867645 1 82.158 plmp3_5
67 0 103675 2 45.97491 plmp3_5
67 0 110330 3 45.212193 plmp3_5
67 0 145673 4 41.810135 plmp3_5
67 0 104522 5 41.270008 plmp3_5
67 0 106848 6 40.87728 plmp3_5
67 0 112199 7 40.74369 plmp3_5
67 0 106757 8 40.084778 plmp3_5
67 0 103678 9 39.989567 plmp3_5
68 0 145800 0 88.79787 plmp3_5
68 0 867645 1 64.8133 plmp3_5
68 0 97893 2 58.279648 plmp3_5
68 0 88756 3 52.38578 plmp3_5
68 0 94177 4 52.148777 plmp3_5
68 0 87585 5 51.56824 plmp3_5
68 0 88819 6 51.309864 plmp3_5
68 0 88704 7 49.2149 plmp3_5
68 0 93847 8 48.976418 plmp3_5
68 0 103093 9 48.172623 plmp3_5
69 0 117927 0 47.145077 plmp3_5
69 0 118111 1 46.27623 plmp3_5
69 0 112534 2 46.166977 plmp3_5
69 0 118363 3 45.95204 plmp3_5
69 0 111709 4 45.817177 plmp3_5
69 0 799995 5 45.81119 plmp3_5
69 0 110068 6 45.56319 plmp3_5
69 0 110881 7 45.501663 plmp3_5
69 0 109542 8 44.953503 plmp3_5
69 0 110927 9 44.788834 plmp3_5
70 0 118111 0 59.598618 plmp3_5
70 0 110068 1 57.83531 plmp3_5
70 0 110881 2 57.634033 plmp3_5
70 0 117927 3 57.542854 plmp3_5
70 0 118363 4 57.019215 plmp3_5
70 0 799995 5 56.100006 plmp3_5
70 0 110718 6 55.844513 plmp3_5
70 0 109835 7 55.838383 plmp3_5
70 0 110927 8 55.694897 plmp3_5
70 0 136989 9 55.61355 plmp3_5
71 0 118052 0 60.283745 plmp3_5
71 0 112904 1 57.037937 plmp3_5
71 0 112823 2 53.701374 plmp3_5
71 0 118234 3 51.90353 plmp3_5
71 0 112914 4 51.298157 plmp3_5
71 0 118005 5 49.73692 plmp3_5
71 0 111103 6 48.704487 plmp3_5
71 0 117979 7 48.496872 plmp3_5
71 0 145121 8 48.18515 plmp3_5
71 0 108303 9 46.384663 plmp3_5
72 0 118052 0 60.283745 plmp3_5
72 0 112904 1 57.037937 plmp3_5
72 0 112823 2 53.701374 plmp3_5
72 0 118234 3 51.90353 plmp3_5
72 0 112914 4 51.298157 plmp3_5
72 0 118005 5 49.73692 plmp3_5
72 0 111103 6 48.704487 plmp3_5
72 0 117979 7 48.496872 plmp3_5
72 0 145121 8 48.18515 plmp3_5
72 0 108303 9 46.384663 plmp3_5
73 0 110540 0 19.717867 plmp3_5
73 0 108729 1 15.477498 plmp3_5
73 0 106577 2 15.346916 plmp3_5
73 0 145449 3 15.283412 plmp3_5
73 0 800858 4 15.271185 plmp3_5
73 0 3203623 5 15.191313 plmp3_5
73 0 111800 6 15.100826 plmp3_5
73 0 109550 7 15.095435 plmp3_5
73 0 108469 8 15.06993 plmp3_5
73 0 107464 9 14.938385 plmp3_5
74 0 2804674 0 37.792046 plmp3_5
74 0 2675749 1 35.65679 plmp3_5
74 0 109284 2 35.14006 plmp3_5
74 0 107904 3 34.607605 plmp3_5
74 0 112774 4 31.429693 plmp3_5
74 0 112902 5 29.92353 plmp3_5
74 0 111755 6 28.855568 plmp3_5
74 0 110798 7 28.36951 plmp3_5
74 0 803268 8 28.221327 plmp3_5
74 0 111946 9 27.384792 plmp3_5
75 0 92916 0 56.014305 plmp3_5
75 0 89224 1 52.319946 plmp3_5
75 0 89410 2 50.868702 plmp3_5
75 0 98058 3 50.635708 plmp3_5
75 0 96318 4 50.042137 plmp3_5
75 0 86533 5 45.74402 plmp3_5
75 0 92470 6 44.00665 plmp3_5
75 0 110964 7 43.124996 plmp3_5
75 0 103165 8 40.441097 plmp3_5
75 0 91724 9 40.22702 plmp3_5
76 0 2679833 0 50.91011 plmp3_5
76 0 2680440 1 50.91011 plmp3_5
76 0 145652 2 43.161255 plmp3_5
76 0 95400 3 42.351162 plmp3_5
76 0 110779 4 41.77585 plmp3_5
76 0 2672210 5 41.404865 plmp3_5
76 0 2654755 6 41.404865 plmp3_5
76 0 2670966 7 41.397778 plmp3_5
76 0 108900 8 41.16088 plmp3_5
76 0 2672526 9 40.91988 plmp3_5
77 0 112726 0 56.023952 plmp3_5
77 0 145817 1 55.028175 plmp3_5
77 0 4151822 2 52.970947 plmp3_5
77 0 111455 3 51.965523 plmp3_5
77 0 1087693 4 51.438442 plmp3_5
77 0 2812588 5 51.309723 plmp3_5
77 0 145647 6 49.767715 plmp3_5
77 0 134747 7 49.500576 plmp3_5
77 0 111029 8 48.589066 plmp3_5
77 0 111346 9 45.66944 plmp3_5
78 0 145632 0 22.82458 plmp3_5
78 0 2812588 1 22.370785 plmp3_5
78 0 4162111 2 20.78696 plmp3_5
78 0 110045 3 20.459623 plmp3_5
78 0 121171 4 18.792547 plmp3_5
78 0 101362 5 18.600664 plmp3_5
78 0 118100 6 18.435095 plmp3_5
78 0 117964 7 18.145714 plmp3_5
78 0 112459 8 18.10704 plmp3_5
78 0 117187 9 17.933874 plmp3_5
79 0 111009 0 75.70127 plmp3_5
79 0 118143 1 70.48377 plmp3_5
79 0 111470 2 68.81734 plmp3_5
79 0 110221 3 51.228355 plmp3_5
79 0 110183 4 40.565247 plmp3_5
79 0 118513 5 39.824764 plmp3_5
79 0 101490 6 37.76501 plmp3_5
79 0 3171728 7 36.9955 plmp3_5
79 0 87700 8 36.576527 plmp3_5
79 0 2680438 9 36.444744 plmp3_5
80 0 111470 0 73.29223 plmp3_5
80 0 111009 1 72.103355 plmp3_5
80 0 118143 2 70.19729 plmp3_5
80 0 626054 3 52.471233 plmp3_5
80 0 106328 4 50.2131 plmp3_5
80 0 109342 5 50.142796 plmp3_5
80 0 110221 6 48.83135 plmp3_5
80 0 108426 7 47.66474 plmp3_5
80 0 145859 8 47.389385 plmp3_5
80 0 108776 9 46.06024 plmp3_5
81 0 148484 0 48.679234 plmp3_5
81 0 112440 1 38.875526 plmp3_5
81 0 122253 2 30.188963 plmp3_5
81 0 117833 3 26.106955 plmp3_5
81 0 118445 4 25.518614 plmp3_5
81 0 799981 5 24.05941 plmp3_5
81 0 799979 6 23.17555 plmp3_5
81 0 1726 7 22.792513 plmp3_5
81 0 216735 8 22.733168 plmp3_5
81 0 216806 9 22.733168 plmp3_5
82 0 127900 0 55.667725 plmp3_5
82 0 118368 1 54.393097 plmp3_5
82 0 2803250 2 53.01917 plmp3_5
82 0 799981 3 52.90058 plmp3_5
82 0 145865 4 51.636208 plmp3_5
82 0 118126 5 50.405758 plmp3_5
82 0 1726 6 49.158455 plmp3_5
82 0 216735 7 44.6681 plmp3_5
82 0 216806 8 44.6681 plmp3_5
82 0 3213871 9 37.963444 plmp3_5
83 0 145859 0 49.2538 plmp3_5
83 0 110289 1 38.861034 plmp3_5
83 0 112922 2 35.763916 plmp3_5
83 0 110961 3 32.80404 plmp3_5
83 0 109894 4 31.557865 plmp3_5
83 0 2788685 5 30.690487 plmp3_5
83 0 2959751 6 30.690487 plmp3_5
83 0 112368 7 30.209402 plmp3_5
83 0 111093 8 29.67824 plmp3_5
83 0 112590 9 29.407053 plmp3_5
84 0 145859 0 57.514435 plmp3_5
84 0 110289 1 48.693115 plmp3_5
84 0 112922 2 42.371838 plmp3_5
84 0 101833 3 36.732994 plmp3_5
84 0 145870 4 36.298702 plmp3_5
84 0 111286 5 36.085247 plmp3_5
84 0 109894 6 34.804718 plmp3_5
84 0 110590 7 34.705425 plmp3_5
84 0 118073 8 34.37726 plmp3_5
84 0 112368 9 34.058907 plmp3_5
85 0 802973 0 56.49418 plmp3_5
85 0 803271 1 56.49418 plmp3_5
85 0 2959737 2 56.49418 plmp3_5
85 0 3177199 3 52.78978 plmp3_5
85 0 3171724 4 52.61688 plmp3_5
85 0 3177200 5 52.61688 plmp3_5
85 0 4151826 6 42.58961 plmp3_5
85 0 149653 7 42.39958 plmp3_5
85 0 150543 8 41.06598 plmp3_5
85 0 2959732 9 41.06598 plmp3_5
86 0 3205766 0 45.656864 plmp3_5
86 0 3171724 1 43.407883 plmp3_5
86 0 3177199 2 43.407883 plmp3_5
86 0 3177200 3 43.407883 plmp3_5
86 0 802973 4 37.0863 plmp3_5
86 0 803271 5 37.0863 plmp3_5
86 0 2959737 6 37.0863 plmp3_5
86 0 150543 7 27.987007 plmp3_5
86 0 2959732 8 27.987007 plmp3_5
86 0 146553 9 27.979485 plmp3_5
87 0 1088038 0 22.259754 plmp3_5
87 0 110372 1 20.712967 plmp3_5
87 0 111446 2 20.410164 plmp3_5
87 0 112689 3 19.93535 plmp3_5
87 0 110760 4 18.500002 plmp3_5
87 0 108037 5 18.379297 plmp3_5
87 0 110714 6 17.80354 plmp3_5
87 0 111364 7 17.62359 plmp3_5
87 0 3189783 8 17.47956 plmp3_5
87 0 110402 9 17.434711 plmp3_5
88 0 1756 0 35.641956 plmp3_5
88 0 182992 1 35.023148 plmp3_5
88 0 182991 2 34.429985 plmp3_5
88 0 118339 3 34.418236 plmp3_5
88 0 145897 4 34.068935 plmp3_5
88 0 145839 5 33.565 plmp3_5
88 0 111801 6 33.46558 plmp3_5
88 0 1742 7 33.190556 plmp3_5
88 0 112807 8 32.40118 plmp3_5
88 0 111170 9 32.07927 plmp3_5
89 0 4151822 0 108.79593 plmp3_5
89 0 2770446 1 92.67821 plmp3_5
89 0 2812588 2 84.91843 plmp3_5
89 0 4162110 3 83.638245 plmp3_5
89 0 134747 4 56.769104 plmp3_5
89 0 145647 5 56.62458 plmp3_5
89 0 145817 6 55.611343 plmp3_5
89 0 4162111 7 46.531418 plmp3_5
89 0 145954 8 45.226746 plmp3_5
89 0 2804672 9 39.998207 plmp3_5
90 0 145626 0 72.212585 plmp3_5
90 0 2812588 1 67.0957 plmp3_5
90 0 118054 2 64.698746 plmp3_5
90 0 109718 3 63.27106 plmp3_5
90 0 109921 4 63.091496 plmp3_5
90 0 111913 5 62.19462 plmp3_5
90 0 2680439 6 60.604084 plmp3_5
90 0 2654534 7 60.3814 plmp3_5
90 0 130150 8 60.326317 plmp3_5
90 0 2620698 9 59.901936 plmp3_5
91 0 3212514 0 96.74425 plmp3_5
91 0 109857 1 50.995693 plmp3_5
91 0 1087959 2 48.2103 plmp3_5
91 0 118507 3 46.98927 plmp3_5
91 0 856791 4 46.76023 plmp3_5
91 0 110249 5 44.32992 plmp3_5
91 0 134732 6 43.962082 plmp3_5
91 0 112439 7 41.486904 plmp3_5
91 0 110032 8 41.436268 plmp3_5
91 0 111278 9 40.88255 plmp3_5
92 0 3212514 0 89.89032 plmp3_5
92 0 109857 1 50.995693 plmp3_5
92 0 1087959 2 48.2103 plmp3_5
92 0 118507 3 46.98927 plmp3_5
92 0 110249 4 44.32992 plmp3_5
92 0 134732 5 43.962082 plmp3_5
92 0 112439 6 41.486904 plmp3_5
92 0 110032 7 41.436268 plmp3_5
92 0 111278 8 40.88255 plmp3_5
92 0 1087955 9 40.699554 plmp3_5
93 0 2788983 0 61.564507 plmp3_5
93 0 931614 1 54.25157 plmp3_5
93 0 118129 2 53.599037 plmp3_5
93 0 130158 3 53.165623 plmp3_5
93 0 4151827 4 52.707886 plmp3_5
93 0 118099 5 52.62893 plmp3_5
93 0 118334 6 51.910435 plmp3_5
93 0 118107 7 51.71463 plmp3_5
93 0 145807 8 51.40212 plmp3_5
93 0 3195891 9 50.470856 plmp3_5
94 0 2788983 0 67.43822 plmp3_5
94 0 931614 1 61.022354 plmp3_5
94 0 118129 2 59.913414 plmp3_5
94 0 118099 3 58.08808 plmp3_5
94 0 145807 4 57.806126 plmp3_5
94 0 4151827 5 56.479652 plmp3_5
94 0 3195891 6 55.975 plmp3_5
94 0 118107 7 55.31511 plmp3_5
94 0 118334 8 55.113285 plmp3_5
94 0 130158 9 53.165623 plmp3_5
95 0 105495 0 48.728786 plmp3_5
95 0 108555 1 47.7174 plmp3_5
95 0 107232 2 45.870087 plmp3_5
95 0 106171 3 42.951717 plmp3_5
95 0 107475 4 36.98058 plmp3_5
95 0 106073 5 31.52121 plmp3_5
95 0 103631 6 31.263216 plmp3_5
95 0 109444 7 29.245707 plmp3_5
95 0 101111 8 28.039688 plmp3_5
95 0 104543 9 27.708017 plmp3_5
96 0 103631 0 38.791874 plmp3_5
96 0 96542 1 38.55493 plmp3_5
96 0 92705 2 38.034424 plmp3_5
96 0 92746 3 36.8463 plmp3_5
96 0 96341 4 36.64542 plmp3_5
96 0 93395 5 35.559177 plmp3_5
96 0 93739 6 35.253998 plmp3_5
96 0 108555 7 35.14263 plmp3_5
96 0 93789 8 34.746933 plmp3_5
96 0 96850 9 34.626247 plmp3_5
97 0 112101 0 54.63964 plmp3_5
97 0 111922 1 47.05012 plmp3_5
97 0 2655597 2 31.152632 plmp3_5
97 0 820748 3 30.71678 plmp3_5
97 0 117959 4 29.240353 plmp3_5
97 0 112247 5 27.81882 plmp3_5
97 0 146554 6 27.589392 plmp3_5
97 0 112574 7 26.922281 plmp3_5
97 0 621044 8 22.498466 plmp3_5
97 0 621090 9 22.498466 plmp3_5
98 0 106593 0 17.632904 plmp3_5
98 0 118467 1 16.292276 plmp3_5
98 0 112092 2 15.694405 plmp3_5
98 0 134732 3 15.635028 plmp3_5
98 0 2676593 4 15.223952 plmp3_5
98 0 2655591 5 14.932902 plmp3_5
98 0 118065 6 14.875946 plmp3_5
98 0 111516 7 13.850837 plmp3_5
98 0 112151 8 13.594571 plmp3_5
98 0 102190 9 13.515212 plmp3_5
99 0 112267 0 61.27323 plmp3_5
99 0 111884 1 43.547073 plmp3_5
99 0 110552 2 36.821877 plmp3_5
99 0 109976 3 30.580532 plmp3_5
99 0 118121 4 30.39238 plmp3_5
99 0 112723 5 29.563656 plmp3_5
99 0 110578 6 28.711454 plmp3_5
99 0 104759 7 27.141205 plmp3_5
99 0 109673 8 25.593273 plmp3_5
99 0 96562 9 24.734793 plmp3_5
100 0 112267 0 70.34911 plmp3_5
100 0 111884 1 65.18159 plmp3_5
100 0 108405 2 56.686367 plmp3_5
100 0 102906 3 55.76978 plmp3_5
100 0 109673 4 55.695095 plmp3_5
100 0 110296 5 55.123856 plmp3_5
100 0 112033 6 52.77006 plmp3_5
100 0 110552 7 51.438995 plmp3_5
100 0 110578 8 50.244915 plmp3_5
100 0 111695 9 50.18958 plmp3_5
