1 0 3204919 0 64.71314 plmp5_1
1 0 802972 1 54.272545 plmp5_1
1 0 2809767 2 54.2328 plmp5_1
1 0 2811850 3 54.2328 plmp5_1
1 0 2649076 4 53.91559 plmp5_1
1 0 4164893 5 52.817978 plmp5_1
1 0 3153112 6 51.689346 plmp5_1
1 0 2781925 7 51.500732 plmp5_1
1 0 3177197 8 51.11966 plmp5_1
1 0 3170730 9 51.092037 plmp5_1
2 0 103631 0 56.895317 plmp5_1
2 0 103549 1 52.29903 plmp5_1
2 0 104671 2 51.15755 plmp5_1
2 0 105116 3 45.510963 plmp5_1
2 0 145692 4 45.504974 plmp5_1
2 0 104673 5 45.36549 plmp5_1
2 0 104571 6 45.213234 plmp5_1
2 0 108555 7 44.51462 plmp5_1
2 0 105294 8 42.2033 plmp5_1
2 0 103644 9 42.05363 plmp5_1
3 0 3162143 0 74.3569 plmp5_1
3 0 112584 1 61.83403 plmp5_1
3 0 215496 2 61.733204 plmp5_1
3 0 215694 3 61.733204 plmp5_1
3 0 2959735 4 61.732162 plmp5_1
3 0 145890 5 61.0951 plmp5_1
3 0 111091 6 60.215717 plmp5_1
3 0 118475 7 60.036964 plmp5_1
3 0 145821 8 58.86847 plmp5_1
3 0 130157 9 57.408257 plmp5_1
4 0 215694 0 156.07632 plmp5_1
4 0 2959735 1 156.07423 plmp5_1
4 0 215496 2 156.05774 plmp5_1
4 0 623142 3 148.42068 plmp5_1
4 0 3162143 4 142.50264 plmp5_1
4 0 118029 5 138.99971 plmp5_1
4 0 149007 6 123.60912 plmp5_1
4 0 903973 7 111.44106 plmp5_1
4 0 812450 8 103.7816 plmp5_1
4 0 78783 9 103.65186 plmp5_1
5 0 2672209 0 55.007282 plmp5_1
5 0 2657779 1 55.007282 plmp5_1
5 0 183480 2 49.66974 plmp5_1
5 0 110056 3 47.909187 plmp5_1
5 0 112708 4 46.07927 plmp5_1
5 0 145652 5 45.749557 plmp5_1
5 0 1740 6 45.747246 plmp5_1
5 0 110831 7 45.235886 plmp5_1
5 0 118217 8 43.869217 plmp5_1
5 0 108089 9 41.855602 plmp5_1
6 0 110654 0 72.988014 plmp5_1
6 0 110056 1 63.3732 plmp5_1
6 0 3203656 2 48.92825 plmp5_1
6 0 3206414 3 48.92825 plmp5_1
6 0 183480 4 48.616596 plmp5_1
6 0 111258 5 46.79728 plmp5_1
6 0 111114 6 42.20064 plmp5_1
6 0 117932 7 41.445988 plmp5_1
6 0 2811844 8 38.895744 plmp5_1
6 0 2959750 9 38.895744 plmp5_1
7 0 147531 0 37.60486 plmp5_1
7 0 2672535 1 35.538963 plmp5_1
7 0 110932 2 34.544247 plmp5_1
7 0 147530 3 34.020676 plmp5_1
7 0 3195892 4 33.61133 plmp5_1
7 0 2655591 5 33.37577 plmp5_1
7 0 118511 6 33.233128 plmp5_1
7 0 134749 7 33.188656 plmp5_1
7 0 145715 8 32.811237 plmp5_1
7 0 145713 9 32.591408 plmp5_1
8 0 134749 0 89.226654 plmp5_1
8 0 112174 1 87.97854 plmp5_1
8 0 145715 2 79.13712 plmp5_1
8 0 145868 3 78.76158 plmp5_1
8 0 112834 4 77.22716 plmp5_1
8 0 2678467 5 76.30134 plmp5_1
8 0 2679202 6 76.30134 plmp5_1
8 0 2959746 7 76.30134 plmp5_1
8 0 147531 8 75.05788 plmp5_1
8 0 112748 9 71.73545 plmp5_1
9 0 2675751 0 82.76289 plmp5_1
9 0 854177 1 69.35288 plmp5_1
9 0 127923 2 68.28311 plmp5_1
9 0 127887 3 67.13082 plmp5_1
9 0 118212 4 66.8628 plmp5_1
9 0 147530 5 65.93654 plmp5_1
9 0 118317 6 65.60527 plmp5_1
9 0 109720 7 65.56773 plmp5_1
9 0 118423 8 64.47018 plmp5_1
9 0 112641 9 64.30052 plmp5_1
10 0 118087 0 85.38964 plmp5_1
10 0 112423 1 84.35732 plmp5_1
10 0 111500 2 80.3043 plmp5_1
10 0 147531 3 77.52484 plmp5_1
10 0 118236 4 77.19425 plmp5_1
10 0 112657 5 75.4462 plmp5_1
10 0 214949 6 74.35078 plmp5_1
10 0 215071 7 74.35078 plmp5_1
10 0 110753 8 73.99056 plmp5_1
10 0 134743 9 73.43703 plmp5_1
11 0 2810524 0 51.944397 plmp5_1
11 0 2811846 1 51.944397 plmp5_1
11 0 217512 2 46.70575 plmp5_1
11 0 3171724 3 46.607197 plmp5_1
11 0 3177199 4 46.607197 plmp5_1
11 0 3177200 5 46.607197 plmp5_1
11 0 873668 6 44.607597 plmp5_1
11 0 218926 7 43.012955 plmp5_1
11 0 145960 8 42.64103 plmp5_1
11 0 2812210 9 42.627823 plmp5_1
12 0 2672535 0 62.592182 plmp5_1
12 0 3207860 1 50.307426 plmp5_1
12 0 3204919 2 45.340206 plmp5_1
12 0 3153112 3 45.03096 plmp5_1
12 0 2750101 4 44.2306 plmp5_1
12 0 183479 5 43.943424 plmp5_1
12 0 3211503 6 43.731186 plmp5_1
12 0 112024 7 43.112064 plmp5_1
12 0 3203658 8 42.67713 plmp5_1
12 0 131156 9 42.310177 plmp5_1
13 0 4162111 0 58.35732 plmp5_1
13 0 2812588 1 57.498215 plmp5_1
13 0 145967 2 52.771084 plmp5_1
13 0 2642828 3 51.768696 plmp5_1
13 0 4106440 4 47.70314 plmp5_1
13 0 614392 5 47.40658 plmp5_1
13 0 614485 6 47.40658 plmp5_1
13 0 802973 7 46.71619 plmp5_1
13 0 803271 8 46.71619 plmp5_1
13 0 2959737 9 46.71619 plmp5_1
14 0 614392 0 37.70381 plmp5_1
14 0 614485 1 37.70381 plmp5_1
14 0 108730 2 36.471092 plmp5_1
14 0 2153 3 34.868217 plmp5_1
14 0 2812588 4 33.09988 plmp5_1
14 0 2670965 5 32.9628 plmp5_1
14 0 124715 6 31.770742 plmp5_1
14 0 2742710 7 31.244242 plmp5_1
14 0 145967 8 31.242315 plmp5_1
14 0 117942 9 30.484797 plmp5_1
15 0 2812588 0 107.38032 plmp5_1
15 0 4151822 1 95.42392 plmp5_1
15 0 2770446 2 76.978264 plmp5_1
15 0 4171965 3 72.45933 plmp5_1
15 0 2809767 4 59.593983 plmp5_1
15 0 2811850 5 59.593983 plmp5_1
15 0 2771249 6 57.24238 plmp5_1
15 0 4162111 7 56.118782 plmp5_1
15 0 2812587 8 55.459335 plmp5_1
15 0 2959748 9 55.459335 plmp5_1
16 0 4151822 0 84.15986 plmp5_1
16 0 4171965 1 54.127064 plmp5_1
16 0 2812588 2 52.56844 plmp5_1
16 0 2770446 3 51.884045 plmp5_1
16 0 4168362 4 47.375923 plmp5_1
16 0 4162936 5 46.925262 plmp5_1
16 0 4161362 6 44.021275 plmp5_1
16 0 3181025 7 43.599392 plmp5_1
16 0 4157405 8 43.2308 plmp5_1
16 0 4162535 9 43.153687 plmp5_1
17 0 148484 0 39.441174 plmp5_1
17 0 145865 1 34.79802 plmp5_1
17 0 813289 2 34.723434 plmp5_1
17 0 145119 3 34.29787 plmp5_1
17 0 1726 4 34.156555 plmp5_1
17 0 145894 5 33.839443 plmp5_1
17 0 4161362 6 33.536636 plmp5_1
17 0 147527 7 33.479034 plmp5_1
17 0 2670966 8 33.306816 plmp5_1
17 0 217512 9 33.200638 plmp5_1
18 0 205712 0 98.446976 plmp5_1
18 0 148484 1 73.128075 plmp5_1
18 0 620566 2 70.022095 plmp5_1
18 0 2795703 3 66.819275 plmp5_1
18 0 2797292 4 66.819275 plmp5_1
18 0 145119 5 66.71666 plmp5_1
18 0 815689 6 62.71054 plmp5_1
18 0 182990 7 62.193325 plmp5_1
18 0 1753 8 61.91697 plmp5_1
18 0 131156 9 61.57098 plmp5_1
19 0 2654533 0 104.42878 plmp5_1
19 0 2654756 1 104.42878 plmp5_1
19 0 4172500 2 74.9277 plmp5_1
19 0 4151825 3 71.759186 plmp5_1
19 0 118018 4 66.58081 plmp5_1
19 0 2654534 5 66.54244 plmp5_1
19 0 112775 6 66.29503 plmp5_1
19 0 2781925 7 65.08054 plmp5_1
19 0 2679558 8 64.89869 plmp5_1
19 0 3203656 9 64.71326 plmp5_1
20 0 2654533 0 108.26636 plmp5_1
20 0 2654756 1 108.26636 plmp5_1
20 0 4172500 2 73.6467 plmp5_1
20 0 4151825 3 71.31671 plmp5_1
20 0 206098 4 68.52978 plmp5_1
20 0 112775 5 68.52261 plmp5_1
20 0 2654534 6 63.37384 plmp5_1
20 0 2781925 7 63.36293 plmp5_1
20 0 147528 8 62.564316 plmp5_1
20 0 2678466 9 61.995266 plmp5_1
21 0 873660 0 92.26928 plmp5_1
21 0 867657 1 82.88148 plmp5_1
21 0 112799 2 73.71027 plmp5_1
21 0 2804673 3 72.30191 plmp5_1
21 0 117890 4 69.26494 plmp5_1
21 0 2659300 5 68.37601 plmp5_1
21 0 902267 6 64.94003 plmp5_1
21 0 3181482 7 64.68468 plmp5_1
21 0 145925 8 64.03342 plmp5_1
21 0 820904 9 62.34291 plmp5_1
22 0 2659300 0 122.391975 plmp5_1
22 0 117890 1 104.01847 plmp5_1
22 0 112799 2 95.52937 plmp5_1
22 0 867657 3 88.420845 plmp5_1
22 0 145925 4 79.74835 plmp5_1
22 0 112774 5 78.49423 plmp5_1
22 0 118081 6 77.82166 plmp5_1
22 0 2804673 7 77.50957 plmp5_1
22 0 145829 8 76.91226 plmp5_1
22 0 112846 9 70.81668 plmp5_1
23 0 2810525 0 70.82853 plmp5_1
23 0 2811847 1 70.82853 plmp5_1
23 0 118449 2 63.499306 plmp5_1
23 0 2801435 3 58.253235 plmp5_1
23 0 2657927 4 57.248146 plmp5_1
23 0 1738 5 57.213764 plmp5_1
23 0 118180 6 56.748783 plmp5_1
23 0 3217227 7 54.21123 plmp5_1
23 0 218457 8 53.862938 plmp5_1
23 0 145738 9 52.320618 plmp5_1
24 0 145778 0 28.11854 plmp5_1
24 0 1738 1 27.441833 plmp5_1
24 0 145866 2 25.379683 plmp5_1
24 0 2678133 3 24.869497 plmp5_1
24 0 2804671 4 24.090342 plmp5_1
24 0 802408 5 24.077822 plmp5_1
24 0 2654754 6 22.885983 plmp5_1
24 0 145635 7 22.166851 plmp5_1
24 0 182558 8 21.414377 plmp5_1
24 0 3217476 9 21.234652 plmp5_1
25 0 112616 0 86.24765 plmp5_1
25 0 2655499 1 62.366714 plmp5_1
25 0 3211503 2 49.73582 plmp5_1
25 0 821305 3 46.946445 plmp5_1
25 0 108792 4 46.084393 plmp5_1
25 0 118021 5 45.50345 plmp5_1
25 0 2621067 6 43.5315 plmp5_1
25 0 117845 7 43.375122 plmp5_1
25 0 110318 8 43.041397 plmp5_1
25 0 4104821 9 37.670807 plmp5_1
26 0 117872 0 83.325516 plmp5_1
26 0 112616 1 78.4646 plmp5_1
26 0 112045 2 68.965294 plmp5_1
26 0 145758 3 63.29549 plmp5_1
26 0 118026 4 62.75704 plmp5_1
26 0 112457 5 59.856438 plmp5_1
26 0 4161362 6 59.32223 plmp5_1
26 0 117841 7 59.190823 plmp5_1
26 0 112324 8 58.496563 plmp5_1
26 0 112700 9 58.03206 plmp5_1
27 0 4157382 0 144.28885 plmp5_1
27 0 4157405 1 144.28885 plmp5_1
27 0 111141 2 76.97876 plmp5_1
27 0 112346 3 70.53428 plmp5_1
27 0 112792 4 63.39811 plmp5_1
27 0 112523 5 63.123924 plmp5_1
27 0 111061 6 56.43441 plmp5_1
27 0 110384 7 48.766983 plmp5_1
27 0 118489 8 48.70085 plmp5_1
27 0 182992 9 48.6277 plmp5_1
28 0 4157382 0 125.10605 plmp5_1
28 0 4157405 1 125.10605 plmp5_1
28 0 112346 2 86.26925 plmp5_1
28 0 111141 3 72.282616 plmp5_1
28 0 110384 4 51.99025 plmp5_1
28 0 118489 5 50.380104 plmp5_1
28 0 112071 6 49.557392 plmp5_1
28 0 110460 7 49.312523 plmp5_1
28 0 110706 8 48.943222 plmp5_1
28 0 931121 9 48.250664 plmp5_1
29 0 118044 0 31.465092 plmp5_1
29 0 117875 1 31.000753 plmp5_1
29 0 4151826 2 30.565495 plmp5_1
29 0 118381 3 30.442654 plmp5_1
29 0 121164 4 29.73599 plmp5_1
29 0 118351 5 29.11411 plmp5_1
29 0 111471 6 29.05278 plmp5_1
29 0 112646 7 28.927946 plmp5_1
29 0 145708 8 28.919476 plmp5_1
29 0 112485 9 28.821602 plmp5_1
30 0 205788 0 101.055405 plmp5_1
30 0 218921 1 82.03171 plmp5_1
30 0 899483 2 79.70966 plmp5_1
30 0 4151826 3 77.927734 plmp5_1
30 0 802770 4 76.77432 plmp5_1
30 0 148795 5 76.31087 plmp5_1
30 0 626206 6 76.02643 plmp5_1
30 0 179213 7 72.24468 plmp5_1
30 0 145841 8 71.69428 plmp5_1
30 0 2642828 9 71.505844 plmp5_1
31 0 118023 0 56.78746 plmp5_1
31 0 2795279 1 54.22835 plmp5_1
31 0 145925 2 52.112595 plmp5_1
31 0 2809763 3 51.94903 plmp5_1
31 0 4151820 4 51.802822 plmp5_1
31 0 118458 5 51.25646 plmp5_1
31 0 110561 6 50.640453 plmp5_1
31 0 145909 7 50.060642 plmp5_1
31 0 2784695 8 49.30408 plmp5_1
31 0 131149 9 49.175842 plmp5_1
32 0 112329 0 61.68186 plmp5_1
32 0 1728 1 60.26871 plmp5_1
32 0 111434 2 58.10175 plmp5_1
32 0 112850 3 57.07177 plmp5_1
32 0 112447 4 53.73278 plmp5_1
32 0 112090 5 53.18217 plmp5_1
32 0 125839 6 53.04906 plmp5_1
32 0 118455 7 51.4101 plmp5_1
32 0 117853 8 49.91544 plmp5_1
32 0 111596 9 49.67058 plmp5_1
33 0 109535 0 55.411674 plmp5_1
33 0 109532 1 54.368366 plmp5_1
33 0 2676594 2 54.19247 plmp5_1
33 0 110795 3 53.498745 plmp5_1
33 0 2675753 4 52.251698 plmp5_1
33 0 2679204 5 52.251698 plmp5_1
33 0 109935 6 52.060787 plmp5_1
33 0 121158 7 51.95407 plmp5_1
33 0 112485 8 51.536747 plmp5_1
33 0 145870 9 51.509476 plmp5_1
34 0 2676594 0 179.6829 plmp5_1
34 0 2675753 1 176.054 plmp5_1
34 0 2679204 2 176.054 plmp5_1
34 0 2809767 3 138.54547 plmp5_1
34 0 2811850 4 138.54547 plmp5_1
34 0 121158 5 71.3253 plmp5_1
34 0 3216389 6 70.713005 plmp5_1
34 0 136994 7 70.42512 plmp5_1
34 0 137727 8 66.84338 plmp5_1
34 0 112325 9 66.63874 plmp5_1
35 0 821306 0 37.43248 plmp5_1
35 0 2768888 1 37.349804 plmp5_1
35 0 205203 2 36.92713 plmp5_1
35 0 2654532 3 33.778954 plmp5_1
35 0 218927 4 33.662292 plmp5_1
35 0 4104821 5 32.61935 plmp5_1
35 0 932061 6 32.464684 plmp5_1
35 0 903979 7 32.202427 plmp5_1
35 0 902768 8 32.202427 plmp5_1
35 0 931124 9 31.81863 plmp5_1
36 0 118319 0 50.642166 plmp5_1
36 0 118142 1 48.74539 plmp5_1
36 0 3170730 2 46.410927 plmp5_1
36 0 3177197 3 46.410927 plmp5_1
36 0 2670966 4 46.215893 plmp5_1
36 0 118238 5 45.51373 plmp5_1
36 0 118070 6 44.51089 plmp5_1
36 0 118329 7 44.104675 plmp5_1
36 0 902769 8 43.77357 plmp5_1
36 0 118187 9 43.519196 plmp5_1
37 0 4151829 0 38.511757 plmp5_1
37 0 118269 1 36.840046 plmp5_1
37 0 145629 2 35.703682 plmp5_1
37 0 110742 3 35.364075 plmp5_1
37 0 121168 4 34.812187 plmp5_1
37 0 108527 5 34.768963 plmp5_1
37 0 103870 6 34.46523 plmp5_1
37 0 121171 7 33.88599 plmp5_1
37 0 110141 8 33.64033 plmp5_1
37 0 118290 9 33.39446 plmp5_1
38 0 145855 0 84.38562 plmp5_1
38 0 145731 1 77.909 plmp5_1
38 0 4151829 2 75.98469 plmp5_1
38 0 118269 3 59.65712 plmp5_1
38 0 1993216 4 58.50269 plmp5_1
38 0 111982 5 50.98952 plmp5_1
38 0 112910 6 50.52061 plmp5_1
38 0 110774 7 49.854313 plmp5_1
38 0 112292 8 49.647152 plmp5_1
38 0 111420 9 47.329765 plmp5_1
39 0 112568 0 68.42674 plmp5_1
39 0 112420 1 58.766617 plmp5_1
39 0 118457 2 54.625546 plmp5_1
39 0 111432 3 51.08806 plmp5_1
39 0 2674861 4 48.883137 plmp5_1
39 0 2675754 5 48.883137 plmp5_1
39 0 2959744 6 48.871346 plmp5_1
39 0 855518 7 48.871346 plmp5_1
39 0 1731 8 47.987373 plmp5_1
39 0 130141 9 47.926212 plmp5_1
40 0 105200 0 71.66419 plmp5_1
40 0 1731 1 65.16845 plmp5_1
40 0 621044 2 63.943043 plmp5_1
40 0 621090 3 63.943043 plmp5_1
40 0 2959739 4 63.943043 plmp5_1
40 0 122254 5 60.219727 plmp5_1
40 0 118457 6 57.25252 plmp5_1
40 0 112273 7 56.95093 plmp5_1
40 0 2144 8 56.573578 plmp5_1
40 0 145905 9 54.89277 plmp5_1
41 0 112924 0 69.46994 plmp5_1
41 0 2811847 1 65.35089 plmp5_1
41 0 2810525 2 65.34619 plmp5_1
41 0 112585 3 56.216812 plmp5_1
41 0 145756 4 55.951946 plmp5_1
41 0 2654533 5 52.280624 plmp5_1
41 0 2654756 6 52.280624 plmp5_1
41 0 111198 7 51.72619 plmp5_1
41 0 145785 8 50.583874 plmp5_1
41 0 117864 9 49.594746 plmp5_1
42 0 112585 0 78.579544 plmp5_1
42 0 2654533 1 69.994415 plmp5_1
42 0 2654756 2 69.994415 plmp5_1
42 0 110132 3 64.32391 plmp5_1
42 0 109186 4 62.944798 plmp5_1
42 0 112924 5 62.640385 plmp5_1
42 0 111891 6 62.415142 plmp5_1
42 0 111198 7 60.191914 plmp5_1
42 0 145785 8 59.059353 plmp5_1
42 0 145121 9 57.46145 plmp5_1
43 0 2680590 0 62.998768 plmp5_1
43 0 2959745 1 62.998768 plmp5_1
43 0 112305 2 61.406555 plmp5_1
43 0 112920 3 59.813885 plmp5_1
43 0 118148 4 51.23262 plmp5_1
43 0 112803 5 48.98455 plmp5_1
43 0 110729 6 48.537437 plmp5_1
43 0 117935 7 46.87998 plmp5_1
43 0 112644 8 46.53742 plmp5_1
43 0 100926 9 45.574703 plmp5_1
44 0 96678 0 18.168095 plmp5_1
44 0 183480 1 17.733313 plmp5_1
44 0 2781925 2 17.347172 plmp5_1
44 0 131143 3 16.728506 plmp5_1
44 0 4172499 4 16.307177 plmp5_1
44 0 92563 5 16.24505 plmp5_1
44 0 118182 6 16.052513 plmp5_1
44 0 92375 7 15.823799 plmp5_1
44 0 112168 8 15.796392 plmp5_1
44 0 108645 9 15.547423 plmp5_1
45 0 3204917 0 103.283394 plmp5_1
45 0 800568 1 89.0168 plmp5_1
45 0 145903 2 84.73442 plmp5_1
45 0 866024 3 79.91285 plmp5_1
45 0 858802 4 79.91285 plmp5_1
45 0 2804673 5 77.37339 plmp5_1
45 0 2808291 6 77.17491 plmp5_1
45 0 150542 7 76.261894 plmp5_1
45 0 626207 8 76.13839 plmp5_1
45 0 3181481 9 74.6119 plmp5_1
46 0 866024 0 200.65894 plmp5_1
46 0 858802 1 200.64862 plmp5_1
46 0 623145 2 149.31767 plmp5_1
46 0 3204917 3 142.83688 plmp5_1
46 0 2804673 4 135.25719 plmp5_1
46 0 145861 5 124.896095 plmp5_1
46 0 150542 6 124.154396 plmp5_1
46 0 145764 7 113.83826 plmp5_1
46 0 618680 8 113.768814 plmp5_1
46 0 1732 9 112.207344 plmp5_1
47 0 2674861 0 87.07391 plmp5_1
47 0 2675754 1 87.07391 plmp5_1
47 0 2678133 2 49.89564 plmp5_1
47 0 2790213 3 49.582172 plmp5_1
47 0 2671723 4 48.93494 plmp5_1
47 0 2771250 5 48.76855 plmp5_1
47 0 821305 6 48.739044 plmp5_1
47 0 145925 7 47.28219 plmp5_1
47 0 3171725 8 46.806534 plmp5_1
47 0 903973 9 46.75645 plmp5_1
48 0 2674861 0 82.27265 plmp5_1
48 0 2675754 1 82.27265 plmp5_1
48 0 3170727 2 45.245426 plmp5_1
48 0 2670965 3 41.873814 plmp5_1
48 0 103019 4 41.663273 plmp5_1
48 0 111362 5 41.610504 plmp5_1
48 0 3204919 6 41.241657 plmp5_1
48 0 96147 7 40.52804 plmp5_1
48 0 2646093 8 40.200546 plmp5_1
48 0 903973 9 39.79848 plmp5_1
49 0 2810525 0 57.29723 plmp5_1
49 0 2811847 1 57.29723 plmp5_1
49 0 4162535 2 49.292564 plmp5_1
49 0 3153112 3 41.086643 plmp5_1
49 0 4151826 4 38.850384 plmp5_1
49 0 2812210 5 38.469772 plmp5_1
49 0 2809767 6 38.437122 plmp5_1
49 0 2811850 7 38.437122 plmp5_1
49 0 2801435 8 37.02382 plmp5_1
49 0 2811845 9 35.93302 plmp5_1
50 0 3153112 0 85.50802 plmp5_1
50 0 4162535 1 77.13036 plmp5_1
50 0 2810525 2 61.81356 plmp5_1
50 0 2811847 3 61.81356 plmp5_1
50 0 4151826 4 46.698906 plmp5_1
50 0 3181025 5 45.372124 plmp5_1
50 0 2812210 6 44.090042 plmp5_1
50 0 2801435 7 43.376118 plmp5_1
50 0 2809767 8 42.6637 plmp5_1
50 0 2811850 9 42.6637 plmp5_1
51 0 112770 0 45.560863 plmp5_1
51 0 616433 1 40.16291 plmp5_1
51 0 2752078 2 39.677174 plmp5_1
51 0 616869 3 37.73581 plmp5_1
51 0 134741 4 37.608227 plmp5_1
51 0 873668 5 37.52459 plmp5_1
51 0 620566 6 37.080856 plmp5_1
51 0 215412 7 36.90183 plmp5_1
51 0 178546 8 36.652542 plmp5_1
51 0 148799 9 36.499424 plmp5_1
52 0 112770 0 38.46091 plmp5_1
52 0 112931 1 32.68178 plmp5_1
52 0 112243 2 31.378399 plmp5_1
52 0 98744 3 30.784117 plmp5_1
52 0 103439 4 30.539633 plmp5_1
52 0 90478 5 29.332956 plmp5_1
52 0 85451 6 28.800598 plmp5_1
52 0 103302 7 28.628292 plmp5_1
52 0 90150 8 28.275747 plmp5_1
52 0 85452 9 27.98297 plmp5_1
53 0 799985 0 65.75263 plmp5_1
53 0 145792 1 57.567013 plmp5_1
53 0 2808291 2 56.688644 plmp5_1
53 0 2771250 3 54.167046 plmp5_1
53 0 148483 4 51.503975 plmp5_1
53 0 1744 5 47.936733 plmp5_1
53 0 145664 6 46.798946 plmp5_1
53 0 815689 7 46.183365 plmp5_1
53 0 621045 8 46.065277 plmp5_1
53 0 1727 9 45.808605 plmp5_1
54 0 872994 0 104.9356 plmp5_1
54 0 811778 1 87.21527 plmp5_1
54 0 943668 2 83.76371 plmp5_1
54 0 931123 3 79.27682 plmp5_1
54 0 811777 4 77.96113 plmp5_1
54 0 625711 5 69.75969 plmp5_1
54 0 2808291 6 61.52671 plmp5_1
54 0 2675752 7 58.63722 plmp5_1
54 0 2655591 8 56.844124 plmp5_1
54 0 3213873 9 56.06852 plmp5_1
55 0 4154603 0 102.657585 plmp5_1
55 0 145855 1 74.998344 plmp5_1
55 0 145731 2 72.885086 plmp5_1
55 0 118269 3 68.96271 plmp5_1
55 0 145629 4 65.3806 plmp5_1
55 0 111261 5 60.27422 plmp5_1
55 0 112910 6 59.216785 plmp5_1
55 0 110774 7 55.609478 plmp5_1
55 0 111420 8 53.923363 plmp5_1
55 0 118101 9 52.150898 plmp5_1
56 0 4154603 0 155.18343 plmp5_1
56 0 118269 1 100.84695 plmp5_1
56 0 145731 2 97.78539 plmp5_1
56 0 112910 3 95.85066 plmp5_1
56 0 110774 4 78.57021 plmp5_1
56 0 145629 5 78.34245 plmp5_1
56 0 145855 6 77.8974 plmp5_1
56 0 111261 7 77.47424 plmp5_1
56 0 1993216 8 72.85074 plmp5_1
56 0 111420 9 71.274765 plmp5_1
57 0 867644 0 56.028664 plmp5_1
57 0 117856 1 53.446117 plmp5_1
57 0 800569 2 51.166836 plmp5_1
57 0 800859 3 49.977028 plmp5_1
57 0 802408 4 49.737568 plmp5_1
57 0 118297 5 48.98952 plmp5_1
57 0 117831 6 48.089714 plmp5_1
57 0 145718 7 48.003174 plmp5_1
57 0 110661 8 47.210827 plmp5_1
57 0 118470 9 46.08828 plmp5_1
58 0 145735 0 68.691284 plmp5_1
58 0 217702 1 54.070328 plmp5_1
58 0 2676592 2 50.380478 plmp5_1
58 0 112811 3 48.03494 plmp5_1
58 0 108547 4 46.46196 plmp5_1
58 0 4104822 5 46.31447 plmp5_1
58 0 112467 6 45.769238 plmp5_1
58 0 145800 7 45.579403 plmp5_1
58 0 106179 8 44.007725 plmp5_1
58 0 4172497 9 42.29649 plmp5_1
59 0 2788983 0 193.90407 plmp5_1
59 0 4170685 1 168.02432 plmp5_1
59 0 118037 2 146.73306 plmp5_1
59 0 118129 3 143.45607 plmp5_1
59 0 145627 4 142.46196 plmp5_1
59 0 117968 5 138.20242 plmp5_1
59 0 118040 6 137.64812 plmp5_1
59 0 1087691 7 132.11887 plmp5_1
59 0 3205767 8 128.6092 plmp5_1
59 0 118422 9 124.21822 plmp5_1
60 0 3195891 0 178.81946 plmp5_1
60 0 4170685 1 149.74086 plmp5_1
60 0 2788983 2 146.56577 plmp5_1
60 0 118129 3 138.27518 plmp5_1
60 0 118334 4 132.64763 plmp5_1
60 0 621195 5 128.19873 plmp5_1
60 0 621270 6 128.19873 plmp5_1
60 0 931614 7 125.11907 plmp5_1
60 0 145627 8 124.4937 plmp5_1
60 0 117968 9 122.669075 plmp5_1
61 0 145743 0 100.17222 plmp5_1
61 0 145923 1 98.6066 plmp5_1
61 0 2812210 2 95.334114 plmp5_1
61 0 218457 3 85.46743 plmp5_1
61 0 112854 4 77.62425 plmp5_1
61 0 1732 5 75.33595 plmp5_1
61 0 3195092 6 75.21832 plmp5_1
61 0 145815 7 71.761284 plmp5_1
61 0 179213 8 68.22363 plmp5_1
61 0 219815 9 65.854935 plmp5_1
62 0 2812210 0 49.263912 plmp5_1
62 0 110661 1 39.73299 plmp5_1
62 0 110926 2 39.377792 plmp5_1
62 0 118299 3 37.928543 plmp5_1
62 0 118098 4 37.5118 plmp5_1
62 0 110091 5 37.38695 plmp5_1
62 0 117875 6 36.738598 plmp5_1
62 0 109846 7 35.89594 plmp5_1
62 0 107147 8 34.462036 plmp5_1
62 0 110984 9 34.449806 plmp5_1
63 0 107685 0 37.2025 plmp5_1
63 0 106985 1 37.120968 plmp5_1
63 0 2812589 2 35.526585 plmp5_1
63 0 2959749 3 35.526585 plmp5_1
63 0 149702 4 35.298023 plmp5_1
63 0 111250 5 34.52601 plmp5_1
63 0 105525 6 34.344196 plmp5_1
63 0 107014 7 34.323788 plmp5_1
63 0 118148 8 33.820328 plmp5_1
63 0 109309 9 33.060017 plmp5_1
64 0 3205767 0 53.015804 plmp5_1
64 0 2758568 1 51.278976 plmp5_1
64 0 3205768 2 49.51367 plmp5_1
64 0 2809766 3 48.085995 plmp5_1
64 0 2811849 4 48.085995 plmp5_1
64 0 3207860 5 47.443897 plmp5_1
64 0 3205736 6 44.875046 plmp5_1
64 0 110645 7 44.33175 plmp5_1
64 0 3204919 8 43.31825 plmp5_1
64 0 145895 9 43.10235 plmp5_1
65 0 118123 0 121.61899 plmp5_1
65 0 110645 1 66.618866 plmp5_1
65 0 150540 2 62.12188 plmp5_1
65 0 3211501 3 58.830967 plmp5_1
65 0 4151825 4 56.30863 plmp5_1
65 0 4102799 5 56.23022 plmp5_1
65 0 1745 6 55.948334 plmp5_1
65 0 3199502 7 55.37971 plmp5_1
65 0 4089982 8 54.469624 plmp5_1
65 0 112441 9 52.74407 plmp5_1
66 0 3211501 0 119.3607 plmp5_1
66 0 145867 1 112.024185 plmp5_1
66 0 3214775 2 87.644196 plmp5_1
66 0 118123 3 85.56569 plmp5_1
66 0 143378 4 84.49675 plmp5_1
66 0 4151827 5 82.99609 plmp5_1
66 0 3213872 6 79.23474 plmp5_1
66 0 150540 7 76.51851 plmp5_1
66 0 3216389 8 74.643684 plmp5_1
66 0 3212516 9 73.76427 plmp5_1
67 0 145800 0 143.9704 plmp5_1
67 0 867645 1 135.58287 plmp5_1
67 0 103675 2 77.62851 plmp5_1
67 0 106757 3 68.74448 plmp5_1
67 0 104522 4 62.659786 plmp5_1
67 0 103678 5 58.503807 plmp5_1
67 0 110330 6 57.547523 plmp5_1
67 0 108330 7 57.035213 plmp5_1
67 0 107938 8 56.940582 plmp5_1
67 0 103721 9 56.282154 plmp5_1
68 0 145800 0 125.24557 plmp5_1
68 0 867645 1 100.75959 plmp5_1
68 0 97893 2 74.16209 plmp5_1
68 0 94177 3 67.09225 plmp5_1
68 0 88704 4 66.42443 plmp5_1
68 0 88756 5 62.88315 plmp5_1
68 0 87585 6 61.622074 plmp5_1
68 0 103093 7 60.508995 plmp5_1
68 0 88819 8 60.325554 plmp5_1
68 0 97584 9 59.312878 plmp5_1
69 0 111709 0 75.687065 plmp5_1
69 0 117859 1 71.59845 plmp5_1
69 0 110068 2 70.38595 plmp5_1
69 0 866022 3 68.02817 plmp5_1
69 0 182558 4 67.56606 plmp5_1
69 0 3214778 5 66.68656 plmp5_1
69 0 112820 6 66.14317 plmp5_1
69 0 112534 7 65.35089 plmp5_1
69 0 112765 8 63.187164 plmp5_1
69 0 110996 9 62.81398 plmp5_1
70 0 182558 0 77.3352 plmp5_1
70 0 3214778 1 70.47446 plmp5_1
70 0 2676593 2 70.19625 plmp5_1
70 0 866022 3 69.57979 plmp5_1
70 0 3214777 4 69.29616 plmp5_1
70 0 868384 5 69.051674 plmp5_1
70 0 2801433 6 68.26808 plmp5_1
70 0 2790213 7 67.2875 plmp5_1
70 0 149289 8 66.64679 plmp5_1
70 0 821306 9 65.79094 plmp5_1
71 0 118052 0 78.99897 plmp5_1
71 0 145121 1 74.62373 plmp5_1
71 0 112914 2 74.32597 plmp5_1
71 0 112904 3 73.108376 plmp5_1
71 0 3189783 4 68.86879 plmp5_1
71 0 118234 5 65.88401 plmp5_1
71 0 118287 6 65.356766 plmp5_1
71 0 118005 7 63.191334 plmp5_1
71 0 112823 8 62.886467 plmp5_1
71 0 106096 9 60.38041 plmp5_1
72 0 118052 0 92.371475 plmp5_1
72 0 112904 1 83.960014 plmp5_1
72 0 118234 2 77.66536 plmp5_1
72 0 145121 3 74.29463 plmp5_1
72 0 118005 4 73.48331 plmp5_1
72 0 112914 5 73.37464 plmp5_1
72 0 3189783 6 69.99526 plmp5_1
72 0 117979 7 63.74208 plmp5_1
72 0 112823 8 58.49269 plmp5_1
72 0 106096 9 57.9663 plmp5_1
73 0 2804674 0 37.28463 plmp5_1
73 0 110175 1 31.820738 plmp5_1
73 0 145624 2 30.896727 plmp5_1
73 0 109931 3 30.659431 plmp5_1
73 0 118043 4 30.079103 plmp5_1
73 0 118162 5 29.646723 plmp5_1
73 0 108538 6 29.580816 plmp5_1
73 0 1087954 7 29.460865 plmp5_1
73 0 110692 8 28.979326 plmp5_1
73 0 145638 9 28.50374 plmp5_1
74 0 107904 0 62.42963 plmp5_1
74 0 2804674 1 60.61805 plmp5_1
74 0 109284 2 57.95087 plmp5_1
74 0 112774 3 51.17496 plmp5_1
74 0 2675749 4 49.92141 plmp5_1
74 0 127908 5 46.30377 plmp5_1
74 0 110798 6 44.22346 plmp5_1
74 0 111245 7 42.907402 plmp5_1
74 0 104844 8 42.29971 plmp5_1
74 0 108616 9 41.38765 plmp5_1
75 0 89410 0 59.100918 plmp5_1
75 0 92916 1 58.04314 plmp5_1
75 0 98058 2 57.6426 plmp5_1
75 0 96318 3 56.584805 plmp5_1
75 0 89224 4 56.20306 plmp5_1
75 0 110964 5 55.090084 plmp5_1
75 0 112904 6 53.205013 plmp5_1
75 0 2655499 7 52.582127 plmp5_1
75 0 86533 8 52.367123 plmp5_1
75 0 3189783 9 51.723816 plmp5_1
76 0 110964 0 61.93942 plmp5_1
76 0 2679833 1 58.441624 plmp5_1
76 0 2680440 2 58.441624 plmp5_1
76 0 112919 3 57.043568 plmp5_1
76 0 145861 4 55.34547 plmp5_1
76 0 112428 5 54.905365 plmp5_1
76 0 2670966 6 54.687153 plmp5_1
76 0 118341 7 51.318443 plmp5_1
76 0 112867 8 51.050476 plmp5_1
76 0 112435 9 51.02891 plmp5_1
77 0 4151822 0 91.5333 plmp5_1
77 0 2812588 1 90.58319 plmp5_1
77 0 145817 2 82.906105 plmp5_1
77 0 2770446 3 80.86306 plmp5_1
77 0 112726 4 78.46858 plmp5_1
77 0 134747 5 71.564064 plmp5_1
77 0 145647 6 67.74626 plmp5_1
77 0 111029 7 67.61865 plmp5_1
77 0 111455 8 64.86749 plmp5_1
77 0 145902 9 62.205387 plmp5_1
78 0 2812588 0 33.90618 plmp5_1
78 0 118022 1 32.176464 plmp5_1
78 0 616862 2 31.240685 plmp5_1
78 0 112358 3 29.954657 plmp5_1
78 0 111092 4 29.165947 plmp5_1
78 0 111869 5 29.057285 plmp5_1
78 0 117899 6 28.811342 plmp5_1
78 0 799976 7 28.373102 plmp5_1
78 0 145632 8 27.802504 plmp5_1
78 0 117968 9 27.722965 plmp5_1
79 0 111009 0 120.34298 plmp5_1
79 0 118143 1 109.42662 plmp5_1
79 0 111470 2 102.32862 plmp5_1
79 0 110221 3 82.470795 plmp5_1
79 0 2680438 4 70.85084 plmp5_1
79 0 110183 5 59.927902 plmp5_1
79 0 118513 6 58.96209 plmp5_1
79 0 3171728 7 53.315 plmp5_1
79 0 218665 8 52.391384 plmp5_1
79 0 111964 9 51.010387 plmp5_1
80 0 111009 0 94.145775 plmp5_1
80 0 111470 1 93.905495 plmp5_1
80 0 118143 2 93.810524 plmp5_1
80 0 145859 3 69.66975 plmp5_1
80 0 2672210 4 60.939213 plmp5_1
80 0 2654755 5 60.939213 plmp5_1
80 0 110221 6 60.647408 plmp5_1
80 0 106328 7 60.25445 plmp5_1
80 0 626054 8 58.755768 plmp5_1
80 0 109342 9 56.86475 plmp5_1
81 0 148484 0 69.36682 plmp5_1
81 0 112440 1 50.250576 plmp5_1
81 0 122253 2 44.96105 plmp5_1
81 0 118445 3 37.909565 plmp5_1
81 0 117833 4 35.576218 plmp5_1
81 0 127900 5 35.462418 plmp5_1
81 0 117841 6 33.42171 plmp5_1
81 0 1726 7 33.374046 plmp5_1
81 0 145121 8 33.091663 plmp5_1
81 0 112867 9 32.361786 plmp5_1
82 0 2803250 0 65.82196 plmp5_1
82 0 118368 1 61.250595 plmp5_1
82 0 127900 2 60.264503 plmp5_1
82 0 1726 3 59.084297 plmp5_1
82 0 799981 4 58.316574 plmp5_1
82 0 216735 5 55.6291 plmp5_1
82 0 216806 6 55.6291 plmp5_1
82 0 145865 7 55.093502 plmp5_1
82 0 118126 8 51.58386 plmp5_1
82 0 112869 9 46.04871 plmp5_1
83 0 145859 0 93.564835 plmp5_1
83 0 112922 1 64.385666 plmp5_1
83 0 111333 2 57.82131 plmp5_1
83 0 112368 3 57.013264 plmp5_1
83 0 109894 4 55.251728 plmp5_1
83 0 110289 5 55.00683 plmp5_1
83 0 111286 6 54.95106 plmp5_1
83 0 137746 7 54.6225 plmp5_1
83 0 145870 8 54.453648 plmp5_1
83 0 111246 9 52.82412 plmp5_1
84 0 145859 0 91.684685 plmp5_1
84 0 112922 1 75.9994 plmp5_1
84 0 107293 2 67.08786 plmp5_1
84 0 800858 3 64.37187 plmp5_1
84 0 110681 4 62.798462 plmp5_1
84 0 111151 5 62.2634 plmp5_1
84 0 109895 6 62.15612 plmp5_1
84 0 109894 7 60.87443 plmp5_1
84 0 109893 8 60.209427 plmp5_1
84 0 122251 9 59.826714 plmp5_1
85 0 2959737 0 128.31592 plmp5_1
85 0 802973 1 127.59159 plmp5_1
85 0 803271 2 127.59159 plmp5_1
85 0 3177199 3 94.801254 plmp5_1
85 0 3171724 4 94.62835 plmp5_1
85 0 3177200 5 94.62835 plmp5_1
85 0 150543 6 83.25293 plmp5_1
85 0 2959732 7 83.25293 plmp5_1
85 0 146553 8 82.766075 plmp5_1
85 0 146790 9 82.766075 plmp5_1
86 0 3205766 0 78.141785 plmp5_1
86 0 3171724 1 76.20917 plmp5_1
86 0 3177199 2 76.20917 plmp5_1
86 0 3177200 3 76.20917 plmp5_1
86 0 802973 4 67.99977 plmp5_1
86 0 803271 5 67.99977 plmp5_1
86 0 2959737 6 67.99977 plmp5_1
86 0 150543 7 66.898636 plmp5_1
86 0 2959732 8 66.898636 plmp5_1
86 0 146553 9 66.367355 plmp5_1
87 0 111905 0 28.743725 plmp5_1
87 0 1088038 1 28.166996 plmp5_1
87 0 110760 2 27.48617 plmp5_1
87 0 110372 3 27.007603 plmp5_1
87 0 106464 4 26.74437 plmp5_1
87 0 143378 5 26.653894 plmp5_1
87 0 104480 6 26.22663 plmp5_1
87 0 107238 7 24.092838 plmp5_1
87 0 2788474 8 23.820776 plmp5_1
87 0 112689 9 23.636126 plmp5_1
88 0 2654277 0 63.078037 plmp5_1
88 0 182991 1 61.747044 plmp5_1
88 0 182992 2 61.445293 plmp5_1
88 0 149653 3 58.57299 plmp5_1
88 0 145897 4 57.76127 plmp5_1
88 0 625832 5 52.80456 plmp5_1
88 0 626055 6 52.80456 plmp5_1
88 0 1756 7 52.14573 plmp5_1
88 0 118339 8 51.615826 plmp5_1
88 0 130159 9 49.01445 plmp5_1
89 0 4151822 0 144.03136 plmp5_1
89 0 2770446 1 135.21312 plmp5_1
89 0 2812588 2 118.968414 plmp5_1
89 0 4162110 3 93.68375 plmp5_1
89 0 145817 4 66.8205 plmp5_1
89 0 134747 5 66.319984 plmp5_1
89 0 145647 6 64.484985 plmp5_1
89 0 4162111 7 58.19959 plmp5_1
89 0 145954 8 55.957447 plmp5_1
89 0 219509 9 46.549046 plmp5_1
90 0 4151822 0 164.79669 plmp5_1
90 0 2812588 1 145.6138 plmp5_1
90 0 2770446 2 115.89306 plmp5_1
90 0 145626 3 97.12915 plmp5_1
90 0 4106440 4 90.55945 plmp5_1
90 0 130150 5 87.4246 plmp5_1
90 0 4162110 6 86.97349 plmp5_1
90 0 626454 7 84.59456 plmp5_1
90 0 3181025 8 84.20979 plmp5_1
90 0 2620698 9 80.04551 plmp5_1
91 0 3212514 0 182.92386 plmp5_1
91 0 145892 1 74.81135 plmp5_1
91 0 145785 2 72.737495 plmp5_1
91 0 109857 3 72.018364 plmp5_1
91 0 110249 4 70.79238 plmp5_1
91 0 118507 5 69.340706 plmp5_1
91 0 1087959 6 68.455505 plmp5_1
91 0 219097 7 67.78041 plmp5_1
91 0 145873 8 64.566345 plmp5_1
91 0 110213 9 64.36625 plmp5_1
92 0 3212514 0 180.61885 plmp5_1
92 0 110249 1 94.38005 plmp5_1
92 0 1087959 2 86.24763 plmp5_1
92 0 118507 3 84.95644 plmp5_1
92 0 145892 4 73.848015 plmp5_1
92 0 134725 5 69.73549 plmp5_1
92 0 109857 6 67.581184 plmp5_1
92 0 219097 7 67.370445 plmp5_1
92 0 118328 8 64.225204 plmp5_1
92 0 110032 9 64.02375 plmp5_1
93 0 145901 0 128.2583 plmp5_1
93 0 118334 1 126.46139 plmp5_1
93 0 117874 2 122.61342 plmp5_1
93 0 130158 3 121.505775 plmp5_1
93 0 112824 4 120.953476 plmp5_1
93 0 118107 5 120.49756 plmp5_1
93 0 112905 6 115.29642 plmp5_1
93 0 2788983 7 112.095345 plmp5_1
93 0 118129 8 111.20719 plmp5_1
93 0 931614 9 110.545265 plmp5_1
94 0 931614 0 132.08209 plmp5_1
94 0 145901 1 121.67621 plmp5_1
94 0 117874 2 111.67663 plmp5_1
94 0 2788983 3 110.64786 plmp5_1
94 0 112824 4 103.979774 plmp5_1
94 0 4151827 5 101.97318 plmp5_1
94 0 3195891 6 101.47811 plmp5_1
94 0 118334 7 99.574974 plmp5_1
94 0 118129 8 99.167984 plmp5_1
94 0 145627 9 97.699234 plmp5_1
95 0 108555 0 66.67363 plmp5_1
95 0 105495 1 65.966774 plmp5_1
95 0 107232 2 59.67908 plmp5_1
95 0 106171 3 54.822247 plmp5_1
95 0 107475 4 53.263107 plmp5_1
95 0 103631 5 44.471447 plmp5_1
95 0 106073 6 42.08838 plmp5_1
95 0 109444 7 41.71841 plmp5_1
95 0 112750 8 40.49632 plmp5_1
95 0 101996 9 40.371887 plmp5_1
96 0 108555 0 68.07573 plmp5_1
96 0 103631 1 64.72184 plmp5_1
96 0 92746 2 52.740147 plmp5_1
96 0 92705 3 52.393745 plmp5_1
96 0 96542 4 51.47282 plmp5_1
96 0 93739 5 48.64725 plmp5_1
96 0 93395 6 47.460297 plmp5_1
96 0 96341 7 47.251186 plmp5_1
96 0 96359 8 46.802784 plmp5_1
96 0 96850 9 45.9753 plmp5_1
97 0 112101 0 80.74322 plmp5_1
97 0 111922 1 56.848446 plmp5_1
97 0 117959 2 35.116375 plmp5_1
97 0 820748 3 32.61741 plmp5_1
97 0 146554 4 30.611538 plmp5_1
97 0 112247 5 29.148514 plmp5_1
97 0 2655597 6 28.919775 plmp5_1
97 0 112574 7 28.739796 plmp5_1
97 0 111215 8 28.431675 plmp5_1
97 0 2959743 9 28.146545 plmp5_1
98 0 118467 0 25.046139 plmp5_1
98 0 2655591 1 23.246698 plmp5_1
98 0 134732 2 22.898935 plmp5_1
98 0 2676593 3 21.659231 plmp5_1
98 0 3181481 4 21.471655 plmp5_1
98 0 145822 5 21.13505 plmp5_1
98 0 145804 6 21.121521 plmp5_1
98 0 112901 7 21.085587 plmp5_1
98 0 103809 8 20.996264 plmp5_1
98 0 112574 9 20.970587 plmp5_1
99 0 112267 0 92.9384 plmp5_1
99 0 111884 1 66.57684 plmp5_1
99 0 110552 2 53.476852 plmp5_1
99 0 112723 3 48.78128 plmp5_1
99 0 110578 4 43.84602 plmp5_1
99 0 109976 5 41.814808 plmp5_1
99 0 104759 6 40.59186 plmp5_1
99 0 145914 7 39.78925 plmp5_1
99 0 118121 8 39.607765 plmp5_1
99 0 111484 9 37.257725 plmp5_1
100 0 112267 0 88.65305 plmp5_1
100 0 110552 1 75.88242 plmp5_1
100 0 111884 2 67.86725 plmp5_1
100 0 102906 3 62.007442 plmp5_1
100 0 102981 4 59.440895 plmp5_1
100 0 108405 5 59.18248 plmp5_1
100 0 104524 6 58.10253 plmp5_1
100 0 110296 7 58.079998 plmp5_1
100 0 110098 8 56.094765 plmp5_1
100 0 104883 9 56.021637 plmp5_1
