1 0 3204919 0 70.24852 plmp7_10
1 0 2649076 1 64.084915 plmp7_10
1 0 111116 2 63.47398 plmp7_10
1 0 111824 3 63.310204 plmp7_10
1 0 219733 4 62.6922 plmp7_10
1 0 220342 5 62.6922 plmp7_10
1 0 219732 6 61.929848 plmp7_10
1 0 149702 7 61.825985 plmp7_10
1 0 112436 8 61.738506 plmp7_10
1 0 3158927 9 61.61554 plmp7_10
2 0 145692 0 74.93925 plmp7_10
2 0 103631 1 66.678 plmp7_10
2 0 108555 2 63.210663 plmp7_10
2 0 104571 3 60.70412 plmp7_10
2 0 112750 4 59.422653 plmp7_10
2 0 106522 5 59.352863 plmp7_10
2 0 103549 6 58.897926 plmp7_10
2 0 104671 7 58.36518 plmp7_10
2 0 107016 8 57.838444 plmp7_10
2 0 109745 9 57.58538 plmp7_10
3 0 3162143 0 110.55301 plmp7_10
3 0 118475 1 98.5669 plmp7_10
3 0 215496 2 98.28087 plmp7_10
3 0 215694 3 98.28087 plmp7_10
3 0 2959735 4 98.27982 plmp7_10
3 0 117907 5 95.694374 plmp7_10
3 0 903973 6 94.0483 plmp7_10
3 0 118394 7 93.66422 plmp7_10
3 0 130157 8 93.32459 plmp7_10
3 0 117959 9 91.71822 plmp7_10
4 0 215694 0 173.27043 plmp7_10
4 0 2959735 1 173.26834 plmp7_10
4 0 215496 2 173.20493 plmp7_10
4 0 3162143 3 153.68497 plmp7_10
4 0 118029 4 141.97372 plmp7_10
4 0 623142 5 139.12498 plmp7_10
4 0 149007 6 137.69427 plmp7_10
4 0 78783 7 133.26437 plmp7_10
4 0 903973 8 132.15147 plmp7_10
4 0 145890 9 128.08028 plmp7_10
5 0 1740 0 61.970303 plmp7_10
5 0 110831 1 60.692898 plmp7_10
5 0 110056 2 59.89511 plmp7_10
5 0 145652 3 58.98728 plmp7_10
5 0 131163 4 57.39072 plmp7_10
5 0 118217 5 54.88748 plmp7_10
5 0 112699 6 54.18127 plmp7_10
5 0 110916 7 53.89081 plmp7_10
5 0 118329 8 53.65611 plmp7_10
5 0 118025 9 53.41697 plmp7_10
6 0 110654 0 73.307846 plmp7_10
6 0 110056 1 64.121895 plmp7_10
6 0 111258 2 59.20215 plmp7_10
6 0 3203656 3 56.7473 plmp7_10
6 0 3206414 4 56.7473 plmp7_10
6 0 112072 5 56.042088 plmp7_10
6 0 110701 6 54.816044 plmp7_10
6 0 110097 7 54.75493 plmp7_10
6 0 111114 8 54.116627 plmp7_10
6 0 111252 9 53.25929 plmp7_10
7 0 3195892 0 45.38551 plmp7_10
7 0 118511 1 44.61375 plmp7_10
7 0 110932 2 44.487015 plmp7_10
7 0 2655591 3 44.473125 plmp7_10
7 0 147531 4 44.35835 plmp7_10
7 0 134749 5 43.646584 plmp7_10
7 0 145715 6 43.466175 plmp7_10
7 0 2678467 7 43.187183 plmp7_10
7 0 2679202 8 43.187183 plmp7_10
7 0 2959746 9 43.187183 plmp7_10
8 0 112174 0 111.65538 plmp7_10
8 0 134749 1 107.731636 plmp7_10
8 0 145868 2 99.595085 plmp7_10
8 0 145715 3 95.5812 plmp7_10
8 0 147531 4 91.77205 plmp7_10
8 0 112834 5 91.14024 plmp7_10
8 0 2678467 6 86.0434 plmp7_10
8 0 2679202 7 86.0434 plmp7_10
8 0 2959746 8 86.0434 plmp7_10
8 0 112748 9 81.92702 plmp7_10
9 0 2675751 0 110.05884 plmp7_10
9 0 118317 1 104.83376 plmp7_10
9 0 118323 2 101.97283 plmp7_10
9 0 147530 3 99.92773 plmp7_10
9 0 127923 4 99.570595 plmp7_10
9 0 118212 5 99.048325 plmp7_10
9 0 127887 6 96.509605 plmp7_10
9 0 118318 7 96.15608 plmp7_10
9 0 118011 8 96.11909 plmp7_10
9 0 108763 9 94.951744 plmp7_10
10 0 111500 0 132.3389 plmp7_10
10 0 112423 1 128.44832 plmp7_10
10 0 118087 2 118.30326 plmp7_10
10 0 112657 3 115.83543 plmp7_10
10 0 112800 4 113.30335 plmp7_10
10 0 118511 5 111.969406 plmp7_10
10 0 112293 6 110.682076 plmp7_10
10 0 111949 7 108.54789 plmp7_10
10 0 118236 8 108.51044 plmp7_10
10 0 112291 9 107.80477 plmp7_10
11 0 2809767 0 60.298508 plmp7_10
11 0 2811850 1 60.298508 plmp7_10
11 0 217512 2 60.149128 plmp7_10
11 0 148483 3 60.0438 plmp7_10
11 0 150541 4 59.150204 plmp7_10
11 0 2810524 5 58.80947 plmp7_10
11 0 2811846 6 58.80947 plmp7_10
11 0 216733 7 58.657124 plmp7_10
11 0 145960 8 58.654415 plmp7_10
11 0 873668 9 57.947205 plmp7_10
12 0 2672535 0 69.03054 plmp7_10
12 0 3211503 1 63.42799 plmp7_10
12 0 3207860 2 62.968655 plmp7_10
12 0 2790213 3 60.85018 plmp7_10
12 0 3177197 4 60.014244 plmp7_10
12 0 3171723 5 59.784462 plmp7_10
12 0 3214780 6 59.47048 plmp7_10
12 0 3171725 7 58.939972 plmp7_10
12 0 2809767 8 58.935875 plmp7_10
12 0 2811850 9 58.935875 plmp7_10
13 0 2812588 0 86.67824 plmp7_10
13 0 614392 1 78.36783 plmp7_10
13 0 614485 2 78.36783 plmp7_10
13 0 2642828 3 76.26891 plmp7_10
13 0 108605 4 74.2083 plmp7_10
13 0 111455 5 73.76431 plmp7_10
13 0 145967 6 73.740746 plmp7_10
13 0 150543 7 73.523636 plmp7_10
13 0 2959732 8 73.523445 plmp7_10
13 0 802973 9 73.07785 plmp7_10
14 0 2670965 0 52.27565 plmp7_10
14 0 111330 1 52.115757 plmp7_10
14 0 111271 2 50.958378 plmp7_10
14 0 118015 3 50.299236 plmp7_10
14 0 213842 4 50.267086 plmp7_10
14 0 122258 5 49.784637 plmp7_10
14 0 111125 6 48.917267 plmp7_10
14 0 2809766 7 48.907097 plmp7_10
14 0 2811849 8 48.907097 plmp7_10
14 0 799976 9 48.501194 plmp7_10
15 0 2812588 0 132.34894 plmp7_10
15 0 4151822 1 108.8131 plmp7_10
15 0 2770446 2 107.32891 plmp7_10
15 0 2809767 3 80.49072 plmp7_10
15 0 2811850 4 80.49072 plmp7_10
15 0 2810525 5 73.04366 plmp7_10
15 0 2811847 6 73.04366 plmp7_10
15 0 2809766 7 72.97669 plmp7_10
15 0 2811849 8 72.97669 plmp7_10
15 0 4171965 9 70.89515 plmp7_10
16 0 4151822 0 91.65906 plmp7_10
16 0 2812588 1 65.316864 plmp7_10
16 0 4151826 2 64.14352 plmp7_10
16 0 4155979 3 61.88422 plmp7_10
16 0 3177198 4 61.815662 plmp7_10
16 0 4168362 5 61.808765 plmp7_10
16 0 4161362 6 61.35723 plmp7_10
16 0 3205768 7 61.267994 plmp7_10
16 0 4151830 8 61.165756 plmp7_10
16 0 3171727 9 60.857277 plmp7_10
17 0 148484 0 46.706806 plmp7_10
17 0 131156 1 45.970497 plmp7_10
17 0 134749 2 45.782074 plmp7_10
17 0 112428 3 45.525555 plmp7_10
17 0 111122 4 44.976055 plmp7_10
17 0 109218 5 44.954803 plmp7_10
17 0 112143 6 44.844833 plmp7_10
17 0 4161362 7 44.567997 plmp7_10
17 0 108902 8 44.357853 plmp7_10
17 0 217512 9 43.985466 plmp7_10
18 0 205712 0 107.62591 plmp7_10
18 0 620566 1 103.91438 plmp7_10
18 0 148484 2 102.33616 plmp7_10
18 0 145664 3 99.13517 plmp7_10
18 0 145119 4 97.56591 plmp7_10
18 0 145896 5 95.72605 plmp7_10
18 0 2795703 6 95.35466 plmp7_10
18 0 2797292 7 95.35466 plmp7_10
18 0 182990 8 93.88597 plmp7_10
18 0 217512 9 93.62805 plmp7_10
19 0 2654533 0 124.1256 plmp7_10
19 0 2654756 1 124.1256 plmp7_10
19 0 112775 2 106.678505 plmp7_10
19 0 112808 3 106.30973 plmp7_10
19 0 118018 4 102.87638 plmp7_10
19 0 4151825 5 98.04287 plmp7_10
19 0 2654534 6 96.71584 plmp7_10
19 0 145121 7 96.435745 plmp7_10
19 0 112793 8 96.31481 plmp7_10
19 0 145860 9 95.57235 plmp7_10
20 0 2654533 0 129.62296 plmp7_10
20 0 2654756 1 129.62296 plmp7_10
20 0 112775 2 109.37299 plmp7_10
20 0 4151825 3 100.707 plmp7_10
20 0 145121 4 98.674614 plmp7_10
20 0 112808 5 98.13112 plmp7_10
20 0 110676 6 98.10582 plmp7_10
20 0 110085 7 97.845955 plmp7_10
20 0 110126 8 96.98074 plmp7_10
20 0 110506 9 95.61347 plmp7_10
21 0 873660 0 130.9881 plmp7_10
21 0 112799 1 120.14628 plmp7_10
21 0 117890 2 119.18526 plmp7_10
21 0 118119 3 114.81507 plmp7_10
21 0 118081 4 113.952644 plmp7_10
21 0 118416 5 113.60561 plmp7_10
21 0 2681317 6 113.522095 plmp7_10
21 0 121159 7 112.86053 plmp7_10
21 0 2659300 8 111.076294 plmp7_10
21 0 111438 9 110.11594 plmp7_10
22 0 2659300 0 149.61375 plmp7_10
22 0 117890 1 143.72604 plmp7_10
22 0 112799 2 133.8186 plmp7_10
22 0 118081 3 124.43403 plmp7_10
22 0 112774 4 124.31125 plmp7_10
22 0 118416 5 122.884766 plmp7_10
22 0 2681317 6 120.59572 plmp7_10
22 0 145925 7 120.01413 plmp7_10
22 0 112846 8 119.58843 plmp7_10
22 0 118119 9 117.62595 plmp7_10
23 0 118449 0 98.24619 plmp7_10
23 0 112257 1 90.50858 plmp7_10
23 0 2811847 2 90.44387 plmp7_10
23 0 2810525 3 90.43917 plmp7_10
23 0 142878 4 79.55492 plmp7_10
23 0 2675750 5 78.96037 plmp7_10
23 0 118180 6 77.45242 plmp7_10
23 0 1738 7 75.76707 plmp7_10
23 0 112924 8 75.60707 plmp7_10
23 0 145121 9 75.26707 plmp7_10
24 0 112693 0 34.635803 plmp7_10
24 0 142894 1 33.834576 plmp7_10
24 0 145778 2 33.08214 plmp7_10
24 0 118449 3 32.66642 plmp7_10
24 0 112257 4 31.856827 plmp7_10
24 0 127927 5 31.66769 plmp7_10
24 0 127891 6 31.644686 plmp7_10
24 0 118401 7 31.327978 plmp7_10
24 0 1738 8 31.292446 plmp7_10
24 0 137736 9 30.44883 plmp7_10
25 0 112616 0 108.642105 plmp7_10
25 0 2655499 1 82.57834 plmp7_10
25 0 110318 2 80.85062 plmp7_10
25 0 108792 3 74.65964 plmp7_10
25 0 111495 4 73.34964 plmp7_10
25 0 821305 5 71.32795 plmp7_10
25 0 112700 6 70.40448 plmp7_10
25 0 112457 7 66.24021 plmp7_10
25 0 2671723 8 64.182205 plmp7_10
25 0 109919 9 62.89644 plmp7_10
26 0 117872 0 114.28309 plmp7_10
26 0 112616 1 104.96474 plmp7_10
26 0 118026 2 99.65163 plmp7_10
26 0 112324 3 96.03696 plmp7_10
26 0 112045 4 95.510635 plmp7_10
26 0 112457 5 92.03357 plmp7_10
26 0 145758 6 91.50808 plmp7_10
26 0 127910 7 91.21928 plmp7_10
26 0 145779 8 90.85952 plmp7_10
26 0 117841 9 87.56437 plmp7_10
27 0 4157382 0 165.85214 plmp7_10
27 0 4157405 1 165.85214 plmp7_10
27 0 112346 2 111.4846 plmp7_10
27 0 111141 3 108.89439 plmp7_10
27 0 112523 4 100.437904 plmp7_10
27 0 110384 5 89.36598 plmp7_10
27 0 145827 6 87.28254 plmp7_10
27 0 112792 7 87.0079 plmp7_10
27 0 3204918 8 85.69191 plmp7_10
27 0 217703 9 85.57707 plmp7_10
28 0 4157382 0 147.51031 plmp7_10
28 0 4157405 1 147.51031 plmp7_10
28 0 112346 2 107.41706 plmp7_10
28 0 111141 3 98.66433 plmp7_10
28 0 118489 4 81.35218 plmp7_10
28 0 110384 5 75.23681 plmp7_10
28 0 112071 6 74.474174 plmp7_10
28 0 931121 7 74.43739 plmp7_10
28 0 111145 8 74.41358 plmp7_10
28 0 110706 9 73.83131 plmp7_10
29 0 118400 0 41.686024 plmp7_10
29 0 4151826 1 40.940178 plmp7_10
29 0 117875 2 39.989838 plmp7_10
29 0 145632 3 39.689014 plmp7_10
29 0 205788 4 38.940506 plmp7_10
29 0 145708 5 38.70911 plmp7_10
29 0 118044 6 38.53565 plmp7_10
29 0 111471 7 38.52094 plmp7_10
29 0 112810 8 38.412556 plmp7_10
29 0 137739 9 38.191574 plmp7_10
30 0 205788 0 108.71239 plmp7_10
30 0 145841 1 106.548004 plmp7_10
30 0 145708 2 103.50565 plmp7_10
30 0 218921 3 102.80261 plmp7_10
30 0 145761 4 102.47398 plmp7_10
30 0 137739 5 101.26677 plmp7_10
30 0 4151826 6 99.22875 plmp7_10
30 0 112704 7 98.33254 plmp7_10
30 0 148795 8 95.488686 plmp7_10
30 0 118117 9 95.46829 plmp7_10
31 0 118023 0 76.01895 plmp7_10
31 0 108766 1 71.471054 plmp7_10
31 0 112356 2 71.057755 plmp7_10
31 0 2795279 3 70.29569 plmp7_10
31 0 118458 4 69.91089 plmp7_10
31 0 112486 5 69.22868 plmp7_10
31 0 118229 6 68.98643 plmp7_10
31 0 131149 7 68.829 plmp7_10
31 0 118139 8 68.31603 plmp7_10
31 0 109450 9 67.63536 plmp7_10
32 0 112329 0 62.23462 plmp7_10
32 0 111434 1 59.14834 plmp7_10
32 0 1728 2 59.115547 plmp7_10
32 0 112850 3 58.57019 plmp7_10
32 0 112447 4 58.429348 plmp7_10
32 0 117853 5 54.308804 plmp7_10
32 0 145710 6 52.739037 plmp7_10
32 0 111596 7 51.82173 plmp7_10
32 0 117963 8 51.51875 plmp7_10
32 0 112090 9 50.974514 plmp7_10
33 0 145870 0 68.80395 plmp7_10
33 0 112325 1 67.126724 plmp7_10
33 0 2676594 2 66.82135 plmp7_10
33 0 121158 3 66.78407 plmp7_10
33 0 4151822 4 66.616035 plmp7_10
33 0 112485 5 66.43507 plmp7_10
33 0 112487 6 65.63649 plmp7_10
33 0 2812588 7 65.23362 plmp7_10
33 0 2675753 8 64.64007 plmp7_10
33 0 2679204 9 64.64007 plmp7_10
34 0 2676594 0 242.48032 plmp7_10
34 0 2675753 1 237.45204 plmp7_10
34 0 2679204 2 237.45204 plmp7_10
34 0 2809767 3 172.534 plmp7_10
34 0 2811850 4 172.534 plmp7_10
34 0 121158 5 107.812836 plmp7_10
34 0 3216389 6 103.87353 plmp7_10
34 0 136994 7 98.40515 plmp7_10
34 0 112325 8 97.95454 plmp7_10
34 0 137727 9 94.41238 plmp7_10
35 0 821306 0 51.286346 plmp7_10
35 0 2678134 1 47.205135 plmp7_10
35 0 102737 2 47.068806 plmp7_10
35 0 134742 3 46.852703 plmp7_10
35 0 145660 4 45.590256 plmp7_10
35 0 219617 5 45.293056 plmp7_10
35 0 118079 6 45.16456 plmp7_10
35 0 2801432 7 44.93443 plmp7_10
35 0 148796 8 44.812603 plmp7_10
35 0 2621066 9 44.256268 plmp7_10
36 0 1087952 0 75.67954 plmp7_10
36 0 118238 1 75.65889 plmp7_10
36 0 118319 2 73.88023 plmp7_10
36 0 899494 3 73.525925 plmp7_10
36 0 118329 4 72.92078 plmp7_10
36 0 118424 5 72.19303 plmp7_10
36 0 821306 6 71.99746 plmp7_10
36 0 110225 7 71.73687 plmp7_10
36 0 109923 8 71.34992 plmp7_10
36 0 112314 9 71.2564 plmp7_10
37 0 118269 0 59.442513 plmp7_10
37 0 4151829 1 58.908607 plmp7_10
37 0 145731 2 57.074387 plmp7_10
37 0 110774 3 55.470036 plmp7_10
37 0 110742 4 55.19685 plmp7_10
37 0 112910 5 54.9838 plmp7_10
37 0 145629 6 54.82862 plmp7_10
37 0 111982 7 53.67273 plmp7_10
37 0 111561 8 53.61294 plmp7_10
37 0 118290 9 53.50839 plmp7_10
38 0 145855 0 88.43365 plmp7_10
38 0 145731 1 86.10295 plmp7_10
38 0 4151829 2 80.65328 plmp7_10
38 0 118269 3 68.933624 plmp7_10
38 0 111420 4 63.835804 plmp7_10
38 0 111982 5 63.583668 plmp7_10
38 0 1993216 6 63.081787 plmp7_10
38 0 112292 7 62.679684 plmp7_10
38 0 110774 8 61.940655 plmp7_10
38 0 112910 9 58.75221 plmp7_10
39 0 112568 0 78.71529 plmp7_10
39 0 112420 1 66.29462 plmp7_10
39 0 111432 2 62.26157 plmp7_10
39 0 621044 3 58.24705 plmp7_10
39 0 621090 4 58.24705 plmp7_10
39 0 2959739 5 58.24705 plmp7_10
39 0 2959744 6 57.904007 plmp7_10
39 0 855518 7 57.904007 plmp7_10
39 0 2674861 8 57.137867 plmp7_10
39 0 2675754 9 57.137867 plmp7_10
40 0 105200 0 98.13156 plmp7_10
40 0 621044 1 93.785545 plmp7_10
40 0 621090 2 93.785545 plmp7_10
40 0 2959739 3 93.785545 plmp7_10
40 0 122254 4 89.431496 plmp7_10
40 0 2959744 5 89.3221 plmp7_10
40 0 855518 6 89.3221 plmp7_10
40 0 2144 7 88.16542 plmp7_10
40 0 1731 8 85.62892 plmp7_10
40 0 3195892 9 80.96386 plmp7_10
41 0 2654533 0 106.94156 plmp7_10
41 0 2654756 1 106.94156 plmp7_10
41 0 111198 2 106.40672 plmp7_10
41 0 112924 3 106.343636 plmp7_10
41 0 111891 4 98.95038 plmp7_10
41 0 109186 5 96.677795 plmp7_10
41 0 112731 6 94.60068 plmp7_10
41 0 127916 7 94.065285 plmp7_10
41 0 2811847 8 92.43349 plmp7_10
41 0 2810525 9 92.42879 plmp7_10
42 0 2654533 0 120.1834 plmp7_10
42 0 2654756 1 120.1834 plmp7_10
42 0 111198 2 112.23001 plmp7_10
42 0 111891 3 109.35941 plmp7_10
42 0 112585 4 105.350006 plmp7_10
42 0 109186 5 104.19548 plmp7_10
42 0 110132 6 103.51027 plmp7_10
42 0 112731 7 102.87324 plmp7_10
42 0 112924 8 102.85657 plmp7_10
42 0 109352 9 101.344185 plmp7_10
43 0 112920 0 85.17064 plmp7_10
43 0 2680590 1 83.43124 plmp7_10
43 0 2959745 2 83.43124 plmp7_10
43 0 112305 3 80.42272 plmp7_10
43 0 112803 4 76.78218 plmp7_10
43 0 118148 5 72.70283 plmp7_10
43 0 112139 6 64.82289 plmp7_10
43 0 112644 7 64.75555 plmp7_10
43 0 100926 8 64.59572 plmp7_10
43 0 2784695 9 63.71595 plmp7_10
44 0 92563 0 28.499249 plmp7_10
44 0 142881 1 23.854776 plmp7_10
44 0 109907 2 23.79539 plmp7_10
44 0 145903 3 23.598375 plmp7_10
44 0 118182 4 23.414303 plmp7_10
44 0 86932 5 23.198889 plmp7_10
44 0 3213871 6 23.151 plmp7_10
44 0 110076 7 23.098923 plmp7_10
44 0 99873 8 22.650122 plmp7_10
44 0 105438 9 22.632566 plmp7_10
45 0 3204917 0 138.48103 plmp7_10
45 0 866024 1 123.82283 plmp7_10
45 0 858802 2 123.82283 plmp7_10
45 0 2804673 3 117.189835 plmp7_10
45 0 150542 4 117.13174 plmp7_10
45 0 623145 5 116.68364 plmp7_10
45 0 3181481 6 114.83354 plmp7_10
45 0 145861 7 114.39081 plmp7_10
45 0 800568 8 113.210175 plmp7_10
45 0 626207 9 111.608475 plmp7_10
46 0 866024 0 237.0499 plmp7_10
46 0 858802 1 237.03958 plmp7_10
46 0 2804673 2 163.25067 plmp7_10
46 0 3204917 3 158.70352 plmp7_10
46 0 903971 4 155.00311 plmp7_10
46 0 2959742 5 155.00311 plmp7_10
46 0 623145 6 151.30603 plmp7_10
46 0 150542 7 139.83759 plmp7_10
46 0 2657927 8 138.70706 plmp7_10
46 0 145861 9 134.5266 plmp7_10
47 0 2674861 0 105.57993 plmp7_10
47 0 2675754 1 105.57993 plmp7_10
47 0 2795703 2 67.80684 plmp7_10
47 0 2797292 3 67.80684 plmp7_10
47 0 2671723 4 65.12176 plmp7_10
47 0 4172500 5 64.195045 plmp7_10
47 0 111362 6 63.83745 plmp7_10
47 0 2678133 7 63.539047 plmp7_10
47 0 121149 8 63.20497 plmp7_10
47 0 145727 9 62.147305 plmp7_10
48 0 2674861 0 120.63449 plmp7_10
48 0 2675754 1 120.63449 plmp7_10
48 0 112867 2 74.789406 plmp7_10
48 0 111362 3 74.52415 plmp7_10
48 0 3170727 4 72.75177 plmp7_10
48 0 142882 5 71.228775 plmp7_10
48 0 96147 6 69.46345 plmp7_10
48 0 106385 7 68.90717 plmp7_10
48 0 118471 8 67.57761 plmp7_10
48 0 145756 9 67.05413 plmp7_10
49 0 2810525 0 64.99757 plmp7_10
49 0 2811847 1 64.99757 plmp7_10
49 0 3153112 2 40.35593 plmp7_10
49 0 4151826 3 38.3634 plmp7_10
49 0 2809767 4 38.05878 plmp7_10
49 0 2811850 5 38.05878 plmp7_10
49 0 2809764 6 37.83435 plmp7_10
49 0 2812210 7 36.36317 plmp7_10
49 0 2812585 8 36.056293 plmp7_10
49 0 2809766 9 36.03492 plmp7_10
50 0 3153112 0 65.501595 plmp7_10
50 0 2810525 1 63.099323 plmp7_10
50 0 2811847 2 63.099323 plmp7_10
50 0 4151826 3 62.43996 plmp7_10
50 0 2812585 4 57.7893 plmp7_10
50 0 2809767 5 56.90519 plmp7_10
50 0 2811850 6 56.90519 plmp7_10
50 0 3177197 7 56.729446 plmp7_10
50 0 4162535 8 56.35497 plmp7_10
50 0 2811844 9 56.348686 plmp7_10
51 0 112770 0 82.19903 plmp7_10
51 0 2812589 1 62.484882 plmp7_10
51 0 2959749 2 62.484882 plmp7_10
51 0 134749 3 58.274464 plmp7_10
51 0 118423 4 57.95981 plmp7_10
51 0 78783 5 57.759274 plmp7_10
51 0 112931 6 57.34897 plmp7_10
51 0 142898 7 57.188683 plmp7_10
51 0 616433 8 56.71883 plmp7_10
51 0 145643 9 56.388454 plmp7_10
52 0 112770 0 52.630672 plmp7_10
52 0 112243 1 47.27067 plmp7_10
52 0 112931 2 45.75842 plmp7_10
52 0 98744 3 45.188637 plmp7_10
52 0 103439 4 42.52218 plmp7_10
52 0 103302 5 42.481655 plmp7_10
52 0 89354 6 41.124386 plmp7_10
52 0 85451 7 40.97254 plmp7_10
52 0 103145 8 40.436344 plmp7_10
52 0 90478 9 40.411922 plmp7_10
53 0 799985 0 85.394394 plmp7_10
53 0 2771250 1 71.863075 plmp7_10
53 0 145792 2 71.82899 plmp7_10
53 0 2808291 3 70.67477 plmp7_10
53 0 811778 4 69.99529 plmp7_10
53 0 148483 5 67.50393 plmp7_10
53 0 1744 6 65.456474 plmp7_10
53 0 117916 7 65.09206 plmp7_10
53 0 145664 8 64.94708 plmp7_10
53 0 112677 9 63.77725 plmp7_10
54 0 811778 0 87.56301 plmp7_10
54 0 872994 1 83.638435 plmp7_10
54 0 2808291 2 81.653114 plmp7_10
54 0 799985 3 81.07777 plmp7_10
54 0 625711 4 78.98143 plmp7_10
54 0 931123 5 78.85934 plmp7_10
54 0 2677565 6 75.11295 plmp7_10
54 0 621045 7 74.4735 plmp7_10
54 0 3177197 8 72.15412 plmp7_10
54 0 3170730 9 70.72159 plmp7_10
55 0 4154603 0 129.86203 plmp7_10
55 0 145731 1 102.25853 plmp7_10
55 0 118269 2 96.86547 plmp7_10
55 0 145629 3 96.05582 plmp7_10
55 0 145855 4 92.97148 plmp7_10
55 0 111261 5 89.0682 plmp7_10
55 0 110774 6 83.96128 plmp7_10
55 0 112910 7 76.7283 plmp7_10
55 0 111420 8 75.84836 plmp7_10
55 0 109062 9 72.37892 plmp7_10
56 0 4154603 0 161.36226 plmp7_10
56 0 145731 1 123.217 plmp7_10
56 0 118269 2 113.572945 plmp7_10
56 0 145629 3 109.53164 plmp7_10
56 0 145855 4 107.110115 plmp7_10
56 0 112910 5 100.954094 plmp7_10
56 0 111261 6 98.27653 plmp7_10
56 0 110774 7 96.1606 plmp7_10
56 0 111420 8 85.52534 plmp7_10
56 0 1993216 9 83.669785 plmp7_10
57 0 867644 0 91.55931 plmp7_10
57 0 802408 1 90.29865 plmp7_10
57 0 117856 2 85.78817 plmp7_10
57 0 118297 3 83.58948 plmp7_10
57 0 122254 4 83.44681 plmp7_10
57 0 112324 5 82.43672 plmp7_10
57 0 2959744 6 80.96142 plmp7_10
57 0 855518 7 80.96142 plmp7_10
57 0 110661 8 80.50817 plmp7_10
57 0 2680590 9 80.4735 plmp7_10
58 0 145735 0 86.82937 plmp7_10
58 0 112467 1 78.32079 plmp7_10
58 0 2676592 2 77.13161 plmp7_10
58 0 217702 3 76.331825 plmp7_10
58 0 108547 4 75.3488 plmp7_10
58 0 106179 5 72.99509 plmp7_10
58 0 145800 6 72.308556 plmp7_10
58 0 4172497 7 70.78119 plmp7_10
58 0 110330 8 70.062675 plmp7_10
58 0 106848 9 69.356476 plmp7_10
59 0 2788983 0 211.44278 plmp7_10
59 0 4170685 1 186.08867 plmp7_10
59 0 118037 2 173.6062 plmp7_10
59 0 145627 3 171.5324 plmp7_10
59 0 117968 4 167.15198 plmp7_10
59 0 118129 5 164.94893 plmp7_10
59 0 118040 6 158.54945 plmp7_10
59 0 134735 7 151.7368 plmp7_10
59 0 1087691 8 151.66917 plmp7_10
59 0 118422 9 150.36401 plmp7_10
60 0 3195891 0 212.96222 plmp7_10
60 0 2788983 1 193.88826 plmp7_10
60 0 4170685 2 190.31079 plmp7_10
60 0 118129 3 184.72055 plmp7_10
60 0 145627 4 177.78415 plmp7_10
60 0 117968 5 172.56265 plmp7_10
60 0 130158 6 171.13971 plmp7_10
60 0 931614 7 170.56195 plmp7_10
60 0 118334 8 169.46498 plmp7_10
60 0 127905 9 165.74577 plmp7_10
61 0 2812210 0 114.377686 plmp7_10
61 0 145743 1 113.29488 plmp7_10
61 0 145923 2 109.5161 plmp7_10
61 0 218457 3 99.82429 plmp7_10
61 0 3195092 4 97.53311 plmp7_10
61 0 1732 5 95.26618 plmp7_10
61 0 179213 6 91.112495 plmp7_10
61 0 145815 7 89.96168 plmp7_10
61 0 218132 8 89.339676 plmp7_10
61 0 145808 9 89.33586 plmp7_10
62 0 2812210 0 54.291637 plmp7_10
62 0 110661 1 52.468082 plmp7_10
62 0 110091 2 51.41031 plmp7_10
62 0 110926 3 50.47471 plmp7_10
62 0 118299 4 49.135017 plmp7_10
62 0 118188 5 46.991104 plmp7_10
62 0 150540 6 46.781586 plmp7_10
62 0 112485 7 46.641796 plmp7_10
62 0 145810 8 45.953964 plmp7_10
62 0 1087958 9 45.83853 plmp7_10
63 0 108713 0 57.274834 plmp7_10
63 0 149702 1 56.36295 plmp7_10
63 0 91054 2 55.263416 plmp7_10
63 0 108539 3 54.883686 plmp7_10
63 0 112808 4 54.62013 plmp7_10
63 0 111250 5 54.142693 plmp7_10
63 0 107685 6 53.8804 plmp7_10
63 0 108111 7 53.34916 plmp7_10
63 0 108187 8 52.981117 plmp7_10
63 0 104521 9 52.774063 plmp7_10
64 0 3205768 0 71.82993 plmp7_10
64 0 2758568 1 67.94061 plmp7_10
64 0 3205767 2 65.95876 plmp7_10
64 0 2809766 3 62.87366 plmp7_10
64 0 2811849 4 62.87366 plmp7_10
64 0 112125 5 62.57938 plmp7_10
64 0 3207860 6 62.200386 plmp7_10
64 0 110645 7 61.56324 plmp7_10
64 0 3205736 8 61.2498 plmp7_10
64 0 3214775 9 60.41368 plmp7_10
65 0 118123 0 169.63966 plmp7_10
65 0 150540 1 101.74489 plmp7_10
65 0 110645 2 101.534294 plmp7_10
65 0 3211501 3 98.138535 plmp7_10
65 0 131165 4 95.29773 plmp7_10
65 0 873668 5 94.59259 plmp7_10
65 0 111051 6 92.06691 plmp7_10
65 0 4151825 7 88.15581 plmp7_10
65 0 112732 8 87.942726 plmp7_10
65 0 3183080 9 87.84462 plmp7_10
66 0 3211501 0 158.1726 plmp7_10
66 0 145867 1 152.62689 plmp7_10
66 0 118123 2 131.3004 plmp7_10
66 0 111632 3 124.682556 plmp7_10
66 0 112935 4 122.44397 plmp7_10
66 0 150540 5 122.19487 plmp7_10
66 0 143378 6 121.68958 plmp7_10
66 0 3213872 7 119.16451 plmp7_10
66 0 109237 8 118.94575 plmp7_10
66 0 121170 9 118.61498 plmp7_10
67 0 867645 0 116.06198 plmp7_10
67 0 145800 1 108.57688 plmp7_10
67 0 111139 2 77.71891 plmp7_10
67 0 110330 3 77.00246 plmp7_10
67 0 2810526 4 76.00344 plmp7_10
67 0 107938 5 74.25917 plmp7_10
67 0 104522 6 72.972 plmp7_10
67 0 106757 7 72.62131 plmp7_10
67 0 105131 8 72.540115 plmp7_10
67 0 103675 9 71.32591 plmp7_10
68 0 145800 0 109.38287 plmp7_10
68 0 867645 1 99.20166 plmp7_10
68 0 97584 2 73.05764 plmp7_10
68 0 97893 3 72.753944 plmp7_10
68 0 103093 4 72.16581 plmp7_10
68 0 111139 5 72.15452 plmp7_10
68 0 88704 6 71.69086 plmp7_10
68 0 94177 7 70.953026 plmp7_10
68 0 2810526 8 70.17706 plmp7_10
68 0 107938 9 68.59688 plmp7_10
69 0 112534 0 100.46218 plmp7_10
69 0 3214778 1 98.02958 plmp7_10
69 0 111709 2 97.42899 plmp7_10
69 0 110439 3 95.47831 plmp7_10
69 0 821306 4 94.58524 plmp7_10
69 0 866022 5 93.93432 plmp7_10
69 0 149289 6 91.245 plmp7_10
69 0 117859 7 90.33267 plmp7_10
69 0 110881 8 89.49475 plmp7_10
69 0 118111 9 88.9678 plmp7_10
70 0 149289 0 109.04767 plmp7_10
70 0 3214778 1 108.89505 plmp7_10
70 0 118111 2 108.43865 plmp7_10
70 0 821306 3 107.48916 plmp7_10
70 0 112534 4 105.25682 plmp7_10
70 0 111709 5 105.194145 plmp7_10
70 0 2676593 6 105.080956 plmp7_10
70 0 118379 7 102.00819 plmp7_10
70 0 109835 8 101.70833 plmp7_10
70 0 110718 9 101.2469 plmp7_10
71 0 118052 0 98.52968 plmp7_10
71 0 145121 1 98.4559 plmp7_10
71 0 112914 2 97.29858 plmp7_10
71 0 3189783 3 96.48229 plmp7_10
71 0 112904 4 92.65982 plmp7_10
71 0 112823 5 89.69454 plmp7_10
71 0 117979 6 88.44707 plmp7_10
71 0 2654533 7 88.27374 plmp7_10
71 0 2654756 8 88.27374 plmp7_10
71 0 118005 9 88.2034 plmp7_10
72 0 118052 0 110.22102 plmp7_10
72 0 112904 1 101.4769 plmp7_10
72 0 3189783 2 97.79781 plmp7_10
72 0 112914 3 96.44524 plmp7_10
72 0 145121 4 96.15983 plmp7_10
72 0 118234 5 95.86168 plmp7_10
72 0 118005 6 95.20676 plmp7_10
72 0 117979 7 93.074036 plmp7_10
72 0 112823 8 86.16047 plmp7_10
72 0 2654533 9 85.09287 plmp7_10
73 0 2804674 0 52.65933 plmp7_10
73 0 108538 1 52.556934 plmp7_10
73 0 110692 2 51.08851 plmp7_10
73 0 112206 3 50.03506 plmp7_10
73 0 106391 4 48.39296 plmp7_10
73 0 108149 5 47.61885 plmp7_10
73 0 104334 6 47.59912 plmp7_10
73 0 117851 7 47.355724 plmp7_10
73 0 111471 8 47.173546 plmp7_10
73 0 112810 9 47.063892 plmp7_10
74 0 2804674 0 68.80571 plmp7_10
74 0 107904 1 65.38113 plmp7_10
74 0 109284 2 61.844833 plmp7_10
74 0 112774 3 60.309994 plmp7_10
74 0 112902 4 58.17373 plmp7_10
74 0 127908 5 56.48307 plmp7_10
74 0 2675749 6 56.070965 plmp7_10
74 0 111755 7 55.69599 plmp7_10
74 0 108331 8 55.539337 plmp7_10
74 0 109016 9 54.03163 plmp7_10
75 0 86533 0 87.5871 plmp7_10
75 0 86460 1 86.45982 plmp7_10
75 0 110964 2 86.05746 plmp7_10
75 0 3189783 3 85.10067 plmp7_10
75 0 2675751 4 84.74552 plmp7_10
75 0 89410 5 83.79152 plmp7_10
75 0 88610 6 82.62024 plmp7_10
75 0 96318 7 82.48968 plmp7_10
75 0 112904 8 81.26241 plmp7_10
75 0 2681318 9 80.92661 plmp7_10
76 0 112919 0 99.40909 plmp7_10
76 0 2679833 1 92.12454 plmp7_10
76 0 2680440 2 92.12454 plmp7_10
76 0 118360 3 88.96015 plmp7_10
76 0 110779 4 88.523056 plmp7_10
76 0 111560 5 86.02579 plmp7_10
76 0 108900 6 85.78371 plmp7_10
76 0 150540 7 85.430176 plmp7_10
76 0 2670966 8 85.40987 plmp7_10
76 0 1087895 9 83.751854 plmp7_10
77 0 4151822 0 115.07949 plmp7_10
77 0 2812588 1 113.46806 plmp7_10
77 0 145817 2 104.04106 plmp7_10
77 0 111455 3 101.85721 plmp7_10
77 0 112726 4 99.09423 plmp7_10
77 0 111029 5 95.08438 plmp7_10
77 0 134747 6 94.28635 plmp7_10
77 0 145647 7 94.063835 plmp7_10
77 0 2770446 8 93.85898 plmp7_10
77 0 1087693 9 88.2426 plmp7_10
78 0 145632 0 46.425705 plmp7_10
78 0 2812588 1 44.784992 plmp7_10
78 0 104296 2 40.624123 plmp7_10
78 0 111250 3 40.533905 plmp7_10
78 0 112485 4 40.24114 plmp7_10
78 0 117968 5 39.674427 plmp7_10
78 0 802973 6 39.555744 plmp7_10
78 0 803271 7 39.555744 plmp7_10
78 0 2959737 8 39.555744 plmp7_10
78 0 111271 9 39.39753 plmp7_10
79 0 111009 0 143.17068 plmp7_10
79 0 118143 1 132.43137 plmp7_10
79 0 111470 2 121.88349 plmp7_10
79 0 110221 3 102.185005 plmp7_10
79 0 2680438 4 78.920715 plmp7_10
79 0 118513 5 77.882675 plmp7_10
79 0 110183 6 72.27458 plmp7_10
79 0 111964 7 70.35067 plmp7_10
79 0 109626 8 65.48378 plmp7_10
79 0 106328 9 64.307205 plmp7_10
80 0 118143 0 114.92925 plmp7_10
80 0 111009 1 109.47437 plmp7_10
80 0 111470 2 107.694084 plmp7_10
80 0 145859 3 92.97608 plmp7_10
80 0 150540 4 91.63944 plmp7_10
80 0 626054 5 89.67948 plmp7_10
80 0 106328 6 89.52786 plmp7_10
80 0 109342 7 88.18015 plmp7_10
80 0 110221 8 85.15124 plmp7_10
80 0 2672210 9 84.050575 plmp7_10
81 0 148484 0 86.10993 plmp7_10
81 0 112440 1 64.87759 plmp7_10
81 0 122253 2 62.35376 plmp7_10
81 0 118445 3 54.775127 plmp7_10
81 0 117841 4 54.709328 plmp7_10
81 0 112867 5 52.214825 plmp7_10
81 0 799981 6 49.986935 plmp7_10
81 0 121157 7 49.243633 plmp7_10
81 0 118126 8 48.43092 plmp7_10
81 0 117833 9 48.243984 plmp7_10
82 0 118368 0 90.84364 plmp7_10
82 0 127900 1 86.74697 plmp7_10
82 0 1726 2 85.719284 plmp7_10
82 0 2803250 3 83.29218 plmp7_10
82 0 799981 4 82.06937 plmp7_10
82 0 118126 5 79.55331 plmp7_10
82 0 145865 6 78.41708 plmp7_10
82 0 216735 7 78.38336 plmp7_10
82 0 216806 8 78.38336 plmp7_10
82 0 3213871 9 69.255585 plmp7_10
83 0 145859 0 105.41549 plmp7_10
83 0 110289 1 78.92987 plmp7_10
83 0 112922 2 74.67157 plmp7_10
83 0 137746 3 72.277626 plmp7_10
83 0 111194 4 71.07561 plmp7_10
83 0 111286 5 69.84603 plmp7_10
83 0 109894 6 69.790405 plmp7_10
83 0 111246 7 69.779854 plmp7_10
83 0 107980 8 69.53739 plmp7_10
83 0 112368 9 69.16928 plmp7_10
84 0 145859 0 102.33475 plmp7_10
84 0 112922 1 85.58868 plmp7_10
84 0 107293 2 80.53572 plmp7_10
84 0 107980 3 79.85021 plmp7_10
84 0 800858 4 79.68808 plmp7_10
84 0 109895 5 78.43988 plmp7_10
84 0 111664 6 78.27184 plmp7_10
84 0 109894 7 77.81346 plmp7_10
84 0 110289 8 77.085556 plmp7_10
84 0 111151 9 76.197266 plmp7_10
85 0 2959737 0 151.71956 plmp7_10
85 0 802973 1 150.99522 plmp7_10
85 0 803271 2 150.99522 plmp7_10
85 0 3177199 3 113.33462 plmp7_10
85 0 3171724 4 113.16171 plmp7_10
85 0 3177200 5 113.16171 plmp7_10
85 0 150543 6 104.66174 plmp7_10
85 0 2959732 7 104.66174 plmp7_10
85 0 146553 8 103.923195 plmp7_10
85 0 146790 9 103.923195 plmp7_10
86 0 3177199 0 82.33273 plmp7_10
86 0 3171724 1 82.23896 plmp7_10
86 0 3177200 2 82.23896 plmp7_10
86 0 802973 3 74.401505 plmp7_10
86 0 803271 4 74.401505 plmp7_10
86 0 2959737 5 74.401505 plmp7_10
86 0 3205766 6 71.0455 plmp7_10
86 0 150543 7 65.135574 plmp7_10
86 0 2959732 8 65.135574 plmp7_10
86 0 146553 9 64.48883 plmp7_10
87 0 124715 0 39.45737 plmp7_10
87 0 112807 1 37.107525 plmp7_10
87 0 148483 2 36.556767 plmp7_10
87 0 111134 3 36.48896 plmp7_10
87 0 111728 4 35.569622 plmp7_10
87 0 2812588 5 35.266384 plmp7_10
87 0 111170 6 35.101532 plmp7_10
87 0 111471 7 33.654778 plmp7_10
87 0 143378 8 33.38488 plmp7_10
87 0 145632 9 33.36319 plmp7_10
88 0 182992 0 86.92688 plmp7_10
88 0 145897 1 83.68548 plmp7_10
88 0 182991 2 79.022865 plmp7_10
88 0 111170 3 75.34835 plmp7_10
88 0 130159 4 73.6475 plmp7_10
88 0 127691 5 73.321815 plmp7_10
88 0 118339 6 71.2393 plmp7_10
88 0 149653 7 69.536095 plmp7_10
88 0 2654277 8 69.341576 plmp7_10
88 0 112807 9 69.26212 plmp7_10
89 0 4151822 0 155.08458 plmp7_10
89 0 2812588 1 132.26067 plmp7_10
89 0 2770446 2 128.08063 plmp7_10
89 0 4162110 3 113.20579 plmp7_10
89 0 134747 4 100.37954 plmp7_10
89 0 145647 5 96.01178 plmp7_10
89 0 145817 6 94.05489 plmp7_10
89 0 4162111 7 81.68507 plmp7_10
89 0 4106440 8 71.6077 plmp7_10
89 0 145954 9 70.27284 plmp7_10
90 0 2812588 0 152.18735 plmp7_10
90 0 4151822 1 145.25871 plmp7_10
90 0 145626 2 132.58675 plmp7_10
90 0 118054 3 125.56543 plmp7_10
90 0 137748 4 119.620674 plmp7_10
90 0 3181025 5 117.111275 plmp7_10
90 0 130150 6 116.35877 plmp7_10
90 0 4151825 7 113.39465 plmp7_10
90 0 626454 8 112.83136 plmp7_10
90 0 111913 9 112.743355 plmp7_10
91 0 3212514 0 205.3741 plmp7_10
91 0 109857 1 118.49564 plmp7_10
91 0 145782 2 115.5618 plmp7_10
91 0 134732 3 110.58584 plmp7_10
91 0 219097 4 103.38691 plmp7_10
91 0 112439 5 101.84256 plmp7_10
91 0 111278 6 96.582275 plmp7_10
91 0 145785 7 94.241455 plmp7_10
91 0 118507 8 93.49224 plmp7_10
91 0 1087959 9 92.066765 plmp7_10
92 0 3212514 0 194.12157 plmp7_10
92 0 109857 1 117.82613 plmp7_10
92 0 110249 2 113.276024 plmp7_10
92 0 1087959 3 112.86444 plmp7_10
92 0 118507 4 108.8629 plmp7_10
92 0 134732 5 107.03519 plmp7_10
92 0 110032 6 102.3462 plmp7_10
92 0 112439 7 98.35505 plmp7_10
92 0 118071 8 97.98629 plmp7_10
92 0 219097 9 97.4704 plmp7_10
93 0 118334 0 139.96866 plmp7_10
93 0 117874 1 139.5036 plmp7_10
93 0 112824 2 138.71515 plmp7_10
93 0 145901 3 135.90906 plmp7_10
93 0 118107 4 133.33414 plmp7_10
93 0 112905 5 131.29826 plmp7_10
93 0 130158 6 128.37027 plmp7_10
93 0 112629 7 124.51323 plmp7_10
93 0 145627 8 123.521095 plmp7_10
93 0 117876 9 120.872765 plmp7_10
94 0 145901 0 142.29858 plmp7_10
94 0 117874 1 137.86151 plmp7_10
94 0 931614 2 132.75642 plmp7_10
94 0 112824 3 130.50465 plmp7_10
94 0 112629 4 124.94173 plmp7_10
94 0 117876 5 124.52347 plmp7_10
94 0 118334 6 121.04138 plmp7_10
94 0 112905 7 120.96228 plmp7_10
94 0 145627 8 120.727585 plmp7_10
94 0 2788983 9 120.08275 plmp7_10
95 0 105495 0 85.84666 plmp7_10
95 0 108555 1 83.02084 plmp7_10
95 0 107232 2 79.16798 plmp7_10
95 0 107475 3 73.358734 plmp7_10
95 0 106171 4 70.68355 plmp7_10
95 0 103631 5 62.23677 plmp7_10
95 0 109444 6 60.095055 plmp7_10
95 0 104571 7 59.345 plmp7_10
95 0 106073 8 58.478764 plmp7_10
95 0 104671 9 55.75033 plmp7_10
96 0 103631 0 81.47303 plmp7_10
96 0 108555 1 76.41685 plmp7_10
96 0 96542 2 72.52709 plmp7_10
96 0 92746 3 69.88206 plmp7_10
96 0 93395 4 69.12941 plmp7_10
96 0 96850 5 68.80735 plmp7_10
96 0 96359 6 67.567154 plmp7_10
96 0 92705 7 66.97067 plmp7_10
96 0 799986 8 66.407936 plmp7_10
96 0 106522 9 64.981606 plmp7_10
97 0 112101 0 107.132324 plmp7_10
97 0 111922 1 86.22813 plmp7_10
97 0 136993 2 61.097275 plmp7_10
97 0 110718 3 58.918484 plmp7_10
97 0 2655597 4 58.377785 plmp7_10
97 0 112574 5 57.447327 plmp7_10
97 0 820748 6 56.862877 plmp7_10
97 0 117959 7 55.722446 plmp7_10
97 0 111709 8 55.569122 plmp7_10
97 0 134749 9 55.113792 plmp7_10
98 0 118094 0 28.852499 plmp7_10
98 0 150541 1 28.571873 plmp7_10
98 0 148484 2 27.950962 plmp7_10
98 0 118459 3 27.943079 plmp7_10
98 0 108650 4 27.602629 plmp7_10
98 0 130155 5 27.490652 plmp7_10
98 0 112513 6 27.216515 plmp7_10
98 0 112329 7 27.139662 plmp7_10
98 0 111249 8 27.035683 plmp7_10
98 0 145635 9 26.794472 plmp7_10
99 0 112267 0 100.992775 plmp7_10
99 0 111884 1 76.81523 plmp7_10
99 0 110552 2 66.93155 plmp7_10
99 0 112723 3 62.40767 plmp7_10
99 0 110578 4 59.483574 plmp7_10
99 0 109976 5 57.294056 plmp7_10
99 0 142887 6 56.16117 plmp7_10
99 0 104759 7 54.947815 plmp7_10
99 0 112033 8 53.319355 plmp7_10
99 0 110935 9 53.141243 plmp7_10
100 0 112267 0 122.75115 plmp7_10
100 0 110552 1 102.58507 plmp7_10
100 0 111884 2 100.88356 plmp7_10
100 0 108405 3 86.306305 plmp7_10
100 0 110578 4 86.304184 plmp7_10
100 0 111886 5 85.40811 plmp7_10
100 0 109673 6 84.95295 plmp7_10
100 0 110296 7 83.69721 plmp7_10
100 0 108980 8 82.19264 plmp7_10
100 0 110098 9 82.03255 plmp7_10
