1 0 3204919 0 99.49921 plmp9_5
1 0 2649076 1 95.42297 plmp9_5
1 0 149702 2 86.899864 plmp9_5
1 0 4164893 3 86.63293 plmp9_5
1 0 3177197 4 86.48522 plmp9_5
1 0 3170730 5 86.349205 plmp9_5
1 0 219733 6 85.81232 plmp9_5
1 0 220342 7 85.81232 plmp9_5
1 0 2809767 8 84.91209 plmp9_5
1 0 2811850 9 84.91209 plmp9_5
2 0 103631 0 93.18741 plmp9_5
2 0 145692 1 90.88345 plmp9_5
2 0 103549 2 88.78007 plmp9_5
2 0 104671 3 85.23538 plmp9_5
2 0 104571 4 84.84631 plmp9_5
2 0 108555 5 83.68652 plmp9_5
2 0 96850 6 79.0376 plmp9_5
2 0 93789 7 77.54685 plmp9_5
2 0 105116 8 77.507904 plmp9_5
2 0 4170684 9 76.09146 plmp9_5
3 0 3162143 0 123.196724 plmp9_5
3 0 215496 1 113.74889 plmp9_5
3 0 215694 2 113.74889 plmp9_5
3 0 2959735 3 113.74785 plmp9_5
3 0 118475 4 113.27477 plmp9_5
3 0 130157 5 111.49297 plmp9_5
3 0 145890 6 108.85443 plmp9_5
3 0 118248 7 106.655914 plmp9_5
3 0 903973 8 105.9865 plmp9_5
3 0 117907 9 105.805336 plmp9_5
4 0 215694 0 236.39966 plmp9_5
4 0 2959735 1 236.39758 plmp9_5
4 0 215496 2 236.38109 plmp9_5
4 0 3162143 3 210.4162 plmp9_5
4 0 118029 4 198.68213 plmp9_5
4 0 623142 5 193.72318 plmp9_5
4 0 149007 6 187.73488 plmp9_5
4 0 903973 7 178.81032 plmp9_5
4 0 145890 8 156.79018 plmp9_5
4 0 145900 9 156.2381 plmp9_5
5 0 2672209 0 84.236145 plmp9_5
5 0 2657779 1 84.236145 plmp9_5
5 0 145652 2 83.07648 plmp9_5
5 0 1740 3 80.211105 plmp9_5
5 0 110831 4 79.9162 plmp9_5
5 0 110056 5 77.34529 plmp9_5
5 0 112708 6 76.21544 plmp9_5
5 0 183480 7 75.37888 plmp9_5
5 0 131163 8 71.93992 plmp9_5
5 0 118217 9 70.50455 plmp9_5
6 0 110654 0 141.2391 plmp9_5
6 0 110056 1 118.13909 plmp9_5
6 0 183480 2 102.56459 plmp9_5
6 0 111258 3 95.48913 plmp9_5
6 0 3203656 4 91.6276 plmp9_5
6 0 3206414 5 91.6276 plmp9_5
6 0 111114 6 86.75974 plmp9_5
6 0 117932 7 85.8504 plmp9_5
6 0 110789 8 80.568924 plmp9_5
6 0 111661 9 74.96674 plmp9_5
7 0 2672535 0 59.684753 plmp9_5
7 0 219733 1 58.302578 plmp9_5
7 0 220342 2 58.302578 plmp9_5
7 0 134749 3 58.209366 plmp9_5
7 0 147531 4 57.30726 plmp9_5
7 0 118511 5 56.862644 plmp9_5
7 0 2655591 6 56.08563 plmp9_5
7 0 110315 7 55.421738 plmp9_5
7 0 3195892 8 55.357384 plmp9_5
7 0 106775 9 54.95265 plmp9_5
8 0 134749 0 127.00783 plmp9_5
8 0 112174 1 125.73484 plmp9_5
8 0 145715 2 113.54812 plmp9_5
8 0 145868 3 111.32899 plmp9_5
8 0 112834 4 108.136475 plmp9_5
8 0 147531 5 105.90117 plmp9_5
8 0 2678467 6 102.60775 plmp9_5
8 0 2679202 7 102.60775 plmp9_5
8 0 2959746 8 102.60775 plmp9_5
8 0 110932 9 101.59595 plmp9_5
9 0 2675751 0 133.51767 plmp9_5
9 0 854177 1 125.72642 plmp9_5
9 0 147530 2 119.83213 plmp9_5
9 0 118317 3 116.93196 plmp9_5
9 0 127923 4 116.38248 plmp9_5
9 0 118212 5 115.92299 plmp9_5
9 0 112641 6 115.31086 plmp9_5
9 0 145678 7 113.35812 plmp9_5
9 0 2679557 8 112.96875 plmp9_5
9 0 112931 9 112.66551 plmp9_5
10 0 111500 0 154.8064 plmp9_5
10 0 118087 1 143.77774 plmp9_5
10 0 147531 2 140.8896 plmp9_5
10 0 112423 3 140.71733 plmp9_5
10 0 214949 4 138.15735 plmp9_5
10 0 215071 5 138.15735 plmp9_5
10 0 112657 6 137.72858 plmp9_5
10 0 112800 7 132.81613 plmp9_5
10 0 112293 8 132.59532 plmp9_5
10 0 134743 9 131.5425 plmp9_5
11 0 2810524 0 90.16742 plmp9_5
11 0 2811846 1 90.16742 plmp9_5
11 0 2809767 2 84.25433 plmp9_5
11 0 2811850 3 84.25433 plmp9_5
11 0 217512 4 84.05337 plmp9_5
11 0 873668 5 81.47457 plmp9_5
11 0 145960 6 81.224464 plmp9_5
11 0 4151830 7 80.56786 plmp9_5
11 0 150541 8 79.22181 plmp9_5
11 0 2812210 9 79.220764 plmp9_5
12 0 2672535 0 109.2127 plmp9_5
12 0 3153112 1 76.957 plmp9_5
12 0 3216389 2 76.651634 plmp9_5
12 0 3207860 3 75.99466 plmp9_5
12 0 183479 4 75.27801 plmp9_5
12 0 2809767 5 73.97934 plmp9_5
12 0 2811850 6 73.97934 plmp9_5
12 0 3181025 7 73.44904 plmp9_5
12 0 2790213 8 73.31671 plmp9_5
12 0 4151830 9 73.1896 plmp9_5
13 0 2812588 0 110.5319 plmp9_5
13 0 802973 1 99.71695 plmp9_5
13 0 803271 2 99.71695 plmp9_5
13 0 2959737 3 99.71695 plmp9_5
13 0 4162111 4 94.27812 plmp9_5
13 0 2642828 5 94.047424 plmp9_5
13 0 2959730 6 93.5716 plmp9_5
13 0 150543 7 91.98733 plmp9_5
13 0 2959732 8 91.98713 plmp9_5
13 0 108605 9 91.1395 plmp9_5
14 0 2812588 0 69.55874 plmp9_5
14 0 614392 1 66.39727 plmp9_5
14 0 614485 2 66.39727 plmp9_5
14 0 108730 3 64.25466 plmp9_5
14 0 118296 4 63.602024 plmp9_5
14 0 2153 5 62.808006 plmp9_5
14 0 118015 6 62.362183 plmp9_5
14 0 148483 7 61.867657 plmp9_5
14 0 2670965 8 61.602608 plmp9_5
14 0 2620704 9 60.78694 plmp9_5
15 0 2812588 0 151.89325 plmp9_5
15 0 4151822 1 133.03772 plmp9_5
15 0 2770446 2 108.72106 plmp9_5
15 0 2809767 3 101.95173 plmp9_5
15 0 2811850 4 101.95173 plmp9_5
15 0 2771249 5 94.484245 plmp9_5
15 0 2812210 6 91.18301 plmp9_5
15 0 2809766 7 89.14693 plmp9_5
15 0 2811849 8 89.14693 plmp9_5
15 0 4170685 9 88.88816 plmp9_5
16 0 4151822 0 138.51385 plmp9_5
16 0 2812588 1 111.61553 plmp9_5
16 0 2770446 2 96.849945 plmp9_5
16 0 145817 3 93.13833 plmp9_5
16 0 3209687 4 87.67896 plmp9_5
16 0 2642828 5 85.423225 plmp9_5
16 0 4151830 6 85.30089 plmp9_5
16 0 4155979 7 84.86318 plmp9_5
16 0 3170728 8 83.768 plmp9_5
16 0 4171965 9 83.525406 plmp9_5
17 0 4161362 0 64.04907 plmp9_5
17 0 148484 1 63.562263 plmp9_5
17 0 111122 2 63.207577 plmp9_5
17 0 620566 3 62.516155 plmp9_5
17 0 117987 4 62.16633 plmp9_5
17 0 217512 5 61.22667 plmp9_5
17 0 145865 6 61.044315 plmp9_5
17 0 813289 7 59.802483 plmp9_5
17 0 118230 8 59.76426 plmp9_5
17 0 109218 9 59.615986 plmp9_5
18 0 205712 0 153.33578 plmp9_5
18 0 148484 1 143.37503 plmp9_5
18 0 620566 2 134.78372 plmp9_5
18 0 217512 3 126.43155 plmp9_5
18 0 1753 4 126.42711 plmp9_5
18 0 131156 5 125.66566 plmp9_5
18 0 145635 6 123.90138 plmp9_5
18 0 206097 7 122.64876 plmp9_5
18 0 145119 8 121.911194 plmp9_5
18 0 219106 9 120.87771 plmp9_5
19 0 2654533 0 171.1782 plmp9_5
19 0 2654756 1 171.1782 plmp9_5
19 0 4151826 2 127.57069 plmp9_5
19 0 4172500 3 126.1426 plmp9_5
19 0 112808 4 124.81483 plmp9_5
19 0 2670966 5 122.530945 plmp9_5
19 0 219509 6 122.32418 plmp9_5
19 0 4151825 7 121.6667 plmp9_5
19 0 112775 8 120.10784 plmp9_5
19 0 118018 9 119.14692 plmp9_5
20 0 2654533 0 174.91356 plmp9_5
20 0 2654756 1 174.91356 plmp9_5
20 0 4172500 2 124.8616 plmp9_5
20 0 4151826 3 123.285484 plmp9_5
20 0 4151825 4 122.67107 plmp9_5
20 0 112775 5 121.22594 plmp9_5
20 0 2670966 6 121.14635 plmp9_5
20 0 219509 7 119.907005 plmp9_5
20 0 110085 8 117.245384 plmp9_5
20 0 802973 9 116.603455 plmp9_5
21 0 873660 0 171.95021 plmp9_5
21 0 117890 1 154.23962 plmp9_5
21 0 112799 2 148.63184 plmp9_5
21 0 121159 3 146.34956 plmp9_5
21 0 118081 4 145.84532 plmp9_5
21 0 3181482 5 140.10336 plmp9_5
21 0 118416 6 138.6161 plmp9_5
21 0 867657 7 135.63466 plmp9_5
21 0 2811845 8 135.20126 plmp9_5
21 0 145925 9 135.19165 plmp9_5
22 0 117890 0 196.34511 plmp9_5
22 0 2659300 1 186.54144 plmp9_5
22 0 112799 2 175.99153 plmp9_5
22 0 118081 3 168.02158 plmp9_5
22 0 118416 4 160.06226 plmp9_5
22 0 145925 5 156.25963 plmp9_5
22 0 121159 6 155.50455 plmp9_5
22 0 145829 7 152.22556 plmp9_5
22 0 112774 8 150.31287 plmp9_5
22 0 2781925 9 147.8833 plmp9_5
23 0 118449 0 110.89395 plmp9_5
23 0 2810525 1 106.97371 plmp9_5
23 0 2811847 2 106.97371 plmp9_5
23 0 2801435 3 104.40367 plmp9_5
23 0 145738 4 100.453804 plmp9_5
23 0 623242 5 100.4509 plmp9_5
23 0 112257 6 98.6248 plmp9_5
23 0 118180 7 97.6469 plmp9_5
23 0 142878 8 92.43536 plmp9_5
23 0 2675750 9 91.27856 plmp9_5
24 0 1738 0 49.076195 plmp9_5
24 0 145778 1 45.367363 plmp9_5
24 0 802408 2 41.76829 plmp9_5
24 0 2790213 3 40.566444 plmp9_5
24 0 2678133 4 40.268547 plmp9_5
24 0 145866 5 39.877834 plmp9_5
24 0 2801435 6 39.444633 plmp9_5
24 0 145635 7 39.33027 plmp9_5
24 0 616433 8 38.99268 plmp9_5
24 0 2675751 9 38.473835 plmp9_5
25 0 112616 0 143.7294 plmp9_5
25 0 2655499 1 103.05975 plmp9_5
25 0 110318 2 96.64901 plmp9_5
25 0 3211503 3 89.3613 plmp9_5
25 0 108792 4 88.45544 plmp9_5
25 0 118021 5 85.86598 plmp9_5
25 0 821305 6 84.15644 plmp9_5
25 0 111495 7 79.03544 plmp9_5
25 0 112457 8 78.1551 plmp9_5
25 0 117845 9 77.34638 plmp9_5
26 0 117872 0 140.72145 plmp9_5
26 0 112616 1 124.47855 plmp9_5
26 0 112045 2 123.44562 plmp9_5
26 0 118026 3 118.705986 plmp9_5
26 0 112324 4 118.054855 plmp9_5
26 0 145758 5 113.513504 plmp9_5
26 0 110915 6 112.197395 plmp9_5
26 0 111056 7 111.45683 plmp9_5
26 0 112457 8 111.261795 plmp9_5
26 0 4161362 9 109.87713 plmp9_5
27 0 4157382 0 229.62225 plmp9_5
27 0 4157405 1 229.62225 plmp9_5
27 0 112346 2 130.56993 plmp9_5
27 0 111141 3 130.4868 plmp9_5
27 0 112523 4 120.77306 plmp9_5
27 0 3204918 5 111.22538 plmp9_5
27 0 145636 6 106.525116 plmp9_5
27 0 931121 7 104.46161 plmp9_5
27 0 182992 8 104.18386 plmp9_5
27 0 213842 9 104.17242 plmp9_5
28 0 4157382 0 187.05151 plmp9_5
28 0 4157405 1 187.05151 plmp9_5
28 0 112346 2 122.959915 plmp9_5
28 0 111141 3 112.61299 plmp9_5
28 0 110706 4 86.838066 plmp9_5
28 0 931121 5 86.69345 plmp9_5
28 0 118489 6 85.27555 plmp9_5
28 0 145827 7 84.43687 plmp9_5
28 0 112523 8 83.90113 plmp9_5
28 0 110384 9 82.525345 plmp9_5
29 0 4151826 0 48.893173 plmp9_5
29 0 205788 1 48.461926 plmp9_5
29 0 137739 2 47.463215 plmp9_5
29 0 111471 3 47.162796 plmp9_5
29 0 118044 4 46.050903 plmp9_5
29 0 118351 5 45.830303 plmp9_5
29 0 145708 6 45.466988 plmp9_5
29 0 626206 7 45.31376 plmp9_5
29 0 117875 8 45.2003 plmp9_5
29 0 145632 9 44.918564 plmp9_5
30 0 205788 0 148.31282 plmp9_5
30 0 218921 1 130.2044 plmp9_5
30 0 4151826 2 122.36411 plmp9_5
30 0 148795 3 121.9841 plmp9_5
30 0 145841 4 120.1055 plmp9_5
30 0 626206 5 117.99976 plmp9_5
30 0 899483 6 117.958275 plmp9_5
30 0 145761 7 115.8893 plmp9_5
30 0 137739 8 114.4213 plmp9_5
30 0 802770 9 114.004875 plmp9_5
31 0 145925 0 95.992836 plmp9_5
31 0 110561 1 90.374825 plmp9_5
31 0 112486 2 90.07691 plmp9_5
31 0 131149 3 86.35913 plmp9_5
31 0 118023 4 85.867065 plmp9_5
31 0 2795279 5 85.39787 plmp9_5
31 0 118458 6 85.178955 plmp9_5
31 0 118353 7 85.02768 plmp9_5
31 0 118061 8 83.43764 plmp9_5
31 0 118501 9 83.374176 plmp9_5
32 0 112329 0 89.96113 plmp9_5
32 0 1728 1 86.78109 plmp9_5
32 0 111434 2 86.68084 plmp9_5
32 0 112850 3 83.72692 plmp9_5
32 0 112447 4 80.70235 plmp9_5
32 0 112090 5 78.36833 plmp9_5
32 0 118455 6 74.60753 plmp9_5
32 0 111596 7 74.2372 plmp9_5
32 0 117853 8 72.395935 plmp9_5
32 0 125839 9 72.19033 plmp9_5
33 0 109535 0 93.19447 plmp9_5
33 0 110795 1 92.48929 plmp9_5
33 0 109532 2 91.938286 plmp9_5
33 0 112485 3 91.07502 plmp9_5
33 0 121158 4 90.241135 plmp9_5
33 0 109935 5 89.72184 plmp9_5
33 0 112808 6 87.06565 plmp9_5
33 0 145870 7 86.86249 plmp9_5
33 0 111863 8 86.84007 plmp9_5
33 0 802973 9 86.36084 plmp9_5
34 0 2676594 0 281.2075 plmp9_5
34 0 2675753 1 273.79388 plmp9_5
34 0 2679204 2 273.79388 plmp9_5
34 0 2809767 3 204.00856 plmp9_5
34 0 2811850 4 204.00856 plmp9_5
34 0 3216389 5 126.867294 plmp9_5
34 0 121158 6 125.9223 plmp9_5
34 0 112325 7 114.80922 plmp9_5
34 0 625710 8 112.75639 plmp9_5
34 0 130155 9 111.92046 plmp9_5
35 0 821306 0 55.69621 plmp9_5
35 0 205203 1 52.51553 plmp9_5
35 0 218927 2 50.359177 plmp9_5
35 0 213843 3 50.22618 plmp9_5
35 0 214063 4 50.22618 plmp9_5
35 0 214467 5 50.22618 plmp9_5
35 0 134742 6 49.472244 plmp9_5
35 0 102737 7 49.077194 plmp9_5
35 0 932061 8 48.951683 plmp9_5
35 0 931124 9 48.924503 plmp9_5
36 0 118319 0 101.81823 plmp9_5
36 0 118238 1 100.91251 plmp9_5
36 0 109923 2 99.98927 plmp9_5
36 0 118329 3 93.42536 plmp9_5
36 0 118142 4 93.2196 plmp9_5
36 0 902769 5 91.49821 plmp9_5
36 0 112314 6 89.40112 plmp9_5
36 0 213843 7 89.102554 plmp9_5
36 0 214063 8 89.102554 plmp9_5
36 0 214467 9 89.102554 plmp9_5
37 0 110774 0 72.96756 plmp9_5
37 0 4151829 1 72.90607 plmp9_5
37 0 118269 2 71.071495 plmp9_5
37 0 118290 3 68.270454 plmp9_5
37 0 110742 4 68.10543 plmp9_5
37 0 112133 5 67.47545 plmp9_5
37 0 112910 6 66.919136 plmp9_5
37 0 121168 7 66.475105 plmp9_5
37 0 108863 8 66.175934 plmp9_5
37 0 111982 9 65.51369 plmp9_5
38 0 145855 0 112.21058 plmp9_5
38 0 145731 1 104.00696 plmp9_5
38 0 4151829 2 103.45354 plmp9_5
38 0 118269 3 90.6123 plmp9_5
38 0 1993216 4 83.70733 plmp9_5
38 0 112910 5 80.194374 plmp9_5
38 0 110774 6 79.53116 plmp9_5
38 0 111982 7 76.218254 plmp9_5
38 0 112292 8 75.98591 plmp9_5
38 0 145629 9 75.09846 plmp9_5
39 0 112568 0 95.60104 plmp9_5
39 0 112420 1 85.011925 plmp9_5
39 0 118457 2 79.92367 plmp9_5
39 0 111432 3 76.7274 plmp9_5
39 0 621044 4 74.833145 plmp9_5
39 0 621090 5 74.833145 plmp9_5
39 0 2959739 6 74.833145 plmp9_5
39 0 2959744 7 74.70964 plmp9_5
39 0 855518 8 74.70964 plmp9_5
39 0 2674861 9 72.378914 plmp9_5
40 0 105200 0 129.57748 plmp9_5
40 0 621044 1 116.45757 plmp9_5
40 0 621090 2 116.45757 plmp9_5
40 0 2959739 3 116.45757 plmp9_5
40 0 122254 4 113.20405 plmp9_5
40 0 1731 5 108.68829 plmp9_5
40 0 2959744 6 107.67299 plmp9_5
40 0 855518 7 107.67299 plmp9_5
40 0 108818 8 106.17067 plmp9_5
40 0 118457 9 103.24866 plmp9_5
41 0 112924 0 151.2711 plmp9_5
41 0 2811847 1 131.86981 plmp9_5
41 0 2810525 2 131.86511 plmp9_5
41 0 111198 3 131.48813 plmp9_5
41 0 2654533 4 130.94077 plmp9_5
41 0 2654756 5 130.94077 plmp9_5
41 0 112585 6 125.26838 plmp9_5
41 0 112731 7 125.2544 plmp9_5
41 0 111891 8 123.16953 plmp9_5
41 0 127916 9 123.16353 plmp9_5
42 0 2654533 0 148.65456 plmp9_5
42 0 2654756 1 148.65456 plmp9_5
42 0 112585 2 147.63112 plmp9_5
42 0 112924 3 144.44154 plmp9_5
42 0 111198 4 139.95386 plmp9_5
42 0 111891 5 138.91751 plmp9_5
42 0 110132 6 137.59813 plmp9_5
42 0 109352 7 133.10199 plmp9_5
42 0 109186 8 131.11703 plmp9_5
42 0 112731 9 130.33002 plmp9_5
43 0 2680590 0 105.41687 plmp9_5
43 0 2959745 1 105.41687 plmp9_5
43 0 112920 2 97.490295 plmp9_5
43 0 112305 3 95.729645 plmp9_5
43 0 112803 4 86.51244 plmp9_5
43 0 118148 5 82.41833 plmp9_5
43 0 2784695 6 80.482216 plmp9_5
43 0 2812589 7 80.43302 plmp9_5
43 0 2959749 8 80.43302 plmp9_5
43 0 112644 9 77.87421 plmp9_5
44 0 802408 0 31.402878 plmp9_5
44 0 2781925 1 30.961863 plmp9_5
44 0 145903 2 30.480717 plmp9_5
44 0 183480 3 30.175276 plmp9_5
44 0 3213871 4 29.593943 plmp9_5
44 0 118182 5 29.415955 plmp9_5
44 0 92563 6 29.32345 plmp9_5
44 0 108965 7 29.284742 plmp9_5
44 0 109864 8 28.8112 plmp9_5
44 0 99873 9 28.737389 plmp9_5
45 0 3204917 0 185.49036 plmp9_5
45 0 866024 1 163.27112 plmp9_5
45 0 858802 2 163.27112 plmp9_5
45 0 150542 3 159.30667 plmp9_5
45 0 800568 4 153.73265 plmp9_5
45 0 145861 5 153.16965 plmp9_5
45 0 145772 6 151.42554 plmp9_5
45 0 145903 7 145.79636 plmp9_5
45 0 137725 8 145.50586 plmp9_5
45 0 2804673 9 145.21413 plmp9_5
46 0 866024 0 291.72473 plmp9_5
46 0 858802 1 291.71442 plmp9_5
46 0 903971 2 204.1393 plmp9_5
46 0 2959742 3 204.1393 plmp9_5
46 0 623145 4 200.06235 plmp9_5
46 0 2804673 5 194.53343 plmp9_5
46 0 3204917 6 192.58136 plmp9_5
46 0 1732 7 182.7801 plmp9_5
46 0 2657927 8 182.36975 plmp9_5
46 0 145861 9 178.74863 plmp9_5
47 0 2674861 0 139.11417 plmp9_5
47 0 2675754 1 139.11417 plmp9_5
47 0 2671723 2 88.017265 plmp9_5
47 0 2795703 3 87.86271 plmp9_5
47 0 2797292 4 87.86271 plmp9_5
47 0 2678133 5 86.41551 plmp9_5
47 0 148483 6 83.900734 plmp9_5
47 0 2790213 7 83.879074 plmp9_5
47 0 626207 8 83.3857 plmp9_5
47 0 2803251 9 83.3763 plmp9_5
48 0 2674861 0 138.66972 plmp9_5
48 0 2675754 1 138.66972 plmp9_5
48 0 3170727 2 84.90143 plmp9_5
48 0 111362 3 83.29296 plmp9_5
48 0 2646093 4 77.169014 plmp9_5
48 0 145756 5 76.828865 plmp9_5
48 0 117864 6 76.064 plmp9_5
48 0 112867 7 75.97158 plmp9_5
48 0 121149 8 75.44924 plmp9_5
48 0 103019 9 75.36318 plmp9_5
49 0 2810525 0 75.45695 plmp9_5
49 0 2811847 1 75.45695 plmp9_5
49 0 4162535 2 68.438614 plmp9_5
49 0 4151826 3 62.030724 plmp9_5
49 0 3153112 4 59.66409 plmp9_5
49 0 2812210 5 56.17013 plmp9_5
49 0 2809767 6 56.08324 plmp9_5
49 0 2811850 7 56.08324 plmp9_5
49 0 2803251 8 55.278866 plmp9_5
49 0 3181025 9 53.827076 plmp9_5
50 0 3153112 0 107.743286 plmp9_5
50 0 4162535 1 98.67477 plmp9_5
50 0 2810525 2 79.01325 plmp9_5
50 0 2811847 3 79.01325 plmp9_5
50 0 4151826 4 66.64756 plmp9_5
50 0 3181025 5 65.674866 plmp9_5
50 0 2809767 6 61.01191 plmp9_5
50 0 2811850 7 61.01191 plmp9_5
50 0 3177197 8 60.260235 plmp9_5
50 0 2812210 9 60.100838 plmp9_5
51 0 112770 0 91.88125 plmp9_5
51 0 616433 1 79.28348 plmp9_5
51 0 2812589 2 79.086426 plmp9_5
51 0 2959749 3 79.086426 plmp9_5
51 0 78783 4 78.58094 plmp9_5
51 0 145872 5 74.834724 plmp9_5
51 0 213842 6 73.766884 plmp9_5
51 0 3195892 7 71.26445 plmp9_5
51 0 1736 8 70.392006 plmp9_5
51 0 1753 9 70.07574 plmp9_5
52 0 112770 0 64.998436 plmp9_5
52 0 112931 1 60.607994 plmp9_5
52 0 112243 2 56.379135 plmp9_5
52 0 105869 3 52.189194 plmp9_5
52 0 1859075 4 51.9111 plmp9_5
52 0 127923 5 51.896236 plmp9_5
52 0 127887 6 51.852802 plmp9_5
52 0 103302 7 51.04292 plmp9_5
52 0 95391 8 50.930084 plmp9_5
52 0 103145 9 50.762817 plmp9_5
53 0 799985 0 109.42633 plmp9_5
53 0 2808291 1 91.86419 plmp9_5
53 0 145792 2 89.08854 plmp9_5
53 0 2771250 3 88.46637 plmp9_5
53 0 148483 4 87.52076 plmp9_5
53 0 145664 5 85.26181 plmp9_5
53 0 145635 6 82.87118 plmp9_5
53 0 621045 7 82.39173 plmp9_5
53 0 112677 8 81.8234 plmp9_5
53 0 624280 9 80.08793 plmp9_5
54 0 872994 0 134.95073 plmp9_5
54 0 811778 1 121.51073 plmp9_5
54 0 625711 2 107.308586 plmp9_5
54 0 931123 3 104.5719 plmp9_5
54 0 2808291 4 96.28739 plmp9_5
54 0 811777 5 93.44914 plmp9_5
54 0 799985 6 93.12231 plmp9_5
54 0 943668 7 92.79636 plmp9_5
54 0 621045 8 89.892876 plmp9_5
54 0 3195890 9 88.62229 plmp9_5
55 0 4154603 0 159.66766 plmp9_5
55 0 118269 1 120.90929 plmp9_5
55 0 145731 2 118.34396 plmp9_5
55 0 145855 3 113.834724 plmp9_5
55 0 145629 4 113.70582 plmp9_5
55 0 111261 5 111.77876 plmp9_5
55 0 110774 6 110.096985 plmp9_5
55 0 112910 7 95.23337 plmp9_5
55 0 111420 8 93.332184 plmp9_5
55 0 111982 9 93.20058 plmp9_5
56 0 4154603 0 229.66039 plmp9_5
56 0 118269 1 165.77765 plmp9_5
56 0 145731 2 159.36606 plmp9_5
56 0 112910 3 147.69958 plmp9_5
56 0 110774 4 145.74803 plmp9_5
56 0 111261 5 140.32227 plmp9_5
56 0 145629 6 138.90646 plmp9_5
56 0 145855 7 129.8096 plmp9_5
56 0 111420 8 122.45607 plmp9_5
56 0 1993216 9 122.12889 plmp9_5
57 0 802408 0 110.58849 plmp9_5
57 0 867644 1 110.50522 plmp9_5
57 0 800569 2 110.03754 plmp9_5
57 0 815320 3 107.965096 plmp9_5
57 0 118297 4 105.615105 plmp9_5
57 0 122254 5 102.33467 plmp9_5
57 0 149585 6 101.09398 plmp9_5
57 0 149649 7 101.09398 plmp9_5
57 0 182567 8 100.978516 plmp9_5
57 0 2959744 9 100.15135 plmp9_5
58 0 145735 0 111.52478 plmp9_5
58 0 112467 1 89.883286 plmp9_5
58 0 217702 2 89.67063 plmp9_5
58 0 108547 3 87.110794 plmp9_5
58 0 106179 4 86.01006 plmp9_5
58 0 2671725 5 85.232346 plmp9_5
58 0 2672207 6 85.185104 plmp9_5
58 0 2676592 7 84.69731 plmp9_5
58 0 145815 8 82.96053 plmp9_5
58 0 218133 9 82.78318 plmp9_5
59 0 2788983 0 285.20303 plmp9_5
59 0 4170685 1 260.24033 plmp9_5
59 0 145627 2 232.98407 plmp9_5
59 0 118037 3 230.96527 plmp9_5
59 0 117968 4 229.12857 plmp9_5
59 0 118129 5 224.12921 plmp9_5
59 0 118040 6 211.58154 plmp9_5
59 0 1087691 7 201.76804 plmp9_5
59 0 134735 8 196.38232 plmp9_5
59 0 118422 9 194.91566 plmp9_5
60 0 3195891 0 278.09186 plmp9_5
60 0 2788983 1 267.94553 plmp9_5
60 0 4170685 2 258.1508 plmp9_5
60 0 118129 3 240.06998 plmp9_5
60 0 145627 4 237.27286 plmp9_5
60 0 117968 5 223.97664 plmp9_5
60 0 118334 6 220.50735 plmp9_5
60 0 130158 7 220.24298 plmp9_5
60 0 931614 8 219.69902 plmp9_5
60 0 3191119 9 210.1651 plmp9_5
61 0 2812210 0 164.77112 plmp9_5
61 0 145743 1 162.50325 plmp9_5
61 0 145923 2 155.37909 plmp9_5
61 0 218457 3 144.15906 plmp9_5
61 0 1732 4 131.45879 plmp9_5
61 0 3195092 5 128.55373 plmp9_5
61 0 145815 6 127.777435 plmp9_5
61 0 112854 7 125.5349 plmp9_5
61 0 2657927 8 121.14815 plmp9_5
61 0 112435 9 119.59494 plmp9_5
62 0 2812210 0 84.02497 plmp9_5
62 0 110091 1 68.855804 plmp9_5
62 0 110661 2 68.760025 plmp9_5
62 0 118299 3 66.629 plmp9_5
62 0 110926 4 64.95565 plmp9_5
62 0 117875 5 63.707817 plmp9_5
62 0 3195092 6 62.578773 plmp9_5
62 0 118381 7 61.397682 plmp9_5
62 0 109077 8 60.874218 plmp9_5
62 0 218457 9 60.649593 plmp9_5
63 0 149702 0 73.07139 plmp9_5
63 0 107685 1 71.37489 plmp9_5
63 0 106985 2 70.73918 plmp9_5
63 0 104521 3 70.715935 plmp9_5
63 0 108539 4 69.91497 plmp9_5
63 0 108111 5 69.61937 plmp9_5
63 0 118148 6 68.24532 plmp9_5
63 0 108713 7 68.18177 plmp9_5
63 0 108538 8 68.10756 plmp9_5
63 0 105525 9 66.734566 plmp9_5
64 0 3205768 0 91.0094 plmp9_5
64 0 2809766 1 86.39057 plmp9_5
64 0 2811849 2 86.39057 plmp9_5
64 0 2758568 3 86.384346 plmp9_5
64 0 4151827 4 79.40272 plmp9_5
64 0 3207860 5 78.72589 plmp9_5
64 0 110645 6 78.16391 plmp9_5
64 0 4170685 7 77.20121 plmp9_5
64 0 3205767 8 76.94229 plmp9_5
64 0 2788983 9 75.21635 plmp9_5
65 0 118123 0 193.7669 plmp9_5
65 0 150540 1 134.914 plmp9_5
65 0 3211501 2 129.50087 plmp9_5
65 0 131165 3 126.36974 plmp9_5
65 0 145883 4 125.95636 plmp9_5
65 0 111051 5 123.84716 plmp9_5
65 0 4151825 6 123.58709 plmp9_5
65 0 110645 7 123.41837 plmp9_5
65 0 112732 8 121.6519 plmp9_5
65 0 3183080 9 119.61652 plmp9_5
66 0 3211501 0 208.76503 plmp9_5
66 0 145867 1 178.62239 plmp9_5
66 0 4151827 2 157.0188 plmp9_5
66 0 3213872 3 150.91826 plmp9_5
66 0 118123 4 150.18915 plmp9_5
66 0 150540 5 149.66313 plmp9_5
66 0 218925 6 147.84804 plmp9_5
66 0 4151826 7 146.35408 plmp9_5
66 0 802973 8 145.59572 plmp9_5
66 0 803271 9 145.59572 plmp9_5
67 0 145800 0 182.966 plmp9_5
67 0 867645 1 173.12732 plmp9_5
67 0 103675 2 122.83157 plmp9_5
67 0 104522 3 109.23475 plmp9_5
67 0 103678 4 102.32865 plmp9_5
67 0 106757 5 100.87338 plmp9_5
67 0 104055 6 97.76837 plmp9_5
67 0 103916 7 95.855446 plmp9_5
67 0 107938 8 94.945915 plmp9_5
67 0 110330 9 94.632515 plmp9_5
68 0 145800 0 164.47435 plmp9_5
68 0 867645 1 140.87183 plmp9_5
68 0 103675 2 103.49768 plmp9_5
68 0 97893 3 102.86118 plmp9_5
68 0 97584 4 102.39909 plmp9_5
68 0 103093 5 102.17066 plmp9_5
68 0 94177 6 100.867 plmp9_5
68 0 88704 7 100.54537 plmp9_5
68 0 103678 8 100.020744 plmp9_5
68 0 87585 9 95.73392 plmp9_5
69 0 3214778 0 132.53741 plmp9_5
69 0 149289 1 129.82649 plmp9_5
69 0 2676593 2 124.77201 plmp9_5
69 0 117859 3 124.54972 plmp9_5
69 0 219733 4 124.17852 plmp9_5
69 0 220342 5 124.17852 plmp9_5
69 0 111709 6 122.167534 plmp9_5
69 0 110996 7 119.2389 plmp9_5
69 0 110068 8 118.71235 plmp9_5
69 0 149006 9 118.578384 plmp9_5
70 0 149289 0 146.87436 plmp9_5
70 0 2676593 1 146.7356 plmp9_5
70 0 3214778 2 144.7534 plmp9_5
70 0 219733 3 136.98737 plmp9_5
70 0 220342 4 136.98737 plmp9_5
70 0 118111 5 135.14261 plmp9_5
70 0 858289 6 134.18413 plmp9_5
70 0 2959743 7 134.16716 plmp9_5
70 0 2675751 8 133.10742 plmp9_5
70 0 149006 9 132.15605 plmp9_5
71 0 112914 0 129.13042 plmp9_5
71 0 145121 1 129.05948 plmp9_5
71 0 3189783 2 122.9485 plmp9_5
71 0 118052 3 122.313675 plmp9_5
71 0 118287 4 120.00143 plmp9_5
71 0 2654533 5 116.05431 plmp9_5
71 0 2654756 6 116.05431 plmp9_5
71 0 112904 7 115.18104 plmp9_5
71 0 118005 8 113.64903 plmp9_5
71 0 118234 9 109.31299 plmp9_5
72 0 118052 0 131.47047 plmp9_5
72 0 112914 1 124.22117 plmp9_5
72 0 145121 2 122.68777 plmp9_5
72 0 3189783 3 122.027176 plmp9_5
72 0 112904 4 121.00741 plmp9_5
72 0 118005 5 118.12248 plmp9_5
72 0 118234 6 115.96604 plmp9_5
72 0 2654533 7 112.87344 plmp9_5
72 0 2654756 8 112.87344 plmp9_5
72 0 117979 9 105.24022 plmp9_5
73 0 2804674 0 67.75348 plmp9_5
73 0 110692 1 67.413704 plmp9_5
73 0 108538 2 62.681923 plmp9_5
73 0 109931 3 59.42746 plmp9_5
73 0 112573 4 58.772396 plmp9_5
73 0 145624 5 57.993427 plmp9_5
73 0 112206 6 57.87083 plmp9_5
73 0 217514 7 57.653236 plmp9_5
73 0 109935 8 57.34542 plmp9_5
73 0 1087954 9 56.959156 plmp9_5
74 0 2804674 0 99.41131 plmp9_5
74 0 107904 1 90.184135 plmp9_5
74 0 109284 2 87.73349 plmp9_5
74 0 112774 3 84.80255 plmp9_5
74 0 127908 4 80.699486 plmp9_5
74 0 2675749 5 76.75564 plmp9_5
74 0 111245 6 71.264465 plmp9_5
74 0 803268 7 70.69193 plmp9_5
74 0 112902 8 68.65012 plmp9_5
74 0 111755 9 68.61377 plmp9_5
75 0 118226 0 103.04836 plmp9_5
75 0 3189783 1 99.70971 plmp9_5
75 0 86460 2 99.69615 plmp9_5
75 0 92916 3 99.2104 plmp9_5
75 0 89728 4 98.45655 plmp9_5
75 0 802770 5 97.410034 plmp9_5
75 0 110964 6 97.06844 plmp9_5
75 0 88610 7 93.93487 plmp9_5
75 0 112398 8 93.020546 plmp9_5
75 0 90423 9 92.485596 plmp9_5
76 0 2679833 0 112.53114 plmp9_5
76 0 2680440 1 112.53114 plmp9_5
76 0 150540 2 107.41057 plmp9_5
76 0 108900 3 106.39982 plmp9_5
76 0 112919 4 103.19683 plmp9_5
76 0 110964 5 102.345406 plmp9_5
76 0 118298 6 102.06641 plmp9_5
76 0 111945 7 100.83252 plmp9_5
76 0 2781925 8 100.4303 plmp9_5
76 0 2670966 9 100.376945 plmp9_5
77 0 2812588 0 148.20042 plmp9_5
77 0 4151822 1 139.08253 plmp9_5
77 0 145817 2 133.4042 plmp9_5
77 0 111029 3 119.06671 plmp9_5
77 0 111455 4 115.45265 plmp9_5
77 0 2770446 5 115.04161 plmp9_5
77 0 112726 6 114.8899 plmp9_5
77 0 134747 7 111.13885 plmp9_5
77 0 145902 8 107.58557 plmp9_5
77 0 104355 9 103.62973 plmp9_5
78 0 2812588 0 62.37751 plmp9_5
78 0 145632 1 61.20651 plmp9_5
78 0 117899 2 59.193592 plmp9_5
78 0 799976 3 58.59757 plmp9_5
78 0 111717 4 58.15785 plmp9_5
78 0 112485 5 57.65249 plmp9_5
78 0 111250 6 57.260742 plmp9_5
78 0 118022 7 56.538647 plmp9_5
78 0 122258 8 56.23897 plmp9_5
78 0 111092 9 55.748333 plmp9_5
79 0 111009 0 162.90689 plmp9_5
79 0 118143 1 150.00809 plmp9_5
79 0 111470 2 135.90012 plmp9_5
79 0 110221 3 117.87193 plmp9_5
79 0 118513 4 89.64237 plmp9_5
79 0 2680438 5 85.68486 plmp9_5
79 0 111964 6 83.859436 plmp9_5
79 0 106328 7 79.42539 plmp9_5
79 0 109626 8 79.20778 plmp9_5
79 0 110183 9 78.73105 plmp9_5
80 0 118143 0 141.28624 plmp9_5
80 0 111009 1 134.65292 plmp9_5
80 0 111470 2 130.72855 plmp9_5
80 0 150540 3 110.18052 plmp9_5
80 0 145859 4 110.108795 plmp9_5
80 0 110221 5 101.16546 plmp9_5
80 0 106328 6 100.48968 plmp9_5
80 0 2672210 7 97.19267 plmp9_5
80 0 2654755 8 97.19267 plmp9_5
80 0 109342 9 94.90953 plmp9_5
81 0 148484 0 104.716896 plmp9_5
81 0 112440 1 80.11584 plmp9_5
81 0 122253 2 78.883125 plmp9_5
81 0 118445 3 70.79139 plmp9_5
81 0 117841 4 69.5197 plmp9_5
81 0 112867 5 68.99292 plmp9_5
81 0 799981 6 65.33502 plmp9_5
81 0 121157 7 65.17185 plmp9_5
81 0 112422 8 64.4393 plmp9_5
81 0 118368 9 64.26196 plmp9_5
82 0 118368 0 107.05961 plmp9_5
82 0 1726 1 105.863174 plmp9_5
82 0 127900 2 102.87854 plmp9_5
82 0 2803250 3 98.520325 plmp9_5
82 0 216735 4 97.906746 plmp9_5
82 0 216806 5 97.906746 plmp9_5
82 0 799981 6 94.773735 plmp9_5
82 0 145625 7 92.88948 plmp9_5
82 0 118126 8 91.943634 plmp9_5
82 0 112869 9 91.552345 plmp9_5
83 0 145859 0 139.4898 plmp9_5
83 0 112922 1 104.72486 plmp9_5
83 0 137746 2 95.260506 plmp9_5
83 0 109894 3 93.68209 plmp9_5
83 0 111151 4 93.65664 plmp9_5
83 0 111246 5 93.60124 plmp9_5
83 0 145870 6 92.22965 plmp9_5
83 0 110289 7 91.53736 plmp9_5
83 0 111286 8 90.421326 plmp9_5
83 0 111194 9 90.285065 plmp9_5
84 0 145859 0 136.40907 plmp9_5
84 0 112922 1 115.64197 plmp9_5
84 0 111151 2 104.24553 plmp9_5
84 0 800858 3 103.7356 plmp9_5
84 0 109895 4 102.400475 plmp9_5
84 0 109893 5 100.36843 plmp9_5
84 0 107980 6 99.42843 plmp9_5
84 0 109200 7 99.12679 plmp9_5
84 0 107293 8 98.84018 plmp9_5
84 0 110361 9 98.62702 plmp9_5
85 0 2959737 0 205.07901 plmp9_5
85 0 802973 1 204.35468 plmp9_5
85 0 803271 2 204.35468 plmp9_5
85 0 3177199 3 151.85405 plmp9_5
85 0 3171724 4 151.68115 plmp9_5
85 0 3177200 5 151.68115 plmp9_5
85 0 150543 6 144.1394 plmp9_5
85 0 2959732 7 144.1394 plmp9_5
85 0 146553 8 143.45583 plmp9_5
85 0 146790 9 143.45583 plmp9_5
86 0 3177199 0 124.866615 plmp9_5
86 0 3171724 1 124.77284 plmp9_5
86 0 3177200 2 124.77284 plmp9_5
86 0 802973 3 115.36167 plmp9_5
86 0 803271 4 115.36167 plmp9_5
86 0 2959737 5 115.36167 plmp9_5
86 0 3205766 6 113.67525 plmp9_5
86 0 150543 7 106.903015 plmp9_5
86 0 2959732 8 106.903015 plmp9_5
86 0 146553 9 106.24181 plmp9_5
87 0 143378 0 47.853825 plmp9_5
87 0 111170 1 47.452065 plmp9_5
87 0 112807 2 47.38083 plmp9_5
87 0 112746 3 44.5113 plmp9_5
87 0 136998 4 44.402706 plmp9_5
87 0 110760 5 43.65566 plmp9_5
87 0 117899 6 43.539543 plmp9_5
87 0 1088038 7 43.198334 plmp9_5
87 0 124715 8 43.117325 plmp9_5
87 0 117987 9 43.066357 plmp9_5
88 0 182992 0 119.948166 plmp9_5
88 0 182991 1 110.30167 plmp9_5
88 0 145897 2 106.81113 plmp9_5
88 0 111170 3 105.27974 plmp9_5
88 0 149653 4 104.242256 plmp9_5
88 0 2654277 5 102.65454 plmp9_5
88 0 112807 6 98.03826 plmp9_5
88 0 145122 7 97.81471 plmp9_5
88 0 625832 8 97.65278 plmp9_5
88 0 626055 9 97.65278 plmp9_5
89 0 4151822 0 207.70454 plmp9_5
89 0 2812588 1 187.34456 plmp9_5
89 0 2770446 2 173.79774 plmp9_5
89 0 145647 3 123.52024 plmp9_5
89 0 4162110 4 120.30935 plmp9_5
89 0 134747 5 116.92182 plmp9_5
89 0 145817 6 116.10209 plmp9_5
89 0 2809767 7 89.49959 plmp9_5
89 0 2811850 8 89.49959 plmp9_5
89 0 145954 9 88.13163 plmp9_5
90 0 4151822 0 229.71805 plmp9_5
90 0 2812588 1 226.56772 plmp9_5
90 0 2770446 2 174.53496 plmp9_5
90 0 145626 3 163.51344 plmp9_5
90 0 118054 4 154.04712 plmp9_5
90 0 137748 5 154.02087 plmp9_5
90 0 130150 6 151.02106 plmp9_5
90 0 626454 7 146.63123 plmp9_5
90 0 3181025 8 146.34428 plmp9_5
90 0 111913 9 144.02745 plmp9_5
91 0 3212514 0 277.26694 plmp9_5
91 0 145782 1 135.44008 plmp9_5
91 0 1087959 2 130.99173 plmp9_5
91 0 118507 3 129.89049 plmp9_5
91 0 134732 4 127.76182 plmp9_5
91 0 110249 5 125.09468 plmp9_5
91 0 109857 6 125.07577 plmp9_5
91 0 112439 7 123.953835 plmp9_5
91 0 110213 8 122.717575 plmp9_5
91 0 219097 9 122.51418 plmp9_5
92 0 3212514 0 266.6306 plmp9_5
92 0 110249 1 157.35042 plmp9_5
92 0 1087959 2 155.00749 plmp9_5
92 0 118507 3 149.03479 plmp9_5
92 0 110213 4 127.537285 plmp9_5
92 0 110032 5 127.40705 plmp9_5
92 0 109857 6 123.86543 plmp9_5
92 0 134732 7 123.419 plmp9_5
92 0 134725 8 122.96981 plmp9_5
92 0 112439 9 119.11554 plmp9_5
93 0 145901 0 198.51408 plmp9_5
93 0 117874 1 191.9792 plmp9_5
93 0 118334 2 189.44092 plmp9_5
93 0 118107 3 185.37054 plmp9_5
93 0 112905 4 181.70964 plmp9_5
93 0 130158 5 177.32826 plmp9_5
93 0 112824 6 176.92667 plmp9_5
93 0 118129 7 174.57893 plmp9_5
93 0 110877 8 173.14297 plmp9_5
93 0 111736 9 172.8118 plmp9_5
94 0 145901 0 202.0213 plmp9_5
94 0 931614 1 197.83899 plmp9_5
94 0 117874 2 187.95778 plmp9_5
94 0 2788983 3 179.1731 plmp9_5
94 0 4151827 4 171.65677 plmp9_5
94 0 118129 5 170.20953 plmp9_5
94 0 111736 6 169.59476 plmp9_5
94 0 112905 7 169.20276 plmp9_5
94 0 118334 8 167.69292 plmp9_5
94 0 112824 9 166.25862 plmp9_5
95 0 108555 0 100.205956 plmp9_5
95 0 105495 1 98.7555 plmp9_5
95 0 107232 2 92.11133 plmp9_5
95 0 107475 3 90.25245 plmp9_5
95 0 106171 4 76.05482 plmp9_5
95 0 106073 5 72.21781 plmp9_5
95 0 109444 6 72.08585 plmp9_5
95 0 103631 7 71.233055 plmp9_5
95 0 104571 8 66.99621 plmp9_5
95 0 145692 9 66.75627 plmp9_5
96 0 108555 0 113.583664 plmp9_5
96 0 103631 1 106.46399 plmp9_5
96 0 92746 2 83.79427 plmp9_5
96 0 93739 3 79.76707 plmp9_5
96 0 799986 4 79.43359 plmp9_5
96 0 96542 5 78.474365 plmp9_5
96 0 92705 6 78.11241 plmp9_5
96 0 96850 7 77.90202 plmp9_5
96 0 93395 8 77.687126 plmp9_5
96 0 96341 9 77.06466 plmp9_5
97 0 112101 0 134.43994 plmp9_5
97 0 111922 1 102.289536 plmp9_5
97 0 110718 2 72.52451 plmp9_5
97 0 2655597 3 72.387344 plmp9_5
97 0 2676593 4 70.95669 plmp9_5
97 0 2795279 5 70.640976 plmp9_5
97 0 117959 6 70.55492 plmp9_5
97 0 118111 7 67.50411 plmp9_5
97 0 136993 8 67.318184 plmp9_5
97 0 134749 9 67.21921 plmp9_5
98 0 118148 0 33.635994 plmp9_5
98 0 134732 1 33.369526 plmp9_5
98 0 109088 2 33.329144 plmp9_5
98 0 2655591 3 33.298275 plmp9_5
98 0 118467 4 33.039883 plmp9_5
98 0 2811845 5 32.560783 plmp9_5
98 0 145804 6 32.19057 plmp9_5
98 0 117832 7 32.032253 plmp9_5
98 0 110996 8 31.989569 plmp9_5
98 0 85310 9 31.873432 plmp9_5
99 0 112267 0 123.440865 plmp9_5
99 0 111884 1 95.81017 plmp9_5
99 0 110552 2 84.06152 plmp9_5
99 0 112723 3 77.13461 plmp9_5
99 0 110578 4 72.13286 plmp9_5
99 0 109976 5 68.60756 plmp9_5
99 0 145914 6 68.38514 plmp9_5
99 0 109612 7 67.37567 plmp9_5
99 0 109673 8 67.211555 plmp9_5
99 0 118121 9 65.888504 plmp9_5
100 0 112267 0 151.25511 plmp9_5
100 0 110552 1 130.27849 plmp9_5
100 0 111884 2 109.9183 plmp9_5
100 0 111886 3 104.80901 plmp9_5
100 0 110098 4 101.33418 plmp9_5
100 0 109633 5 100.78777 plmp9_5
100 0 112723 6 98.67913 plmp9_5
100 0 109673 7 98.25115 plmp9_5
100 0 110296 8 97.411644 plmp9_5
100 0 110578 9 96.12 plmp9_5
