1 0 3204919 0 86.63085 plmp8_10
1 0 2649076 1 78.90299 plmp8_10
1 0 149702 2 76.38344 plmp8_10
1 0 219733 3 75.68108 plmp8_10
1 0 220342 4 75.68108 plmp8_10
1 0 2812210 5 75.16801 plmp8_10
1 0 2812209 6 72.74518 plmp8_10
1 0 112436 7 72.3575 plmp8_10
1 0 2654532 8 72.347115 plmp8_10
1 0 219732 9 71.827896 plmp8_10
2 0 145692 0 83.089615 plmp8_10
2 0 103631 1 82.12117 plmp8_10
2 0 108555 2 79.16731 plmp8_10
2 0 4170684 3 73.86076 plmp8_10
2 0 104571 4 72.16638 plmp8_10
2 0 96850 5 71.33288 plmp8_10
2 0 103549 6 70.80076 plmp8_10
2 0 106522 7 70.04998 plmp8_10
2 0 93789 8 70.01297 plmp8_10
2 0 105825 9 69.14241 plmp8_10
3 0 3162143 0 120.15218 plmp8_10
3 0 215496 1 106.16589 plmp8_10
3 0 215694 2 106.16589 plmp8_10
3 0 2959735 3 106.164856 plmp8_10
3 0 118475 4 105.37604 plmp8_10
3 0 903973 5 102.92725 plmp8_10
3 0 117907 6 102.86106 plmp8_10
3 0 130157 7 102.79326 plmp8_10
3 0 117959 8 100.53899 plmp8_10
3 0 145821 9 100.064766 plmp8_10
4 0 215694 0 190.39984 plmp8_10
4 0 2959735 1 190.39777 plmp8_10
4 0 215496 2 190.33434 plmp8_10
4 0 3162143 3 170.71576 plmp8_10
4 0 118029 4 155.98187 plmp8_10
4 0 149007 5 154.67012 plmp8_10
4 0 903973 6 151.93217 plmp8_10
4 0 78783 7 145.16927 plmp8_10
4 0 623142 8 144.4041 plmp8_10
4 0 145890 9 142.27242 plmp8_10
5 0 145652 0 76.67317 plmp8_10
5 0 110831 1 76.34465 plmp8_10
5 0 1740 2 75.532425 plmp8_10
5 0 2672209 3 71.00428 plmp8_10
5 0 2657779 4 71.00428 plmp8_10
5 0 110056 5 69.588936 plmp8_10
5 0 118360 6 67.74487 plmp8_10
5 0 131163 7 67.144226 plmp8_10
5 0 118037 8 66.476036 plmp8_10
5 0 112708 9 65.63233 plmp8_10
6 0 110654 0 102.91941 plmp8_10
6 0 3203656 1 78.282364 plmp8_10
6 0 3206414 2 78.282364 plmp8_10
6 0 110056 3 75.67569 plmp8_10
6 0 111258 4 74.83034 plmp8_10
6 0 110789 5 67.64182 plmp8_10
6 0 111114 6 67.60256 plmp8_10
6 0 112072 7 65.99238 plmp8_10
6 0 2811844 8 64.016975 plmp8_10
6 0 2959750 9 64.016975 plmp8_10
7 0 2655591 0 51.049114 plmp8_10
7 0 134749 1 50.83215 plmp8_10
7 0 3195892 2 50.572033 plmp8_10
7 0 219733 3 50.53947 plmp8_10
7 0 220342 4 50.53947 plmp8_10
7 0 2678467 5 50.25086 plmp8_10
7 0 2679202 6 50.25086 plmp8_10
7 0 2959746 7 50.25086 plmp8_10
7 0 118511 8 50.204666 plmp8_10
7 0 217512 9 50.079098 plmp8_10
8 0 112174 0 119.03105 plmp8_10
8 0 134749 1 116.85069 plmp8_10
8 0 145868 2 108.66869 plmp8_10
8 0 145715 3 104.08968 plmp8_10
8 0 112834 4 99.92349 plmp8_10
8 0 147531 5 99.919205 plmp8_10
8 0 2678467 6 92.48686 plmp8_10
8 0 2679202 7 92.48686 plmp8_10
8 0 2959746 8 92.48686 plmp8_10
8 0 110932 9 90.85679 plmp8_10
9 0 2675751 0 128.87291 plmp8_10
9 0 147530 1 116.98114 plmp8_10
9 0 127923 2 110.58213 plmp8_10
9 0 118317 3 110.32723 plmp8_10
9 0 854177 4 109.8428 plmp8_10
9 0 118212 5 109.81719 plmp8_10
9 0 118011 6 108.595894 plmp8_10
9 0 118323 7 107.059135 plmp8_10
9 0 112641 8 106.788345 plmp8_10
9 0 109720 9 106.454994 plmp8_10
10 0 111500 0 144.83807 plmp8_10
10 0 112423 1 135.82452 plmp8_10
10 0 118087 2 129.9137 plmp8_10
10 0 112657 3 125.65761 plmp8_10
10 0 112800 4 124.30397 plmp8_10
10 0 214949 5 123.757614 plmp8_10
10 0 215071 6 123.757614 plmp8_10
10 0 118511 7 123.11729 plmp8_10
10 0 118236 8 120.47438 plmp8_10
10 0 112293 9 120.24021 plmp8_10
11 0 145960 0 70.475525 plmp8_10
11 0 2810524 1 70.06713 plmp8_10
11 0 2811846 2 70.06713 plmp8_10
11 0 2809767 3 69.399666 plmp8_10
11 0 2811850 4 69.399666 plmp8_10
11 0 217512 5 68.560936 plmp8_10
11 0 216733 6 68.44529 plmp8_10
11 0 873668 7 67.9546 plmp8_10
11 0 111280 8 67.532974 plmp8_10
11 0 148483 9 67.28072 plmp8_10
12 0 2672535 0 86.7915 plmp8_10
12 0 3207860 1 73.84802 plmp8_10
12 0 2790213 2 73.49174 plmp8_10
12 0 3181025 3 73.22542 plmp8_10
12 0 3211503 4 71.82819 plmp8_10
12 0 3153112 5 71.18678 plmp8_10
12 0 111722 6 70.5634 plmp8_10
12 0 145918 7 70.18437 plmp8_10
12 0 3177198 8 69.34547 plmp8_10
12 0 2809767 9 69.23945 plmp8_10
13 0 2812588 0 94.26702 plmp8_10
13 0 145967 1 87.67088 plmp8_10
13 0 2642828 2 87.008224 plmp8_10
13 0 802973 3 86.786766 plmp8_10
13 0 803271 4 86.786766 plmp8_10
13 0 2959737 5 86.786766 plmp8_10
13 0 150543 6 83.67833 plmp8_10
13 0 2959732 7 83.67814 plmp8_10
13 0 2959730 8 82.88273 plmp8_10
13 0 108605 9 82.52173 plmp8_10
14 0 2670965 0 57.213203 plmp8_10
14 0 111330 1 56.017296 plmp8_10
14 0 2812588 2 55.32535 plmp8_10
14 0 213842 3 54.712788 plmp8_10
14 0 118015 4 54.32787 plmp8_10
14 0 799976 5 52.797455 plmp8_10
14 0 122258 6 52.651783 plmp8_10
14 0 2742710 7 52.57113 plmp8_10
14 0 118296 8 52.37379 plmp8_10
14 0 111271 9 52.31702 plmp8_10
15 0 2812588 0 143.0823 plmp8_10
15 0 4151822 1 123.43629 plmp8_10
15 0 2770446 2 109.761314 plmp8_10
15 0 2809767 3 91.561485 plmp8_10
15 0 2811850 4 91.561485 plmp8_10
15 0 2771249 5 83.893166 plmp8_10
15 0 2809766 6 83.08846 plmp8_10
15 0 2811849 7 83.08846 plmp8_10
15 0 2812210 8 83.0562 plmp8_10
15 0 2812587 9 81.325516 plmp8_10
16 0 4151822 0 107.330666 plmp8_10
16 0 2812588 1 82.43598 plmp8_10
16 0 4151826 2 75.10098 plmp8_10
16 0 3209687 3 75.020256 plmp8_10
16 0 4155979 4 74.00124 plmp8_10
16 0 4161362 5 73.94008 plmp8_10
16 0 145817 6 73.92981 plmp8_10
16 0 112061 7 72.89651 plmp8_10
16 0 4151830 8 71.724754 plmp8_10
16 0 1921234 9 71.5075 plmp8_10
17 0 148484 0 62.058613 plmp8_10
17 0 4161362 1 56.974045 plmp8_10
17 0 217512 2 56.886196 plmp8_10
17 0 620566 3 55.567013 plmp8_10
17 0 145865 4 54.636242 plmp8_10
17 0 1751 5 52.871197 plmp8_10
17 0 2783506 6 52.630463 plmp8_10
17 0 148796 7 51.967087 plmp8_10
17 0 4151826 8 51.778988 plmp8_10
17 0 134749 9 51.742546 plmp8_10
18 0 205712 0 125.27164 plmp8_10
18 0 148484 1 124.057655 plmp8_10
18 0 620566 2 121.6317 plmp8_10
18 0 145664 3 118.901 plmp8_10
18 0 217512 4 115.07738 plmp8_10
18 0 182990 5 112.959816 plmp8_10
18 0 206097 6 112.73832 plmp8_10
18 0 2795703 7 111.81802 plmp8_10
18 0 2797292 8 111.81802 plmp8_10
18 0 820903 9 110.783905 plmp8_10
19 0 2654533 0 139.96306 plmp8_10
19 0 2654756 1 139.96306 plmp8_10
19 0 112808 2 119.41304 plmp8_10
19 0 112775 3 118.88201 plmp8_10
19 0 118018 4 116.92272 plmp8_10
19 0 4151825 5 116.912506 plmp8_10
19 0 4151826 6 112.71876 plmp8_10
19 0 2654534 7 112.09576 plmp8_10
19 0 145121 8 109.64957 plmp8_10
19 0 219509 9 109.29226 plmp8_10
20 0 2654533 0 143.69841 plmp8_10
20 0 2654756 1 143.69841 plmp8_10
20 0 112775 2 120.00011 plmp8_10
20 0 4151825 3 117.91688 plmp8_10
20 0 145121 4 110.37578 plmp8_10
20 0 110085 5 110.07263 plmp8_10
20 0 112808 6 109.47427 plmp8_10
20 0 4151826 7 108.433556 plmp8_10
20 0 110676 8 107.37402 plmp8_10
20 0 4172500 9 107.26963 plmp8_10
21 0 873660 0 160.13777 plmp8_10
21 0 112799 1 129.44708 plmp8_10
21 0 117890 2 128.29521 plmp8_10
21 0 2681317 3 126.08482 plmp8_10
21 0 118081 4 125.62144 plmp8_10
21 0 118416 5 125.48837 plmp8_10
21 0 2811845 6 125.28647 plmp8_10
21 0 121159 7 122.86383 plmp8_10
21 0 2804673 8 122.56114 plmp8_10
21 0 118119 9 121.50547 plmp8_10
22 0 2659300 0 164.46608 plmp8_10
22 0 117890 1 159.8064 plmp8_10
22 0 112799 2 148.9931 plmp8_10
22 0 112774 3 139.69539 plmp8_10
22 0 118416 4 138.48721 plmp8_10
22 0 118081 5 138.0211 plmp8_10
22 0 2681317 6 134.68983 plmp8_10
22 0 145925 7 132.56767 plmp8_10
22 0 121159 8 132.08633 plmp8_10
22 0 2811845 9 130.06668 plmp8_10
23 0 118449 0 104.56678 plmp8_10
23 0 2811847 1 100.09997 plmp8_10
23 0 2810525 2 100.09526 plmp8_10
23 0 112257 3 98.18096 plmp8_10
23 0 118180 4 89.1354 plmp8_10
23 0 142878 5 88.1533 plmp8_10
23 0 145738 6 86.73058 plmp8_10
23 0 2675750 7 85.06026 plmp8_10
23 0 145121 8 84.83876 plmp8_10
23 0 112924 9 84.72792 plmp8_10
24 0 1738 0 38.90866 plmp8_10
24 0 112693 1 36.349655 plmp8_10
24 0 142894 2 35.558582 plmp8_10
24 0 111318 3 35.481747 plmp8_10
24 0 145778 4 34.815765 plmp8_10
24 0 118449 5 34.3469 plmp8_10
24 0 112872 6 33.912834 plmp8_10
24 0 112257 7 33.58096 plmp8_10
24 0 110916 8 33.481815 plmp8_10
24 0 127927 9 33.398926 plmp8_10
25 0 112616 0 133.97043 plmp8_10
25 0 2655499 1 94.51252 plmp8_10
25 0 110318 2 89.10794 plmp8_10
25 0 3211503 3 80.04762 plmp8_10
25 0 108792 4 79.3311 plmp8_10
25 0 821305 5 77.97409 plmp8_10
25 0 111495 6 77.76827 plmp8_10
25 0 112700 7 76.07624 plmp8_10
25 0 118021 8 75.96656 plmp8_10
25 0 4104821 9 72.403175 plmp8_10
26 0 117872 0 129.55223 plmp8_10
26 0 112045 1 111.97833 plmp8_10
26 0 112616 2 111.97261 plmp8_10
26 0 118026 3 108.93881 plmp8_10
26 0 112324 4 108.06378 plmp8_10
26 0 127910 5 101.526474 plmp8_10
26 0 145779 6 100.62327 plmp8_10
26 0 112457 7 99.373436 plmp8_10
26 0 145758 8 98.524666 plmp8_10
26 0 105580 9 96.8226 plmp8_10
27 0 4157405 0 190.57375 plmp8_10
27 0 4157382 1 190.57156 plmp8_10
27 0 112346 2 125.58961 plmp8_10
27 0 111141 3 122.36476 plmp8_10
27 0 112523 4 108.37866 plmp8_10
27 0 3204918 5 102.59485 plmp8_10
27 0 931121 6 100.33327 plmp8_10
27 0 145636 7 98.42692 plmp8_10
27 0 110384 8 97.961334 plmp8_10
27 0 217703 9 97.44314 plmp8_10
28 0 4157405 0 165.67834 plmp8_10
28 0 4157382 1 165.67618 plmp8_10
28 0 112346 2 120.854355 plmp8_10
28 0 111141 3 108.81767 plmp8_10
28 0 118489 4 87.119576 plmp8_10
28 0 931121 5 86.233795 plmp8_10
28 0 111145 6 83.567535 plmp8_10
28 0 112071 7 83.236084 plmp8_10
28 0 212970 8 81.403534 plmp8_10
28 0 145827 9 81.013016 plmp8_10
29 0 4151826 0 44.545498 plmp8_10
29 0 205788 1 43.80582 plmp8_10
29 0 145632 2 43.565002 plmp8_10
29 0 111471 3 43.413986 plmp8_10
29 0 117875 4 42.844112 plmp8_10
29 0 112810 5 42.313477 plmp8_10
29 0 118400 6 42.114655 plmp8_10
29 0 118351 7 41.77357 plmp8_10
29 0 137739 8 41.467598 plmp8_10
29 0 112620 9 41.27064 plmp8_10
30 0 145841 0 122.97641 plmp8_10
30 0 205788 1 121.42666 plmp8_10
30 0 145708 2 115.49653 plmp8_10
30 0 218921 3 115.39922 plmp8_10
30 0 145761 4 114.93649 plmp8_10
30 0 137739 5 113.56698 plmp8_10
30 0 4151826 6 109.85936 plmp8_10
30 0 118117 7 109.43201 plmp8_10
30 0 112704 8 109.08979 plmp8_10
30 0 148795 9 106.27295 plmp8_10
31 0 118023 0 84.88724 plmp8_10
31 0 145925 1 80.988754 plmp8_10
31 0 112356 2 80.56896 plmp8_10
31 0 2795279 3 80.05186 plmp8_10
31 0 118458 4 78.31379 plmp8_10
31 0 108766 5 78.08207 plmp8_10
31 0 112486 6 77.49601 plmp8_10
31 0 118229 7 77.18831 plmp8_10
31 0 145909 8 76.930305 plmp8_10
31 0 131149 9 76.8275 plmp8_10
32 0 112329 0 70.33802 plmp8_10
32 0 111434 1 67.8379 plmp8_10
32 0 112850 2 66.14168 plmp8_10
32 0 112447 3 64.29721 plmp8_10
32 0 1728 4 63.84495 plmp8_10
32 0 145710 5 62.247177 plmp8_10
32 0 117853 6 58.310387 plmp8_10
32 0 112090 7 57.74574 plmp8_10
32 0 117963 8 57.599403 plmp8_10
32 0 125839 9 57.47269 plmp8_10
33 0 112485 0 79.06489 plmp8_10
33 0 112487 1 78.25143 plmp8_10
33 0 121158 2 77.44559 plmp8_10
33 0 145870 3 76.05681 plmp8_10
33 0 112325 4 75.818954 plmp8_10
33 0 2812588 5 74.644005 plmp8_10
33 0 112808 6 74.60639 plmp8_10
33 0 2809767 7 74.398445 plmp8_10
33 0 2811850 8 74.398445 plmp8_10
33 0 109532 9 73.90358 plmp8_10
34 0 2676594 0 258.45154 plmp8_10
34 0 2675753 1 252.40802 plmp8_10
34 0 2679204 2 252.40802 plmp8_10
34 0 2809767 3 184.41776 plmp8_10
34 0 2811850 4 184.41776 plmp8_10
34 0 121158 5 116.299965 plmp8_10
34 0 3216389 6 111.933846 plmp8_10
34 0 112325 7 108.34519 plmp8_10
34 0 136994 8 106.65663 plmp8_10
34 0 625710 9 103.08747 plmp8_10
35 0 821306 0 56.66782 plmp8_10
35 0 102737 1 52.21546 plmp8_10
35 0 145660 2 51.067513 plmp8_10
35 0 134742 3 50.40466 plmp8_10
35 0 219617 4 49.82062 plmp8_10
35 0 118079 5 47.91351 plmp8_10
35 0 106350 6 47.90882 plmp8_10
35 0 2801432 7 47.6196 plmp8_10
35 0 148796 8 47.61289 plmp8_10
35 0 2959740 9 47.527325 plmp8_10
36 0 118319 0 90.75012 plmp8_10
36 0 118238 1 90.14953 plmp8_10
36 0 109923 2 88.36866 plmp8_10
36 0 118142 3 87.86509 plmp8_10
36 0 112314 4 87.114235 plmp8_10
36 0 902769 5 85.0792 plmp8_10
36 0 118329 6 84.61736 plmp8_10
36 0 1087952 7 84.10717 plmp8_10
36 0 903973 8 83.408134 plmp8_10
36 0 118424 9 83.40089 plmp8_10
37 0 118269 0 67.49721 plmp8_10
37 0 4151829 1 64.79563 plmp8_10
37 0 110774 2 64.553276 plmp8_10
37 0 145731 3 63.434956 plmp8_10
37 0 110742 4 63.31705 plmp8_10
37 0 112910 5 61.57407 plmp8_10
37 0 121168 6 61.141224 plmp8_10
37 0 118290 7 61.10481 plmp8_10
37 0 111982 8 61.050182 plmp8_10
37 0 145629 9 60.582237 plmp8_10
38 0 145855 0 101.09848 plmp8_10
38 0 145731 1 100.21788 plmp8_10
38 0 4151829 2 93.88413 plmp8_10
38 0 118269 3 81.321236 plmp8_10
38 0 1993216 4 76.04437 plmp8_10
38 0 112910 5 73.15763 plmp8_10
38 0 110774 6 71.83012 plmp8_10
38 0 111420 7 70.407936 plmp8_10
38 0 111982 8 69.49166 plmp8_10
38 0 145629 9 69.321754 plmp8_10
39 0 112568 0 85.69673 plmp8_10
39 0 112420 1 75.10529 plmp8_10
39 0 111432 2 71.21495 plmp8_10
39 0 2959744 3 66.8283 plmp8_10
39 0 855518 4 66.8283 plmp8_10
39 0 118457 5 66.81571 plmp8_10
39 0 621044 6 66.719795 plmp8_10
39 0 621090 7 66.719795 plmp8_10
39 0 2959739 8 66.719795 plmp8_10
39 0 2674861 9 66.224724 plmp8_10
40 0 105200 0 109.202034 plmp8_10
40 0 621044 1 104.73947 plmp8_10
40 0 621090 2 104.73947 plmp8_10
40 0 2959739 3 104.73947 plmp8_10
40 0 2959744 4 102.6643 plmp8_10
40 0 855518 5 102.6643 plmp8_10
40 0 122254 6 100.5319 plmp8_10
40 0 2144 7 95.328705 plmp8_10
40 0 104688 8 93.59129 plmp8_10
40 0 1731 9 91.55896 plmp8_10
41 0 112924 0 126.26505 plmp8_10
41 0 2654533 1 120.30526 plmp8_10
41 0 2654756 2 120.30526 plmp8_10
41 0 111198 3 119.02564 plmp8_10
41 0 2811847 4 115.24428 plmp8_10
41 0 2810525 5 115.23958 plmp8_10
41 0 111891 6 114.492805 plmp8_10
41 0 109186 7 110.85989 plmp8_10
41 0 127916 8 109.040726 plmp8_10
41 0 110132 9 108.28905 plmp8_10
42 0 2654533 0 132.92108 plmp8_10
42 0 2654756 1 132.92108 plmp8_10
42 0 111891 2 125.19131 plmp8_10
42 0 111198 3 124.07477 plmp8_10
42 0 112585 4 123.421936 plmp8_10
42 0 110132 5 119.914024 plmp8_10
42 0 109186 6 118.56201 plmp8_10
42 0 112731 7 114.81374 plmp8_10
42 0 112924 8 114.62312 plmp8_10
42 0 110926 9 112.68044 plmp8_10
43 0 112920 0 98.022736 plmp8_10
43 0 112305 1 95.800674 plmp8_10
43 0 2680590 2 93.93754 plmp8_10
43 0 2959745 3 93.93754 plmp8_10
43 0 118148 4 85.03209 plmp8_10
43 0 112803 5 84.945366 plmp8_10
43 0 112644 6 78.8316 plmp8_10
43 0 121170 7 76.85542 plmp8_10
43 0 2959749 8 76.13639 plmp8_10
43 0 2812589 9 76.11123 plmp8_10
44 0 92563 0 31.276737 plmp8_10
44 0 118269 1 29.382874 plmp8_10
44 0 802408 2 28.221432 plmp8_10
44 0 118182 3 28.097271 plmp8_10
44 0 109515 4 27.98378 plmp8_10
44 0 118282 5 27.981472 plmp8_10
44 0 109835 6 27.88244 plmp8_10
44 0 117953 7 27.788126 plmp8_10
44 0 145903 8 27.775045 plmp8_10
44 0 112139 9 27.621136 plmp8_10
45 0 3204917 0 168.27264 plmp8_10
45 0 866024 1 152.17554 plmp8_10
45 0 858802 2 152.17554 plmp8_10
45 0 150542 3 143.30882 plmp8_10
45 0 145772 4 139.7104 plmp8_10
45 0 145903 5 138.56111 plmp8_10
45 0 800568 6 135.17842 plmp8_10
45 0 145861 7 132.64766 plmp8_10
45 0 626207 8 131.94229 plmp8_10
45 0 2804673 9 130.90224 plmp8_10
46 0 866024 0 266.13745 plmp8_10
46 0 858802 1 266.12714 plmp8_10
46 0 2804673 2 184.04643 plmp8_10
46 0 903971 3 183.97864 plmp8_10
46 0 2959742 4 183.97864 plmp8_10
46 0 3204917 5 172.53792 plmp8_10
46 0 623145 6 167.98227 plmp8_10
46 0 150542 7 165.7941 plmp8_10
46 0 2657927 8 161.62617 plmp8_10
46 0 1732 9 160.88268 plmp8_10
47 0 2674861 0 121.44241 plmp8_10
47 0 2675754 1 121.44241 plmp8_10
47 0 2795703 2 76.91848 plmp8_10
47 0 2797292 3 76.91848 plmp8_10
47 0 2678133 4 76.09539 plmp8_10
47 0 821305 5 75.20682 plmp8_10
47 0 2671723 6 74.63399 plmp8_10
47 0 4172500 7 74.29338 plmp8_10
47 0 2790213 8 74.18529 plmp8_10
47 0 2679835 9 72.77003 plmp8_10
48 0 2674861 0 128.23169 plmp8_10
48 0 2675754 1 128.23169 plmp8_10
48 0 111362 2 82.069214 plmp8_10
48 0 3170727 3 81.903145 plmp8_10
48 0 112867 4 80.16536 plmp8_10
48 0 142882 5 76.566505 plmp8_10
48 0 145756 6 75.09131 plmp8_10
48 0 117864 7 74.14425 plmp8_10
48 0 118471 8 74.114105 plmp8_10
48 0 106385 9 72.682304 plmp8_10
49 0 2810525 0 69.2807 plmp8_10
49 0 2811847 1 69.2807 plmp8_10
49 0 4151826 2 50.619576 plmp8_10
49 0 3153112 3 49.02464 plmp8_10
49 0 4162535 4 47.542885 plmp8_10
49 0 2809767 5 47.042698 plmp8_10
49 0 2811850 6 47.042698 plmp8_10
49 0 2803251 7 45.44063 plmp8_10
49 0 2812210 8 44.837914 plmp8_10
49 0 2812585 9 44.710022 plmp8_10
50 0 3153112 0 81.24509 plmp8_10
50 0 2810525 1 80.30143 plmp8_10
50 0 2811847 2 80.30143 plmp8_10
50 0 4162535 3 68.091286 plmp8_10
50 0 4151826 4 65.7416 plmp8_10
50 0 2812585 5 60.430103 plmp8_10
50 0 2809767 6 60.053745 plmp8_10
50 0 2811850 7 60.053745 plmp8_10
50 0 3177197 8 59.15595 plmp8_10
50 0 3170730 9 58.65419 plmp8_10
51 0 112770 0 85.567215 plmp8_10
51 0 2812589 1 73.19974 plmp8_10
51 0 2959749 2 73.19974 plmp8_10
51 0 145872 3 72.119385 plmp8_10
51 0 3195892 4 69.7719 plmp8_10
51 0 616433 5 68.49034 plmp8_10
51 0 4172500 6 65.74563 plmp8_10
51 0 78783 7 65.60133 plmp8_10
51 0 134749 8 64.49603 plmp8_10
51 0 109904 9 63.657787 plmp8_10
52 0 112770 0 57.348244 plmp8_10
52 0 112243 1 51.662144 plmp8_10
52 0 112931 2 50.299026 plmp8_10
52 0 98744 3 48.56433 plmp8_10
52 0 103302 4 47.623363 plmp8_10
52 0 103145 5 46.245663 plmp8_10
52 0 85451 6 45.860695 plmp8_10
52 0 89354 7 45.765743 plmp8_10
52 0 90478 8 45.247307 plmp8_10
52 0 86774 9 45.231266 plmp8_10
53 0 799985 0 99.330025 plmp8_10
53 0 2771250 1 82.89266 plmp8_10
53 0 145792 2 80.15268 plmp8_10
53 0 2808291 3 79.01541 plmp8_10
53 0 148483 4 78.49868 plmp8_10
53 0 145664 5 78.21095 plmp8_10
53 0 811778 6 76.85822 plmp8_10
53 0 117916 7 73.962875 plmp8_10
53 0 112677 8 72.71059 plmp8_10
53 0 145647 9 72.51377 plmp8_10
54 0 811778 0 97.80952 plmp8_10
54 0 2808291 1 90.92141 plmp8_10
54 0 799985 2 90.461365 plmp8_10
54 0 872994 3 87.73768 plmp8_10
54 0 931123 4 86.866394 plmp8_10
54 0 2677565 5 85.05843 plmp8_10
54 0 625711 6 84.92361 plmp8_10
54 0 621045 7 83.52685 plmp8_10
54 0 2676594 8 80.47354 plmp8_10
54 0 858288 9 80.12715 plmp8_10
55 0 4154603 0 141.05276 plmp8_10
55 0 145731 1 112.13026 plmp8_10
55 0 118269 2 108.4465 plmp8_10
55 0 145629 3 108.02774 plmp8_10
55 0 145855 4 104.48843 plmp8_10
55 0 111261 5 97.62754 plmp8_10
55 0 110774 6 93.02748 plmp8_10
55 0 112910 7 92.74694 plmp8_10
55 0 112359 8 86.32388 plmp8_10
55 0 109062 9 83.945564 plmp8_10
56 0 4154603 0 183.86296 plmp8_10
56 0 145731 1 140.70535 plmp8_10
56 0 118269 2 130.88911 plmp8_10
56 0 145629 3 125.182045 plmp8_10
56 0 112910 4 120.777916 plmp8_10
56 0 111261 5 118.56724 plmp8_10
56 0 145855 6 113.70538 plmp8_10
56 0 110774 7 112.50418 plmp8_10
56 0 1993216 8 99.693954 plmp8_10
56 0 111420 9 97.73537 plmp8_10
57 0 802408 0 102.158104 plmp8_10
57 0 867644 1 98.92332 plmp8_10
57 0 117856 2 97.28934 plmp8_10
57 0 112324 3 96.54629 plmp8_10
57 0 122254 4 95.600655 plmp8_10
57 0 800569 5 94.65495 plmp8_10
57 0 118297 6 93.90104 plmp8_10
57 0 112802 7 93.22885 plmp8_10
57 0 118387 8 92.9911 plmp8_10
57 0 815320 9 92.35959 plmp8_10
58 0 145735 0 92.79372 plmp8_10
58 0 217702 1 87.34105 plmp8_10
58 0 112467 2 85.12002 plmp8_10
58 0 2676592 3 83.53355 plmp8_10
58 0 106179 4 80.8857 plmp8_10
58 0 108547 5 80.85683 plmp8_10
58 0 145800 6 79.604904 plmp8_10
58 0 2671725 7 78.946846 plmp8_10
58 0 2672207 8 78.89871 plmp8_10
58 0 798626 9 76.64729 plmp8_10
59 0 2788983 0 238.23608 plmp8_10
59 0 4170685 1 211.08067 plmp8_10
59 0 145627 2 199.58394 plmp8_10
59 0 118037 3 199.52702 plmp8_10
59 0 117968 4 195.4328 plmp8_10
59 0 118129 5 191.21179 plmp8_10
59 0 118040 6 183.93678 plmp8_10
59 0 1087691 7 177.65747 plmp8_10
59 0 134735 8 171.70255 plmp8_10
59 0 118422 9 171.28525 plmp8_10
60 0 3195891 0 241.10931 plmp8_10
60 0 2788983 1 225.18095 plmp8_10
60 0 4170685 2 221.00352 plmp8_10
60 0 118129 3 210.19795 plmp8_10
60 0 145627 4 208.37177 plmp8_10
60 0 117968 5 200.73059 plmp8_10
60 0 130158 6 196.24712 plmp8_10
60 0 118334 7 194.79512 plmp8_10
60 0 931614 8 193.35152 plmp8_10
60 0 3191119 9 190.53 plmp8_10
61 0 145743 0 137.89699 plmp8_10
61 0 145923 1 135.21454 plmp8_10
61 0 2812210 2 133.22044 plmp8_10
61 0 218457 3 121.41571 plmp8_10
61 0 1732 4 115.12603 plmp8_10
61 0 145815 5 110.637146 plmp8_10
61 0 3195092 6 110.06839 plmp8_10
61 0 2657927 7 107.35383 plmp8_10
61 0 179213 8 104.33805 plmp8_10
61 0 218132 9 101.95899 plmp8_10
62 0 2812210 0 65.32449 plmp8_10
62 0 110661 1 61.73642 plmp8_10
62 0 110091 2 59.2571 plmp8_10
62 0 118188 3 56.5669 plmp8_10
62 0 112485 4 55.794106 plmp8_10
62 0 118299 5 54.70165 plmp8_10
62 0 218457 6 54.10145 plmp8_10
62 0 118381 7 54.09034 plmp8_10
62 0 145743 8 53.76882 plmp8_10
62 0 1087958 9 53.65061 plmp8_10
63 0 118011 0 64.71639 plmp8_10
63 0 108713 1 64.329796 plmp8_10
63 0 149702 2 63.87027 plmp8_10
63 0 118318 3 63.536327 plmp8_10
63 0 112808 4 62.498344 plmp8_10
63 0 2812589 5 62.09295 plmp8_10
63 0 2959749 6 62.09295 plmp8_10
63 0 3191119 7 62.08868 plmp8_10
63 0 112803 8 61.76603 plmp8_10
63 0 108539 9 61.70262 plmp8_10
64 0 3205768 0 77.23709 plmp8_10
64 0 2758568 1 76.05099 plmp8_10
64 0 3205767 2 73.658005 plmp8_10
64 0 3207860 3 72.15505 plmp8_10
64 0 2809766 4 69.74602 plmp8_10
64 0 2811849 5 69.74602 plmp8_10
64 0 112125 6 67.77918 plmp8_10
64 0 3205736 7 67.45481 plmp8_10
64 0 4151827 8 66.311775 plmp8_10
64 0 110645 9 65.324196 plmp8_10
65 0 118123 0 184.80846 plmp8_10
65 0 110645 1 118.36207 plmp8_10
65 0 150540 2 116.57504 plmp8_10
65 0 131165 3 114.80057 plmp8_10
65 0 109292 4 111.89742 plmp8_10
65 0 3211501 5 110.17896 plmp8_10
65 0 111051 6 110.04318 plmp8_10
65 0 145883 7 105.0709 plmp8_10
65 0 112732 8 104.51435 plmp8_10
65 0 130159 9 104.42117 plmp8_10
66 0 3211501 0 174.50316 plmp8_10
66 0 145867 1 164.91866 plmp8_10
66 0 150540 2 140.19983 plmp8_10
66 0 118123 3 138.93703 plmp8_10
66 0 112935 4 137.4161 plmp8_10
66 0 3213872 5 135.84758 plmp8_10
66 0 121170 6 134.775 plmp8_10
66 0 4151827 7 134.2553 plmp8_10
66 0 111632 8 134.10059 plmp8_10
66 0 3217422 9 133.34808 plmp8_10
67 0 145800 0 145.29262 plmp8_10
67 0 867645 1 143.05992 plmp8_10
67 0 103675 2 97.86522 plmp8_10
67 0 104522 3 91.66226 plmp8_10
67 0 2810526 4 91.58327 plmp8_10
67 0 110330 5 89.4048 plmp8_10
67 0 106757 6 87.48733 plmp8_10
67 0 107938 7 86.730705 plmp8_10
67 0 111139 8 86.31863 plmp8_10
67 0 103678 9 84.29371 plmp8_10
68 0 145800 0 141.22595 plmp8_10
68 0 867645 1 118.42509 plmp8_10
68 0 94177 2 93.15466 plmp8_10
68 0 97893 3 92.51311 plmp8_10
68 0 103093 4 91.90407 plmp8_10
68 0 97584 5 91.7576 plmp8_10
68 0 88704 6 89.505264 plmp8_10
68 0 103675 7 89.30502 plmp8_10
68 0 88756 8 86.37823 plmp8_10
68 0 2810526 9 85.75689 plmp8_10
69 0 111709 0 115.61711 plmp8_10
69 0 3214778 1 112.81738 plmp8_10
69 0 117859 2 107.93156 plmp8_10
69 0 112534 3 106.070366 plmp8_10
69 0 2676593 4 104.212456 plmp8_10
69 0 149289 5 104.14511 plmp8_10
69 0 110996 6 103.58728 plmp8_10
69 0 821306 7 103.16691 plmp8_10
69 0 110439 8 101.22291 plmp8_10
69 0 112820 9 101.08016 plmp8_10
70 0 3214778 0 128.4294 plmp8_10
70 0 149289 1 124.911285 plmp8_10
70 0 2676593 2 123.766655 plmp8_10
70 0 118111 3 122.59159 plmp8_10
70 0 821306 4 119.71375 plmp8_10
70 0 2959744 5 119.00308 plmp8_10
70 0 855518 6 119.00308 plmp8_10
70 0 111709 7 118.906 plmp8_10
70 0 149006 8 116.240654 plmp8_10
70 0 2806208 9 116.128624 plmp8_10
71 0 145121 0 109.76549 plmp8_10
71 0 112914 1 108.5776 plmp8_10
71 0 3189783 2 107.82151 plmp8_10
71 0 118052 3 105.647606 plmp8_10
71 0 118287 4 102.14846 plmp8_10
71 0 112904 5 100.09977 plmp8_10
71 0 112823 6 97.77912 plmp8_10
71 0 117979 7 97.36375 plmp8_10
71 0 118234 8 96.312584 plmp8_10
71 0 118005 9 96.21717 plmp8_10
72 0 118052 0 117.33896 plmp8_10
72 0 3189783 1 109.13703 plmp8_10
72 0 112904 2 108.91685 plmp8_10
72 0 112914 3 107.72426 plmp8_10
72 0 145121 4 107.46941 plmp8_10
72 0 118234 5 104.4833 plmp8_10
72 0 118005 6 103.220535 plmp8_10
72 0 117979 7 101.99072 plmp8_10
72 0 112823 8 94.24505 plmp8_10
72 0 2654533 9 92.730675 plmp8_10
73 0 110692 0 61.421745 plmp8_10
73 0 2804674 1 59.173706 plmp8_10
73 0 108538 2 58.87528 plmp8_10
73 0 112206 3 57.637184 plmp8_10
73 0 106391 4 56.959667 plmp8_10
73 0 110143 5 54.825916 plmp8_10
73 0 111271 6 54.04781 plmp8_10
73 0 106333 7 53.88121 plmp8_10
73 0 110662 8 53.664078 plmp8_10
73 0 104334 9 53.573708 plmp8_10
74 0 2804674 0 74.628944 plmp8_10
74 0 107904 1 73.959465 plmp8_10
74 0 109284 2 66.696045 plmp8_10
74 0 112774 3 66.3717 plmp8_10
74 0 127908 4 63.538918 plmp8_10
74 0 112902 5 63.47883 plmp8_10
74 0 2675749 6 62.903847 plmp8_10
74 0 111755 7 61.061638 plmp8_10
74 0 109016 8 60.8004 plmp8_10
74 0 145810 9 59.725903 plmp8_10
75 0 110964 0 98.89389 plmp8_10
75 0 118226 1 98.45299 plmp8_10
75 0 86460 2 96.536934 plmp8_10
75 0 3189783 3 96.36597 plmp8_10
75 0 802770 4 95.34874 plmp8_10
75 0 2675751 5 94.37638 plmp8_10
75 0 86533 6 93.260864 plmp8_10
75 0 98058 7 90.54451 plmp8_10
75 0 112904 8 90.0662 plmp8_10
75 0 89728 9 89.980446 plmp8_10
76 0 112919 0 111.603485 plmp8_10
76 0 2679833 1 106.790764 plmp8_10
76 0 2680440 2 106.790764 plmp8_10
76 0 108900 3 101.55234 plmp8_10
76 0 110779 4 101.207085 plmp8_10
76 0 2670966 5 100.41002 plmp8_10
76 0 150540 6 99.879906 plmp8_10
76 0 1087895 7 99.76153 plmp8_10
76 0 118360 8 96.91151 plmp8_10
76 0 2781925 9 96.76522 plmp8_10
77 0 2812588 0 133.4691 plmp8_10
77 0 4151822 1 132.22339 plmp8_10
77 0 145817 2 123.86129 plmp8_10
77 0 111455 3 117.44334 plmp8_10
77 0 111029 4 112.991684 plmp8_10
77 0 112726 5 112.974846 plmp8_10
77 0 134747 6 112.09566 plmp8_10
77 0 2770446 7 109.98555 plmp8_10
77 0 145902 8 106.60581 plmp8_10
77 0 145647 9 105.93509 plmp8_10
78 0 112358 0 52.03832 plmp8_10
78 0 799976 1 51.071407 plmp8_10
78 0 117836 2 50.892452 plmp8_10
78 0 2812588 3 50.51331 plmp8_10
78 0 145632 4 50.130108 plmp8_10
78 0 112601 5 50.05657 plmp8_10
78 0 118022 6 49.889145 plmp8_10
78 0 112485 7 48.87342 plmp8_10
78 0 117968 8 48.19228 plmp8_10
78 0 118196 9 48.068382 plmp8_10
79 0 111009 0 151.95844 plmp8_10
79 0 118143 1 140.37064 plmp8_10
79 0 111470 2 128.0468 plmp8_10
79 0 110221 3 109.942825 plmp8_10
79 0 118513 4 83.41054 plmp8_10
79 0 2680438 5 82.94534 plmp8_10
79 0 110183 6 77.50166 plmp8_10
79 0 111964 7 74.90366 plmp8_10
79 0 106328 8 70.55121 plmp8_10
79 0 109626 9 70.17293 plmp8_10
80 0 118143 0 123.72731 plmp8_10
80 0 111009 1 117.813614 plmp8_10
80 0 111470 2 115.570175 plmp8_10
80 0 150540 3 106.38597 plmp8_10
80 0 145859 4 102.34613 plmp8_10
80 0 2680438 5 98.380875 plmp8_10
80 0 2672210 6 98.15981 plmp8_10
80 0 2654755 7 98.15981 plmp8_10
80 0 106328 8 97.44793 plmp8_10
80 0 3214776 9 94.1349 plmp8_10
81 0 148484 0 94.17707 plmp8_10
81 0 112440 1 72.39809 plmp8_10
81 0 122253 2 71.6038 plmp8_10
81 0 117841 3 60.171295 plmp8_10
81 0 112867 4 59.07696 plmp8_10
81 0 118445 5 57.95584 plmp8_10
81 0 799981 6 56.009384 plmp8_10
81 0 108370 7 55.882668 plmp8_10
81 0 118368 8 55.55634 plmp8_10
81 0 118126 9 55.070576 plmp8_10
82 0 118368 0 98.4394 plmp8_10
82 0 1726 1 96.60141 plmp8_10
82 0 127900 2 92.49962 plmp8_10
82 0 799981 3 89.30389 plmp8_10
82 0 118126 4 88.00002 plmp8_10
82 0 2803250 5 87.83654 plmp8_10
82 0 216735 6 86.48704 plmp8_10
82 0 216806 7 86.48704 plmp8_10
82 0 145865 8 84.53073 plmp8_10
82 0 110701 9 81.03515 plmp8_10
83 0 145859 0 125.17905 plmp8_10
83 0 112922 1 92.07058 plmp8_10
83 0 137746 2 86.49723 plmp8_10
83 0 109894 3 86.06616 plmp8_10
83 0 110289 4 85.56797 plmp8_10
83 0 111246 5 85.51074 plmp8_10
83 0 111194 6 84.94771 plmp8_10
83 0 107980 7 82.83492 plmp8_10
83 0 111151 8 82.71388 plmp8_10
83 0 111286 9 82.674835 plmp8_10
84 0 145859 0 123.87503 plmp8_10
84 0 112922 1 106.32849 plmp8_10
84 0 107293 2 97.26466 plmp8_10
84 0 800858 3 96.53859 plmp8_10
84 0 111151 4 94.668945 plmp8_10
84 0 109895 5 93.28921 plmp8_10
84 0 107980 6 93.14775 plmp8_10
84 0 111664 7 92.89777 plmp8_10
84 0 109893 8 92.48006 plmp8_10
84 0 122251 9 91.68549 plmp8_10
85 0 2959737 0 176.48074 plmp8_10
85 0 802973 1 175.75641 plmp8_10
85 0 803271 2 175.75641 plmp8_10
85 0 3177199 3 132.61714 plmp8_10
85 0 3171724 4 132.44424 plmp8_10
85 0 3177200 5 132.44424 plmp8_10
85 0 150543 6 126.31685 plmp8_10
85 0 2959732 7 126.31685 plmp8_10
85 0 146553 8 125.59689 plmp8_10
85 0 146790 9 125.59689 plmp8_10
86 0 3177199 0 96.52606 plmp8_10
86 0 3171724 1 96.43228 plmp8_10
86 0 3177200 2 96.43228 plmp8_10
86 0 802973 3 91.60394 plmp8_10
86 0 803271 4 91.60394 plmp8_10
86 0 2959737 5 91.60394 plmp8_10
86 0 3205766 6 84.66021 plmp8_10
86 0 150543 7 77.98097 plmp8_10
86 0 2959732 8 77.98097 plmp8_10
86 0 146553 9 77.32585 plmp8_10
87 0 112807 0 42.53147 plmp8_10
87 0 111170 1 42.149593 plmp8_10
87 0 124715 2 41.883568 plmp8_10
87 0 148483 3 41.153843 plmp8_10
87 0 2812588 4 39.599598 plmp8_10
87 0 131161 5 39.425014 plmp8_10
87 0 112168 6 38.75908 plmp8_10
87 0 143378 7 38.614246 plmp8_10
87 0 118313 8 38.24661 plmp8_10
87 0 111471 9 38.23405 plmp8_10
88 0 182992 0 101.7229 plmp8_10
88 0 145897 1 97.24034 plmp8_10
88 0 182991 2 90.839836 plmp8_10
88 0 111170 3 89.906845 plmp8_10
88 0 130159 4 86.75726 plmp8_10
88 0 127691 5 86.21265 plmp8_10
88 0 112807 6 84.17725 plmp8_10
88 0 2654277 7 84.00525 plmp8_10
88 0 118339 8 83.6523 plmp8_10
88 0 145122 9 81.65862 plmp8_10
89 0 4151822 0 173.90744 plmp8_10
89 0 2812588 1 156.43323 plmp8_10
89 0 2770446 2 143.71057 plmp8_10
89 0 4162110 3 113.20579 plmp8_10
89 0 134747 4 103.37481 plmp8_10
89 0 145817 5 99.83111 plmp8_10
89 0 145647 6 99.43008 plmp8_10
89 0 4162111 7 81.68507 plmp8_10
89 0 802973 8 77.17071 plmp8_10
89 0 803271 9 77.17071 plmp8_10
90 0 2812588 0 200.55533 plmp8_10
90 0 4151822 1 198.05185 plmp8_10
90 0 2770446 2 151.14053 plmp8_10
90 0 145626 3 147.92026 plmp8_10
90 0 118054 4 140.19145 plmp8_10
90 0 137748 5 135.30739 plmp8_10
90 0 130150 6 130.21904 plmp8_10
90 0 111913 7 129.19374 plmp8_10
90 0 4151825 8 128.44626 plmp8_10
90 0 109921 9 128.38438 plmp8_10
91 0 3212514 0 229.86804 plmp8_10
91 0 145782 1 132.55644 plmp8_10
91 0 109857 2 129.92198 plmp8_10
91 0 134732 3 123.47988 plmp8_10
91 0 112439 4 114.34227 plmp8_10
91 0 219097 5 111.672874 plmp8_10
91 0 1087959 6 109.93137 plmp8_10
91 0 145785 7 107.89077 plmp8_10
91 0 1087955 8 107.23973 plmp8_10
91 0 145892 9 105.47803 plmp8_10
92 0 3212514 0 221.98041 plmp8_10
92 0 109857 1 127.65629 plmp8_10
92 0 110249 2 126.72837 plmp8_10
92 0 1087959 3 126.55278 plmp8_10
92 0 118507 4 119.73883 plmp8_10
92 0 134732 5 119.663704 plmp8_10
92 0 110032 6 111.675064 plmp8_10
92 0 1087955 7 110.211624 plmp8_10
92 0 112439 8 109.64307 plmp8_10
92 0 110213 9 108.396194 plmp8_10
93 0 117874 0 159.64401 plmp8_10
93 0 145901 1 155.8068 plmp8_10
93 0 118334 2 155.49588 plmp8_10
93 0 112905 3 150.82025 plmp8_10
93 0 112824 4 150.70953 plmp8_10
93 0 118107 5 149.63614 plmp8_10
93 0 112629 6 140.4235 plmp8_10
93 0 111736 7 139.60571 plmp8_10
93 0 130158 8 138.70447 plmp8_10
93 0 117968 9 138.59154 plmp8_10
94 0 145901 0 162.19632 plmp8_10
94 0 117874 1 158.00192 plmp8_10
94 0 931614 2 149.66191 plmp8_10
94 0 112824 3 142.49902 plmp8_10
94 0 112629 4 140.85199 plmp8_10
94 0 112905 5 140.48427 plmp8_10
94 0 111736 6 138.25687 plmp8_10
94 0 2788983 7 137.92558 plmp8_10
94 0 117876 8 137.81561 plmp8_10
94 0 118334 9 136.5686 plmp8_10
95 0 105495 0 87.14683 plmp8_10
95 0 108555 1 86.700165 plmp8_10
95 0 107232 2 80.29226 plmp8_10
95 0 107475 3 76.88797 plmp8_10
95 0 106171 4 71.76001 plmp8_10
95 0 109444 5 64.17063 plmp8_10
95 0 103631 6 63.53694 plmp8_10
95 0 104571 7 60.85563 plmp8_10
95 0 106073 8 60.85555 plmp8_10
95 0 104671 9 58.809998 plmp8_10
96 0 103631 0 89.392746 plmp8_10
96 0 108555 1 86.86104 plmp8_10
96 0 96542 2 79.411 plmp8_10
96 0 96850 3 76.87456 plmp8_10
96 0 92746 4 75.62138 plmp8_10
96 0 799986 5 75.56434 plmp8_10
96 0 93395 6 74.85597 plmp8_10
96 0 99427 7 74.73912 plmp8_10
96 0 92705 8 73.57762 plmp8_10
96 0 103511 9 73.194374 plmp8_10
97 0 112101 0 119.345955 plmp8_10
97 0 111922 1 96.64562 plmp8_10
97 0 2655597 2 66.27404 plmp8_10
97 0 134749 3 66.084885 plmp8_10
97 0 110718 4 65.69627 plmp8_10
97 0 145822 5 64.63563 plmp8_10
97 0 136993 6 63.028614 plmp8_10
97 0 117890 7 62.76388 plmp8_10
97 0 145925 8 61.986275 plmp8_10
97 0 117959 9 61.102722 plmp8_10
98 0 118148 0 34.28808 plmp8_10
98 0 118459 1 34.162735 plmp8_10
98 0 117832 2 33.015663 plmp8_10
98 0 148484 3 32.980103 plmp8_10
98 0 2811845 4 32.360752 plmp8_10
98 0 118094 5 32.21162 plmp8_10
98 0 112398 6 32.05615 plmp8_10
98 0 150541 7 31.840616 plmp8_10
98 0 108773 8 31.555012 plmp8_10
98 0 106784 9 31.381632 plmp8_10
99 0 112267 0 107.972786 plmp8_10
99 0 111884 1 84.23934 plmp8_10
99 0 110552 2 74.07818 plmp8_10
99 0 112723 3 69.11758 plmp8_10
99 0 110578 4 66.21444 plmp8_10
99 0 109976 5 63.918022 plmp8_10
99 0 142887 6 62.076336 plmp8_10
99 0 110935 7 59.949936 plmp8_10
99 0 104759 8 59.373055 plmp8_10
99 0 118121 9 59.28885 plmp8_10
100 0 112267 0 142.96956 plmp8_10
100 0 110552 1 122.189415 plmp8_10
100 0 111884 2 113.69004 plmp8_10
100 0 111886 3 102.9734 plmp8_10
100 0 110098 4 98.16982 plmp8_10
100 0 110578 5 97.67676 plmp8_10
100 0 109673 6 96.330795 plmp8_10
100 0 108980 7 95.715576 plmp8_10
100 0 109633 8 95.46955 plmp8_10
100 0 110296 9 95.010025 plmp8_10
