1 0 3204919 0 26.546045 plmp3_10
1 0 2809767 1 22.115738 plmp3_10
1 0 2811850 2 22.115738 plmp3_10
1 0 118009 3 21.920172 plmp3_10
1 0 3214776 4 21.41014 plmp3_10
1 0 3183082 5 21.371244 plmp3_10
1 0 4104823 6 21.333307 plmp3_10
1 0 102391 7 21.317717 plmp3_10
1 0 2806207 8 20.954124 plmp3_10
1 0 2781925 9 20.910728 plmp3_10
2 0 103631 0 32.934113 plmp3_10
2 0 104516 1 29.868439 plmp3_10
2 0 103549 2 29.713732 plmp3_10
2 0 100105 3 29.620625 plmp3_10
2 0 108555 4 29.102049 plmp3_10
2 0 145692 5 28.397242 plmp3_10
2 0 106522 6 28.262524 plmp3_10
2 0 4170684 7 28.251545 plmp3_10
2 0 106788 8 27.974562 plmp3_10
2 0 104571 9 27.881851 plmp3_10
3 0 3162143 0 63.14265 plmp3_10
3 0 111091 1 55.7507 plmp3_10
3 0 145821 2 55.398254 plmp3_10
3 0 117907 3 54.53731 plmp3_10
3 0 112584 4 53.126316 plmp3_10
3 0 899484 5 52.170227 plmp3_10
3 0 118475 6 51.882755 plmp3_10
3 0 118415 7 51.70393 plmp3_10
3 0 130157 8 51.218052 plmp3_10
3 0 215496 9 51.164886 plmp3_10
4 0 215496 0 82.38883 plmp3_10
4 0 215694 1 82.38883 plmp3_10
4 0 2959735 2 82.38675 plmp3_10
4 0 623142 3 81.20953 plmp3_10
4 0 3162143 4 81.150635 plmp3_10
4 0 903973 5 79.10847 plmp3_10
4 0 145821 6 78.46281 plmp3_10
4 0 149007 7 78.44645 plmp3_10
4 0 118029 8 78.349396 plmp3_10
4 0 78783 9 77.54838 plmp3_10
5 0 1740 0 31.579588 plmp3_10
5 0 131163 1 30.820679 plmp3_10
5 0 109285 2 30.208923 plmp3_10
5 0 118329 3 29.541695 plmp3_10
5 0 3197746 4 29.492561 plmp3_10
5 0 112699 5 29.177864 plmp3_10
5 0 110831 6 28.563679 plmp3_10
5 0 112888 7 28.48913 plmp3_10
5 0 3206414 8 28.412956 plmp3_10
5 0 145722 9 28.410202 plmp3_10
6 0 2808290 0 32.0076 plmp3_10
6 0 2771752 1 29.724897 plmp3_10
6 0 3160677 2 28.680481 plmp3_10
6 0 4162535 3 28.582603 plmp3_10
6 0 3214776 4 28.375437 plmp3_10
6 0 2801435 5 28.303175 plmp3_10
6 0 2808291 6 27.960392 plmp3_10
6 0 2771248 7 27.925749 plmp3_10
6 0 2812589 8 27.848532 plmp3_10
6 0 2959749 9 27.848532 plmp3_10
7 0 3195892 0 29.25544 plmp3_10
7 0 145715 1 29.2546 plmp3_10
7 0 147531 2 28.447905 plmp3_10
7 0 2672535 3 27.78547 plmp3_10
7 0 2678467 4 26.87348 plmp3_10
7 0 2679202 5 26.87348 plmp3_10
7 0 2959746 6 26.87348 plmp3_10
7 0 3158927 7 26.79433 plmp3_10
7 0 2675751 8 26.729744 plmp3_10
7 0 112827 9 26.333372 plmp3_10
8 0 112174 0 47.80414 plmp3_10
8 0 110932 1 46.095383 plmp3_10
8 0 145868 2 45.94615 plmp3_10
8 0 145715 3 45.167904 plmp3_10
8 0 112834 4 43.731873 plmp3_10
8 0 134749 5 42.719463 plmp3_10
8 0 3158927 6 42.68496 plmp3_10
8 0 2678467 7 41.088093 plmp3_10
8 0 2679202 8 41.088093 plmp3_10
8 0 2959746 9 41.088093 plmp3_10
9 0 2675751 0 58.772835 plmp3_10
9 0 118212 1 58.432373 plmp3_10
9 0 109720 2 57.210636 plmp3_10
9 0 118454 3 53.369434 plmp3_10
9 0 118423 4 51.29831 plmp3_10
9 0 111828 5 51.119167 plmp3_10
9 0 118011 6 49.800987 plmp3_10
9 0 112641 7 49.745388 plmp3_10
9 0 127923 8 48.400017 plmp3_10
9 0 118317 9 47.81399 plmp3_10
10 0 112423 0 64.20769 plmp3_10
10 0 111500 1 61.501923 plmp3_10
10 0 112094 2 58.945526 plmp3_10
10 0 112931 3 58.437027 plmp3_10
10 0 112318 4 57.58421 plmp3_10
10 0 147531 5 57.0838 plmp3_10
10 0 112291 6 55.731796 plmp3_10
10 0 214949 7 55.209686 plmp3_10
10 0 215071 8 55.209686 plmp3_10
10 0 118511 9 55.187695 plmp3_10
11 0 873668 0 25.356073 plmp3_10
11 0 111187 1 25.193624 plmp3_10
11 0 111047 2 25.117125 plmp3_10
11 0 109181 3 24.706541 plmp3_10
11 0 145832 4 24.414982 plmp3_10
11 0 2621047 5 24.32178 plmp3_10
11 0 108197 6 24.02639 plmp3_10
11 0 127930 7 24.015228 plmp3_10
11 0 105025 8 24.011189 plmp3_10
11 0 111841 9 23.997387 plmp3_10
12 0 112024 0 26.774683 plmp3_10
12 0 110503 1 26.633467 plmp3_10
12 0 2672535 2 26.122942 plmp3_10
12 0 105635 3 25.955177 plmp3_10
12 0 112653 4 25.259443 plmp3_10
12 0 110420 5 25.018475 plmp3_10
12 0 112791 6 24.621536 plmp3_10
12 0 105450 7 24.603691 plmp3_10
12 0 108066 8 24.57482 plmp3_10
12 0 110514 9 24.44862 plmp3_10
13 0 614392 0 30.374651 plmp3_10
13 0 614485 1 30.374651 plmp3_10
13 0 2812588 2 28.617638 plmp3_10
13 0 109096 3 28.46199 plmp3_10
13 0 111473 4 27.355507 plmp3_10
13 0 108605 5 27.117146 plmp3_10
13 0 104978 6 26.519758 plmp3_10
13 0 110660 7 26.432728 plmp3_10
13 0 112142 8 26.228498 plmp3_10
13 0 4106440 9 26.036182 plmp3_10
14 0 178546 0 25.088486 plmp3_10
14 0 2742710 1 24.294771 plmp3_10
14 0 2670965 2 24.087532 plmp3_10
14 0 616357 3 24.005997 plmp3_10
14 0 213842 4 23.812275 plmp3_10
14 0 1742 5 23.60667 plmp3_10
14 0 1725 6 23.036804 plmp3_10
14 0 182992 7 23.03432 plmp3_10
14 0 2809767 8 22.829643 plmp3_10
14 0 2811850 9 22.829643 plmp3_10
15 0 2812588 0 58.54113 plmp3_10
15 0 4151822 1 52.283516 plmp3_10
15 0 4106440 2 40.17793 plmp3_10
15 0 4171965 3 39.73435 plmp3_10
15 0 2806207 4 35.754433 plmp3_10
15 0 2770446 5 35.07629 plmp3_10
15 0 2810526 6 34.265102 plmp3_10
15 0 2812587 7 33.896126 plmp3_10
15 0 2959748 8 33.896126 plmp3_10
15 0 4162111 9 33.296497 plmp3_10
16 0 4161362 0 36.518497 plmp3_10
16 0 4162936 1 36.441673 plmp3_10
16 0 4151822 2 35.81332 plmp3_10
16 0 4168362 3 35.59953 plmp3_10
16 0 4151826 4 34.803032 plmp3_10
16 0 4156357 5 33.15591 plmp3_10
16 0 4157405 6 33.074364 plmp3_10
16 0 4164892 7 32.689148 plmp3_10
16 0 4170683 8 31.864965 plmp3_10
16 0 4161363 9 31.60197 plmp3_10
17 0 111427 0 24.443901 plmp3_10
17 0 148484 1 24.035788 plmp3_10
17 0 118007 2 23.260885 plmp3_10
17 0 104306 3 23.222918 plmp3_10
17 0 112428 4 23.162357 plmp3_10
17 0 106745 5 22.870508 plmp3_10
17 0 112143 6 22.332624 plmp3_10
17 0 118256 7 22.299982 plmp3_10
17 0 111772 8 22.270475 plmp3_10
17 0 118375 9 22.246777 plmp3_10
18 0 205712 0 46.554005 plmp3_10
18 0 145119 1 44.70166 plmp3_10
18 0 620566 2 44.60771 plmp3_10
18 0 112128 3 43.804077 plmp3_10
18 0 131156 4 43.7626 plmp3_10
18 0 112337 5 41.833557 plmp3_10
18 0 1753 6 41.530426 plmp3_10
18 0 111122 7 40.676582 plmp3_10
18 0 145635 8 40.646996 plmp3_10
18 0 799991 9 40.580883 plmp3_10
19 0 2654533 0 59.02461 plmp3_10
19 0 2654756 1 59.02461 plmp3_10
19 0 206098 2 49.508785 plmp3_10
19 0 4151826 3 49.109375 plmp3_10
19 0 219509 4 48.964012 plmp3_10
19 0 112775 5 46.966938 plmp3_10
19 0 872994 6 46.07869 plmp3_10
19 0 4172500 7 45.891533 plmp3_10
19 0 2654534 8 45.43643 plmp3_10
19 0 1744 9 45.065987 plmp3_10
20 0 2654533 0 59.02461 plmp3_10
20 0 2654756 1 59.02461 plmp3_10
20 0 206098 2 49.508785 plmp3_10
20 0 4151826 3 49.109375 plmp3_10
20 0 219509 4 48.964012 plmp3_10
20 0 112775 5 46.966938 plmp3_10
20 0 872994 6 46.07869 plmp3_10
20 0 4172500 7 45.891533 plmp3_10
20 0 2654534 8 45.43643 plmp3_10
20 0 1744 9 45.065987 plmp3_10
21 0 2659300 0 48.3603 plmp3_10
21 0 867657 1 46.40366 plmp3_10
21 0 2657927 2 46.397747 plmp3_10
21 0 820904 3 45.711235 plmp3_10
21 0 821306 4 44.97495 plmp3_10
21 0 2804673 5 43.909187 plmp3_10
21 0 117890 6 42.951042 plmp3_10
21 0 118119 7 42.931206 plmp3_10
21 0 112799 8 42.82072 plmp3_10
21 0 858288 9 41.962494 plmp3_10
22 0 2659300 0 62.026703 plmp3_10
22 0 112799 1 56.891365 plmp3_10
22 0 117890 2 56.70711 plmp3_10
22 0 118081 3 50.01394 plmp3_10
22 0 118119 4 48.122833 plmp3_10
22 0 112846 5 46.960037 plmp3_10
22 0 2804673 6 46.489582 plmp3_10
22 0 145925 7 45.712746 plmp3_10
22 0 867657 8 45.71007 plmp3_10
22 0 2750100 9 45.392082 plmp3_10
23 0 2810525 0 43.52667 plmp3_10
23 0 2811847 1 43.52667 plmp3_10
23 0 118449 2 42.915836 plmp3_10
23 0 112257 3 42.099735 plmp3_10
23 0 1738 4 37.842 plmp3_10
23 0 118180 5 36.6657 plmp3_10
23 0 142878 6 34.780373 plmp3_10
23 0 2801435 7 34.486855 plmp3_10
23 0 4151832 8 34.37227 plmp3_10
23 0 112693 9 33.566307 plmp3_10
24 0 1738 0 19.92165 plmp3_10
24 0 118449 1 15.430598 plmp3_10
24 0 2811847 2 14.654616 plmp3_10
24 0 2810525 3 14.649916 plmp3_10
24 0 99004 4 14.092697 plmp3_10
24 0 86125 5 13.815583 plmp3_10
24 0 112257 6 13.746626 plmp3_10
24 0 90416 7 13.711476 plmp3_10
24 0 1087695 8 13.654445 plmp3_10
24 0 95964 9 13.602957 plmp3_10
25 0 112616 0 34.868237 plmp3_10
25 0 2655499 1 30.172016 plmp3_10
25 0 1087964 2 28.260712 plmp3_10
25 0 112790 3 27.818745 plmp3_10
25 0 112583 4 27.03898 plmp3_10
25 0 108792 5 26.633753 plmp3_10
25 0 103864 6 26.498545 plmp3_10
25 0 117898 7 25.952755 plmp3_10
25 0 1087765 8 25.612476 plmp3_10
25 0 111495 9 25.546806 plmp3_10
26 0 112616 0 57.567497 plmp3_10
26 0 112700 1 54.955757 plmp3_10
26 0 112457 2 52.87469 plmp3_10
26 0 112539 3 52.062042 plmp3_10
26 0 109989 4 51.397976 plmp3_10
26 0 110318 5 50.229195 plmp3_10
26 0 149285 6 49.71481 plmp3_10
26 0 117872 7 49.37282 plmp3_10
26 0 2655499 8 48.910973 plmp3_10
26 0 118304 9 48.116417 plmp3_10
27 0 4157382 0 60.728924 plmp3_10
27 0 4157405 1 60.728924 plmp3_10
27 0 112346 2 50.450493 plmp3_10
27 0 112523 3 49.018513 plmp3_10
27 0 112792 4 48.11995 plmp3_10
27 0 111141 5 47.18818 plmp3_10
27 0 110384 6 40.777138 plmp3_10
27 0 111061 7 40.603485 plmp3_10
27 0 111217 8 39.487377 plmp3_10
27 0 109101 9 38.790146 plmp3_10
28 0 4157382 0 55.77736 plmp3_10
28 0 4157405 1 55.77736 plmp3_10
28 0 112346 2 45.145905 plmp3_10
28 0 111141 3 35.66614 plmp3_10
28 0 112523 4 30.707167 plmp3_10
28 0 109101 5 30.356886 plmp3_10
28 0 112792 6 30.11651 plmp3_10
28 0 110384 7 29.422377 plmp3_10
28 0 104855 8 28.465723 plmp3_10
28 0 1087666 9 28.304972 plmp3_10
29 0 899483 0 20.340387 plmp3_10
29 0 145843 1 20.050926 plmp3_10
29 0 205788 2 19.989927 plmp3_10
29 0 118073 3 19.983437 plmp3_10
29 0 626206 4 19.861761 plmp3_10
29 0 145708 5 19.847567 plmp3_10
29 0 3195890 6 19.844471 plmp3_10
29 0 112485 7 19.7401 plmp3_10
29 0 112620 8 19.72202 plmp3_10
29 0 4151826 9 19.713772 plmp3_10
30 0 112704 0 50.067657 plmp3_10
30 0 218921 1 49.046677 plmp3_10
30 0 205788 2 48.449883 plmp3_10
30 0 118045 3 47.123535 plmp3_10
30 0 145841 4 47.072666 plmp3_10
30 0 4151826 5 46.900135 plmp3_10
30 0 137739 6 46.65196 plmp3_10
30 0 145708 7 46.1625 plmp3_10
30 0 145843 8 45.458485 plmp3_10
30 0 145796 9 44.5906 plmp3_10
31 0 2795279 0 39.722195 plmp3_10
31 0 118023 1 36.454235 plmp3_10
31 0 111056 2 34.663994 plmp3_10
31 0 3195444 3 34.390686 plmp3_10
31 0 104267 4 34.281696 plmp3_10
31 0 111786 5 34.147125 plmp3_10
31 0 112749 6 33.699196 plmp3_10
31 0 111399 7 33.528492 plmp3_10
31 0 112429 8 33.50984 plmp3_10
31 0 109542 9 33.449863 plmp3_10
32 0 112329 0 28.696789 plmp3_10
32 0 112850 1 27.17242 plmp3_10
32 0 125839 2 25.90503 plmp3_10
32 0 118455 3 24.799032 plmp3_10
32 0 111596 4 24.250652 plmp3_10
32 0 111744 5 23.88191 plmp3_10
32 0 112090 6 23.59877 plmp3_10
32 0 118139 7 22.881983 plmp3_10
32 0 117963 8 22.873484 plmp3_10
32 0 118057 9 22.636782 plmp3_10
33 0 2809767 0 37.955242 plmp3_10
33 0 2811850 1 37.955242 plmp3_10
33 0 2676594 2 35.005352 plmp3_10
33 0 2675753 3 34.47465 plmp3_10
33 0 2679204 4 34.47465 plmp3_10
33 0 112325 5 31.512976 plmp3_10
33 0 105075 6 30.458838 plmp3_10
33 0 137727 7 30.26701 plmp3_10
33 0 111706 8 29.874062 plmp3_10
33 0 121158 9 29.203495 plmp3_10
34 0 2676594 0 124.26223 plmp3_10
34 0 2675753 1 123.10018 plmp3_10
34 0 2679204 2 123.10018 plmp3_10
34 0 2809767 3 105.78768 plmp3_10
34 0 2811850 4 105.78768 plmp3_10
34 0 136994 5 59.041615 plmp3_10
34 0 121158 6 58.398438 plmp3_10
34 0 137727 7 56.797344 plmp3_10
34 0 3216389 8 52.22681 plmp3_10
34 0 112325 9 51.194077 plmp3_10
35 0 821306 0 27.991938 plmp3_10
35 0 2654532 1 26.591124 plmp3_10
35 0 107645 2 25.678535 plmp3_10
35 0 110654 3 25.356293 plmp3_10
35 0 110416 4 25.1531 plmp3_10
35 0 932061 5 25.041664 plmp3_10
35 0 118079 6 24.613525 plmp3_10
35 0 145925 7 24.096546 plmp3_10
35 0 149005 8 24.02017 plmp3_10
35 0 110101 9 23.977915 plmp3_10
36 0 111192 0 38.178307 plmp3_10
36 0 112476 1 35.42156 plmp3_10
36 0 145661 2 35.390285 plmp3_10
36 0 118004 3 35.11387 plmp3_10
36 0 118142 4 34.35472 plmp3_10
36 0 1087952 5 34.337788 plmp3_10
36 0 118319 6 34.018593 plmp3_10
36 0 111777 7 33.970875 plmp3_10
36 0 112428 8 33.368515 plmp3_10
36 0 110101 9 33.300278 plmp3_10
37 0 118269 0 35.646057 plmp3_10
37 0 145731 1 35.328445 plmp3_10
37 0 111982 2 35.005085 plmp3_10
37 0 107652 3 34.50068 plmp3_10
37 0 112910 4 34.22623 plmp3_10
37 0 4151829 5 33.71525 plmp3_10
37 0 110774 6 32.557938 plmp3_10
37 0 145855 7 32.369133 plmp3_10
37 0 1993216 8 31.97903 plmp3_10
37 0 110742 9 31.02233 plmp3_10
38 0 145731 0 38.175545 plmp3_10
38 0 118269 1 37.48524 plmp3_10
38 0 1993216 2 35.26949 plmp3_10
38 0 145855 3 34.620472 plmp3_10
38 0 111982 4 33.966053 plmp3_10
38 0 112292 5 33.880318 plmp3_10
38 0 145629 6 33.760586 plmp3_10
38 0 4151829 7 33.296593 plmp3_10
38 0 112910 8 32.34342 plmp3_10
38 0 111420 9 32.20113 plmp3_10
39 0 112568 0 43.29544 plmp3_10
39 0 111432 1 39.965736 plmp3_10
39 0 112420 2 39.24812 plmp3_10
39 0 108442 3 39.04352 plmp3_10
39 0 621044 4 35.286762 plmp3_10
39 0 621090 5 35.286762 plmp3_10
39 0 2959739 6 35.286762 plmp3_10
39 0 2959744 7 34.876453 plmp3_10
39 0 855518 8 34.876453 plmp3_10
39 0 118192 9 34.03125 plmp3_10
40 0 105200 0 48.48123 plmp3_10
40 0 1731 1 47.804287 plmp3_10
40 0 621044 2 45.580906 plmp3_10
40 0 621090 3 45.580906 plmp3_10
40 0 2959739 4 45.580906 plmp3_10
40 0 2674861 5 45.443676 plmp3_10
40 0 2675754 6 45.443676 plmp3_10
40 0 96731 7 44.591057 plmp3_10
40 0 91083 8 44.12761 plmp3_10
40 0 3213872 9 44.083683 plmp3_10
41 0 111198 0 47.343006 plmp3_10
41 0 109186 1 46.477596 plmp3_10
41 0 112585 2 43.544476 plmp3_10
41 0 2811847 3 43.002373 plmp3_10
41 0 2810525 4 42.997673 plmp3_10
41 0 111891 5 42.481674 plmp3_10
41 0 2654533 6 42.27221 plmp3_10
41 0 2654756 7 42.27221 plmp3_10
41 0 110660 8 41.91586 plmp3_10
41 0 112257 9 41.029453 plmp3_10
42 0 109186 0 51.58088 plmp3_10
42 0 112585 1 50.98186 plmp3_10
42 0 110660 2 49.567814 plmp3_10
42 0 111198 3 47.805405 plmp3_10
42 0 111891 4 47.58309 plmp3_10
42 0 2654533 5 45.01701 plmp3_10
42 0 2654756 6 45.01701 plmp3_10
42 0 110132 7 44.776085 plmp3_10
42 0 110096 8 44.23297 plmp3_10
42 0 145712 9 44.21781 plmp3_10
43 0 112305 0 48.521126 plmp3_10
43 0 101906 1 44.55577 plmp3_10
43 0 95854 2 41.938835 plmp3_10
43 0 2680590 3 41.930668 plmp3_10
43 0 2959745 4 41.930668 plmp3_10
43 0 112920 5 38.72711 plmp3_10
43 0 90257 6 37.856407 plmp3_10
43 0 100926 7 37.47897 plmp3_10
43 0 95023 8 36.540318 plmp3_10
43 0 89813 9 34.469006 plmp3_10
44 0 92563 0 19.86617 plmp3_10
44 0 96678 1 17.131529 plmp3_10
44 0 99616 2 15.672011 plmp3_10
44 0 86932 3 15.668524 plmp3_10
44 0 106503 4 15.468932 plmp3_10
44 0 100505 5 15.151069 plmp3_10
44 0 99873 6 15.092697 plmp3_10
44 0 93877 7 14.416784 plmp3_10
44 0 106562 8 14.112973 plmp3_10
44 0 101614 9 14.027168 plmp3_10
45 0 3204917 0 57.451595 plmp3_10
45 0 3181481 1 54.06811 plmp3_10
45 0 800568 2 49.31911 plmp3_10
45 0 618680 3 46.647923 plmp3_10
45 0 145861 4 46.442417 plmp3_10
45 0 127916 5 46.322285 plmp3_10
45 0 626207 6 44.956074 plmp3_10
45 0 1269289 7 44.787174 plmp3_10
45 0 118452 8 43.59045 plmp3_10
45 0 2804673 9 43.402126 plmp3_10
46 0 866024 0 78.39447 plmp3_10
46 0 858802 1 78.384155 plmp3_10
46 0 150542 2 73.67931 plmp3_10
46 0 623145 3 70.45196 plmp3_10
46 0 3204917 4 70.267334 plmp3_10
46 0 1723 5 65.419846 plmp3_10
46 0 2804673 6 64.41382 plmp3_10
46 0 618680 7 64.30811 plmp3_10
46 0 145861 8 64.23882 plmp3_10
46 0 118188 9 62.920994 plmp3_10
47 0 2674861 0 52.367306 plmp3_10
47 0 2675754 1 52.367306 plmp3_10
47 0 4164893 2 35.010876 plmp3_10
47 0 2147 3 33.799683 plmp3_10
47 0 3170730 4 33.60795 plmp3_10
47 0 3177197 5 33.60795 plmp3_10
47 0 4151822 6 33.2299 plmp3_10
47 0 903973 7 33.028954 plmp3_10
47 0 2803251 8 32.524048 plmp3_10
47 0 2771250 9 32.383415 plmp3_10
48 0 2674861 0 58.493526 plmp3_10
48 0 2675754 1 58.493526 plmp3_10
48 0 96147 2 30.686571 plmp3_10
48 0 96287 3 29.251545 plmp3_10
48 0 108545 4 27.300062 plmp3_10
48 0 142882 5 27.123396 plmp3_10
48 0 104928 6 26.951792 plmp3_10
48 0 111362 7 26.760872 plmp3_10
48 0 104250 8 26.425142 plmp3_10
48 0 91861 9 26.357616 plmp3_10
49 0 2809764 0 25.926908 plmp3_10
49 0 2810525 1 25.63412 plmp3_10
49 0 2811847 2 25.63412 plmp3_10
49 0 2809767 3 24.795574 plmp3_10
49 0 2811850 4 24.795574 plmp3_10
49 0 2812210 5 24.72679 plmp3_10
49 0 2812588 6 24.64824 plmp3_10
49 0 2810524 7 24.503208 plmp3_10
49 0 2811846 8 24.503208 plmp3_10
49 0 2810527 9 24.189947 plmp3_10
50 0 2789928 0 35.993824 plmp3_10
50 0 4151826 1 33.99405 plmp3_10
50 0 3216391 2 33.98514 plmp3_10
50 0 4162535 3 33.914963 plmp3_10
50 0 2809767 4 33.78734 plmp3_10
50 0 2811850 5 33.78734 plmp3_10
50 0 2803251 6 33.7653 plmp3_10
50 0 2771249 7 33.334736 plmp3_10
50 0 2801435 8 33.26461 plmp3_10
50 0 2789927 9 33.18267 plmp3_10
51 0 106986 0 26.895836 plmp3_10
51 0 107187 1 26.828768 plmp3_10
51 0 821305 2 26.072739 plmp3_10
51 0 118423 3 25.279327 plmp3_10
51 0 137726 4 25.051487 plmp3_10
51 0 118135 5 24.804152 plmp3_10
51 0 1992738 6 24.631002 plmp3_10
51 0 3213873 7 23.845167 plmp3_10
51 0 108218 8 23.8387 plmp3_10
51 0 110116 9 23.817347 plmp3_10
52 0 112931 0 21.882656 plmp3_10
52 0 112770 1 21.866243 plmp3_10
52 0 105869 2 21.075583 plmp3_10
52 0 134741 3 20.04294 plmp3_10
52 0 100134 4 19.922314 plmp3_10
52 0 111908 5 19.687614 plmp3_10
52 0 103302 6 19.64697 plmp3_10
52 0 854177 7 19.491652 plmp3_10
52 0 112243 8 19.186735 plmp3_10
52 0 112094 9 18.713594 plmp3_10
53 0 145792 0 48.055286 plmp3_10
53 0 112677 1 43.212948 plmp3_10
53 0 108879 2 42.166924 plmp3_10
53 0 1744 3 41.262894 plmp3_10
53 0 2808291 4 40.58934 plmp3_10
53 0 799985 5 37.759224 plmp3_10
53 0 145714 6 36.747158 plmp3_10
53 0 118262 7 36.68374 plmp3_10
53 0 117916 8 36.34539 plmp3_10
53 0 110153 9 36.321682 plmp3_10
54 0 145792 0 48.055286 plmp3_10
54 0 112677 1 43.212948 plmp3_10
54 0 108879 2 42.166924 plmp3_10
54 0 1744 3 41.262894 plmp3_10
54 0 2808291 4 40.58934 plmp3_10
54 0 799985 5 37.759224 plmp3_10
54 0 145714 6 36.747158 plmp3_10
54 0 118262 7 36.68374 plmp3_10
54 0 117916 8 36.34539 plmp3_10
54 0 110153 9 36.321682 plmp3_10
55 0 4154603 0 75.360275 plmp3_10
55 0 145731 1 54.33091 plmp3_10
55 0 145855 2 54.104027 plmp3_10
55 0 145629 3 45.181316 plmp3_10
55 0 118269 4 42.318287 plmp3_10
55 0 112910 5 38.467026 plmp3_10
55 0 111261 6 35.180492 plmp3_10
55 0 111420 7 34.773773 plmp3_10
55 0 110774 8 30.911198 plmp3_10
55 0 111982 9 29.030817 plmp3_10
56 0 4154603 0 87.31506 plmp3_10
56 0 145731 1 58.06992 plmp3_10
56 0 145855 2 55.48673 plmp3_10
56 0 145629 3 46.396248 plmp3_10
56 0 118269 4 45.71895 plmp3_10
56 0 112910 5 43.906788 plmp3_10
56 0 111261 6 40.438305 plmp3_10
56 0 111420 7 37.382153 plmp3_10
56 0 110774 8 36.228317 plmp3_10
56 0 111982 9 32.22881 plmp3_10
57 0 117856 0 36.511856 plmp3_10
57 0 800859 1 35.647327 plmp3_10
57 0 802408 2 35.506092 plmp3_10
57 0 867644 3 32.20438 plmp3_10
57 0 800569 4 31.095087 plmp3_10
57 0 118089 5 30.572336 plmp3_10
57 0 2803250 6 30.45801 plmp3_10
57 0 1500655 7 30.392204 plmp3_10
57 0 121162 8 29.739826 plmp3_10
57 0 205720 9 29.725653 plmp3_10
58 0 145735 0 42.045914 plmp3_10
58 0 112467 1 37.731834 plmp3_10
58 0 108547 2 37.128708 plmp3_10
58 0 106179 3 36.316673 plmp3_10
58 0 2676592 4 35.30347 plmp3_10
58 0 106848 5 35.16457 plmp3_10
58 0 217702 6 34.87921 plmp3_10
58 0 110330 7 34.665806 plmp3_10
58 0 104832 8 33.668095 plmp3_10
58 0 118316 9 30.644068 plmp3_10
59 0 2788983 0 92.317116 plmp3_10
59 0 4170685 1 91.037125 plmp3_10
59 0 118129 2 86.501434 plmp3_10
59 0 117968 3 84.56792 plmp3_10
59 0 145627 4 83.824745 plmp3_10
59 0 118037 5 83.74866 plmp3_10
59 0 118040 6 82.76083 plmp3_10
59 0 118422 7 81.92052 plmp3_10
59 0 134735 8 77.45324 plmp3_10
59 0 1087691 9 71.22246 plmp3_10
60 0 621195 0 104.26223 plmp3_10
60 0 621270 1 104.26223 plmp3_10
60 0 118334 2 103.856964 plmp3_10
60 0 3195891 3 101.62189 plmp3_10
60 0 110510 4 99.95914 plmp3_10
60 0 130158 5 98.47971 plmp3_10
60 0 118129 6 97.5611 plmp3_10
60 0 127905 7 96.93591 plmp3_10
60 0 109949 8 96.92858 plmp3_10
60 0 118107 9 96.48705 plmp3_10
61 0 2812210 0 40.96521 plmp3_10
61 0 899483 1 38.180138 plmp3_10
61 0 205788 2 37.482296 plmp3_10
61 0 148795 3 36.339996 plmp3_10
61 0 3195092 4 35.985947 plmp3_10
61 0 145743 5 35.109478 plmp3_10
61 0 145761 6 34.958054 plmp3_10
61 0 3195890 7 34.920753 plmp3_10
61 0 112605 8 34.124012 plmp3_10
61 0 117875 9 33.85436 plmp3_10
62 0 110428 0 22.157972 plmp3_10
62 0 3207859 1 22.149912 plmp3_10
62 0 112588 2 21.412142 plmp3_10
62 0 110525 3 20.836666 plmp3_10
62 0 145632 4 20.80352 plmp3_10
62 0 2812586 5 20.588177 plmp3_10
62 0 117864 6 19.903004 plmp3_10
62 0 110091 7 19.892942 plmp3_10
62 0 109681 8 19.841768 plmp3_10
62 0 145743 9 19.836624 plmp3_10
63 0 108312 0 23.649704 plmp3_10
63 0 111317 1 22.540512 plmp3_10
63 0 112079 2 22.06812 plmp3_10
63 0 111233 3 22.029554 plmp3_10
63 0 111650 4 21.723839 plmp3_10
63 0 2670965 5 21.491512 plmp3_10
63 0 95043 6 21.18881 plmp3_10
63 0 111344 7 20.989584 plmp3_10
63 0 97635 8 20.908958 plmp3_10
63 0 111800 9 20.83211 plmp3_10
64 0 2758568 0 38.983242 plmp3_10
64 0 110645 1 37.06374 plmp3_10
64 0 2809766 2 34.316418 plmp3_10
64 0 2811849 3 34.316418 plmp3_10
64 0 111660 4 33.02386 plmp3_10
64 0 105359 5 32.411182 plmp3_10
64 0 106391 6 32.146393 plmp3_10
64 0 110463 7 32.1054 plmp3_10
64 0 102061 8 32.006313 plmp3_10
64 0 112056 9 31.696987 plmp3_10
65 0 118123 0 71.807945 plmp3_10
65 0 150540 1 49.355495 plmp3_10
65 0 110645 2 44.53384 plmp3_10
65 0 112738 3 43.082893 plmp3_10
65 0 112355 4 42.625546 plmp3_10
65 0 149286 5 42.006374 plmp3_10
65 0 3199502 6 41.513058 plmp3_10
65 0 1745 7 40.92424 plmp3_10
65 0 107691 8 40.05895 plmp3_10
65 0 4102799 9 40.027924 plmp3_10
66 0 145867 0 70.547005 plmp3_10
66 0 3211501 1 68.36039 plmp3_10
66 0 112935 2 64.8005 plmp3_10
66 0 111632 3 59.124947 plmp3_10
66 0 112106 4 58.09116 plmp3_10
66 0 143378 5 57.89065 plmp3_10
66 0 218667 6 52.61834 plmp3_10
66 0 111303 7 52.52707 plmp3_10
66 0 134921 8 51.742535 plmp3_10
66 0 2797290 9 51.309357 plmp3_10
67 0 867645 0 55.329945 plmp3_10
67 0 145800 1 51.7521 plmp3_10
67 0 110330 2 46.90661 plmp3_10
67 0 145673 3 44.503925 plmp3_10
67 0 112199 4 41.78896 plmp3_10
67 0 106848 5 41.048878 plmp3_10
67 0 2650505 6 39.49353 plmp3_10
67 0 902769 7 39.208057 plmp3_10
67 0 106757 8 38.933777 plmp3_10
67 0 103678 9 38.807297 plmp3_10
68 0 145800 0 51.325924 plmp3_10
68 0 867645 1 45.866673 plmp3_10
68 0 97893 2 39.681637 plmp3_10
68 0 110330 3 39.285683 plmp3_10
68 0 112199 4 37.69074 plmp3_10
68 0 88704 5 37.668156 plmp3_10
68 0 130141 6 37.057644 plmp3_10
68 0 145673 7 36.66205 plmp3_10
68 0 103093 8 36.478268 plmp3_10
68 0 94177 9 36.364944 plmp3_10
69 0 112534 0 49.740276 plmp3_10
69 0 117927 1 47.15243 plmp3_10
69 0 118111 2 46.28377 plmp3_10
69 0 118363 3 45.95949 plmp3_10
69 0 111709 4 45.82471 plmp3_10
69 0 799995 5 45.81851 plmp3_10
69 0 110068 6 45.57058 plmp3_10
69 0 110881 7 45.509182 plmp3_10
69 0 110516 8 45.37011 plmp3_10
69 0 109542 9 44.9611 plmp3_10
70 0 118111 0 59.598618 plmp3_10
70 0 110068 1 57.83531 plmp3_10
70 0 110881 2 57.634033 plmp3_10
70 0 117927 3 57.542854 plmp3_10
70 0 118363 4 57.019215 plmp3_10
70 0 799995 5 56.100006 plmp3_10
70 0 110718 6 55.844513 plmp3_10
70 0 109835 7 55.838383 plmp3_10
70 0 110927 8 55.694897 plmp3_10
70 0 136989 9 55.61355 plmp3_10
71 0 118052 0 53.759285 plmp3_10
71 0 112823 1 51.375046 plmp3_10
71 0 112904 2 50.213554 plmp3_10
71 0 118005 3 49.25591 plmp3_10
71 0 117979 4 48.426865 plmp3_10
71 0 112914 5 47.166634 plmp3_10
71 0 108303 6 46.316147 plmp3_10
71 0 118234 7 45.966686 plmp3_10
71 0 101588 8 45.74146 plmp3_10
71 0 112311 9 45.057495 plmp3_10
72 0 118052 0 53.759285 plmp3_10
72 0 112823 1 51.375046 plmp3_10
72 0 112904 2 50.213554 plmp3_10
72 0 118005 3 49.25591 plmp3_10
72 0 117979 4 48.426865 plmp3_10
72 0 112914 5 47.166634 plmp3_10
72 0 108303 6 46.316147 plmp3_10
72 0 118234 7 45.966686 plmp3_10
72 0 101588 8 45.74146 plmp3_10
72 0 112311 9 45.057495 plmp3_10
73 0 106577 0 17.749758 plmp3_10
73 0 108729 1 17.735062 plmp3_10
73 0 800858 2 17.210167 plmp3_10
73 0 104660 3 16.859753 plmp3_10
73 0 108264 4 16.827757 plmp3_10
73 0 108469 5 16.81403 plmp3_10
73 0 109893 6 16.488766 plmp3_10
73 0 109550 7 16.483429 plmp3_10
73 0 109666 8 16.36881 plmp3_10
73 0 2784695 9 16.251778 plmp3_10
74 0 107904 0 36.230606 plmp3_10
74 0 109284 1 36.086124 plmp3_10
74 0 112774 2 33.420773 plmp3_10
74 0 2804674 3 33.234627 plmp3_10
74 0 111755 4 32.470566 plmp3_10
74 0 108331 5 31.096552 plmp3_10
74 0 112902 6 30.684366 plmp3_10
74 0 110798 7 29.896507 plmp3_10
74 0 2675749 8 28.930552 plmp3_10
74 0 108598 9 28.752087 plmp3_10
75 0 92916 0 54.42351 plmp3_10
75 0 89410 1 53.3349 plmp3_10
75 0 89224 2 52.90169 plmp3_10
75 0 96318 3 52.489193 plmp3_10
75 0 98058 4 51.36703 plmp3_10
75 0 110964 5 48.41406 plmp3_10
75 0 86533 6 46.795376 plmp3_10
75 0 92470 7 42.92723 plmp3_10
75 0 88610 8 42.712894 plmp3_10
75 0 91724 9 42.194115 plmp3_10
76 0 2679833 0 48.34927 plmp3_10
76 0 2680440 1 48.34927 plmp3_10
76 0 145652 2 40.17147 plmp3_10
76 0 108900 3 39.75804 plmp3_10
76 0 110079 4 38.787556 plmp3_10
76 0 2670966 5 38.258312 plmp3_10
76 0 2672526 6 37.687508 plmp3_10
76 0 2674863 7 37.687508 plmp3_10
76 0 106257 8 37.543007 plmp3_10
76 0 110779 9 37.01722 plmp3_10
77 0 112726 0 57.400356 plmp3_10
77 0 145817 1 56.546776 plmp3_10
77 0 4151822 2 54.525574 plmp3_10
77 0 111455 3 53.500423 plmp3_10
77 0 1087693 4 52.926216 plmp3_10
77 0 2812588 5 52.881897 plmp3_10
77 0 145647 6 51.30311 plmp3_10
77 0 134747 7 50.995377 plmp3_10
77 0 111029 8 50.02155 plmp3_10
77 0 111346 9 46.97103 plmp3_10
78 0 145632 0 23.216972 plmp3_10
78 0 2812588 1 21.739182 plmp3_10
78 0 105930 2 20.339819 plmp3_10
78 0 117187 3 19.19787 plmp3_10
78 0 104784 4 19.016209 plmp3_10
78 0 118148 5 18.711298 plmp3_10
78 0 101362 6 18.602646 plmp3_10
78 0 104999 7 18.425226 plmp3_10
78 0 112255 8 18.4073 plmp3_10
78 0 2390269 9 18.378496 plmp3_10
79 0 111009 0 75.70127 plmp3_10
79 0 118143 1 70.48377 plmp3_10
79 0 111470 2 68.81734 plmp3_10
79 0 110221 3 51.228355 plmp3_10
79 0 110183 4 40.565247 plmp3_10
79 0 118513 5 39.824764 plmp3_10
79 0 101490 6 37.76501 plmp3_10
79 0 3171728 7 36.9955 plmp3_10
79 0 87700 8 36.576527 plmp3_10
79 0 2680438 9 36.444744 plmp3_10
80 0 111009 0 69.806625 plmp3_10
80 0 118143 1 68.55231 plmp3_10
80 0 145859 2 58.208916 plmp3_10
80 0 626054 3 57.499428 plmp3_10
80 0 111470 4 56.888813 plmp3_10
80 0 109342 5 56.875538 plmp3_10
80 0 106328 6 55.905342 plmp3_10
80 0 111964 7 52.74551 plmp3_10
80 0 110221 8 52.014446 plmp3_10
80 0 108776 9 49.87222 plmp3_10
81 0 148484 0 30.897642 plmp3_10
81 0 799981 1 27.880234 plmp3_10
81 0 127900 2 26.975506 plmp3_10
81 0 118126 3 26.550064 plmp3_10
81 0 145865 4 25.440622 plmp3_10
81 0 1726 5 25.359259 plmp3_10
81 0 112440 6 25.124382 plmp3_10
81 0 117841 7 24.988228 plmp3_10
81 0 118368 8 24.827044 plmp3_10
81 0 145751 9 23.966282 plmp3_10
82 0 127900 0 52.839844 plmp3_10
82 0 118368 1 50.371616 plmp3_10
82 0 145865 2 49.96759 plmp3_10
82 0 2803250 3 49.49623 plmp3_10
82 0 1726 4 48.92545 plmp3_10
82 0 799981 5 48.116043 plmp3_10
82 0 118126 6 48.027195 plmp3_10
82 0 216735 7 44.91712 plmp3_10
82 0 216806 8 44.91712 plmp3_10
82 0 145751 9 33.325264 plmp3_10
83 0 145859 0 61.907238 plmp3_10
83 0 112368 1 41.880444 plmp3_10
83 0 110289 2 41.525673 plmp3_10
83 0 111286 3 37.458817 plmp3_10
83 0 112922 4 36.888134 plmp3_10
83 0 111333 5 36.35802 plmp3_10
83 0 111093 6 34.26356 plmp3_10
83 0 109038 7 34.210587 plmp3_10
83 0 2788685 8 33.996002 plmp3_10
83 0 2959751 9 33.996002 plmp3_10
84 0 145859 0 56.934925 plmp3_10
84 0 112922 1 44.151386 plmp3_10
84 0 110289 2 41.934235 plmp3_10
84 0 107293 3 41.422253 plmp3_10
84 0 111286 4 37.523132 plmp3_10
84 0 800858 5 35.979397 plmp3_10
84 0 109038 6 35.09463 plmp3_10
84 0 109894 7 34.65512 plmp3_10
84 0 109895 8 34.530865 plmp3_10
84 0 110681 9 33.585613 plmp3_10
85 0 802973 0 73.66534 plmp3_10
85 0 803271 1 73.66534 plmp3_10
85 0 2959737 2 73.66534 plmp3_10
85 0 3177199 3 58.27075 plmp3_10
85 0 3171724 4 58.097847 plmp3_10
85 0 3177200 5 58.097847 plmp3_10
85 0 3205766 6 53.57705 plmp3_10
85 0 150543 7 47.050858 plmp3_10
85 0 2959732 8 47.050858 plmp3_10
85 0 146553 9 46.90783 plmp3_10
86 0 3205766 0 40.031506 plmp3_10
86 0 3171724 1 38.539783 plmp3_10
86 0 3177199 2 38.539783 plmp3_10
86 0 3177200 3 38.539783 plmp3_10
86 0 802973 4 34.574577 plmp3_10
86 0 803271 5 34.574577 plmp3_10
86 0 2959737 6 34.574577 plmp3_10
86 0 3181481 7 33.087082 plmp3_10
86 0 3216388 8 27.09256 plmp3_10
86 0 3170730 9 26.745201 plmp3_10
87 0 145818 0 23.703266 plmp3_10
87 0 111385 1 19.364502 plmp3_10
87 0 105004 2 19.289993 plmp3_10
87 0 4168363 3 18.430395 plmp3_10
87 0 112755 4 18.396881 plmp3_10
87 0 99461 5 18.20694 plmp3_10
87 0 108795 6 17.989468 plmp3_10
87 0 99736 7 17.858625 plmp3_10
87 0 2620730 8 17.718637 plmp3_10
87 0 104718 9 17.703796 plmp3_10
88 0 1742 0 35.414566 plmp3_10
88 0 145897 1 35.192863 plmp3_10
88 0 1756 2 34.700077 plmp3_10
88 0 182992 3 32.694077 plmp3_10
88 0 112807 4 32.387634 plmp3_10
88 0 130159 5 32.19492 plmp3_10
88 0 127691 6 32.175133 plmp3_10
88 0 111801 7 32.143284 plmp3_10
88 0 182991 8 31.976187 plmp3_10
88 0 118339 9 31.521809 plmp3_10
89 0 4151822 0 90.88213 plmp3_10
89 0 2770446 1 81.458855 plmp3_10
89 0 2812588 2 74.71584 plmp3_10
89 0 4162110 3 66.52892 plmp3_10
89 0 145647 4 55.017323 plmp3_10
89 0 145817 5 52.746834 plmp3_10
89 0 134747 6 52.470882 plmp3_10
89 0 145954 7 44.2526 plmp3_10
89 0 111029 8 43.391956 plmp3_10
89 0 1087693 9 42.54731 plmp3_10
90 0 145626 0 66.70746 plmp3_10
90 0 2812588 1 61.52554 plmp3_10
90 0 118054 2 59.377907 plmp3_10
90 0 109921 3 58.17776 plmp3_10
90 0 109718 4 58.019394 plmp3_10
90 0 111913 5 57.325222 plmp3_10
90 0 130150 6 56.187477 plmp3_10
90 0 2620698 7 55.06427 plmp3_10
90 0 110518 8 54.04427 plmp3_10
90 0 2680439 9 54.003124 plmp3_10
91 0 3212514 0 82.97502 plmp3_10
91 0 109857 1 48.54149 plmp3_10
91 0 1087959 2 48.2103 plmp3_10
91 0 118507 3 46.98927 plmp3_10
91 0 134732 4 44.72302 plmp3_10
91 0 110249 5 44.32992 plmp3_10
91 0 110032 6 41.436268 plmp3_10
91 0 112439 7 41.20021 plmp3_10
91 0 1087955 8 40.699554 plmp3_10
91 0 109818 9 39.1322 plmp3_10
92 0 3212514 0 75.24128 plmp3_10
92 0 1087959 1 48.2103 plmp3_10
92 0 118507 2 46.98927 plmp3_10
92 0 110249 3 44.32992 plmp3_10
92 0 110032 4 41.436268 plmp3_10
92 0 1087955 5 40.699554 plmp3_10
92 0 134732 6 40.648666 plmp3_10
92 0 118243 7 39.072674 plmp3_10
92 0 109857 8 38.821995 plmp3_10
92 0 111622 9 38.820927 plmp3_10
93 0 2788983 0 56.557945 plmp3_10
93 0 118107 1 56.164246 plmp3_10
93 0 110877 2 55.820316 plmp3_10
93 0 130158 3 53.617485 plmp3_10
93 0 118334 4 53.06133 plmp3_10
93 0 4151827 5 50.15821 plmp3_10
93 0 117968 6 49.826176 plmp3_10
93 0 112905 7 49.707233 plmp3_10
93 0 109610 8 48.533085 plmp3_10
93 0 117874 9 48.464634 plmp3_10
94 0 2788983 0 64.08708 plmp3_10
94 0 3195891 1 55.929832 plmp3_10
94 0 931614 2 54.488724 plmp3_10
94 0 4151827 3 53.727932 plmp3_10
94 0 117874 4 52.03531 plmp3_10
94 0 112818 5 51.6315 plmp3_10
94 0 117876 6 51.047493 plmp3_10
94 0 118129 7 50.164074 plmp3_10
94 0 145901 8 49.92678 plmp3_10
94 0 117968 9 49.369297 plmp3_10
95 0 105495 0 38.56612 plmp3_10
95 0 108555 1 37.1586 plmp3_10
95 0 106171 2 34.674713 plmp3_10
95 0 107232 3 34.553303 plmp3_10
95 0 107475 4 25.87696 plmp3_10
95 0 86596 5 25.196436 plmp3_10
95 0 106657 6 24.738586 plmp3_10
95 0 107938 7 24.247639 plmp3_10
95 0 103916 8 24.055216 plmp3_10
95 0 95670 9 23.76967 plmp3_10
96 0 96542 0 37.435204 plmp3_10
96 0 103631 1 36.755356 plmp3_10
96 0 92705 2 36.096546 plmp3_10
96 0 92746 3 35.74631 plmp3_10
96 0 96341 4 35.488014 plmp3_10
96 0 108555 5 35.33617 plmp3_10
96 0 96850 6 34.14042 plmp3_10
96 0 93739 7 34.096592 plmp3_10
96 0 93789 8 33.9277 plmp3_10
96 0 93395 9 33.839874 plmp3_10
97 0 112101 0 62.352276 plmp3_10
97 0 111922 1 50.781944 plmp3_10
97 0 2655597 2 31.397663 plmp3_10
97 0 112574 3 29.363552 plmp3_10
97 0 112247 4 28.486298 plmp3_10
97 0 820748 5 28.433151 plmp3_10
97 0 146554 6 27.594656 plmp3_10
97 0 109115 7 27.096962 plmp3_10
97 0 117959 8 26.849895 plmp3_10
97 0 136993 9 26.766186 plmp3_10
98 0 104675 0 14.973084 plmp3_10
98 0 108650 1 14.655527 plmp3_10
98 0 112123 2 14.096328 plmp3_10
98 0 110356 3 13.686934 plmp3_10
98 0 103150 4 13.60838 plmp3_10
98 0 122242 5 13.206594 plmp3_10
98 0 902265 6 13.1750965 plmp3_10
98 0 109796 7 13.001955 plmp3_10
98 0 130155 8 12.86484 plmp3_10
98 0 104573 9 12.793199 plmp3_10
99 0 112267 0 58.499645 plmp3_10
99 0 111884 1 44.31308 plmp3_10
99 0 110552 2 35.093407 plmp3_10
99 0 118121 3 30.608967 plmp3_10
99 0 110578 4 29.404526 plmp3_10
99 0 109976 5 29.292356 plmp3_10
99 0 104759 6 27.882421 plmp3_10
99 0 112723 7 26.7154 plmp3_10
99 0 109673 8 25.22074 plmp3_10
99 0 96562 9 24.127705 plmp3_10
100 0 112267 0 73.26482 plmp3_10
100 0 111884 1 65.348816 plmp3_10
100 0 108405 2 59.320965 plmp3_10
100 0 102906 3 56.49304 plmp3_10
100 0 112033 4 56.404694 plmp3_10
100 0 110296 5 52.96189 plmp3_10
100 0 109673 6 52.772507 plmp3_10
100 0 104524 7 52.375328 plmp3_10
100 0 110552 8 50.888443 plmp3_10
100 0 102161 9 50.74684 plmp3_10
