1 0 3204919 0 48.893166 plmp4_2
1 0 802972 1 44.731636 plmp4_2
1 0 3177197 2 38.444878 plmp4_2
1 0 3170730 3 38.417255 plmp4_2
1 0 2781925 4 37.30664 plmp4_2
1 0 2809767 5 37.126183 plmp4_2
1 0 2811850 6 37.126183 plmp4_2
1 0 2649076 7 35.872433 plmp4_2
1 0 2803251 8 35.12666 plmp4_2
1 0 2803249 9 34.167603 plmp4_2
2 0 103631 0 47.637993 plmp4_2
2 0 103549 1 46.34289 plmp4_2
2 0 104671 2 42.681404 plmp4_2
2 0 104673 3 42.28134 plmp4_2
2 0 104571 4 41.96953 plmp4_2
2 0 105116 5 41.203747 plmp4_2
2 0 108555 6 41.052845 plmp4_2
2 0 145692 7 40.43234 plmp4_2
2 0 107475 8 38.543957 plmp4_2
2 0 105294 9 38.305225 plmp4_2
3 0 3162143 0 65.57117 plmp4_2
3 0 145821 1 58.40081 plmp4_2
3 0 215496 2 58.015812 plmp4_2
3 0 215694 3 58.015812 plmp4_2
3 0 2959735 4 58.01477 plmp4_2
3 0 111091 5 56.71815 plmp4_2
3 0 117907 6 56.569107 plmp4_2
3 0 112584 7 56.46634 plmp4_2
3 0 118029 8 54.59442 plmp4_2
3 0 117959 9 54.161907 plmp4_2
4 0 215694 0 137.08257 plmp4_2
4 0 2959735 1 137.08049 plmp4_2
4 0 215496 2 137.064 plmp4_2
4 0 623142 3 125.93355 plmp4_2
4 0 3162143 4 125.80384 plmp4_2
4 0 118029 5 121.32795 plmp4_2
4 0 149007 6 106.16101 plmp4_2
4 0 903973 7 99.59568 plmp4_2
4 0 812450 8 96.820305 plmp4_2
4 0 78783 9 90.15924 plmp4_2
5 0 145652 0 40.10688 plmp4_2
5 0 110056 1 39.819725 plmp4_2
5 0 1740 2 39.752724 plmp4_2
5 0 110831 3 39.44737 plmp4_2
5 0 2672209 4 37.59408 plmp4_2
5 0 2657779 5 37.59408 plmp4_2
5 0 118360 6 36.948174 plmp4_2
5 0 118217 7 35.481567 plmp4_2
5 0 131163 8 34.72743 plmp4_2
5 0 112708 9 34.406807 plmp4_2
6 0 110654 0 62.6434 plmp4_2
6 0 110056 1 60.46184 plmp4_2
6 0 183480 2 51.91139 plmp4_2
6 0 111258 3 43.240738 plmp4_2
6 0 111114 4 40.149437 plmp4_2
6 0 110599 5 38.670696 plmp4_2
6 0 3203656 6 38.436104 plmp4_2
6 0 3206414 7 38.436104 plmp4_2
6 0 122256 8 38.04589 plmp4_2
6 0 110097 9 36.765488 plmp4_2
7 0 147531 0 33.220383 plmp4_2
7 0 2672535 1 30.187954 plmp4_2
7 0 110932 2 30.054249 plmp4_2
7 0 145715 3 28.946392 plmp4_2
7 0 147530 4 28.93258 plmp4_2
7 0 3195892 5 28.681515 plmp4_2
7 0 145713 6 28.240477 plmp4_2
7 0 2675751 7 27.46728 plmp4_2
7 0 2655591 8 27.360182 plmp4_2
7 0 127913 9 27.020092 plmp4_2
8 0 112174 0 79.6387 plmp4_2
8 0 134749 1 75.92767 plmp4_2
8 0 145715 2 71.29583 plmp4_2
8 0 145868 3 70.11629 plmp4_2
8 0 2678467 4 66.10229 plmp4_2
8 0 2679202 5 66.10229 plmp4_2
8 0 2959746 6 66.10229 plmp4_2
8 0 147531 7 64.141106 plmp4_2
8 0 112834 8 62.95428 plmp4_2
8 0 112748 9 59.3987 plmp4_2
9 0 127923 0 74.64422 plmp4_2
9 0 2675751 1 74.3957 plmp4_2
9 0 118212 2 73.670525 plmp4_2
9 0 127887 3 73.49193 plmp4_2
9 0 109720 4 71.22358 plmp4_2
9 0 118317 5 71.21065 plmp4_2
9 0 112641 6 70.57972 plmp4_2
9 0 118011 7 69.942154 plmp4_2
9 0 118454 8 69.79452 plmp4_2
9 0 118423 9 68.82184 plmp4_2
10 0 118087 0 70.39908 plmp4_2
10 0 147531 1 69.9429 plmp4_2
10 0 112423 2 68.6464 plmp4_2
10 0 145697 3 65.48683 plmp4_2
10 0 134743 4 65.33688 plmp4_2
10 0 111500 5 64.66576 plmp4_2
10 0 112318 6 62.975304 plmp4_2
10 0 112094 7 62.4329 plmp4_2
10 0 112931 8 62.315113 plmp4_2
10 0 118484 9 61.954956 plmp4_2
11 0 873668 0 39.65744 plmp4_2
11 0 4151824 1 36.989864 plmp4_2
11 0 2672535 2 36.924976 plmp4_2
11 0 858288 3 36.08965 plmp4_2
11 0 112152 4 35.30775 plmp4_2
11 0 3214780 5 35.116013 plmp4_2
11 0 108197 6 34.939583 plmp4_2
11 0 145646 7 34.92963 plmp4_2
11 0 217512 8 34.88313 plmp4_2
11 0 2801435 9 34.869617 plmp4_2
12 0 2672535 0 45.82947 plmp4_2
12 0 2752078 1 36.191254 plmp4_2
12 0 145918 2 32.34659 plmp4_2
12 0 112024 3 31.183048 plmp4_2
12 0 809121 4 30.551476 plmp4_2
12 0 111980 5 30.454325 plmp4_2
12 0 624280 6 29.317736 plmp4_2
12 0 3153112 7 29.264717 plmp4_2
12 0 105450 8 29.180277 plmp4_2
12 0 111905 9 28.882278 plmp4_2
13 0 145967 0 40.7787 plmp4_2
13 0 2642828 1 40.65982 plmp4_2
13 0 4162111 2 39.7901 plmp4_2
13 0 802973 3 38.31905 plmp4_2
13 0 803271 4 38.31905 plmp4_2
13 0 2959737 5 38.31905 plmp4_2
13 0 2812588 6 37.62567 plmp4_2
13 0 2959730 7 35.816666 plmp4_2
13 0 802770 8 33.988655 plmp4_2
13 0 3168776 9 33.768044 plmp4_2
14 0 2742710 0 32.703815 plmp4_2
14 0 145931 1 28.609785 plmp4_2
14 0 108730 2 27.402475 plmp4_2
14 0 2670965 3 26.733513 plmp4_2
14 0 2153 4 26.468462 plmp4_2
14 0 180494 5 26.129189 plmp4_2
14 0 108765 6 25.890162 plmp4_2
14 0 108193 7 24.194336 plmp4_2
14 0 145974 8 23.74678 plmp4_2
14 0 117942 9 23.254135 plmp4_2
15 0 2812588 0 86.39267 plmp4_2
15 0 4151822 1 84.02782 plmp4_2
15 0 4171965 2 68.14433 plmp4_2
15 0 2770446 3 52.804848 plmp4_2
15 0 4106440 4 50.440575 plmp4_2
15 0 2812210 5 49.94324 plmp4_2
15 0 2812587 6 48.471207 plmp4_2
15 0 2959748 7 48.471207 plmp4_2
15 0 4151826 8 47.528034 plmp4_2
15 0 2809767 9 47.045723 plmp4_2
16 0 4151822 0 70.42286 plmp4_2
16 0 4171965 1 54.127064 plmp4_2
16 0 4162111 2 42.138237 plmp4_2
16 0 4168362 3 41.838833 plmp4_2
16 0 4161362 4 40.23285 plmp4_2
16 0 4151826 5 39.538513 plmp4_2
16 0 2812588 6 38.768974 plmp4_2
16 0 4162936 7 38.66713 plmp4_2
16 0 4157405 8 38.398727 plmp4_2
16 0 4154603 9 38.047207 plmp4_2
17 0 148484 0 36.78277 plmp4_2
17 0 2672526 1 31.598156 plmp4_2
17 0 2674863 2 31.598156 plmp4_2
17 0 813289 3 30.855934 plmp4_2
17 0 147527 4 29.571297 plmp4_2
17 0 2670966 5 28.763422 plmp4_2
17 0 4161362 6 27.827799 plmp4_2
17 0 811779 7 26.370012 plmp4_2
17 0 903971 8 26.33201 plmp4_2
17 0 2959742 9 26.33201 plmp4_2
18 0 205712 0 72.63023 plmp4_2
18 0 145885 1 59.891792 plmp4_2
18 0 131156 2 57.283215 plmp4_2
18 0 145896 3 55.70766 plmp4_2
18 0 148484 4 55.100746 plmp4_2
18 0 620566 5 54.332607 plmp4_2
18 0 2681962 6 54.02168 plmp4_2
18 0 147952 7 52.621864 plmp4_2
18 0 1753 8 52.506805 plmp4_2
18 0 2795703 9 52.399837 plmp4_2
19 0 2654533 0 92.55666 plmp4_2
19 0 2654756 1 92.55666 plmp4_2
19 0 4172500 2 62.09028 plmp4_2
19 0 2679558 3 58.899235 plmp4_2
19 0 2654534 4 57.627766 plmp4_2
19 0 112808 5 54.89472 plmp4_2
19 0 206098 6 54.486988 plmp4_2
19 0 2675752 7 53.66809 plmp4_2
19 0 2781925 8 53.559834 plmp4_2
19 0 2678466 9 53.521416 plmp4_2
20 0 2654533 0 98.059425 plmp4_2
20 0 2654756 1 98.059425 plmp4_2
20 0 4172500 2 62.184696 plmp4_2
20 0 206098 3 59.096184 plmp4_2
20 0 112775 4 56.506504 plmp4_2
20 0 145121 5 56.08063 plmp4_2
20 0 2781925 6 54.520683 plmp4_2
20 0 2654534 7 54.45916 plmp4_2
20 0 2679558 8 54.395172 plmp4_2
20 0 219509 9 53.72608 plmp4_2
21 0 873660 0 75.41311 plmp4_2
21 0 867657 1 70.9522 plmp4_2
21 0 117890 2 64.55009 plmp4_2
21 0 2659300 3 61.44325 plmp4_2
21 0 902267 4 57.34838 plmp4_2
21 0 112799 5 55.96809 plmp4_2
21 0 820904 6 54.49656 plmp4_2
21 0 118081 7 53.22903 plmp4_2
21 0 3181482 8 52.12396 plmp4_2
21 0 2804673 9 52.010223 plmp4_2
22 0 2659300 0 112.20737 plmp4_2
22 0 117890 1 92.91262 plmp4_2
22 0 867657 2 75.97475 plmp4_2
22 0 112799 3 72.303276 plmp4_2
22 0 112774 4 67.486885 plmp4_2
22 0 118081 5 66.04714 plmp4_2
22 0 145829 6 64.6709 plmp4_2
22 0 112846 7 62.322506 plmp4_2
22 0 112777 8 59.48426 plmp4_2
22 0 112742 9 59.470924 plmp4_2
23 0 2810525 0 62.602615 plmp4_2
23 0 2811847 1 62.602615 plmp4_2
23 0 1738 2 55.772934 plmp4_2
23 0 118449 3 53.720253 plmp4_2
23 0 112257 4 48.41687 plmp4_2
23 0 118180 5 46.267338 plmp4_2
23 0 3153112 6 45.23064 plmp4_2
23 0 2801435 7 44.534443 plmp4_2
23 0 2675750 8 44.40629 plmp4_2
23 0 145738 9 43.864857 plmp4_2
24 0 1738 0 24.555653 plmp4_2
24 0 145778 1 21.9334 plmp4_2
24 0 109265 2 17.084858 plmp4_2
24 0 85289 3 16.394934 plmp4_2
24 0 182558 4 16.142616 plmp4_2
24 0 2678133 5 15.898842 plmp4_2
24 0 2801435 6 15.213977 plmp4_2
24 0 118449 7 14.530398 plmp4_2
24 0 110916 8 14.3256445 plmp4_2
24 0 112872 9 14.164376 plmp4_2
25 0 112616 0 74.7125 plmp4_2
25 0 2655499 1 53.272015 plmp4_2
25 0 3211503 2 40.448963 plmp4_2
25 0 821305 3 38.745785 plmp4_2
25 0 2621067 4 37.83635 plmp4_2
25 0 118021 5 36.56131 plmp4_2
25 0 108792 6 36.124744 plmp4_2
25 0 4104821 7 33.516773 plmp4_2
25 0 117845 8 33.115196 plmp4_2
25 0 110318 9 32.84115 plmp4_2
26 0 117872 0 66.18228 plmp4_2
26 0 112616 1 63.23313 plmp4_2
26 0 112457 2 56.558887 plmp4_2
26 0 112700 3 54.746475 plmp4_2
26 0 145758 4 54.732426 plmp4_2
26 0 118026 5 54.536015 plmp4_2
26 0 112045 6 54.106552 plmp4_2
26 0 1087946 7 53.716736 plmp4_2
26 0 109837 8 53.69183 plmp4_2
26 0 4161362 9 53.137165 plmp4_2
27 0 4157382 0 103.17486 plmp4_2
27 0 4157405 1 103.17486 plmp4_2
27 0 111141 2 60.213303 plmp4_2
27 0 112792 3 57.020523 plmp4_2
27 0 112523 4 56.998253 plmp4_2
27 0 112346 5 53.593987 plmp4_2
27 0 111061 6 53.038895 plmp4_2
27 0 217703 7 45.39478 plmp4_2
27 0 104758 8 45.027367 plmp4_2
27 0 2679557 9 44.90031 plmp4_2
28 0 4157382 0 88.91187 plmp4_2
28 0 4157405 1 88.91187 plmp4_2
28 0 112346 2 71.86621 plmp4_2
28 0 111141 3 57.190796 plmp4_2
28 0 112523 4 43.320644 plmp4_2
28 0 110460 5 42.6139 plmp4_2
28 0 110060 6 41.619892 plmp4_2
28 0 112792 7 41.336 plmp4_2
28 0 118161 8 40.870155 plmp4_2
28 0 111217 9 40.543873 plmp4_2
29 0 109560 0 25.320536 plmp4_2
29 0 108606 1 23.915266 plmp4_2
29 0 121164 2 23.377514 plmp4_2
29 0 118381 3 23.330006 plmp4_2
29 0 108579 4 23.060871 plmp4_2
29 0 111471 5 22.681498 plmp4_2
29 0 112646 6 22.678394 plmp4_2
29 0 111978 7 22.648514 plmp4_2
29 0 118044 8 22.571913 plmp4_2
29 0 137739 9 22.571327 plmp4_2
30 0 205788 0 80.81554 plmp4_2
30 0 218921 1 67.90183 plmp4_2
30 0 2642828 2 63.663822 plmp4_2
30 0 802770 3 61.070545 plmp4_2
30 0 899483 4 61.056004 plmp4_2
30 0 4151826 5 60.075596 plmp4_2
30 0 148795 6 59.478455 plmp4_2
30 0 626206 7 57.952442 plmp4_2
30 0 179213 8 54.968395 plmp4_2
30 0 802973 9 53.69261 plmp4_2
31 0 118023 0 56.09519 plmp4_2
31 0 2795279 1 54.1554 plmp4_2
31 0 118458 2 49.274975 plmp4_2
31 0 117924 3 48.968983 plmp4_2
31 0 110015 4 47.965553 plmp4_2
31 0 109006 5 47.782543 plmp4_2
31 0 109450 6 47.764835 plmp4_2
31 0 112356 7 46.29547 plmp4_2
31 0 3195444 8 46.241703 plmp4_2
31 0 109649 9 46.19156 plmp4_2
32 0 1728 0 53.371986 plmp4_2
32 0 111434 1 49.366035 plmp4_2
32 0 112329 2 48.91408 plmp4_2
32 0 112850 3 46.228424 plmp4_2
32 0 125839 4 46.055172 plmp4_2
32 0 112447 5 44.795013 plmp4_2
32 0 112090 6 43.982708 plmp4_2
32 0 118455 7 43.404972 plmp4_2
32 0 117853 8 42.51772 plmp4_2
32 0 111596 9 42.009804 plmp4_2
33 0 2809767 0 39.97519 plmp4_2
33 0 2811850 1 39.97519 plmp4_2
33 0 2676594 2 39.9703 plmp4_2
33 0 2675753 3 39.023476 plmp4_2
33 0 2679204 4 39.023476 plmp4_2
33 0 145870 5 37.377182 plmp4_2
33 0 799973 6 37.022945 plmp4_2
33 0 3205766 7 36.97103 plmp4_2
33 0 215806 8 35.107174 plmp4_2
33 0 110089 9 33.82891 plmp4_2
34 0 2676594 0 153.6873 plmp4_2
34 0 2675753 1 151.28714 plmp4_2
34 0 2679204 2 151.28714 plmp4_2
34 0 2809767 3 121.829094 plmp4_2
34 0 2811850 4 121.829094 plmp4_2
34 0 121158 5 71.3253 plmp4_2
34 0 136994 6 68.71703 plmp4_2
34 0 137727 7 66.84338 plmp4_2
34 0 112325 8 66.63874 plmp4_2
34 0 3216389 9 64.87146 plmp4_2
35 0 821306 0 31.087719 plmp4_2
35 0 2768888 1 30.529167 plmp4_2
35 0 205203 2 29.366987 plmp4_2
35 0 2654532 3 28.506933 plmp4_2
35 0 931124 4 27.690159 plmp4_2
35 0 3181025 5 27.055483 plmp4_2
35 0 625833 6 26.330925 plmp4_2
35 0 623843 7 26.207108 plmp4_2
35 0 2801434 8 25.58684 plmp4_2
35 0 1757 9 25.40468 plmp4_2
36 0 3170730 0 42.788704 plmp4_2
36 0 3177197 1 42.788704 plmp4_2
36 0 779833 2 42.35828 plmp4_2
36 0 798511 3 42.35828 plmp4_2
36 0 218927 4 41.934303 plmp4_2
36 0 3203656 5 40.756058 plmp4_2
36 0 3206414 6 40.756058 plmp4_2
36 0 118319 7 40.399437 plmp4_2
36 0 3168777 8 38.682716 plmp4_2
36 0 821306 9 38.580326 plmp4_2
37 0 4151829 0 37.086094 plmp4_2
37 0 145629 1 34.803745 plmp4_2
37 0 107652 2 31.497679 plmp4_2
37 0 118269 3 31.237099 plmp4_2
37 0 145855 4 29.402016 plmp4_2
37 0 145731 5 29.295425 plmp4_2
37 0 110007 6 29.167284 plmp4_2
37 0 111982 7 28.632444 plmp4_2
37 0 110137 8 28.622055 plmp4_2
37 0 103870 9 27.976715 plmp4_2
38 0 145855 0 69.63181 plmp4_2
38 0 145731 1 68.19417 plmp4_2
38 0 4151829 2 62.831085 plmp4_2
38 0 118269 3 51.30607 plmp4_2
38 0 1993216 4 49.1174 plmp4_2
38 0 111420 5 44.16091 plmp4_2
38 0 112292 6 43.72605 plmp4_2
38 0 111982 7 43.312214 plmp4_2
38 0 110774 8 41.046837 plmp4_2
38 0 112910 9 39.88503 plmp4_2
39 0 112568 0 55.263077 plmp4_2
39 0 112420 1 45.654305 plmp4_2
39 0 118457 2 43.484188 plmp4_2
39 0 130141 3 40.043716 plmp4_2
39 0 111432 4 39.724564 plmp4_2
39 0 621044 5 38.867714 plmp4_2
39 0 621090 6 38.867714 plmp4_2
39 0 2959739 7 38.867714 plmp4_2
39 0 108442 8 38.02179 plmp4_2
39 0 2959744 9 37.816113 plmp4_2
40 0 105200 0 57.032883 plmp4_2
40 0 621044 1 54.354557 plmp4_2
40 0 621090 2 54.354557 plmp4_2
40 0 2959739 3 54.354557 plmp4_2
40 0 1731 4 52.705414 plmp4_2
40 0 145905 5 52.11583 plmp4_2
40 0 118457 6 52.062244 plmp4_2
40 0 108818 7 51.030113 plmp4_2
40 0 104688 8 50.91743 plmp4_2
40 0 2144 9 50.649773 plmp4_2
41 0 112924 0 63.722588 plmp4_2
41 0 2811847 1 55.98201 plmp4_2
41 0 2810525 2 55.97731 plmp4_2
41 0 145756 3 52.597378 plmp4_2
41 0 112585 4 50.275272 plmp4_2
41 0 111198 5 49.314705 plmp4_2
41 0 109186 6 47.8177 plmp4_2
41 0 2654533 7 47.713707 plmp4_2
41 0 2654756 8 47.713707 plmp4_2
41 0 109196 9 45.651928 plmp4_2
42 0 112585 0 65.041214 plmp4_2
42 0 2654533 1 60.479237 plmp4_2
42 0 2654756 2 60.479237 plmp4_2
42 0 109186 3 58.883076 plmp4_2
42 0 110132 4 57.406746 plmp4_2
42 0 111198 5 53.506634 plmp4_2
42 0 112924 6 53.161594 plmp4_2
42 0 111891 7 53.099728 plmp4_2
42 0 145785 8 49.29717 plmp4_2
42 0 110660 9 48.811676 plmp4_2
43 0 2680590 0 47.14632 plmp4_2
43 0 2959745 1 47.14632 plmp4_2
43 0 121170 2 42.069286 plmp4_2
43 0 112920 3 41.771168 plmp4_2
43 0 112305 4 40.190826 plmp4_2
43 0 101906 5 38.18756 plmp4_2
43 0 99953 6 34.985123 plmp4_2
43 0 2812589 7 34.65342 plmp4_2
43 0 2959749 8 34.65342 plmp4_2
43 0 89813 9 34.390583 plmp4_2
44 0 183480 0 15.76622 plmp4_2
44 0 1755 1 13.915462 plmp4_2
44 0 135284 2 13.729057 plmp4_2
44 0 96678 3 13.351741 plmp4_2
44 0 2781925 4 13.190357 plmp4_2
44 0 92563 5 13.148494 plmp4_2
44 0 99616 6 13.079235 plmp4_2
44 0 91444 7 13.056753 plmp4_2
44 0 145712 8 12.984035 plmp4_2
44 0 92375 9 12.670679 plmp4_2
45 0 3204917 0 74.58489 plmp4_2
45 0 3181481 1 72.886086 plmp4_2
45 0 145861 2 69.104485 plmp4_2
45 0 800568 3 65.28551 plmp4_2
45 0 2804673 4 64.717995 plmp4_2
45 0 623145 5 63.937485 plmp4_2
45 0 145903 6 63.311016 plmp4_2
45 0 150542 7 63.038597 plmp4_2
45 0 3205766 8 61.982815 plmp4_2
45 0 866024 9 61.45923 plmp4_2
46 0 866024 0 161.3476 plmp4_2
46 0 858802 1 161.33728 plmp4_2
46 0 3204917 2 113.80403 plmp4_2
46 0 2804673 3 108.06833 plmp4_2
46 0 150542 4 105.31142 plmp4_2
46 0 623145 5 101.5569 plmp4_2
46 0 145861 6 99.09897 plmp4_2
46 0 903971 7 92.047585 plmp4_2
46 0 2959742 8 92.047585 plmp4_2
46 0 145764 9 89.21777 plmp4_2
47 0 2674861 0 73.55015 plmp4_2
47 0 2675754 1 73.55015 plmp4_2
47 0 903973 2 38.306934 plmp4_2
47 0 2678133 3 37.960968 plmp4_2
47 0 4164893 4 36.92627 plmp4_2
47 0 3170730 5 36.912735 plmp4_2
47 0 3177197 6 36.912735 plmp4_2
47 0 2147 7 36.63757 plmp4_2
47 0 2672209 8 36.60765 plmp4_2
47 0 2657779 9 36.60765 plmp4_2
48 0 2674861 0 76.21161 plmp4_2
48 0 2675754 1 76.21161 plmp4_2
48 0 96147 2 41.04971 plmp4_2
48 0 142882 3 39.604595 plmp4_2
48 0 111362 4 38.74626 plmp4_2
48 0 92421 5 38.38461 plmp4_2
48 0 112867 6 37.747818 plmp4_2
48 0 118471 7 37.203087 plmp4_2
48 0 94040 8 36.5044 plmp4_2
48 0 3170727 9 36.49503 plmp4_2
49 0 2810525 0 53.741833 plmp4_2
49 0 2811847 1 53.741833 plmp4_2
49 0 4162535 2 40.879 plmp4_2
49 0 2812210 3 35.671356 plmp4_2
49 0 4151826 4 33.85167 plmp4_2
49 0 2809767 5 33.758106 plmp4_2
49 0 2811850 6 33.758106 plmp4_2
49 0 2811845 7 32.03796 plmp4_2
49 0 4162110 8 31.959381 plmp4_2
49 0 3153112 9 31.712011 plmp4_2
50 0 3153112 0 63.85006 plmp4_2
50 0 4162535 1 58.69589 plmp4_2
50 0 2810525 2 54.802025 plmp4_2
50 0 2811847 3 54.802025 plmp4_2
50 0 3204917 4 36.257595 plmp4_2
50 0 2789928 5 35.931423 plmp4_2
50 0 2812210 6 34.220264 plmp4_2
50 0 4151826 7 33.930656 plmp4_2
50 0 3216391 8 33.923477 plmp4_2
50 0 2809767 9 33.72601 plmp4_2
51 0 215412 0 33.077446 plmp4_2
51 0 616869 1 32.208733 plmp4_2
51 0 178546 2 32.083344 plmp4_2
51 0 2752078 3 31.745245 plmp4_2
51 0 111908 4 31.180367 plmp4_2
51 0 145872 5 31.054977 plmp4_2
51 0 4170684 6 31.05294 plmp4_2
51 0 149006 7 31.01326 plmp4_2
51 0 3197367 8 30.79245 plmp4_2
51 0 134741 9 30.722027 plmp4_2
52 0 112770 0 26.549414 plmp4_2
52 0 103302 1 23.432047 plmp4_2
52 0 112931 2 23.424007 plmp4_2
52 0 112243 3 23.085922 plmp4_2
52 0 802399 4 22.615776 plmp4_2
52 0 84894 5 22.404112 plmp4_2
52 0 112250 6 22.215849 plmp4_2
52 0 112094 7 21.76346 plmp4_2
52 0 98744 8 21.463669 plmp4_2
52 0 112005 9 21.268723 plmp4_2
53 0 145792 0 51.452827 plmp4_2
53 0 799985 1 48.844597 plmp4_2
53 0 145647 2 44.97792 plmp4_2
53 0 112677 3 44.746452 plmp4_2
53 0 2808291 4 43.989822 plmp4_2
53 0 108879 5 43.721924 plmp4_2
53 0 1744 6 42.86099 plmp4_2
53 0 118262 7 41.396496 plmp4_2
53 0 145714 8 39.87577 plmp4_2
53 0 2771250 9 39.41386 plmp4_2
54 0 872994 0 61.73987 plmp4_2
54 0 811778 1 56.90808 plmp4_2
54 0 616862 2 53.721577 plmp4_2
54 0 811777 3 52.21445 plmp4_2
54 0 145792 4 49.629032 plmp4_2
54 0 112677 5 48.117596 plmp4_2
54 0 1744 6 46.983093 plmp4_2
54 0 145714 7 45.899666 plmp4_2
54 0 2808291 8 45.891613 plmp4_2
54 0 943668 9 45.736267 plmp4_2
55 0 4154603 0 92.43824 plmp4_2
55 0 145855 1 66.29833 plmp4_2
55 0 145731 2 62.636265 plmp4_2
55 0 145629 3 53.204178 plmp4_2
55 0 118269 4 52.010433 plmp4_2
55 0 111261 5 48.529484 plmp4_2
55 0 112910 6 45.50324 plmp4_2
55 0 110774 7 43.94421 plmp4_2
55 0 111982 8 42.443573 plmp4_2
55 0 111420 9 41.37809 plmp4_2
56 0 4154603 0 143.6709 plmp4_2
56 0 145731 1 86.03358 plmp4_2
56 0 118269 2 81.47516 plmp4_2
56 0 112910 3 77.990036 plmp4_2
56 0 145629 4 69.22841 plmp4_2
56 0 145855 5 68.489944 plmp4_2
56 0 111261 6 64.13225 plmp4_2
56 0 1993216 7 62.79146 plmp4_2
56 0 110774 8 61.650085 plmp4_2
56 0 111420 9 54.903927 plmp4_2
57 0 867644 0 40.818146 plmp4_2
57 0 117856 1 40.144283 plmp4_2
57 0 800859 2 39.057888 plmp4_2
57 0 800569 3 37.750397 plmp4_2
57 0 145815 4 37.020714 plmp4_2
57 0 118470 5 36.906723 plmp4_2
57 0 802408 6 35.94452 plmp4_2
57 0 87781 7 35.74964 plmp4_2
57 0 118224 8 35.26852 plmp4_2
57 0 118094 9 35.13298 plmp4_2
58 0 145735 0 57.959873 plmp4_2
58 0 112467 1 47.528778 plmp4_2
58 0 145800 2 46.02951 plmp4_2
58 0 106179 3 44.585278 plmp4_2
58 0 2676592 4 44.395695 plmp4_2
58 0 217702 5 43.119617 plmp4_2
58 0 108547 6 42.971767 plmp4_2
58 0 106848 7 42.131924 plmp4_2
58 0 110330 8 41.07065 plmp4_2
58 0 4172497 9 40.238583 plmp4_2
59 0 2788983 0 157.00641 plmp4_2
59 0 4170685 1 140.95 plmp4_2
59 0 145627 2 119.61426 plmp4_2
59 0 118037 3 119.184456 plmp4_2
59 0 117968 4 118.10096 plmp4_2
59 0 3205767 5 116.25886 plmp4_2
59 0 118040 6 113.9159 plmp4_2
59 0 118129 7 113.85674 plmp4_2
59 0 118422 8 104.6183 plmp4_2
59 0 134735 9 104.51809 plmp4_2
60 0 3195891 0 137.32396 plmp4_2
60 0 118334 1 120.4273 plmp4_2
60 0 2788983 2 117.576294 plmp4_2
60 0 4170685 3 115.85436 plmp4_2
60 0 118129 4 112.690125 plmp4_2
60 0 621195 5 109.593216 plmp4_2
60 0 621270 6 109.593216 plmp4_2
60 0 118107 7 107.37295 plmp4_2
60 0 130158 8 105.58103 plmp4_2
60 0 117968 9 104.52974 plmp4_2
61 0 145743 0 71.963715 plmp4_2
61 0 2812210 1 71.28215 plmp4_2
61 0 145923 2 67.061745 plmp4_2
61 0 112854 3 65.1047 plmp4_2
61 0 218457 4 61.414566 plmp4_2
61 0 179213 5 58.428543 plmp4_2
61 0 3195092 6 56.955868 plmp4_2
61 0 219815 7 56.86747 plmp4_2
61 0 148795 8 56.695103 plmp4_2
61 0 205788 9 55.318386 plmp4_2
62 0 2812210 0 38.992954 plmp4_2
62 0 118098 1 31.156172 plmp4_2
62 0 110926 2 30.214066 plmp4_2
62 0 110091 3 28.827623 plmp4_2
62 0 117875 4 28.817417 plmp4_2
62 0 218457 5 28.725706 plmp4_2
62 0 118299 6 28.017092 plmp4_2
62 0 109681 7 27.849567 plmp4_2
62 0 145876 8 27.533209 plmp4_2
62 0 112794 9 27.43628 plmp4_2
63 0 2812589 0 31.849655 plmp4_2
63 0 2959749 1 31.849655 plmp4_2
63 0 112803 2 30.261908 plmp4_2
63 0 118148 3 30.07328 plmp4_2
63 0 112394 4 28.228153 plmp4_2
63 0 117935 5 26.685736 plmp4_2
63 0 3191119 6 26.675816 plmp4_2
63 0 2784695 7 26.260654 plmp4_2
63 0 106985 8 26.205294 plmp4_2
63 0 111250 9 25.526846 plmp4_2
64 0 3205767 0 52.579132 plmp4_2
64 0 3205768 1 48.264038 plmp4_2
64 0 3207860 2 45.755836 plmp4_2
64 0 2758568 3 45.679195 plmp4_2
64 0 3214775 4 43.12916 plmp4_2
64 0 2809766 5 41.43186 plmp4_2
64 0 2811849 6 41.43186 plmp4_2
64 0 821189 7 40.27697 plmp4_2
64 0 3204919 8 39.623657 plmp4_2
64 0 3205736 9 39.477802 plmp4_2
65 0 118123 0 117.95184 plmp4_2
65 0 873668 1 63.251263 plmp4_2
65 0 150540 2 61.113663 plmp4_2
65 0 110645 3 55.84575 plmp4_2
65 0 112441 4 54.446 plmp4_2
65 0 149285 5 54.372673 plmp4_2
65 0 1745 6 54.278248 plmp4_2
65 0 3211501 7 54.22195 plmp4_2
65 0 1750 8 54.20756 plmp4_2
65 0 131165 9 52.600876 plmp4_2
66 0 145867 0 100.12441 plmp4_2
66 0 3211501 1 95.78583 plmp4_2
66 0 118123 2 86.15683 plmp4_2
66 0 143378 3 71.84355 plmp4_2
66 0 112935 4 69.617035 plmp4_2
66 0 111632 5 66.627144 plmp4_2
66 0 109237 6 66.11926 plmp4_2
66 0 3195445 7 63.124958 plmp4_2
66 0 218667 8 62.517727 plmp4_2
66 0 109486 9 62.38605 plmp4_2
67 0 145800 0 116.70975 plmp4_2
67 0 867645 1 110.10651 plmp4_2
67 0 103675 2 60.78352 plmp4_2
67 0 106844 3 48.80956 plmp4_2
67 0 104522 4 47.643887 plmp4_2
67 0 110330 5 47.23215 plmp4_2
67 0 106757 6 46.769215 plmp4_2
67 0 103678 7 46.011787 plmp4_2
67 0 4104822 8 43.830746 plmp4_2
67 0 103916 9 43.805737 plmp4_2
68 0 145800 0 105.06902 plmp4_2
68 0 867645 1 83.91553 plmp4_2
68 0 97893 2 62.65438 plmp4_2
68 0 88704 3 62.280586 plmp4_2
68 0 87585 4 55.52101 plmp4_2
68 0 88756 5 55.384735 plmp4_2
68 0 94177 6 54.112976 plmp4_2
68 0 88819 7 51.251583 plmp4_2
68 0 93847 8 50.966637 plmp4_2
68 0 103093 9 50.50563 plmp4_2
69 0 111709 0 59.966995 plmp4_2
69 0 182558 1 57.42399 plmp4_2
69 0 3214777 2 55.605644 plmp4_2
69 0 149289 3 54.892643 plmp4_2
69 0 117859 4 54.183434 plmp4_2
69 0 112534 5 52.463223 plmp4_2
69 0 110068 6 51.8014 plmp4_2
69 0 118111 7 50.67935 plmp4_2
69 0 3214778 8 50.61367 plmp4_2
69 0 118379 9 50.5628 plmp4_2
70 0 182558 0 69.16712 plmp4_2
70 0 118111 1 63.5771 plmp4_2
70 0 3214778 2 60.67024 plmp4_2
70 0 149289 3 59.648853 plmp4_2
70 0 112534 4 59.42307 plmp4_2
70 0 111709 5 58.94253 plmp4_2
70 0 3214777 6 58.39656 plmp4_2
70 0 112301 7 57.24267 plmp4_2
70 0 112565 8 54.897648 plmp4_2
70 0 109835 9 54.84208 plmp4_2
71 0 118052 0 73.28755 plmp4_2
71 0 112904 1 68.74399 plmp4_2
71 0 118234 2 65.983444 plmp4_2
71 0 3189783 3 62.4614 plmp4_2
71 0 112914 4 62.1139 plmp4_2
71 0 112823 5 60.863087 plmp4_2
71 0 145121 6 60.186237 plmp4_2
71 0 118005 7 56.195324 plmp4_2
71 0 111103 8 55.437073 plmp4_2
71 0 106096 9 55.432186 plmp4_2
72 0 118052 0 72.071495 plmp4_2
72 0 112904 1 68.74399 plmp4_2
72 0 118234 2 63.9341 plmp4_2
72 0 3189783 3 61.24534 plmp4_2
72 0 112823 4 60.863087 plmp4_2
72 0 112914 5 60.61114 plmp4_2
72 0 145121 6 58.68348 plmp4_2
72 0 111103 7 55.437073 plmp4_2
72 0 118005 8 55.36052 plmp4_2
72 0 117979 9 55.133427 plmp4_2
73 0 2804674 0 24.016907 plmp4_2
73 0 110175 1 22.165901 plmp4_2
73 0 145624 2 21.752186 plmp4_2
73 0 118043 3 20.62218 plmp4_2
73 0 109931 4 20.414295 plmp4_2
73 0 1087954 5 20.317469 plmp4_2
73 0 112600 6 19.890118 plmp4_2
73 0 109750 7 19.724886 plmp4_2
73 0 110540 8 19.717867 plmp4_2
73 0 112637 9 19.63828 plmp4_2
74 0 2804674 0 55.489555 plmp4_2
74 0 109284 1 51.769283 plmp4_2
74 0 107904 2 48.28238 plmp4_2
74 0 112774 3 47.431023 plmp4_2
74 0 2675749 4 44.464867 plmp4_2
74 0 127908 5 41.355915 plmp4_2
74 0 110798 6 40.778046 plmp4_2
74 0 104844 7 39.402557 plmp4_2
74 0 219511 8 39.10265 plmp4_2
74 0 219616 9 39.10265 plmp4_2
75 0 89410 0 61.280037 plmp4_2
75 0 96318 1 59.142895 plmp4_2
75 0 98058 2 59.132133 plmp4_2
75 0 89224 3 58.014633 plmp4_2
75 0 92916 4 56.973976 plmp4_2
75 0 110964 5 55.180546 plmp4_2
75 0 86533 6 54.72289 plmp4_2
75 0 91724 7 49.55792 plmp4_2
75 0 92470 8 49.245007 plmp4_2
75 0 89728 9 48.841026 plmp4_2
76 0 2679833 0 56.780163 plmp4_2
76 0 2680440 1 56.780163 plmp4_2
76 0 2670966 2 54.36633 plmp4_2
76 0 110964 3 51.08787 plmp4_2
76 0 145861 4 50.94977 plmp4_2
76 0 110779 5 49.24791 plmp4_2
76 0 145652 6 47.883747 plmp4_2
76 0 112428 7 47.530136 plmp4_2
76 0 150540 8 47.401363 plmp4_2
76 0 104992 9 47.2455 plmp4_2
77 0 145817 0 74.208466 plmp4_2
77 0 4151822 1 72.53979 plmp4_2
77 0 112726 2 72.278404 plmp4_2
77 0 134747 3 70.70042 plmp4_2
77 0 2812588 4 68.95165 plmp4_2
77 0 2770446 5 66.052956 plmp4_2
77 0 145647 6 65.20049 plmp4_2
77 0 1087693 7 64.1948 plmp4_2
77 0 111029 8 59.955597 plmp4_2
77 0 111455 9 59.082493 plmp4_2
78 0 2812588 0 27.72959 plmp4_2
78 0 145632 1 26.339495 plmp4_2
78 0 110045 2 25.057606 plmp4_2
78 0 112358 3 22.956646 plmp4_2
78 0 118022 4 22.301271 plmp4_2
78 0 109932 5 22.161777 plmp4_2
78 0 112139 6 21.645573 plmp4_2
78 0 903977 7 21.618395 plmp4_2
78 0 902767 8 21.618395 plmp4_2
78 0 799976 9 21.549753 plmp4_2
79 0 111009 0 100.89691 plmp4_2
79 0 118143 1 91.79628 plmp4_2
79 0 111470 2 90.014626 plmp4_2
79 0 110221 3 67.85372 plmp4_2
79 0 2680438 4 67.248695 plmp4_2
79 0 3171728 5 52.0179 plmp4_2
79 0 118513 6 49.940266 plmp4_2
79 0 110183 7 47.92502 plmp4_2
79 0 109626 8 44.55859 plmp4_2
79 0 218665 9 44.1571 plmp4_2
80 0 118143 0 82.75866 plmp4_2
80 0 111009 1 79.73196 plmp4_2
80 0 111470 2 78.939514 plmp4_2
80 0 626054 3 61.35069 plmp4_2
80 0 106328 4 60.43389 plmp4_2
80 0 109342 5 59.32293 plmp4_2
80 0 145859 6 58.85397 plmp4_2
80 0 2672210 7 56.371456 plmp4_2
80 0 2654755 8 56.371456 plmp4_2
80 0 110221 9 56.337162 plmp4_2
81 0 148484 0 56.531124 plmp4_2
81 0 112440 1 43.713898 plmp4_2
81 0 122253 2 36.97219 plmp4_2
81 0 117833 3 33.77581 plmp4_2
81 0 118445 4 32.235325 plmp4_2
81 0 799981 5 30.726448 plmp4_2
81 0 127900 6 27.592756 plmp4_2
81 0 145755 7 27.423792 plmp4_2
81 0 1726 8 27.297113 plmp4_2
81 0 799979 9 26.710667 plmp4_2
82 0 2803250 0 59.05555 plmp4_2
82 0 127900 1 55.667725 plmp4_2
82 0 118368 2 55.07134 plmp4_2
82 0 799981 3 52.90058 plmp4_2
82 0 1726 4 52.068935 plmp4_2
82 0 145865 5 51.636208 plmp4_2
82 0 118126 6 50.405758 plmp4_2
82 0 216735 7 49.837154 plmp4_2
82 0 216806 8 49.837154 plmp4_2
82 0 112292 9 39.19852 plmp4_2
83 0 145859 0 75.178925 plmp4_2
83 0 110289 1 53.412254 plmp4_2
83 0 112922 2 50.551277 plmp4_2
83 0 112368 3 49.982067 plmp4_2
83 0 109894 4 49.11347 plmp4_2
83 0 111333 5 46.446888 plmp4_2
83 0 137746 6 45.497963 plmp4_2
83 0 145870 7 44.553524 plmp4_2
83 0 111286 8 43.812183 plmp4_2
83 0 109038 9 42.69254 plmp4_2
84 0 145859 0 73.949265 plmp4_2
84 0 112922 1 58.938744 plmp4_2
84 0 107293 2 56.17047 plmp4_2
84 0 110289 3 53.820816 plmp4_2
84 0 800858 4 52.592934 plmp4_2
84 0 109894 5 50.190445 plmp4_2
84 0 109895 6 49.399933 plmp4_2
84 0 110681 7 48.647057 plmp4_2
84 0 111286 8 48.358326 plmp4_2
84 0 107980 9 47.060814 plmp4_2
85 0 2959737 0 84.66281 plmp4_2
85 0 802973 1 83.93848 plmp4_2
85 0 803271 2 83.93848 plmp4_2
85 0 3177199 3 66.0846 plmp4_2
85 0 3171724 4 65.9117 plmp4_2
85 0 3177200 5 65.9117 plmp4_2
85 0 150543 6 52.25293 plmp4_2
85 0 2959732 7 52.25293 plmp4_2
85 0 146553 8 52.109898 plmp4_2
85 0 146790 9 52.109898 plmp4_2
86 0 3205766 0 58.876453 plmp4_2
86 0 3171724 1 57.756577 plmp4_2
86 0 3177199 2 57.756577 plmp4_2
86 0 3177200 3 57.756577 plmp4_2
86 0 802973 4 44.03987 plmp4_2
86 0 803271 5 44.03987 plmp4_2
86 0 2959737 6 44.03987 plmp4_2
86 0 150543 7 42.72912 plmp4_2
86 0 2959732 8 42.72912 plmp4_2
86 0 146553 9 42.222237 plmp4_2
87 0 104480 0 24.605265 plmp4_2
87 0 1088038 1 22.259754 plmp4_2
87 0 106464 2 21.804604 plmp4_2
87 0 110760 3 21.609104 plmp4_2
87 0 110372 4 20.712967 plmp4_2
87 0 111446 5 20.410164 plmp4_2
87 0 112689 6 19.93535 plmp4_2
87 0 104998 7 19.837975 plmp4_2
87 0 136998 8 19.654814 plmp4_2
87 0 143378 9 19.579445 plmp4_2
88 0 182992 0 48.702137 plmp4_2
88 0 182991 1 47.320156 plmp4_2
88 0 145897 2 46.389015 plmp4_2
88 0 625832 3 45.611256 plmp4_2
88 0 626055 4 45.611256 plmp4_2
88 0 149653 5 42.96005 plmp4_2
88 0 2654277 6 40.789566 plmp4_2
88 0 1756 7 40.45796 plmp4_2
88 0 118339 8 40.20568 plmp4_2
88 0 213842 9 39.52167 plmp4_2
89 0 4151822 0 124.63305 plmp4_2
89 0 2770446 1 117.370766 plmp4_2
89 0 2812588 2 101.13337 plmp4_2
89 0 4162110 3 93.68375 plmp4_2
89 0 145817 4 65.196045 plmp4_2
89 0 145647 5 64.484985 plmp4_2
89 0 134747 6 63.806107 plmp4_2
89 0 4162111 7 58.19959 plmp4_2
89 0 145954 8 55.957447 plmp4_2
89 0 219509 9 46.549046 plmp4_2
90 0 2812588 0 92.6111 plmp4_2
90 0 4151822 1 85.48745 plmp4_2
90 0 145626 2 85.01119 plmp4_2
90 0 111913 3 76.98632 plmp4_2
90 0 2770446 4 75.20314 plmp4_2
90 0 118054 5 74.466965 plmp4_2
90 0 2620698 6 71.967026 plmp4_2
90 0 130150 7 71.81282 plmp4_2
90 0 626454 8 70.71825 plmp4_2
90 0 118420 9 69.110016 plmp4_2
91 0 3212514 0 161.19421 plmp4_2
91 0 1087959 1 66.924675 plmp4_2
91 0 110249 2 66.88168 plmp4_2
91 0 145785 3 65.73694 plmp4_2
91 0 145892 4 65.52748 plmp4_2
91 0 109857 5 64.936676 plmp4_2
91 0 118507 6 64.620865 plmp4_2
91 0 219097 7 60.629364 plmp4_2
91 0 145873 8 57.553944 plmp4_2
91 0 856791 9 56.795856 plmp4_2
92 0 3212514 0 157.3118 plmp4_2
92 0 110249 1 75.73132 plmp4_2
92 0 1087959 2 73.89247 plmp4_2
92 0 118507 3 70.54333 plmp4_2
92 0 109857 4 64.936676 plmp4_2
92 0 145892 5 61.541344 plmp4_2
92 0 219097 6 58.694786 plmp4_2
92 0 134732 7 55.106106 plmp4_2
92 0 145785 8 54.533123 plmp4_2
92 0 118328 9 54.36961 plmp4_2
93 0 118334 0 97.956535 plmp4_2
93 0 118107 1 96.69636 plmp4_2
93 0 130158 2 88.67484 plmp4_2
93 0 145901 3 86.30198 plmp4_2
93 0 112824 4 83.357735 plmp4_2
93 0 117874 5 82.53591 plmp4_2
93 0 118129 6 81.99594 plmp4_2
93 0 112905 7 80.38903 plmp4_2
93 0 110877 8 80.06128 plmp4_2
93 0 145627 9 75.98747 plmp4_2
94 0 931614 0 97.62526 plmp4_2
94 0 145901 1 85.196075 plmp4_2
94 0 2788983 2 83.57832 plmp4_2
94 0 118334 3 78.67335 plmp4_2
94 0 118129 4 78.11249 plmp4_2
94 0 117874 5 77.44851 plmp4_2
94 0 3195891 6 77.04279 plmp4_2
94 0 118107 7 75.66489 plmp4_2
94 0 4151827 8 75.19518 plmp4_2
94 0 112824 9 72.42582 plmp4_2
95 0 108555 0 54.283188 plmp4_2
95 0 105495 1 52.55436 plmp4_2
95 0 107232 2 49.272995 plmp4_2
95 0 106171 3 46.908585 plmp4_2
95 0 107475 4 42.79617 plmp4_2
95 0 106073 5 36.47368 plmp4_2
95 0 109444 6 35.74239 plmp4_2
95 0 103631 7 34.907387 plmp4_2
95 0 112750 8 34.613304 plmp4_2
95 0 101111 9 31.880009 plmp4_2
96 0 92705 0 48.283844 plmp4_2
96 0 96542 1 47.629395 plmp4_2
96 0 96341 2 47.488613 plmp4_2
96 0 92746 3 46.526897 plmp4_2
96 0 93739 4 46.077747 plmp4_2
96 0 93395 5 45.66529 plmp4_2
96 0 92672 6 45.37966 plmp4_2
96 0 103631 7 45.219814 plmp4_2
96 0 108555 8 45.194164 plmp4_2
96 0 96359 9 44.839836 plmp4_2
97 0 112101 0 69.55458 plmp4_2
97 0 111922 1 51.16282 plmp4_2
97 0 820748 2 32.28927 plmp4_2
97 0 146554 3 30.735643 plmp4_2
97 0 117959 4 30.211115 plmp4_2
97 0 2655597 5 29.409828 plmp4_2
97 0 2959743 6 28.400099 plmp4_2
97 0 858289 7 28.400099 plmp4_2
97 0 112574 8 26.792627 plmp4_2
97 0 112247 9 26.19689 plmp4_2
98 0 118467 0 21.393318 plmp4_2
98 0 134732 1 20.840046 plmp4_2
98 0 112092 2 19.30439 plmp4_2
98 0 2655591 3 18.604034 plmp4_2
98 0 108100 4 17.885538 plmp4_2
98 0 106593 5 17.632904 plmp4_2
98 0 2676593 6 17.523428 plmp4_2
98 0 110996 7 17.355019 plmp4_2
98 0 112398 8 16.922684 plmp4_2
98 0 118061 9 16.846859 plmp4_2
99 0 112267 0 68.4196 plmp4_2
99 0 111884 1 51.060593 plmp4_2
99 0 110552 2 42.052948 plmp4_2
99 0 118121 3 36.74274 plmp4_2
99 0 109976 4 35.2696 plmp4_2
99 0 145914 5 35.075813 plmp4_2
99 0 112723 6 34.138454 plmp4_2
99 0 110578 7 33.65742 plmp4_2
99 0 104759 8 31.976274 plmp4_2
99 0 109673 9 29.987562 plmp4_2
100 0 112267 0 82.455605 plmp4_2
100 0 111884 1 71.2599 plmp4_2
100 0 110552 2 65.381325 plmp4_2
100 0 108405 3 61.17895 plmp4_2
100 0 102906 4 58.51356 plmp4_2
100 0 112033 5 58.435364 plmp4_2
100 0 109673 6 57.78198 plmp4_2
100 0 110296 7 57.275837 plmp4_2
100 0 110578 8 55.87096 plmp4_2
100 0 111381 9 53.993153 plmp4_2
