1 0 112795 0 31.734673 plms6_4
1 0 111116 1 30.15201 plms6_4
1 0 219733 2 28.432978 plms6_4
1 0 220342 3 28.432978 plms6_4
1 0 219732 4 28.415163 plms6_4
1 0 2649076 5 28.394066 plms6_4
1 0 110370 6 27.939308 plms6_4
1 0 149702 7 27.04065 plms6_4
1 0 112924 8 26.740149 plms6_4
1 0 101572 9 26.2055 plms6_4
2 0 4170684 0 19.789675 plms6_4
2 0 2644673 1 17.363115 plms6_4
2 0 149006 2 16.894442 plms6_4
2 0 2678465 3 16.209848 plms6_4
2 0 104571 4 15.225156 plms6_4
2 0 145692 5 15.089967 plms6_4
2 0 150540 6 14.559301 plms6_4
2 0 112053 7 14.485464 plms6_4
2 0 112406 8 14.227621 plms6_4
2 0 104543 9 14.162613 plms6_4
3 0 3162143 0 46.924202 plms6_4
3 0 215496 1 46.116062 plms6_4
3 0 215694 2 46.116062 plms6_4
3 0 2959735 3 46.11502 plms6_4
3 0 118029 4 45.38986 plms6_4
3 0 112212 5 43.801777 plms6_4
3 0 145683 6 42.87147 plms6_4
3 0 118475 7 42.453842 plms6_4
3 0 130157 8 41.928776 plms6_4
3 0 149007 9 41.797623 plms6_4
4 0 215496 0 58.323944 plms6_4
4 0 215694 1 58.277016 plms6_4
4 0 2959735 2 58.274933 plms6_4
4 0 149007 3 57.049545 plms6_4
4 0 623142 4 47.495255 plms6_4
4 0 145890 5 45.293728 plms6_4
4 0 111920 6 43.98424 plms6_4
4 0 145821 7 43.677277 plms6_4
4 0 3162143 8 43.525784 plms6_4
4 0 118029 9 43.48892 plms6_4
5 0 183480 0 35.161404 plms6_4
5 0 111789 1 33.18587 plms6_4
5 0 110056 2 32.655655 plms6_4
5 0 118174 3 31.209415 plms6_4
5 0 108089 4 30.396646 plms6_4
5 0 2672209 5 30.241882 plms6_4
5 0 2657779 6 30.241882 plms6_4
5 0 108088 7 26.95694 plms6_4
5 0 117911 8 26.79534 plms6_4
5 0 118217 9 26.553205 plms6_4
6 0 117932 0 28.060896 plms6_4
6 0 2811844 1 26.493937 plms6_4
6 0 2959750 2 26.493937 plms6_4
6 0 110883 3 19.29857 plms6_4
6 0 108449 4 18.619713 plms6_4
6 0 109573 5 17.67798 plms6_4
6 0 105790 6 17.355091 plms6_4
6 0 100934 7 16.814106 plms6_4
6 0 2680591 8 16.71312 plms6_4
6 0 118174 9 16.480751 plms6_4
7 0 147531 0 32.585644 plms6_4
7 0 145715 1 31.159548 plms6_4
7 0 110932 2 30.75096 plms6_4
7 0 2672535 3 30.491608 plms6_4
7 0 3195892 4 29.135345 plms6_4
7 0 2655591 5 29.030703 plms6_4
7 0 214949 6 28.618265 plms6_4
7 0 215071 7 28.618265 plms6_4
7 0 134749 8 28.540997 plms6_4
7 0 217512 9 27.755524 plms6_4
8 0 145911 0 17.67008 plms6_4
8 0 146981 1 16.815907 plms6_4
8 0 182991 2 16.199852 plms6_4
8 0 2760668 3 15.620388 plms6_4
8 0 820904 4 15.098954 plms6_4
8 0 104034 5 15.044809 plms6_4
8 0 2670643 6 15.036736 plms6_4
8 0 2771248 7 14.975724 plms6_4
8 0 2812587 8 14.62014 plms6_4
8 0 2959748 9 14.62014 plms6_4
9 0 2675751 0 45.722565 plms6_4
9 0 112641 1 44.998962 plms6_4
9 0 118212 2 44.70282 plms6_4
9 0 109720 3 43.63886 plms6_4
9 0 110543 4 43.524467 plms6_4
9 0 118011 5 42.857 plms6_4
9 0 127923 6 41.93097 plms6_4
9 0 118318 7 41.401215 plms6_4
9 0 118423 8 40.018333 plms6_4
9 0 127887 9 40.012547 plms6_4
10 0 145715 0 40.146317 plms6_4
10 0 112931 1 38.930122 plms6_4
10 0 112423 2 38.110695 plms6_4
10 0 121163 3 36.40336 plms6_4
10 0 147531 4 35.8889 plms6_4
10 0 111500 5 35.881504 plms6_4
10 0 145713 6 34.798317 plms6_4
10 0 112094 7 34.688206 plms6_4
10 0 108763 8 34.500755 plms6_4
10 0 112291 9 34.48549 plms6_4
11 0 931123 0 26.59203 plms6_4
11 0 110800 1 24.0232 plms6_4
11 0 873668 2 23.367754 plms6_4
11 0 1747 3 23.299463 plms6_4
11 0 3187209 4 22.750614 plms6_4
11 0 2743678 5 22.73485 plms6_4
11 0 212830 6 22.497679 plms6_4
11 0 620560 7 22.330614 plms6_4
11 0 3183080 8 22.190107 plms6_4
11 0 1757 9 22.148859 plms6_4
12 0 2672535 0 33.688873 plms6_4
12 0 809121 1 24.244041 plms6_4
12 0 621195 2 22.698282 plms6_4
12 0 621270 3 22.698282 plms6_4
12 0 3153112 4 21.86096 plms6_4
12 0 109248 5 20.136301 plms6_4
12 0 3207860 6 19.9358 plms6_4
12 0 111537 7 19.444195 plms6_4
12 0 109096 8 18.910103 plms6_4
12 0 2680438 9 18.778994 plms6_4
13 0 2642828 0 50.36488 plms6_4
13 0 145967 1 48.59946 plms6_4
13 0 802973 2 48.295673 plms6_4
13 0 803271 3 48.295673 plms6_4
13 0 2959737 4 48.295673 plms6_4
13 0 4162111 5 44.06976 plms6_4
13 0 4106440 6 42.899517 plms6_4
13 0 2812588 7 42.60336 plms6_4
13 0 2959730 8 42.435493 plms6_4
13 0 614392 9 40.38347 plms6_4
14 0 614392 0 31.813038 plms6_4
14 0 614485 1 31.813038 plms6_4
14 0 124715 2 31.49138 plms6_4
14 0 145958 3 29.750023 plms6_4
14 0 2812588 4 29.413536 plms6_4
14 0 3199501 5 27.77562 plms6_4
14 0 145967 6 27.649164 plms6_4
14 0 4151817 7 25.215246 plms6_4
14 0 145632 8 24.437267 plms6_4
14 0 110496 9 24.407768 plms6_4
15 0 2812588 0 49.795227 plms6_4
15 0 4015951 1 43.775852 plms6_4
15 0 3207858 2 42.130123 plms6_4
15 0 4162111 3 42.061752 plms6_4
15 0 4106440 4 37.545853 plms6_4
15 0 3177196 5 37.398228 plms6_4
15 0 4151822 6 37.30905 plms6_4
15 0 3199501 7 37.14773 plms6_4
15 0 4151821 8 36.36489 plms6_4
15 0 4162534 9 33.7032 plms6_4
16 0 2812588 0 34.459095 plms6_4
16 0 2155 1 33.782642 plms6_4
16 0 4151822 2 33.710865 plms6_4
16 0 2770446 3 32.91633 plms6_4
16 0 2771249 4 29.38001 plms6_4
16 0 177420 5 25.906643 plms6_4
16 0 3203658 6 25.816372 plms6_4
16 0 2756231 7 25.508291 plms6_4
16 0 121146 8 25.33135 plms6_4
16 0 134747 9 24.087448 plms6_4
17 0 118125 0 21.52787 plms6_4
17 0 110593 1 21.480236 plms6_4
17 0 2672535 2 21.288935 plms6_4
17 0 111302 3 20.855978 plms6_4
17 0 109329 4 20.645378 plms6_4
17 0 117968 5 20.622541 plms6_4
17 0 131146 6 19.961077 plms6_4
17 0 110810 7 19.938557 plms6_4
17 0 117987 8 19.38844 plms6_4
17 0 117982 9 19.334332 plms6_4
18 0 148484 0 49.039993 plms6_4
18 0 110810 1 41.0132 plms6_4
18 0 112128 2 40.70998 plms6_4
18 0 112829 3 39.54423 plms6_4
18 0 112126 4 39.228004 plms6_4
18 0 110600 5 38.84826 plms6_4
18 0 620566 6 38.692745 plms6_4
18 0 145664 7 38.543133 plms6_4
18 0 105979 8 38.540905 plms6_4
18 0 108913 9 38.47765 plms6_4
19 0 106639 0 14.04064 plms6_4
19 0 109180 1 13.315598 plms6_4
19 0 99101 2 13.28942 plms6_4
19 0 97628 3 13.013905 plms6_4
19 0 105461 4 12.822233 plms6_4
19 0 117867 5 12.474153 plms6_4
19 0 104895 6 12.306963 plms6_4
19 0 111715 7 12.252885 plms6_4
19 0 94138 8 12.062451 plms6_4
19 0 111646 9 12.055135 plms6_4
20 0 118358 0 20.669592 plms6_4
20 0 118243 1 19.424242 plms6_4
20 0 866023 2 18.097124 plms6_4
20 0 111343 3 17.983463 plms6_4
20 0 106282 4 17.91386 plms6_4
20 0 147528 5 17.903763 plms6_4
20 0 626454 6 17.700031 plms6_4
20 0 118043 7 17.553219 plms6_4
20 0 105834 8 17.27607 plms6_4
20 0 112155 9 17.253695 plms6_4
21 0 2659300 0 29.592941 plms6_4
21 0 118371 1 26.816948 plms6_4
21 0 112799 2 26.232193 plms6_4
21 0 112777 3 26.0686 plms6_4
21 0 145925 4 24.672647 plms6_4
21 0 2795279 5 24.627655 plms6_4
21 0 112846 6 24.218597 plms6_4
21 0 867657 7 24.097271 plms6_4
21 0 118055 8 23.464216 plms6_4
21 0 118010 9 23.361694 plms6_4
22 0 109807 0 43.362877 plms6_4
22 0 111021 1 43.358116 plms6_4
22 0 117967 2 42.617744 plms6_4
22 0 111517 3 42.41359 plms6_4
22 0 145903 4 42.37601 plms6_4
22 0 112737 5 42.366474 plms6_4
22 0 145644 6 42.10668 plms6_4
22 0 112774 7 41.00582 plms6_4
22 0 117968 8 40.92482 plms6_4
22 0 118467 9 40.310013 plms6_4
23 0 112257 0 15.96849 plms6_4
23 0 4162535 1 14.901168 plms6_4
23 0 118449 2 14.08323 plms6_4
23 0 107645 3 13.366778 plms6_4
23 0 137736 4 12.970149 plms6_4
23 0 2810525 5 12.561378 plms6_4
23 0 2811847 6 12.561378 plms6_4
23 0 108393 7 12.513577 plms6_4
23 0 110391 8 12.444517 plms6_4
23 0 145738 9 12.313154 plms6_4
24 0 2804671 0 24.054039 plms6_4
24 0 182558 1 21.414377 plms6_4
24 0 802408 2 19.787603 plms6_4
24 0 616433 3 18.663288 plms6_4
24 0 2801435 4 17.49409 plms6_4
24 0 820895 5 17.099209 plms6_4
24 0 145635 6 16.676989 plms6_4
24 0 3217476 7 16.558762 plms6_4
24 0 625711 8 16.467678 plms6_4
24 0 2809766 9 16.455145 plms6_4
25 0 112345 0 27.840895 plms6_4
25 0 3211503 1 26.168756 plms6_4
25 0 112616 2 22.935278 plms6_4
25 0 108632 3 21.311579 plms6_4
25 0 118021 4 19.337255 plms6_4
25 0 108129 5 18.91679 plms6_4
25 0 109416 6 18.676865 plms6_4
25 0 101911 7 18.246586 plms6_4
25 0 104924 8 18.237385 plms6_4
25 0 107971 9 17.74994 plms6_4
26 0 145758 0 42.500355 plms6_4
26 0 117872 1 42.378452 plms6_4
26 0 118026 2 41.12569 plms6_4
26 0 112324 3 40.16057 plms6_4
26 0 112724 4 38.656666 plms6_4
26 0 112616 5 38.469646 plms6_4
26 0 112045 6 37.214485 plms6_4
26 0 127910 7 36.512894 plms6_4
26 0 118052 8 36.409286 plms6_4
26 0 111056 9 36.16203 plms6_4
27 0 4157382 0 36.89536 plms6_4
27 0 4157405 1 36.89536 plms6_4
27 0 111141 2 28.432915 plms6_4
27 0 112346 3 28.389158 plms6_4
27 0 110384 4 27.655807 plms6_4
27 0 112071 5 25.0841 plms6_4
27 0 110706 6 23.730906 plms6_4
27 0 110320 7 23.207134 plms6_4
27 0 118475 8 21.839058 plms6_4
27 0 620673 9 21.38251 plms6_4
28 0 4157382 0 47.686485 plms6_4
28 0 4157405 1 47.686485 plms6_4
28 0 112523 2 32.122025 plms6_4
28 0 112346 3 31.985842 plms6_4
28 0 217703 4 31.785719 plms6_4
28 0 107063 5 28.040602 plms6_4
28 0 112308 6 27.873793 plms6_4
28 0 101222 7 26.636524 plms6_4
28 0 108340 8 26.6137 plms6_4
28 0 106130 9 25.86173 plms6_4
29 0 112620 0 25.006174 plms6_4
29 0 111471 1 23.575998 plms6_4
29 0 4151826 2 22.88003 plms6_4
29 0 145632 3 22.709892 plms6_4
29 0 626206 4 22.47923 plms6_4
29 0 145726 5 22.237474 plms6_4
29 0 145843 6 22.177498 plms6_4
29 0 109622 7 21.938372 plms6_4
29 0 112065 8 21.937113 plms6_4
29 0 3195890 9 21.86967 plms6_4
30 0 145841 0 47.617172 plms6_4
30 0 205788 1 45.44441 plms6_4
30 0 218921 2 44.062115 plms6_4
30 0 145708 3 43.119244 plms6_4
30 0 118117 4 41.343285 plms6_4
30 0 145916 5 41.07588 plms6_4
30 0 145843 6 40.01195 plms6_4
30 0 137739 7 39.998363 plms6_4
30 0 118343 8 39.62163 plms6_4
30 0 112620 9 38.87097 plms6_4
31 0 145925 0 41.02785 plms6_4
31 0 3207859 1 39.20569 plms6_4
31 0 148797 2 39.160614 plms6_4
31 0 118412 3 36.056484 plms6_4
31 0 137003 4 34.939075 plms6_4
31 0 616433 5 34.80469 plms6_4
31 0 2811844 6 33.081547 plms6_4
31 0 2959750 7 33.081547 plms6_4
31 0 902771 8 32.94231 plms6_4
31 0 903985 9 32.94231 plms6_4
32 0 110561 0 17.605682 plms6_4
32 0 118458 1 17.232042 plms6_4
32 0 112329 2 16.645613 plms6_4
32 0 118139 3 16.510672 plms6_4
32 0 118499 4 16.436342 plms6_4
32 0 118321 5 16.372631 plms6_4
32 0 118023 6 16.368294 plms6_4
32 0 109450 7 16.36018 plms6_4
32 0 118303 8 16.06073 plms6_4
32 0 109505 9 16.00581 plms6_4
33 0 2809767 0 23.694696 plms6_4
33 0 2811850 1 23.694696 plms6_4
33 0 2676594 2 19.799839 plms6_4
33 0 2675753 3 19.52946 plms6_4
33 0 2679204 4 19.52946 plms6_4
33 0 112728 5 18.931618 plms6_4
33 0 118302 6 17.027452 plms6_4
33 0 108583 7 16.724352 plms6_4
33 0 111702 8 16.610428 plms6_4
33 0 112771 9 16.034565 plms6_4
34 0 2809767 0 71.55871 plms6_4
34 0 2811850 1 71.55871 plms6_4
34 0 2676594 2 65.94926 plms6_4
34 0 2675753 3 65.87128 plms6_4
34 0 2679204 4 65.87128 plms6_4
34 0 136994 5 38.98371 plms6_4
34 0 137727 6 35.158714 plms6_4
34 0 112325 7 33.20274 plms6_4
34 0 145870 8 32.259583 plms6_4
34 0 121158 9 30.929325 plms6_4
35 0 3205767 0 28.986101 plms6_4
35 0 932061 1 26.841448 plms6_4
35 0 118329 2 25.515318 plms6_4
35 0 821306 3 25.391005 plms6_4
35 0 3203656 4 24.759039 plms6_4
35 0 3206414 5 24.759039 plms6_4
35 0 213843 6 23.38802 plms6_4
35 0 214063 7 23.38802 plms6_4
35 0 214467 8 23.38802 plms6_4
35 0 112747 9 23.285538 plms6_4
36 0 112259 0 31.129364 plms6_4
36 0 213843 1 28.860785 plms6_4
36 0 214063 2 28.860785 plms6_4
36 0 214467 3 28.860785 plms6_4
36 0 112069 4 28.692122 plms6_4
36 0 131163 5 28.278791 plms6_4
36 0 118234 6 27.742931 plms6_4
36 0 109923 7 27.448841 plms6_4
36 0 110101 8 27.380363 plms6_4
36 0 110599 9 27.129673 plms6_4
37 0 4151829 0 31.931665 plms6_4
37 0 145731 1 29.051086 plms6_4
37 0 111982 2 27.958075 plms6_4
37 0 112910 3 27.819372 plms6_4
37 0 145855 4 26.418192 plms6_4
37 0 118269 5 26.09815 plms6_4
37 0 110742 6 24.877039 plms6_4
37 0 145629 7 23.86193 plms6_4
37 0 1993216 8 23.790808 plms6_4
37 0 110774 9 23.783659 plms6_4
38 0 118269 0 54.265263 plms6_4
38 0 1993216 1 53.00585 plms6_4
38 0 112910 2 50.987522 plms6_4
38 0 145731 3 49.663826 plms6_4
38 0 145855 4 47.709694 plms6_4
38 0 4151829 5 47.016193 plms6_4
38 0 112887 6 42.384342 plms6_4
38 0 112292 7 41.21268 plms6_4
38 0 111420 8 41.06357 plms6_4
38 0 145629 9 39.94785 plms6_4
39 0 2674861 0 20.236153 plms6_4
39 0 2675754 1 20.236153 plms6_4
39 0 112568 2 20.167526 plms6_4
39 0 105058 3 20.012493 plms6_4
39 0 111502 4 19.68103 plms6_4
39 0 98478 5 19.537994 plms6_4
39 0 111432 6 19.239523 plms6_4
39 0 112936 7 19.047516 plms6_4
39 0 102086 8 18.82224 plms6_4
39 0 112420 9 18.723919 plms6_4
40 0 145943 0 21.527348 plms6_4
40 0 931120 1 20.527018 plms6_4
40 0 2810526 2 16.867762 plms6_4
40 0 3171723 3 16.202322 plms6_4
40 0 2801430 4 16.149397 plms6_4
40 0 2769807 5 16.08696 plms6_4
40 0 212970 6 16.063953 plms6_4
40 0 112348 7 16.028315 plms6_4
40 0 2756232 8 15.918184 plms6_4
40 0 4161363 9 15.370662 plms6_4
41 0 112585 0 32.68661 plms6_4
41 0 109186 1 31.748707 plms6_4
41 0 110132 2 29.773716 plms6_4
41 0 111198 3 29.507675 plms6_4
41 0 110075 4 27.669764 plms6_4
41 0 112440 5 27.227592 plms6_4
41 0 111254 6 27.181818 plms6_4
41 0 111891 7 25.807745 plms6_4
41 0 112924 8 25.784502 plms6_4
41 0 2810525 9 25.083803 plms6_4
42 0 112924 0 32.393044 plms6_4
42 0 3189783 1 31.000885 plms6_4
42 0 3177199 2 30.92928 plms6_4
42 0 137003 3 30.870644 plms6_4
42 0 118131 4 30.508224 plms6_4
42 0 3171724 5 30.416965 plms6_4
42 0 3177200 6 30.416965 plms6_4
42 0 145632 7 30.122755 plms6_4
42 0 117864 8 30.025656 plms6_4
42 0 118299 9 29.219046 plms6_4
43 0 103735 0 14.1915455 plms6_4
43 0 112348 1 13.7904825 plms6_4
43 0 4154604 2 13.527428 plms6_4
43 0 111100 3 13.012497 plms6_4
43 0 118298 4 12.8897705 plms6_4
43 0 103366 5 12.409687 plms6_4
43 0 117899 6 12.332481 plms6_4
43 0 106707 7 12.143575 plms6_4
43 0 108846 8 11.958652 plms6_4
43 0 110519 9 11.944014 plms6_4
44 0 183480 0 16.364311 plms6_4
44 0 802408 1 15.0453005 plms6_4
44 0 109329 2 14.525344 plms6_4
44 0 1738 3 14.502729 plms6_4
44 0 2781925 4 14.16489 plms6_4
44 0 145674 5 13.722866 plms6_4
44 0 110162 6 13.630884 plms6_4
44 0 206090 7 13.341236 plms6_4
44 0 206187 8 13.341236 plms6_4
44 0 91444 9 13.293259 plms6_4
45 0 3181481 0 25.767006 plms6_4
45 0 118496 1 23.810688 plms6_4
45 0 117881 2 21.822222 plms6_4
45 0 112319 3 20.72761 plms6_4
45 0 130159 4 20.580091 plms6_4
45 0 127691 5 20.579014 plms6_4
45 0 112309 6 20.467533 plms6_4
45 0 111985 7 20.074217 plms6_4
45 0 110757 8 20.000553 plms6_4
45 0 111754 9 19.937021 plms6_4
46 0 2804673 0 34.70024 plms6_4
46 0 145772 1 31.553932 plms6_4
46 0 866024 2 30.575716 plms6_4
46 0 858802 3 30.575716 plms6_4
46 0 623145 4 27.874762 plms6_4
46 0 618680 5 27.651999 plms6_4
46 0 3204917 6 26.923355 plms6_4
46 0 1269289 7 26.352358 plms6_4
46 0 118453 8 25.384283 plms6_4
46 0 150542 9 24.87231 plms6_4
47 0 2674861 0 30.317247 plms6_4
47 0 2675754 1 30.317247 plms6_4
47 0 108545 2 25.824844 plms6_4
47 0 96287 3 24.379383 plms6_4
47 0 105417 4 23.715853 plms6_4
47 0 142882 5 23.327698 plms6_4
47 0 111362 6 22.957174 plms6_4
47 0 2518018 7 22.840038 plms6_4
47 0 118218 8 22.766119 plms6_4
47 0 121149 9 22.704168 plms6_4
48 0 2674861 0 25.218481 plms6_4
48 0 2675754 1 25.218481 plms6_4
48 0 103019 2 21.288828 plms6_4
48 0 112422 3 20.180449 plms6_4
48 0 96287 4 19.31878 plms6_4
48 0 108041 5 18.971933 plms6_4
48 0 107451 6 18.96198 plms6_4
48 0 94040 7 18.154001 plms6_4
48 0 96147 8 18.017977 plms6_4
48 0 103902 9 17.922195 plms6_4
49 0 4162535 0 25.517002 plms6_4
49 0 2672535 1 19.468317 plms6_4
49 0 101852 2 17.70577 plms6_4
49 0 95414 3 16.947655 plms6_4
49 0 95551 4 16.729595 plms6_4
49 0 87007 5 16.179987 plms6_4
49 0 90620 6 16.134945 plms6_4
49 0 90370 7 15.63717 plms6_4
49 0 93031 8 15.590835 plms6_4
49 0 145626 9 15.590138 plms6_4
50 0 118449 0 24.965908 plms6_4
50 0 112733 1 24.864697 plms6_4
50 0 118203 2 24.330193 plms6_4
50 0 109776 3 24.095314 plms6_4
50 0 111953 4 23.490078 plms6_4
50 0 112606 5 23.019672 plms6_4
50 0 110763 6 22.823872 plms6_4
50 0 112671 7 22.765251 plms6_4
50 0 183479 8 22.692661 plms6_4
50 0 117996 9 22.476711 plms6_4
51 0 103299 0 11.617933 plms6_4
51 0 97890 1 11.422649 plms6_4
51 0 109466 2 11.402526 plms6_4
51 0 103986 3 10.938844 plms6_4
51 0 106991 4 10.482994 plms6_4
51 0 101177 5 10.433678 plms6_4
51 0 109715 6 10.04537 plms6_4
51 0 183480 7 9.962406 plms6_4
51 0 96957 8 9.947334 plms6_4
51 0 107254 9 9.88153 plms6_4
52 0 90150 0 19.156357 plms6_4
52 0 112770 1 18.764526 plms6_4
52 0 91913 2 17.545977 plms6_4
52 0 85447 3 17.291092 plms6_4
52 0 90634 4 16.705322 plms6_4
52 0 107187 5 16.555878 plms6_4
52 0 90370 6 16.151686 plms6_4
52 0 85111 7 15.944949 plms6_4
52 0 85452 8 15.8318815 plms6_4
52 0 92777 9 15.596849 plms6_4
53 0 625711 0 31.67127 plms6_4
53 0 872994 1 28.248169 plms6_4
53 0 621045 2 26.864008 plms6_4
53 0 112573 3 26.259262 plms6_4
53 0 145635 4 25.174631 plms6_4
53 0 112126 5 24.534353 plms6_4
53 0 145628 6 24.485033 plms6_4
53 0 118357 7 24.4232 plms6_4
53 0 104615 8 24.37872 plms6_4
53 0 2655591 9 24.047537 plms6_4
54 0 616862 0 29.594713 plms6_4
54 0 145884 1 28.717983 plms6_4
54 0 216733 2 27.274952 plms6_4
54 0 2358 3 27.018509 plms6_4
54 0 931614 4 26.97042 plms6_4
54 0 1744 5 26.967531 plms6_4
54 0 931123 6 26.841057 plms6_4
54 0 2808291 7 26.763607 plms6_4
54 0 2809764 8 26.553236 plms6_4
54 0 205788 9 26.425636 plms6_4
55 0 4154603 0 71.923294 plms6_4
55 0 145731 1 53.44596 plms6_4
55 0 110774 2 45.77141 plms6_4
55 0 145855 3 44.782047 plms6_4
55 0 111261 4 44.77556 plms6_4
55 0 111420 5 42.524353 plms6_4
55 0 118269 6 38.440434 plms6_4
55 0 112910 7 37.412216 plms6_4
55 0 110021 8 32.796085 plms6_4
55 0 111982 9 31.815239 plms6_4
56 0 4154603 0 36.568317 plms6_4
56 0 145855 1 30.9815 plms6_4
56 0 2677564 2 27.945593 plms6_4
56 0 2678135 3 27.945593 plms6_4
56 0 145629 4 26.734682 plms6_4
56 0 2679558 5 26.156845 plms6_4
56 0 2959741 6 24.172724 plms6_4
56 0 931616 7 24.172724 plms6_4
56 0 145965 8 22.598 plms6_4
56 0 145731 9 22.345034 plms6_4
57 0 147953 0 9.5584135 plms6_4
57 0 148480 1 9.5584135 plms6_4
57 0 3209687 2 9.114741 plms6_4
57 0 145907 3 9.101161 plms6_4
57 0 799990 4 9.065226 plms6_4
57 0 145745 5 8.927701 plms6_4
57 0 145772 6 8.847823 plms6_4
57 0 117908 7 8.710756 plms6_4
57 0 149287 8 8.666624 plms6_4
57 0 2804673 9 8.6442375 plms6_4
58 0 118467 0 17.594736 plms6_4
58 0 821305 1 16.532663 plms6_4
58 0 118282 2 16.302313 plms6_4
58 0 112458 3 16.259977 plms6_4
58 0 2671725 4 16.078506 plms6_4
58 0 2672207 5 16.054407 plms6_4
58 0 106152 6 16.001875 plms6_4
58 0 2811845 7 15.940529 plms6_4
58 0 145703 8 15.91114 plms6_4
58 0 112085 9 15.816019 plms6_4
59 0 4170685 0 60.68865 plms6_4
59 0 2788983 1 60.678715 plms6_4
59 0 931614 2 55.769093 plms6_4
59 0 145627 3 54.638596 plms6_4
59 0 112824 4 54.291687 plms6_4
59 0 130158 5 54.107407 plms6_4
59 0 112905 6 53.60663 plms6_4
59 0 2672208 7 52.269108 plms6_4
59 0 2670794 8 52.269108 plms6_4
59 0 117968 9 52.027836 plms6_4
60 0 931614 0 48.610672 plms6_4
60 0 127905 1 44.25187 plms6_4
60 0 118257 2 44.196526 plms6_4
60 0 145856 3 42.91786 plms6_4
60 0 109810 4 42.54032 plms6_4
60 0 110510 5 41.440903 plms6_4
60 0 3195891 6 41.403187 plms6_4
60 0 118334 7 41.220867 plms6_4
60 0 118107 8 39.31336 plms6_4
60 0 130158 9 39.138233 plms6_4
61 0 2812210 0 57.91766 plms6_4
61 0 145743 1 55.639248 plms6_4
61 0 219815 2 55.091545 plms6_4
61 0 145923 3 52.82881 plms6_4
61 0 218457 4 49.297832 plms6_4
61 0 3195092 5 48.35708 plms6_4
61 0 1732 6 47.638733 plms6_4
61 0 1087955 7 43.47238 plms6_4
61 0 2620704 8 43.470512 plms6_4
61 0 218132 9 42.04583 plms6_4
62 0 117832 0 24.067068 plms6_4
62 0 219512 1 23.970343 plms6_4
62 0 110091 2 22.877079 plms6_4
62 0 802770 3 22.437284 plms6_4
62 0 148795 4 22.15262 plms6_4
62 0 205788 5 22.08622 plms6_4
62 0 2620703 6 22.057774 plms6_4
62 0 136995 7 21.915857 plms6_4
62 0 902771 8 21.83604 plms6_4
62 0 903985 9 21.83604 plms6_4
63 0 97274 0 9.496572 plms6_4
63 0 1095862 1 9.34216 plms6_4
63 0 106208 2 9.294259 plms6_4
63 0 97873 3 9.211398 plms6_4
63 0 1332352 4 9.143631 plms6_4
63 0 96019 5 9.137589 plms6_4
63 0 97779 6 9.115475 plms6_4
63 0 105496 7 9.102873 plms6_4
63 0 102072 8 9.084072 plms6_4
63 0 96350 9 8.933567 plms6_4
64 0 2758568 0 40.247715 plms6_4
64 0 145895 1 35.2078 plms6_4
64 0 110645 2 30.697124 plms6_4
64 0 102061 3 30.619198 plms6_4
64 0 111082 4 27.633738 plms6_4
64 0 109773 5 26.79063 plms6_4
64 0 93425 6 26.381828 plms6_4
64 0 111051 7 25.56466 plms6_4
64 0 98509 8 25.315746 plms6_4
64 0 150540 9 24.950535 plms6_4
65 0 118123 0 20.272612 plms6_4
65 0 111285 1 11.1830015 plms6_4
65 0 96649 2 10.808198 plms6_4
65 0 105303 3 10.712917 plms6_4
65 0 108951 4 10.505323 plms6_4
65 0 618680 5 10.497487 plms6_4
65 0 112677 6 10.467164 plms6_4
65 0 112165 7 10.31084 plms6_4
65 0 112935 8 10.282473 plms6_4
65 0 145867 9 10.245073 plms6_4
66 0 3211501 0 39.425053 plms6_4
66 0 145867 1 37.670315 plms6_4
66 0 111632 2 35.411163 plms6_4
66 0 112935 3 27.851496 plms6_4
66 0 112106 4 26.682747 plms6_4
66 0 112547 5 26.56803 plms6_4
66 0 118495 6 23.989006 plms6_4
66 0 111803 7 22.177126 plms6_4
66 0 110251 8 22.032238 plms6_4
66 0 121170 9 21.89721 plms6_4
67 0 867645 0 20.31898 plms6_4
67 0 145800 1 17.112862 plms6_4
67 0 2959738 2 16.738764 plms6_4
67 0 145635 3 16.302908 plms6_4
67 0 103093 4 16.174446 plms6_4
67 0 112081 5 16.065004 plms6_4
67 0 112891 6 15.570008 plms6_4
67 0 88797 7 15.338638 plms6_4
67 0 102083 8 15.209131 plms6_4
67 0 110330 9 14.995088 plms6_4
68 0 103675 0 32.3373 plms6_4
68 0 106483 1 25.485868 plms6_4
68 0 106930 2 24.30842 plms6_4
68 0 93847 3 24.116255 plms6_4
68 0 100945 4 24.035301 plms6_4
68 0 103093 5 23.597775 plms6_4
68 0 105646 6 23.541174 plms6_4
68 0 145800 7 23.479536 plms6_4
68 0 2455531 8 23.206936 plms6_4
68 0 99167 9 23.206936 plms6_4
69 0 799975 0 25.944063 plms6_4
69 0 112719 1 25.661852 plms6_4
69 0 117927 2 25.378523 plms6_4
69 0 118363 3 25.011341 plms6_4
69 0 111438 4 24.860498 plms6_4
69 0 145642 5 24.858015 plms6_4
69 0 109510 6 24.599228 plms6_4
69 0 112881 7 24.4321 plms6_4
69 0 109420 8 24.386433 plms6_4
69 0 799995 9 24.292278 plms6_4
70 0 111709 0 36.839123 plms6_4
70 0 118111 1 36.17915 plms6_4
70 0 112534 2 34.136692 plms6_4
70 0 118080 3 32.11478 plms6_4
70 0 117961 4 31.793879 plms6_4
70 0 1087961 5 30.761068 plms6_4
70 0 117859 6 30.483479 plms6_4
70 0 117927 7 29.938513 plms6_4
70 0 118317 8 29.546904 plms6_4
70 0 118379 9 28.928629 plms6_4
71 0 118052 0 31.56685 plms6_4
71 0 112904 1 31.228933 plms6_4
71 0 110331 2 30.39642 plms6_4
71 0 118234 3 29.680573 plms6_4
71 0 111103 4 28.915085 plms6_4
71 0 112324 5 26.030361 plms6_4
71 0 118005 6 25.967524 plms6_4
71 0 112914 7 25.2051 plms6_4
71 0 108303 8 24.78598 plms6_4
71 0 88325 9 24.666222 plms6_4
72 0 112904 0 23.562086 plms6_4
72 0 108624 1 23.419752 plms6_4
72 0 118052 2 23.046066 plms6_4
72 0 3189783 3 21.932657 plms6_4
72 0 117979 4 21.658686 plms6_4
72 0 112914 5 21.59685 plms6_4
72 0 118234 6 21.364607 plms6_4
72 0 88166 7 20.981018 plms6_4
72 0 112797 8 20.906796 plms6_4
72 0 103775 9 20.87533 plms6_4
73 0 2804674 0 31.871845 plms6_4
73 0 1087954 1 31.230425 plms6_4
73 0 145624 2 31.212246 plms6_4
73 0 118043 3 29.778116 plms6_4
73 0 111425 4 28.610909 plms6_4
73 0 145638 5 27.173698 plms6_4
73 0 118162 6 26.4382 plms6_4
73 0 109931 7 25.312647 plms6_4
73 0 110692 8 25.173668 plms6_4
73 0 112637 9 24.565998 plms6_4
74 0 2804674 0 25.734838 plms6_4
74 0 112774 1 24.669373 plms6_4
74 0 108616 2 24.08581 plms6_4
74 0 110398 3 23.60294 plms6_4
74 0 218667 4 23.352608 plms6_4
74 0 103459 5 23.301498 plms6_4
74 0 110798 6 23.176012 plms6_4
74 0 219734 7 23.092 plms6_4
74 0 3183079 8 22.947542 plms6_4
74 0 127908 9 22.479214 plms6_4
75 0 110779 0 39.107014 plms6_4
75 0 2771752 1 38.37957 plms6_4
75 0 110415 2 38.233807 plms6_4
75 0 2677565 3 38.149338 plms6_4
75 0 106428 4 37.920834 plms6_4
75 0 111557 5 37.39986 plms6_4
75 0 111291 6 37.069775 plms6_4
75 0 108372 7 36.941143 plms6_4
75 0 103342 8 36.85206 plms6_4
75 0 118226 9 36.319042 plms6_4
76 0 1740 0 30.721703 plms6_4
76 0 108900 1 29.488731 plms6_4
76 0 111508 2 28.509506 plms6_4
76 0 145799 3 27.869194 plms6_4
76 0 145652 4 27.797321 plms6_4
76 0 2679833 5 27.691929 plms6_4
76 0 2680440 6 27.691929 plms6_4
76 0 118390 7 26.37921 plms6_4
76 0 150540 8 26.104082 plms6_4
76 0 111945 9 26.017525 plms6_4
77 0 104355 0 28.68425 plms6_4
77 0 111455 1 27.323997 plms6_4
77 0 112626 2 26.915617 plms6_4
77 0 111610 3 26.532549 plms6_4
77 0 112726 4 26.201239 plms6_4
77 0 97242 5 25.808023 plms6_4
77 0 112646 6 24.836128 plms6_4
77 0 95933 7 24.68588 plms6_4
77 0 108605 8 24.663992 plms6_4
77 0 109535 9 24.582932 plms6_4
78 0 2812588 0 39.233402 plms6_4
78 0 616862 1 35.141567 plms6_4
78 0 117968 2 35.091812 plms6_4
78 0 118022 3 34.927982 plms6_4
78 0 799976 4 34.4172 plms6_4
78 0 111702 5 33.993748 plms6_4
78 0 112358 6 33.951504 plms6_4
78 0 145632 7 33.60192 plms6_4
78 0 111092 8 33.163216 plms6_4
78 0 118037 9 32.873352 plms6_4
79 0 111009 0 51.245193 plms6_4
79 0 118143 1 46.345467 plms6_4
79 0 111470 2 43.362907 plms6_4
79 0 2680438 3 37.440968 plms6_4
79 0 110221 4 30.31423 plms6_4
79 0 3171728 5 27.901585 plms6_4
79 0 218665 6 22.777586 plms6_4
79 0 903979 7 22.582998 plms6_4
79 0 902768 8 22.582998 plms6_4
79 0 145932 9 22.213528 plms6_4
80 0 150541 0 20.10302 plms6_4
80 0 118368 1 18.65255 plms6_4
80 0 102890 2 18.413923 plms6_4
80 0 108900 3 18.326057 plms6_4
80 0 91407 4 18.233915 plms6_4
80 0 98551 5 18.080608 plms6_4
80 0 90313 6 17.924562 plms6_4
80 0 86820 7 17.807678 plms6_4
80 0 3203659 8 17.71636 plms6_4
80 0 90356 9 17.643427 plms6_4
81 0 111914 0 15.503244 plms6_4
81 0 799991 1 15.28922 plms6_4
81 0 112260 2 15.286448 plms6_4
81 0 802791 3 14.851167 plms6_4
81 0 118373 4 14.650396 plms6_4
81 0 4157383 5 14.550271 plms6_4
81 0 110404 6 14.171337 plms6_4
81 0 148484 7 14.121266 plms6_4
81 0 118045 8 14.106674 plms6_4
81 0 111418 9 14.037574 plms6_4
82 0 88165 0 18.124926 plms6_4
82 0 2773182 1 17.948713 plms6_4
82 0 112869 2 17.752295 plms6_4
82 0 821305 3 17.71661 plms6_4
82 0 104132 4 17.672775 plms6_4
82 0 4168363 5 17.645044 plms6_4
82 0 105931 6 17.257208 plms6_4
82 0 111106 7 17.248236 plms6_4
82 0 117837 8 17.057146 plms6_4
82 0 85588 9 16.999655 plms6_4
83 0 145859 0 56.583164 plms6_4
83 0 111333 1 39.8049 plms6_4
83 0 111151 2 39.7588 plms6_4
83 0 111194 3 39.63494 plms6_4
83 0 111246 4 38.442886 plms6_4
83 0 111664 5 37.973846 plms6_4
83 0 111663 6 37.06833 plms6_4
83 0 111103 7 37.01243 plms6_4
83 0 820896 8 36.600334 plms6_4
83 0 112372 9 36.46468 plms6_4
84 0 145859 0 53.502422 plms6_4
84 0 111151 1 50.34769 plms6_4
84 0 111664 2 48.675148 plms6_4
84 0 110361 3 47.55136 plms6_4
84 0 108164 4 47.313244 plms6_4
84 0 112922 5 47.104095 plms6_4
84 0 800858 6 46.46754 plms6_4
84 0 107293 7 46.191856 plms6_4
84 0 109200 8 45.90887 plms6_4
84 0 110731 9 45.847427 plms6_4
85 0 802973 0 38.53239 plms6_4
85 0 803271 1 38.53239 plms6_4
85 0 2959737 2 38.53239 plms6_4
85 0 218925 3 35.78599 plms6_4
85 0 112240 4 32.8647 plms6_4
85 0 137749 5 31.824533 plms6_4
85 0 108530 6 31.006563 plms6_4
85 0 111586 7 29.75609 plms6_4
85 0 219734 8 28.95349 plms6_4
85 0 150543 9 28.863111 plms6_4
86 0 3171724 0 38.584766 plms6_4
86 0 3177199 1 38.584766 plms6_4
86 0 3177200 2 38.584766 plms6_4
86 0 3205766 3 32.927567 plms6_4
86 0 3195092 4 32.713932 plms6_4
86 0 802973 5 28.096975 plms6_4
86 0 803271 6 28.096975 plms6_4
86 0 2959737 7 28.096975 plms6_4
86 0 3171728 8 27.086544 plms6_4
86 0 3170730 9 26.36718 plms6_4
87 0 1088038 0 27.64913 plms6_4
87 0 104480 1 24.405548 plms6_4
87 0 145818 2 23.665464 plms6_4
87 0 111446 3 22.482914 plms6_4
87 0 136998 4 22.223293 plms6_4
87 0 105721 5 22.091772 plms6_4
87 0 143378 6 22.053669 plms6_4
87 0 106464 7 21.769556 plms6_4
87 0 118109 8 21.697126 plms6_4
87 0 111905 9 21.619102 plms6_4
88 0 625833 0 22.886505 plms6_4
88 0 145122 1 21.624077 plms6_4
88 0 111170 2 21.06851 plms6_4
88 0 181012 3 20.900904 plms6_4
88 0 143378 4 20.676794 plms6_4
88 0 625711 5 20.565575 plms6_4
88 0 145839 6 20.47761 plms6_4
88 0 131143 7 20.30824 plms6_4
88 0 182992 8 20.143454 plms6_4
88 0 130159 9 19.979548 plms6_4
89 0 4151822 0 107.67069 plms6_4
89 0 2812588 1 92.49957 plms6_4
89 0 4162110 2 82.69185 plms6_4
89 0 2770446 3 81.40363 plms6_4
89 0 145954 4 52.173874 plms6_4
89 0 145817 5 51.520107 plms6_4
89 0 4106440 6 50.034477 plms6_4
89 0 145647 7 45.293217 plms6_4
89 0 180494 8 44.818363 plms6_4
89 0 134747 9 42.945354 plms6_4
90 0 145626 0 16.285892 plms6_4
90 0 109643 1 15.945585 plms6_4
90 0 109921 2 15.717604 plms6_4
90 0 118054 3 15.477296 plms6_4
90 0 118420 4 15.103817 plms6_4
90 0 109079 5 15.091624 plms6_4
90 0 2620698 6 14.775936 plms6_4
90 0 92716 7 14.620355 plms6_4
90 0 109080 8 14.610188 plms6_4
90 0 109776 9 14.487585 plms6_4
91 0 3212514 0 51.164635 plms6_4
91 0 219097 1 37.495544 plms6_4
91 0 145892 2 34.371597 plms6_4
91 0 145785 3 33.918625 plms6_4
91 0 856791 4 33.620758 plms6_4
91 0 1087959 5 33.38348 plms6_4
91 0 110032 6 32.747124 plms6_4
91 0 109043 7 31.15093 plms6_4
91 0 624280 8 30.950657 plms6_4
91 0 118507 9 30.572912 plms6_4
92 0 3212514 0 21.702602 plms6_4
92 0 2675751 1 17.357231 plms6_4
92 0 111828 2 16.494692 plms6_4
92 0 99392 3 16.062918 plms6_4
92 0 112241 4 15.832492 plms6_4
92 0 98779 5 15.374642 plms6_4
92 0 109818 6 15.368522 plms6_4
92 0 118454 7 15.3425455 plms6_4
92 0 118105 8 15.336985 plms6_4
92 0 98116 9 15.233637 plms6_4
93 0 110877 0 74.863594 plms6_4
93 0 130158 1 72.258286 plms6_4
93 0 118334 2 68.89601 plms6_4
93 0 118107 3 67.96999 plms6_4
93 0 110200 4 66.91633 plms6_4
93 0 4151827 5 63.05768 plms6_4
93 0 109610 6 62.68538 plms6_4
93 0 112905 7 62.131397 plms6_4
93 0 110248 8 59.28886 plms6_4
93 0 2788983 9 59.165756 plms6_4
94 0 931614 0 81.935875 plms6_4
94 0 3195891 1 68.529816 plms6_4
94 0 4151827 2 68.02327 plms6_4
94 0 2788983 3 62.944405 plms6_4
94 0 145901 4 53.782684 plms6_4
94 0 2743641 5 52.392426 plms6_4
94 0 2959756 6 52.392426 plms6_4
94 0 111736 7 48.03044 plms6_4
94 0 130158 8 47.60453 plms6_4
94 0 2743678 9 45.96025 plms6_4
95 0 107232 0 27.65589 plms6_4
95 0 108555 1 25.952425 plms6_4
95 0 105495 2 25.787796 plms6_4
95 0 107794 3 21.31313 plms6_4
95 0 107475 4 20.712864 plms6_4
95 0 109444 5 19.459976 plms6_4
95 0 112765 6 19.442263 plms6_4
95 0 111385 7 19.395311 plms6_4
95 0 101863 8 19.226004 plms6_4
95 0 108161 9 19.041471 plms6_4
96 0 91505 0 14.513922 plms6_4
96 0 104330 1 14.500528 plms6_4
96 0 108330 2 14.441683 plms6_4
96 0 2650505 3 14.308059 plms6_4
96 0 91961 4 14.272933 plms6_4
96 0 89763 5 14.052608 plms6_4
96 0 104523 6 13.9822235 plms6_4
96 0 86280 7 13.948533 plms6_4
96 0 91215 8 13.856528 plms6_4
96 0 108711 9 13.794442 plms6_4
97 0 112101 0 29.7747 plms6_4
97 0 111922 1 26.935478 plms6_4
97 0 136993 2 20.800062 plms6_4
97 0 118379 3 19.724579 plms6_4
97 0 2806208 4 18.781507 plms6_4
97 0 2808294 5 18.781507 plms6_4
97 0 145822 6 17.62827 plms6_4
97 0 2959744 7 16.600855 plms6_4
97 0 855518 8 16.600855 plms6_4
97 0 3213873 9 16.084017 plms6_4
98 0 2655591 0 23.246698 plms6_4
98 0 2676593 1 21.659231 plms6_4
98 0 145822 2 21.13505 plms6_4
98 0 103809 3 20.996264 plms6_4
98 0 112574 4 20.970587 plms6_4
98 0 110156 5 20.894592 plms6_4
98 0 112434 6 20.805204 plms6_4
98 0 106593 7 20.72077 plms6_4
98 0 108783 8 20.39683 plms6_4
98 0 3181481 9 20.350304 plms6_4
99 0 112267 0 49.767815 plms6_4
99 0 111884 1 35.224586 plms6_4
99 0 110552 2 33.87693 plms6_4
99 0 118121 3 29.171171 plms6_4
99 0 109976 4 28.735792 plms6_4
99 0 104759 5 26.1253 plms6_4
99 0 110578 6 25.431784 plms6_4
99 0 109673 7 25.229532 plms6_4
99 0 145914 8 24.369762 plms6_4
99 0 112723 9 22.154676 plms6_4
100 0 112267 0 57.78466 plms6_4
100 0 110552 1 54.60409 plms6_4
100 0 111884 2 44.305412 plms6_4
100 0 102906 3 43.28087 plms6_4
100 0 102981 4 40.45036 plms6_4
100 0 104883 5 38.99989 plms6_4
100 0 100701 6 38.52879 plms6_4
100 0 91843 7 38.50098 plms6_4
100 0 108405 8 38.352066 plms6_4
100 0 101394 9 37.841885 plms6_4
