1 0 112795 0 36.89979 plms8_10
1 0 111116 1 35.214745 plms8_10
1 0 112924 2 34.750286 plms8_10
1 0 219732 3 33.949905 plms8_10
1 0 106879 4 33.311935 plms8_10
1 0 2649076 5 32.688213 plms8_10
1 0 149702 6 32.629017 plms8_10
1 0 112202 7 31.70894 plms8_10
1 0 106393 8 31.401608 plms8_10
1 0 219733 9 31.009926 plms8_10
2 0 205315 0 16.763786 plms8_10
2 0 2790213 1 16.239292 plms8_10
2 0 205203 2 15.897364 plms8_10
2 0 145872 3 15.601816 plms8_10
2 0 623240 4 15.483979 plms8_10
2 0 1744 5 15.192063 plms8_10
2 0 145870 6 15.106622 plms8_10
2 0 145221 7 15.001299 plms8_10
2 0 2959733 8 15.001299 plms8_10
2 0 217515 9 14.874383 plms8_10
3 0 118029 0 47.694263 plms8_10
3 0 3162143 1 47.053772 plms8_10
3 0 215496 2 46.310204 plms8_10
3 0 215694 3 46.310204 plms8_10
3 0 2959735 4 46.309162 plms8_10
3 0 112212 5 45.9246 plms8_10
3 0 112584 6 44.72274 plms8_10
3 0 111091 7 44.60913 plms8_10
3 0 118475 8 44.565357 plms8_10
3 0 145821 9 44.409924 plms8_10
4 0 215496 0 58.155476 plms8_10
4 0 215694 1 58.155476 plms8_10
4 0 2959735 2 58.153393 plms8_10
4 0 149007 3 58.03004 plms8_10
4 0 107492 4 52.56085 plms8_10
4 0 149288 5 52.175163 plms8_10
4 0 145890 6 51.312874 plms8_10
4 0 145821 7 51.162785 plms8_10
4 0 78783 8 49.80656 plms8_10
4 0 111091 9 49.589928 plms8_10
5 0 183480 0 38.21838 plms8_10
5 0 110056 1 37.30304 plms8_10
5 0 108089 2 37.038357 plms8_10
5 0 111789 3 35.156036 plms8_10
5 0 118174 4 34.48474 plms8_10
5 0 118217 5 34.14567 plms8_10
5 0 117911 6 33.82592 plms8_10
5 0 1087604 7 32.926796 plms8_10
5 0 104150 8 31.411617 plms8_10
5 0 107872 9 31.077904 plms8_10
6 0 2811844 0 28.354185 plms8_10
6 0 2959750 1 28.354185 plms8_10
6 0 117932 2 24.35816 plms8_10
6 0 110883 3 22.840822 plms8_10
6 0 105790 4 22.186697 plms8_10
6 0 106257 5 21.189817 plms8_10
6 0 112931 6 20.463015 plms8_10
6 0 110048 7 20.017994 plms8_10
6 0 626208 8 19.626463 plms8_10
6 0 1743 9 19.064054 plms8_10
7 0 145715 0 37.139137 plms8_10
7 0 2655591 1 36.151894 plms8_10
7 0 134749 2 35.488052 plms8_10
7 0 110932 3 35.165173 plms8_10
7 0 147531 4 35.125484 plms8_10
7 0 2678467 5 35.091293 plms8_10
7 0 2679202 6 35.091293 plms8_10
7 0 2959746 7 35.091293 plms8_10
7 0 217512 8 34.92426 plms8_10
7 0 145713 9 34.689 plms8_10
8 0 146981 0 20.31033 plms8_10
8 0 112634 1 20.105736 plms8_10
8 0 2771248 2 19.589167 plms8_10
8 0 145911 3 19.576578 plms8_10
8 0 145738 4 19.442066 plms8_10
8 0 85421 5 19.169939 plms8_10
8 0 2760668 6 19.080822 plms8_10
8 0 205606 7 19.066158 plms8_10
8 0 2959736 8 19.066158 plms8_10
8 0 3153112 9 18.741558 plms8_10
9 0 118212 0 65.15324 plms8_10
9 0 111694 1 64.7826 plms8_10
9 0 2675751 2 63.951588 plms8_10
9 0 118011 3 63.656757 plms8_10
9 0 109720 4 63.357132 plms8_10
9 0 112641 5 62.547443 plms8_10
9 0 111191 6 62.053974 plms8_10
9 0 127923 7 61.933796 plms8_10
9 0 110543 8 61.057697 plms8_10
9 0 118423 9 59.832737 plms8_10
10 0 112931 0 46.416153 plms8_10
10 0 145715 1 43.66456 plms8_10
10 0 112423 2 43.533104 plms8_10
10 0 112094 3 42.978336 plms8_10
10 0 145713 4 42.27105 plms8_10
10 0 111500 5 41.81263 plms8_10
10 0 112291 6 41.36799 plms8_10
10 0 147531 7 41.26519 plms8_10
10 0 118511 8 40.932384 plms8_10
10 0 214949 9 40.913208 plms8_10
11 0 1747 0 29.86193 plms8_10
11 0 145960 1 28.79944 plms8_10
11 0 107553 2 28.746984 plms8_10
11 0 3187209 3 28.200462 plms8_10
11 0 110800 4 27.944157 plms8_10
11 0 873668 5 27.588945 plms8_10
11 0 2809767 6 27.051346 plms8_10
11 0 2811850 7 27.051346 plms8_10
11 0 108270 8 27.002302 plms8_10
11 0 616357 9 26.870228 plms8_10
12 0 2672535 0 34.78015 plms8_10
12 0 3153112 1 25.68247 plms8_10
12 0 809121 2 24.694267 plms8_10
12 0 621195 3 23.43397 plms8_10
12 0 621270 4 23.43397 plms8_10
12 0 2154 5 22.708435 plms8_10
12 0 2680438 6 22.637035 plms8_10
12 0 4151830 7 21.4351 plms8_10
12 0 110954 8 21.325178 plms8_10
12 0 4154603 9 21.221397 plms8_10
13 0 2642828 0 61.56606 plms8_10
13 0 802973 1 60.449703 plms8_10
13 0 803271 2 60.449703 plms8_10
13 0 2959737 3 60.449703 plms8_10
13 0 2812588 4 54.995815 plms8_10
13 0 145967 5 54.73414 plms8_10
13 0 802770 6 54.602173 plms8_10
13 0 614392 7 54.208153 plms8_10
13 0 614485 8 54.208153 plms8_10
13 0 2959730 9 52.283394 plms8_10
14 0 2812588 0 36.394497 plms8_10
14 0 145958 1 36.076256 plms8_10
14 0 3199501 2 33.964157 plms8_10
14 0 124715 3 33.513466 plms8_10
14 0 614392 4 32.846783 plms8_10
14 0 614485 5 32.846783 plms8_10
14 0 145632 6 32.391827 plms8_10
14 0 145965 7 32.367107 plms8_10
14 0 110496 8 31.79866 plms8_10
14 0 112316 9 31.518515 plms8_10
15 0 2812588 0 55.649815 plms8_10
15 0 4162111 1 45.6111 plms8_10
15 0 4015951 2 43.775852 plms8_10
15 0 3207858 3 42.130123 plms8_10
15 0 4151822 4 41.8387 plms8_10
15 0 3199501 5 40.20059 plms8_10
15 0 4106440 6 39.47539 plms8_10
15 0 3177196 7 37.398228 plms8_10
15 0 2806207 8 36.845478 plms8_10
15 0 4151821 9 36.36489 plms8_10
16 0 2812588 0 42.505928 plms8_10
16 0 2155 1 39.24465 plms8_10
16 0 4151822 2 36.914642 plms8_10
16 0 145817 3 36.416107 plms8_10
16 0 1921234 4 36.1641 plms8_10
16 0 2152 5 36.040264 plms8_10
16 0 145966 6 34.95733 plms8_10
16 0 121146 7 34.92186 plms8_10
16 0 134747 8 34.39772 plms8_10
16 0 2770446 9 34.127113 plms8_10
17 0 145119 0 23.596512 plms8_10
17 0 111429 1 22.854658 plms8_10
17 0 111302 2 22.627485 plms8_10
17 0 111122 3 22.500397 plms8_10
17 0 118230 4 22.423624 plms8_10
17 0 110810 5 22.211699 plms8_10
17 0 217512 6 22.17956 plms8_10
17 0 131156 7 22.153387 plms8_10
17 0 112076 8 22.145315 plms8_10
17 0 117968 9 21.876606 plms8_10
18 0 145664 0 55.51061 plms8_10
18 0 111545 1 51.482956 plms8_10
18 0 110600 2 51.260376 plms8_10
18 0 112490 3 51.23914 plms8_10
18 0 112620 4 51.0542 plms8_10
18 0 111304 5 50.928017 plms8_10
18 0 110265 6 50.62871 plms8_10
18 0 110810 7 50.574852 plms8_10
18 0 112573 8 50.443356 plms8_10
18 0 112829 9 50.374725 plms8_10
19 0 99101 0 16.68697 plms8_10
19 0 104474 1 15.605298 plms8_10
19 0 88563 2 15.046457 plms8_10
19 0 97519 3 14.909442 plms8_10
19 0 110883 4 14.740534 plms8_10
19 0 92882 5 14.646459 plms8_10
19 0 91403 6 14.325605 plms8_10
19 0 103133 7 14.121498 plms8_10
19 0 93255 8 13.988852 plms8_10
19 0 88428 9 13.941772 plms8_10
20 0 118243 0 24.980879 plms8_10
20 0 118358 1 24.319017 plms8_10
20 0 106282 2 22.817307 plms8_10
20 0 118043 3 22.449316 plms8_10
20 0 866023 4 22.35101 plms8_10
20 0 626454 5 21.994099 plms8_10
20 0 111343 6 21.70719 plms8_10
20 0 108538 7 21.613163 plms8_10
20 0 107413 8 21.598461 plms8_10
20 0 626447 9 21.368835 plms8_10
21 0 2659300 0 36.59339 plms8_10
21 0 118371 1 35.620018 plms8_10
21 0 145925 2 33.04937 plms8_10
21 0 112777 3 32.493763 plms8_10
21 0 117890 4 32.19143 plms8_10
21 0 867657 5 32.17439 plms8_10
21 0 112846 6 31.79631 plms8_10
21 0 2795279 7 30.96366 plms8_10
21 0 111858 8 30.603333 plms8_10
21 0 121159 9 30.133432 plms8_10
22 0 111021 0 74.47152 plms8_10
22 0 145644 1 68.83795 plms8_10
22 0 111517 2 68.73896 plms8_10
22 0 873660 3 66.91289 plms8_10
22 0 112880 4 64.49976 plms8_10
22 0 118416 5 64.19654 plms8_10
22 0 109807 6 63.267487 plms8_10
22 0 112124 7 62.308453 plms8_10
22 0 117898 8 62.122887 plms8_10
22 0 109565 9 62.06168 plms8_10
23 0 112257 0 17.70632 plms8_10
23 0 4162535 1 15.787176 plms8_10
23 0 118449 2 15.650007 plms8_10
23 0 107645 3 14.856577 plms8_10
23 0 137736 4 14.167079 plms8_10
23 0 2810525 5 14.038816 plms8_10
23 0 2811847 6 14.038816 plms8_10
23 0 108393 7 13.945167 plms8_10
23 0 110391 8 13.928424 plms8_10
23 0 145738 9 13.58107 plms8_10
24 0 112693 0 22.327667 plms8_10
24 0 112257 1 22.258242 plms8_10
24 0 2804671 2 22.00071 plms8_10
24 0 118044 3 21.909393 plms8_10
24 0 118449 4 21.818506 plms8_10
24 0 137736 5 21.617172 plms8_10
24 0 2801435 6 21.413359 plms8_10
24 0 111318 7 21.37262 plms8_10
24 0 112107 8 21.077183 plms8_10
24 0 2654754 9 20.932446 plms8_10
25 0 112345 0 33.12734 plms8_10
25 0 3211503 1 31.319511 plms8_10
25 0 112616 2 28.768925 plms8_10
25 0 118021 3 25.734901 plms8_10
25 0 108632 4 24.784847 plms8_10
25 0 107971 5 23.520567 plms8_10
25 0 101911 6 23.087734 plms8_10
25 0 109416 7 22.571123 plms8_10
25 0 134732 8 22.15174 plms8_10
25 0 108129 9 21.902836 plms8_10
26 0 118026 0 48.241516 plms8_10
26 0 112324 1 47.42337 plms8_10
26 0 145758 2 47.392002 plms8_10
26 0 117872 3 46.57346 plms8_10
26 0 112045 4 45.638493 plms8_10
26 0 112616 5 45.36723 plms8_10
26 0 127910 6 44.602295 plms8_10
26 0 111056 7 43.730602 plms8_10
26 0 112724 8 43.529522 plms8_10
26 0 118052 9 42.852352 plms8_10
27 0 4157405 0 32.545166 plms8_10
27 0 4157382 1 32.542995 plms8_10
27 0 110320 2 30.353092 plms8_10
27 0 118475 3 28.823778 plms8_10
27 0 110706 4 28.419199 plms8_10
27 0 110384 5 27.953764 plms8_10
27 0 110291 6 27.56702 plms8_10
27 0 112071 7 27.47323 plms8_10
27 0 109704 8 26.884764 plms8_10
27 0 112346 9 26.863354 plms8_10
28 0 4157382 0 62.116756 plms8_10
28 0 4157405 1 62.116756 plms8_10
28 0 112346 2 51.417744 plms8_10
28 0 111141 3 46.373077 plms8_10
28 0 112523 4 45.89311 plms8_10
28 0 217703 5 43.426205 plms8_10
28 0 107063 6 39.766476 plms8_10
28 0 112308 7 39.109497 plms8_10
28 0 110384 8 37.290905 plms8_10
28 0 2679557 9 36.435734 plms8_10
29 0 4151826 0 26.67299 plms8_10
29 0 205788 1 26.470284 plms8_10
29 0 112620 2 26.394426 plms8_10
29 0 145632 3 26.172392 plms8_10
29 0 626206 4 26.001934 plms8_10
29 0 118073 5 25.891401 plms8_10
29 0 109922 6 25.877283 plms8_10
29 0 111471 7 25.539959 plms8_10
29 0 109622 8 25.532076 plms8_10
29 0 111797 9 25.410177 plms8_10
30 0 218921 0 48.63008 plms8_10
30 0 205788 1 48.099762 plms8_10
30 0 145708 2 47.493668 plms8_10
30 0 145841 3 46.498154 plms8_10
30 0 137739 4 46.351624 plms8_10
30 0 118117 5 44.442528 plms8_10
30 0 145843 6 43.96413 plms8_10
30 0 145761 7 43.248547 plms8_10
30 0 112704 8 43.063328 plms8_10
30 0 112620 9 42.432484 plms8_10
31 0 148797 0 40.935627 plms8_10
31 0 136995 1 37.614803 plms8_10
31 0 145925 2 36.997448 plms8_10
31 0 118412 3 36.610397 plms8_10
31 0 2672535 4 36.11039 plms8_10
31 0 121165 5 35.434063 plms8_10
31 0 802770 6 34.87548 plms8_10
31 0 146984 7 34.682755 plms8_10
31 0 118424 8 34.55739 plms8_10
31 0 902771 9 34.48073 plms8_10
32 0 110561 0 22.19035 plms8_10
32 0 118458 1 21.884792 plms8_10
32 0 130162 2 21.085274 plms8_10
32 0 109450 3 20.875875 plms8_10
32 0 118023 4 20.676964 plms8_10
32 0 118369 5 20.57656 plms8_10
32 0 118455 6 20.432186 plms8_10
32 0 118139 7 20.165722 plms8_10
32 0 118499 8 20.08975 plms8_10
32 0 112329 9 20.074574 plms8_10
33 0 2809767 0 29.515787 plms8_10
33 0 2811850 1 29.515787 plms8_10
33 0 2676594 2 24.013157 plms8_10
33 0 2675753 3 23.597866 plms8_10
33 0 2679204 4 23.597866 plms8_10
33 0 112728 5 23.038456 plms8_10
33 0 118302 6 21.94404 plms8_10
33 0 110667 7 21.478046 plms8_10
33 0 110382 8 21.44699 plms8_10
33 0 108583 9 21.062368 plms8_10
34 0 2676594 0 84.1001 plms8_10
34 0 2675753 1 82.89103 plms8_10
34 0 2679204 2 82.89103 plms8_10
34 0 2809767 3 74.23618 plms8_10
34 0 2811850 4 74.23618 plms8_10
34 0 136994 5 42.316128 plms8_10
34 0 121158 6 42.003983 plms8_10
34 0 137727 7 41.89049 plms8_10
34 0 112325 8 39.482914 plms8_10
34 0 112359 9 33.21567 plms8_10
35 0 932061 0 29.449158 plms8_10
35 0 3205767 1 27.79109 plms8_10
35 0 118329 2 27.725533 plms8_10
35 0 109586 3 27.691603 plms8_10
35 0 149005 4 27.429722 plms8_10
35 0 868381 5 26.85352 plms8_10
35 0 148484 6 26.568424 plms8_10
35 0 3214778 7 26.214062 plms8_10
35 0 145782 8 25.772095 plms8_10
35 0 112132 9 25.412556 plms8_10
36 0 109703 0 41.767895 plms8_10
36 0 112069 1 40.688213 plms8_10
36 0 213843 2 38.339764 plms8_10
36 0 214063 3 38.339764 plms8_10
36 0 214467 4 38.339764 plms8_10
36 0 109923 5 38.106434 plms8_10
36 0 112681 6 37.632362 plms8_10
36 0 145658 7 37.04739 plms8_10
36 0 112324 8 36.79594 plms8_10
36 0 110599 9 36.39132 plms8_10
37 0 145731 0 39.86018 plms8_10
37 0 112910 1 39.20017 plms8_10
37 0 4151829 2 36.973988 plms8_10
37 0 111982 3 36.600487 plms8_10
37 0 118269 4 36.412693 plms8_10
37 0 110774 5 35.362465 plms8_10
37 0 110742 6 35.16007 plms8_10
37 0 1993216 7 33.831963 plms8_10
37 0 111264 8 33.577934 plms8_10
37 0 111420 9 33.499485 plms8_10
38 0 118269 0 64.937706 plms8_10
38 0 1993216 1 59.93592 plms8_10
38 0 145731 2 57.084377 plms8_10
38 0 112910 3 56.719414 plms8_10
38 0 4151829 4 55.89496 plms8_10
38 0 145855 5 54.906548 plms8_10
38 0 112887 6 52.898586 plms8_10
38 0 112292 7 51.780132 plms8_10
38 0 145629 8 51.289196 plms8_10
38 0 111264 9 49.626797 plms8_10
39 0 2674861 0 23.712774 plms8_10
39 0 2675754 1 23.712774 plms8_10
39 0 112568 2 23.08041 plms8_10
39 0 111432 3 22.904316 plms8_10
39 0 102086 4 22.393219 plms8_10
39 0 1731 5 22.32253 plms8_10
39 0 112936 6 22.2676 plms8_10
39 0 118182 7 21.97937 plms8_10
39 0 111502 8 21.729628 plms8_10
39 0 105058 9 21.512768 plms8_10
40 0 3171723 0 20.286533 plms8_10
40 0 149007 1 20.173334 plms8_10
40 0 2769807 2 20.08701 plms8_10
40 0 945737 3 19.437471 plms8_10
40 0 932059 4 19.437471 plms8_10
40 0 2810526 5 19.400915 plms8_10
40 0 146981 6 19.323645 plms8_10
40 0 4161363 7 18.981974 plms8_10
40 0 145909 8 18.759226 plms8_10
40 0 145943 9 18.751728 plms8_10
41 0 112585 0 33.805485 plms8_10
41 0 109186 1 33.075367 plms8_10
41 0 111891 2 32.648884 plms8_10
41 0 110132 3 31.656698 plms8_10
41 0 111198 4 31.077652 plms8_10
41 0 110230 5 30.629631 plms8_10
41 0 110075 6 29.951515 plms8_10
41 0 111254 7 29.84898 plms8_10
41 0 112440 8 29.67736 plms8_10
41 0 112924 9 28.164227 plms8_10
42 0 118374 0 43.08768 plms8_10
42 0 3189783 1 41.229378 plms8_10
42 0 112924 2 41.10861 plms8_10
42 0 112810 3 40.98175 plms8_10
42 0 118131 4 40.46457 plms8_10
42 0 108480 5 40.167004 plms8_10
42 0 111250 6 40.1101 plms8_10
42 0 111851 7 39.965744 plms8_10
42 0 112900 8 39.963154 plms8_10
42 0 110302 9 39.77082 plms8_10
43 0 103735 0 18.74569 plms8_10
43 0 106883 1 18.230907 plms8_10
43 0 109529 2 17.036251 plms8_10
43 0 94717 3 16.934292 plms8_10
43 0 145873 4 16.89035 plms8_10
43 0 93137 5 16.503458 plms8_10
43 0 112305 6 16.478115 plms8_10
43 0 100926 7 16.457912 plms8_10
43 0 118066 8 16.381105 plms8_10
43 0 106057 9 16.284613 plms8_10
44 0 183480 0 22.993345 plms8_10
44 0 802408 1 21.897587 plms8_10
44 0 2781925 2 21.275211 plms8_10
44 0 109329 3 20.983154 plms8_10
44 0 110162 4 20.653997 plms8_10
44 0 118269 5 20.276165 plms8_10
44 0 118282 6 20.169523 plms8_10
44 0 3203624 7 20.094435 plms8_10
44 0 3213871 8 20.077887 plms8_10
44 0 145674 9 19.916296 plms8_10
45 0 106592 0 21.010971 plms8_10
45 0 108025 1 20.610174 plms8_10
45 0 104281 2 20.513983 plms8_10
45 0 2677564 3 20.344814 plms8_10
45 0 2678135 4 20.344814 plms8_10
45 0 144101 5 19.960186 plms8_10
45 0 800568 6 19.908434 plms8_10
45 0 118334 7 19.190662 plms8_10
45 0 145693 8 19.177658 plms8_10
45 0 117987 9 19.100227 plms8_10
46 0 2804673 0 38.954884 plms8_10
46 0 145772 1 36.42426 plms8_10
46 0 866024 2 34.163376 plms8_10
46 0 858802 3 34.163376 plms8_10
46 0 623145 4 31.623749 plms8_10
46 0 618680 5 31.469444 plms8_10
46 0 3204917 6 30.726341 plms8_10
46 0 1269289 7 30.363329 plms8_10
46 0 137725 8 29.36999 plms8_10
46 0 118452 9 28.840565 plms8_10
47 0 2674861 0 35.74419 plms8_10
47 0 2675754 1 35.74419 plms8_10
47 0 108545 2 31.350864 plms8_10
47 0 105417 3 28.907322 plms8_10
47 0 142882 4 28.815504 plms8_10
47 0 121149 5 28.689737 plms8_10
47 0 111362 6 28.516964 plms8_10
47 0 118218 7 28.130035 plms8_10
47 0 96147 8 28.002132 plms8_10
47 0 96287 9 27.967728 plms8_10
48 0 2674861 0 30.37344 plms8_10
48 0 2675754 1 30.37344 plms8_10
48 0 103019 2 26.442518 plms8_10
48 0 96287 3 25.168036 plms8_10
48 0 108041 4 25.060982 plms8_10
48 0 94040 5 24.861948 plms8_10
48 0 112422 6 24.635166 plms8_10
48 0 104644 7 24.309402 plms8_10
48 0 95291 8 24.110508 plms8_10
48 0 111362 9 23.371155 plms8_10
49 0 2672535 0 23.433662 plms8_10
49 0 4162535 1 22.85585 plms8_10
49 0 98032 2 19.450045 plms8_10
49 0 1087667 3 18.712854 plms8_10
49 0 93031 4 18.141874 plms8_10
49 0 112671 5 17.932325 plms8_10
49 0 145626 6 17.74415 plms8_10
49 0 117950 7 17.347866 plms8_10
49 0 86691 8 17.082697 plms8_10
49 0 145738 9 16.785753 plms8_10
50 0 110162 0 25.42769 plms8_10
50 0 112733 1 25.127504 plms8_10
50 0 109776 2 25.005812 plms8_10
50 0 118449 3 24.7216 plms8_10
50 0 118203 4 24.400518 plms8_10
50 0 112198 5 23.462294 plms8_10
50 0 110763 6 23.346943 plms8_10
50 0 117950 7 23.295341 plms8_10
50 0 145911 8 23.204239 plms8_10
50 0 111954 9 23.162697 plms8_10
51 0 145849 0 11.670228 plms8_10
51 0 109715 1 11.654159 plms8_10
51 0 1741 2 11.2986965 plms8_10
51 0 112867 3 11.160378 plms8_10
51 0 107587 4 11.034416 plms8_10
51 0 127913 5 11.026271 plms8_10
51 0 107254 6 10.93933 plms8_10
51 0 145791 7 10.796401 plms8_10
51 0 109466 8 10.776106 plms8_10
51 0 2808293 9 10.769122 plms8_10
52 0 112770 0 28.944551 plms8_10
52 0 111908 1 27.204964 plms8_10
52 0 107187 2 26.031185 plms8_10
52 0 137750 3 25.208763 plms8_10
52 0 91913 4 24.540747 plms8_10
52 0 90370 5 24.237446 plms8_10
52 0 118076 6 24.145521 plms8_10
52 0 112217 7 23.205196 plms8_10
52 0 110974 8 22.788885 plms8_10
52 0 90135 9 22.77959 plms8_10
53 0 625711 0 33.319435 plms8_10
53 0 112573 1 32.826714 plms8_10
53 0 104615 2 30.478378 plms8_10
53 0 112728 3 30.386381 plms8_10
53 0 104837 4 30.266077 plms8_10
53 0 112206 5 30.14223 plms8_10
53 0 811778 6 30.136883 plms8_10
53 0 621045 7 29.603632 plms8_10
53 0 1754 8 29.556189 plms8_10
53 0 872994 9 29.43731 plms8_10
54 0 205788 0 37.34022 plms8_10
54 0 145632 1 37.301548 plms8_10
54 0 145884 2 36.349148 plms8_10
54 0 216733 3 36.105907 plms8_10
54 0 931614 4 36.031822 plms8_10
54 0 2358 5 35.97683 plms8_10
54 0 616862 6 35.69622 plms8_10
54 0 145807 7 35.245125 plms8_10
54 0 145626 8 35.06708 plms8_10
54 0 1744 9 34.59574 plms8_10
55 0 4154603 0 77.07748 plms8_10
55 0 145731 1 62.80425 plms8_10
55 0 111261 2 57.00847 plms8_10
55 0 110774 3 56.10732 plms8_10
55 0 145855 4 50.34169 plms8_10
55 0 118269 5 48.942192 plms8_10
55 0 111420 6 48.664234 plms8_10
55 0 112910 7 48.51769 plms8_10
55 0 110021 8 42.846424 plms8_10
55 0 111982 9 39.033638 plms8_10
56 0 4154603 0 32.82874 plms8_10
56 0 145855 1 29.90719 plms8_10
56 0 145629 2 28.292131 plms8_10
56 0 107743 3 26.990086 plms8_10
56 0 110021 4 26.398998 plms8_10
56 0 118269 5 25.465887 plms8_10
56 0 108548 6 25.325823 plms8_10
56 0 109215 7 25.062544 plms8_10
56 0 108115 8 24.685358 plms8_10
56 0 110736 9 24.605286 plms8_10
57 0 145907 0 11.489927 plms8_10
57 0 145745 1 11.393122 plms8_10
57 0 147953 2 11.254984 plms8_10
57 0 148480 3 11.254984 plms8_10
57 0 2804673 4 11.093848 plms8_10
57 0 110355 5 11.078581 plms8_10
57 0 145772 6 10.920686 plms8_10
57 0 112802 7 10.793517 plms8_10
57 0 3209687 8 10.760067 plms8_10
57 0 799986 9 10.597248 plms8_10
58 0 118467 0 22.116714 plms8_10
58 0 821305 1 22.007328 plms8_10
58 0 118282 2 21.232262 plms8_10
58 0 104617 3 21.075338 plms8_10
58 0 105233 4 20.965313 plms8_10
58 0 145804 5 20.799181 plms8_10
58 0 2811845 6 20.72489 plms8_10
58 0 117867 7 20.666025 plms8_10
58 0 111055 8 20.588928 plms8_10
58 0 112077 9 20.512085 plms8_10
59 0 2788983 0 57.60332 plms8_10
59 0 4170685 1 53.09208 plms8_10
59 0 112824 2 52.3346 plms8_10
59 0 145627 3 52.04721 plms8_10
59 0 130158 4 50.155254 plms8_10
59 0 117968 5 48.594135 plms8_10
59 0 219735 6 48.5182 plms8_10
59 0 931614 7 48.075493 plms8_10
59 0 3195891 8 48.004948 plms8_10
59 0 112905 9 47.51604 plms8_10
60 0 931614 0 49.587666 plms8_10
60 0 127905 1 46.956196 plms8_10
60 0 118257 2 45.337284 plms8_10
60 0 109810 3 43.85164 plms8_10
60 0 110510 4 43.843323 plms8_10
60 0 145856 5 43.35175 plms8_10
60 0 3195891 6 43.084095 plms8_10
60 0 118334 7 42.74956 plms8_10
60 0 109949 8 40.0102 plms8_10
60 0 109706 9 39.655575 plms8_10
61 0 145923 0 65.60263 plms8_10
61 0 145743 1 61.25786 plms8_10
61 0 1732 2 59.66268 plms8_10
61 0 2812210 3 57.92222 plms8_10
61 0 219815 4 56.511402 plms8_10
61 0 218457 5 56.109768 plms8_10
61 0 218132 6 52.07945 plms8_10
61 0 3195092 7 50.0713 plms8_10
61 0 179213 8 49.95324 plms8_10
61 0 1087955 9 49.776585 plms8_10
62 0 2620703 0 30.554317 plms8_10
62 0 117832 1 29.93019 plms8_10
62 0 118188 2 29.668982 plms8_10
62 0 205788 3 29.01399 plms8_10
62 0 118381 4 28.599886 plms8_10
62 0 148795 5 28.596388 plms8_10
62 0 1742 6 28.341808 plms8_10
62 0 802770 7 27.96463 plms8_10
62 0 2676594 8 27.810505 plms8_10
62 0 137739 9 27.73714 plms8_10
63 0 97274 0 12.278889 plms8_10
63 0 97779 1 12.177547 plms8_10
63 0 106208 2 12.094651 plms8_10
63 0 96019 3 11.970431 plms8_10
63 0 1332352 4 11.934937 plms8_10
63 0 1095862 5 11.876561 plms8_10
63 0 102072 6 11.762625 plms8_10
63 0 105496 7 11.759068 plms8_10
63 0 96350 8 11.753965 plms8_10
63 0 97873 9 11.656462 plms8_10
64 0 2758568 0 48.10679 plms8_10
64 0 145895 1 41.207462 plms8_10
64 0 110645 2 36.818844 plms8_10
64 0 102061 3 35.3054 plms8_10
64 0 109773 4 33.30445 plms8_10
64 0 110542 5 31.893013 plms8_10
64 0 111082 6 31.60614 plms8_10
64 0 111051 7 31.4854 plms8_10
64 0 98509 8 31.401447 plms8_10
64 0 93425 9 31.175716 plms8_10
65 0 118123 0 19.936766 plms8_10
65 0 112016 1 13.848384 plms8_10
65 0 145867 2 13.819095 plms8_10
65 0 122242 3 12.958261 plms8_10
65 0 112677 4 12.818937 plms8_10
65 0 112935 5 12.752501 plms8_10
65 0 111838 6 12.659659 plms8_10
65 0 4151825 7 12.653099 plms8_10
65 0 145667 8 12.498623 plms8_10
65 0 2808291 9 12.437293 plms8_10
66 0 3211501 0 48.43989 plms8_10
66 0 145867 1 44.866142 plms8_10
66 0 111632 2 43.507683 plms8_10
66 0 112935 3 35.537533 plms8_10
66 0 112106 4 34.718384 plms8_10
66 0 112547 5 33.38853 plms8_10
66 0 121170 6 31.874811 plms8_10
66 0 110251 7 29.923122 plms8_10
66 0 218667 8 29.848204 plms8_10
66 0 110645 9 29.6355 plms8_10
67 0 867645 0 25.188845 plms8_10
67 0 145800 1 22.796272 plms8_10
67 0 103093 2 22.022053 plms8_10
67 0 145635 3 21.362312 plms8_10
67 0 104194 4 20.74923 plms8_10
67 0 110753 5 20.699461 plms8_10
67 0 88797 6 20.617092 plms8_10
67 0 102083 7 20.522928 plms8_10
67 0 110330 8 20.40128 plms8_10
67 0 2959738 9 20.398172 plms8_10
68 0 103675 0 41.793175 plms8_10
68 0 100945 1 39.587425 plms8_10
68 0 99167 2 37.12184 plms8_10
68 0 2455531 3 37.10053 plms8_10
68 0 103093 4 36.950863 plms8_10
68 0 106930 5 36.320076 plms8_10
68 0 97584 6 36.098286 plms8_10
68 0 103020 7 35.554874 plms8_10
68 0 94177 8 35.468594 plms8_10
68 0 89835 9 35.067818 plms8_10
69 0 111438 0 29.274984 plms8_10
69 0 112719 1 28.34953 plms8_10
69 0 118363 2 28.218859 plms8_10
69 0 112881 3 28.078032 plms8_10
69 0 130160 4 27.803541 plms8_10
69 0 109016 5 27.772905 plms8_10
69 0 118400 6 27.696161 plms8_10
69 0 134745 7 27.673141 plms8_10
69 0 109510 8 27.591513 plms8_10
69 0 799995 9 27.402393 plms8_10
70 0 111709 0 42.249153 plms8_10
70 0 118111 1 41.934536 plms8_10
70 0 112534 2 40.04335 plms8_10
70 0 118080 3 37.354183 plms8_10
70 0 1087961 4 35.872265 plms8_10
70 0 117961 5 35.861267 plms8_10
70 0 117927 6 35.81219 plms8_10
70 0 117859 7 35.600048 plms8_10
70 0 118317 8 35.2338 plms8_10
70 0 118379 9 34.640694 plms8_10
71 0 112904 0 38.46586 plms8_10
71 0 118052 1 38.42044 plms8_10
71 0 118234 2 36.150295 plms8_10
71 0 110331 3 34.835358 plms8_10
71 0 112914 4 32.904354 plms8_10
71 0 118005 5 32.537052 plms8_10
71 0 117979 6 32.356915 plms8_10
71 0 111103 7 32.21839 plms8_10
71 0 112324 8 31.072493 plms8_10
71 0 108303 9 30.716524 plms8_10
72 0 117979 0 28.395035 plms8_10
72 0 112311 1 26.711918 plms8_10
72 0 112772 2 25.984167 plms8_10
72 0 2654533 3 25.674772 plms8_10
72 0 2654756 4 25.674772 plms8_10
72 0 110936 5 25.206924 plms8_10
72 0 112310 6 24.69701 plms8_10
72 0 112195 7 24.601284 plms8_10
72 0 118005 8 24.320963 plms8_10
72 0 145781 9 23.980453 plms8_10
73 0 2804674 0 32.60986 plms8_10
73 0 145624 1 31.186424 plms8_10
73 0 1087954 2 30.312428 plms8_10
73 0 111425 3 30.097458 plms8_10
73 0 868383 4 28.764887 plms8_10
73 0 110692 5 28.657244 plms8_10
73 0 118043 6 28.447327 plms8_10
73 0 145638 7 27.37279 plms8_10
73 0 118162 8 26.97109 plms8_10
73 0 2679833 9 26.486925 plms8_10
74 0 145909 0 31.282408 plms8_10
74 0 218667 1 30.30651 plms8_10
74 0 2675749 2 29.759329 plms8_10
74 0 2144 3 28.24237 plms8_10
74 0 219105 4 28.152819 plms8_10
74 0 219511 5 27.440891 plms8_10
74 0 219616 6 27.440891 plms8_10
74 0 3197746 7 26.731424 plms8_10
74 0 2804674 8 25.869047 plms8_10
74 0 3183079 9 25.851322 plms8_10
75 0 110779 0 54.57594 plms8_10
75 0 118226 1 53.805244 plms8_10
75 0 108196 2 53.65521 plms8_10
75 0 2672210 3 53.45117 plms8_10
75 0 2654755 4 53.45117 plms8_10
75 0 110415 5 51.350697 plms8_10
75 0 110964 6 50.947987 plms8_10
75 0 112347 7 50.8067 plms8_10
75 0 109899 8 50.668545 plms8_10
75 0 106659 9 50.643448 plms8_10
76 0 1740 0 41.006004 plms8_10
76 0 111945 1 39.631626 plms8_10
76 0 145799 2 38.33018 plms8_10
76 0 118390 3 37.936085 plms8_10
76 0 104727 4 37.025883 plms8_10
76 0 3214778 5 36.954113 plms8_10
76 0 2679833 6 36.939053 plms8_10
76 0 2680440 7 36.939053 plms8_10
76 0 145968 8 35.826176 plms8_10
76 0 111508 9 35.353203 plms8_10
77 0 104355 0 28.407675 plms8_10
77 0 111455 1 26.767225 plms8_10
77 0 112626 2 26.513786 plms8_10
77 0 111610 3 26.416845 plms8_10
77 0 97242 4 25.532673 plms8_10
77 0 112646 5 25.202488 plms8_10
77 0 95933 6 24.979065 plms8_10
77 0 110223 7 24.335964 plms8_10
77 0 109535 8 24.066692 plms8_10
77 0 112693 9 23.847015 plms8_10
78 0 112358 0 52.03832 plms8_10
78 0 799976 1 51.071407 plms8_10
78 0 117836 2 50.892452 plms8_10
78 0 2812588 3 50.51331 plms8_10
78 0 145632 4 50.130108 plms8_10
78 0 112601 5 50.05657 plms8_10
78 0 118022 6 49.889145 plms8_10
78 0 112485 7 48.87342 plms8_10
78 0 117968 8 48.19228 plms8_10
78 0 118196 9 48.068382 plms8_10
79 0 2680438 0 47.3088 plms8_10
79 0 3171728 1 42.49511 plms8_10
79 0 118143 2 42.369274 plms8_10
79 0 111009 3 42.050045 plms8_10
79 0 110221 4 34.874435 plms8_10
79 0 903979 5 34.250877 plms8_10
79 0 902768 6 34.250877 plms8_10
79 0 218665 7 32.72133 plms8_10
79 0 118375 8 32.385574 plms8_10
79 0 111470 9 32.11715 plms8_10
80 0 108900 0 35.82199 plms8_10
80 0 2679833 1 33.05438 plms8_10
80 0 2680440 2 33.05438 plms8_10
80 0 4106441 3 32.228683 plms8_10
80 0 112738 4 31.816946 plms8_10
80 0 98551 5 31.067053 plms8_10
80 0 142889 6 30.587221 plms8_10
80 0 118513 7 30.536474 plms8_10
80 0 3189783 8 30.467554 plms8_10
80 0 87991 9 30.34129 plms8_10
81 0 112260 0 20.012993 plms8_10
81 0 111914 1 19.562592 plms8_10
81 0 799991 2 18.692928 plms8_10
81 0 111418 3 18.422129 plms8_10
81 0 4157383 4 18.324049 plms8_10
81 0 118373 5 18.265234 plms8_10
81 0 802791 6 17.935211 plms8_10
81 0 110864 7 17.90712 plms8_10
81 0 118045 8 17.892412 plms8_10
81 0 111360 9 17.617783 plms8_10
82 0 112869 0 24.363323 plms8_10
82 0 821305 1 23.542892 plms8_10
82 0 111106 2 23.208242 plms8_10
82 0 105739 3 22.99756 plms8_10
82 0 104132 4 22.951109 plms8_10
82 0 117837 5 22.337763 plms8_10
82 0 118465 6 22.211184 plms8_10
82 0 108903 7 22.20861 plms8_10
82 0 1087945 8 22.152514 plms8_10
82 0 105931 9 22.099321 plms8_10
83 0 145859 0 65.51645 plms8_10
83 0 111194 1 48.757812 plms8_10
83 0 111333 2 48.105206 plms8_10
83 0 111151 3 47.626915 plms8_10
83 0 111246 4 46.536457 plms8_10
83 0 111103 5 46.154118 plms8_10
83 0 111664 6 45.75654 plms8_10
83 0 112372 7 45.589695 plms8_10
83 0 111663 8 44.932945 plms8_10
83 0 137746 9 43.908653 plms8_10
84 0 145859 0 64.189865 plms8_10
84 0 111151 1 59.935287 plms8_10
84 0 111664 2 58.141846 plms8_10
84 0 110361 3 57.059616 plms8_10
84 0 109200 4 55.89691 plms8_10
84 0 122251 5 54.717205 plms8_10
84 0 109893 6 54.630188 plms8_10
84 0 800858 7 54.49902 plms8_10
84 0 110473 8 54.240925 plms8_10
84 0 110731 9 54.088963 plms8_10
85 0 802973 0 45.769405 plms8_10
85 0 803271 1 45.769405 plms8_10
85 0 2959737 2 45.769405 plms8_10
85 0 137749 3 40.589314 plms8_10
85 0 112240 4 38.801342 plms8_10
85 0 150543 5 37.68193 plms8_10
85 0 2959732 6 37.68193 plms8_10
85 0 112326 7 37.524044 plms8_10
85 0 146553 8 37.18083 plms8_10
85 0 146790 9 37.18083 plms8_10
86 0 3171724 0 38.348927 plms8_10
86 0 3177199 1 38.348927 plms8_10
86 0 3177200 2 38.348927 plms8_10
86 0 3195092 3 31.692337 plms8_10
86 0 802973 4 31.406094 plms8_10
86 0 803271 5 31.406094 plms8_10
86 0 2959737 6 31.406094 plms8_10
86 0 3205766 7 31.085678 plms8_10
86 0 3170730 8 29.631382 plms8_10
86 0 3177197 9 29.631382 plms8_10
87 0 112807 0 33.6331 plms8_10
87 0 111170 1 31.423695 plms8_10
87 0 124715 2 30.131514 plms8_10
87 0 111728 3 28.91126 plms8_10
87 0 2812588 4 28.06376 plms8_10
87 0 145818 5 27.72881 plms8_10
87 0 111471 6 27.453964 plms8_10
87 0 117899 7 27.219805 plms8_10
87 0 131161 8 27.05489 plms8_10
87 0 136998 9 26.97531 plms8_10
88 0 625833 0 28.29527 plms8_10
88 0 145122 1 27.645035 plms8_10
88 0 145839 2 27.555342 plms8_10
88 0 181012 3 27.27674 plms8_10
88 0 182991 4 26.75169 plms8_10
88 0 145897 5 26.722073 plms8_10
88 0 111170 6 26.574537 plms8_10
88 0 625711 7 26.571312 plms8_10
88 0 130159 8 26.181776 plms8_10
88 0 182992 9 25.774807 plms8_10
89 0 4151822 0 98.96109 plms8_10
89 0 2812588 1 87.43557 plms8_10
89 0 4162110 2 76.72263 plms8_10
89 0 2770446 3 68.0622 plms8_10
89 0 4106440 4 56.489147 plms8_10
89 0 4094005 5 51.02865 plms8_10
89 0 180494 6 48.94744 plms8_10
89 0 213842 7 48.21079 plms8_10
89 0 4151826 8 48.056915 plms8_10
89 0 3153112 9 47.62089 plms8_10
90 0 145626 0 16.287937 plms8_10
90 0 109643 1 15.947802 plms8_10
90 0 109921 2 15.719729 plms8_10
90 0 118054 3 15.479513 plms8_10
90 0 118420 4 15.105993 plms8_10
90 0 109079 5 15.093712 plms8_10
90 0 2620698 6 14.778075 plms8_10
90 0 92716 7 14.622479 plms8_10
90 0 109080 8 14.612359 plms8_10
90 0 109776 9 14.489797 plms8_10
91 0 3212514 0 56.71012 plms8_10
91 0 219097 1 44.397724 plms8_10
91 0 145892 2 42.20914 plms8_10
91 0 856791 3 39.82731 plms8_10
91 0 145785 4 38.92762 plms8_10
91 0 624280 5 38.566433 plms8_10
91 0 110032 6 38.51335 plms8_10
91 0 109043 7 38.18714 plms8_10
91 0 1087959 8 38.024616 plms8_10
91 0 106207 9 37.927956 plms8_10
92 0 111265 0 11.646785 plms8_10
92 0 111622 1 11.528883 plms8_10
92 0 118264 2 11.488669 plms8_10
92 0 118235 3 11.407957 plms8_10
92 0 127903 4 11.391273 plms8_10
92 0 145892 5 11.344436 plms8_10
92 0 118511 6 11.331773 plms8_10
92 0 118452 7 11.212184 plms8_10
92 0 111732 8 11.111255 plms8_10
92 0 109414 9 11.094514 plms8_10
93 0 110877 0 73.65787 plms8_10
93 0 109610 1 71.070946 plms8_10
93 0 110248 2 68.49543 plms8_10
93 0 931614 3 66.93537 plms8_10
93 0 118334 4 66.525925 plms8_10
93 0 118107 5 65.99906 plms8_10
93 0 130158 6 65.50758 plms8_10
93 0 118257 7 64.23031 plms8_10
93 0 111736 8 63.823204 plms8_10
93 0 112905 9 62.853077 plms8_10
94 0 931614 0 88.96963 plms8_10
94 0 3195891 1 71.19506 plms8_10
94 0 4151827 2 69.43131 plms8_10
94 0 145901 3 65.627235 plms8_10
94 0 2788983 4 65.112366 plms8_10
94 0 111736 5 62.474354 plms8_10
94 0 110248 6 59.784225 plms8_10
94 0 145856 7 59.633305 plms8_10
94 0 109949 8 59.360718 plms8_10
94 0 2670794 9 57.330376 plms8_10
95 0 107232 0 27.506907 plms8_10
95 0 108555 1 26.422812 plms8_10
95 0 105495 2 25.801107 plms8_10
95 0 112765 3 23.931528 plms8_10
95 0 112343 4 23.809704 plms8_10
95 0 107794 5 22.834192 plms8_10
95 0 101725 6 22.217169 plms8_10
95 0 110740 7 21.880074 plms8_10
95 0 107475 8 21.405039 plms8_10
95 0 112351 9 21.23322 plms8_10
96 0 86280 0 15.674342 plms8_10
96 0 104964 1 15.525382 plms8_10
96 0 104522 2 15.499202 plms8_10
96 0 104523 3 15.472633 plms8_10
96 0 104330 4 15.256364 plms8_10
96 0 2959738 5 15.167734 plms8_10
96 0 89439 6 15.104967 plms8_10
96 0 106657 7 15.003244 plms8_10
96 0 118503 8 14.985817 plms8_10
96 0 103631 9 14.857232 plms8_10
97 0 112101 0 36.666515 plms8_10
97 0 111922 1 29.803934 plms8_10
97 0 136993 2 26.185358 plms8_10
97 0 118379 3 23.787556 plms8_10
97 0 134751 4 22.787502 plms8_10
97 0 2806208 5 21.338066 plms8_10
97 0 2808294 6 21.338066 plms8_10
97 0 118444 7 21.29032 plms8_10
97 0 118281 8 20.512947 plms8_10
97 0 621044 9 20.106544 plms8_10
98 0 2655591 0 29.132875 plms8_10
98 0 110996 1 27.932995 plms8_10
98 0 145903 2 27.865646 plms8_10
98 0 103809 3 27.123634 plms8_10
98 0 2655597 4 26.667742 plms8_10
98 0 145822 5 26.599926 plms8_10
98 0 118459 6 26.279367 plms8_10
98 0 112163 7 26.179232 plms8_10
98 0 118148 8 25.958546 plms8_10
98 0 110146 9 25.908642 plms8_10
99 0 112267 0 41.369602 plms8_10
99 0 110552 1 40.264297 plms8_10
99 0 118121 2 36.356056 plms8_10
99 0 111884 3 34.660107 plms8_10
99 0 109976 4 34.513527 plms8_10
99 0 96562 5 28.555887 plms8_10
99 0 110578 6 28.076248 plms8_10
99 0 112723 7 27.528728 plms8_10
99 0 118416 8 27.192402 plms8_10
99 0 145914 9 26.87759 plms8_10
100 0 110552 0 74.607544 plms8_10
100 0 112267 1 74.31663 plms8_10
100 0 111886 2 53.939697 plms8_10
100 0 109633 3 53.81169 plms8_10
100 0 112723 4 52.048706 plms8_10
100 0 111884 5 51.264153 plms8_10
100 0 91843 6 50.97912 plms8_10
100 0 110177 7 49.761547 plms8_10
100 0 106245 8 49.244083 plms8_10
100 0 100701 9 49.18657 plms8_10
