1 0 112795 0 34.34589 plms7_8
1 0 111116 1 33.715916 plms7_8
1 0 219732 2 31.66038 plms7_8
1 0 2649076 3 31.392054 plms7_8
1 0 219733 4 31.233486 plms7_8
1 0 220342 5 31.233486 plms7_8
1 0 110370 6 30.574348 plms7_8
1 0 112924 7 29.66654 plms7_8
1 0 149702 8 29.517431 plms7_8
1 0 105248 9 28.49597 plms7_8
2 0 4170684 0 21.959614 plms7_8
2 0 2644673 1 19.333918 plms7_8
2 0 149006 2 17.839352 plms7_8
2 0 104571 3 17.268076 plms7_8
2 0 2678465 4 17.22734 plms7_8
2 0 145692 5 17.208385 plms7_8
2 0 112423 6 16.118153 plms7_8
2 0 110134 7 15.862789 plms7_8
2 0 109444 8 15.74174 plms7_8
2 0 109466 9 15.657197 plms7_8
3 0 3162143 0 50.636368 plms7_8
3 0 215496 1 49.552673 plms7_8
3 0 215694 2 49.552673 plms7_8
3 0 2959735 3 49.551632 plms7_8
3 0 118029 4 49.072906 plms7_8
3 0 112212 5 47.655315 plms7_8
3 0 145683 6 46.57716 plms7_8
3 0 118475 7 45.66326 plms7_8
3 0 117892 8 45.288746 plms7_8
3 0 111091 9 45.238533 plms7_8
4 0 215496 0 62.240665 plms7_8
4 0 215694 1 62.193737 plms7_8
4 0 2959735 2 62.191654 plms7_8
4 0 149007 3 60.896957 plms7_8
4 0 623142 4 51.06681 plms7_8
4 0 145890 5 49.317265 plms7_8
4 0 118029 6 48.413807 plms7_8
4 0 3162143 7 48.07946 plms7_8
4 0 903973 8 47.925396 plms7_8
4 0 117959 9 47.692886 plms7_8
5 0 183480 0 40.983116 plms7_8
5 0 111789 1 39.251274 plms7_8
5 0 110056 2 37.846817 plms7_8
5 0 118174 3 37.662083 plms7_8
5 0 2672209 4 36.386734 plms7_8
5 0 2657779 5 36.386734 plms7_8
5 0 108089 6 36.267494 plms7_8
5 0 108088 7 33.34884 plms7_8
5 0 117911 8 32.50604 plms7_8
5 0 118217 9 31.69922 plms7_8
6 0 117932 0 30.049013 plms7_8
6 0 2811844 1 28.975447 plms7_8
6 0 2959750 2 28.975447 plms7_8
6 0 110883 3 20.375277 plms7_8
6 0 108449 4 20.230886 plms7_8
6 0 109573 5 19.945463 plms7_8
6 0 118174 6 19.623796 plms7_8
6 0 109004 7 19.241894 plms7_8
6 0 2672209 8 19.202282 plms7_8
6 0 2657779 9 19.202282 plms7_8
7 0 145715 0 34.57718 plms7_8
7 0 147531 1 34.439972 plms7_8
7 0 2672535 2 34.21943 plms7_8
7 0 2655591 3 33.694798 plms7_8
7 0 134749 4 32.84021 plms7_8
7 0 3195892 5 31.93215 plms7_8
7 0 2678467 6 31.88686 plms7_8
7 0 2679202 7 31.88686 plms7_8
7 0 2959746 8 31.88686 plms7_8
7 0 110932 9 31.842003 plms7_8
8 0 145911 0 20.970297 plms7_8
8 0 146981 1 20.229794 plms7_8
8 0 2760668 2 19.33161 plms7_8
8 0 2771248 3 18.224533 plms7_8
8 0 182991 4 18.2122 plms7_8
8 0 2812587 5 18.02918 plms7_8
8 0 2959748 6 18.02918 plms7_8
8 0 104034 7 16.986137 plms7_8
8 0 215806 8 16.971237 plms7_8
8 0 2676593 9 16.898077 plms7_8
9 0 2675751 0 57.959156 plms7_8
9 0 112641 1 57.01503 plms7_8
9 0 118212 2 54.12844 plms7_8
9 0 109720 3 53.98594 plms7_8
9 0 127923 4 53.59043 plms7_8
9 0 110543 5 53.440754 plms7_8
9 0 118011 6 52.281857 plms7_8
9 0 127887 7 51.64018 plms7_8
9 0 111694 8 50.83419 plms7_8
9 0 112230 9 50.359573 plms7_8
10 0 145715 0 43.455536 plms7_8
10 0 112931 1 42.50248 plms7_8
10 0 112423 2 41.724537 plms7_8
10 0 121163 3 39.68103 plms7_8
10 0 147531 4 39.288788 plms7_8
10 0 112094 5 38.046825 plms7_8
10 0 214949 6 37.90108 plms7_8
10 0 215071 7 37.90108 plms7_8
10 0 111500 8 37.291943 plms7_8
10 0 145713 9 37.0354 plms7_8
11 0 931123 0 28.227415 plms7_8
11 0 110800 1 26.802874 plms7_8
11 0 873668 2 26.147429 plms7_8
11 0 212830 3 25.989733 plms7_8
11 0 107553 4 25.614075 plms7_8
11 0 1747 5 25.305872 plms7_8
11 0 620560 6 25.166348 plms7_8
11 0 2743678 7 24.910465 plms7_8
11 0 2750102 8 24.078867 plms7_8
11 0 2809767 9 24.065197 plms7_8
12 0 2672535 0 36.945007 plms7_8
12 0 809121 1 28.261795 plms7_8
12 0 621195 2 25.499283 plms7_8
12 0 621270 3 25.499283 plms7_8
12 0 3153112 4 25.38646 plms7_8
12 0 111537 5 23.273338 plms7_8
12 0 109096 6 22.955748 plms7_8
12 0 3207860 7 21.951061 plms7_8
12 0 2812586 8 21.398842 plms7_8
12 0 109248 9 21.379826 plms7_8
13 0 802973 0 56.942345 plms7_8
13 0 803271 1 56.942345 plms7_8
13 0 2959737 2 56.942345 plms7_8
13 0 2642828 3 56.063244 plms7_8
13 0 145967 4 52.884647 plms7_8
13 0 2812588 5 49.53187 plms7_8
13 0 2959730 6 48.444206 plms7_8
13 0 614392 7 44.56405 plms7_8
13 0 614485 8 44.56405 plms7_8
13 0 802770 9 44.431904 plms7_8
14 0 614392 0 35.135197 plms7_8
14 0 614485 1 35.135197 plms7_8
14 0 2812588 2 34.424454 plms7_8
14 0 124715 3 34.197674 plms7_8
14 0 145958 4 31.527325 plms7_8
14 0 145967 5 31.35129 plms7_8
14 0 145965 6 29.433544 plms7_8
14 0 110496 7 29.38017 plms7_8
14 0 145632 8 29.208809 plms7_8
14 0 3199501 9 29.133394 plms7_8
15 0 2812588 0 53.07644 plms7_8
15 0 4015951 1 43.775852 plms7_8
15 0 3207858 2 42.130123 plms7_8
15 0 4162111 3 42.061752 plms7_8
15 0 4106440 4 39.47539 plms7_8
15 0 4151822 5 37.892715 plms7_8
15 0 3177196 6 37.398228 plms7_8
15 0 3199501 7 37.14773 plms7_8
15 0 4151821 8 36.36489 plms7_8
15 0 2806207 9 34.03148 plms7_8
16 0 2812588 0 40.395786 plms7_8
16 0 4151822 1 38.856754 plms7_8
16 0 2155 2 37.17891 plms7_8
16 0 2770446 3 36.46054 plms7_8
16 0 2771249 4 30.650904 plms7_8
16 0 134747 5 28.57006 plms7_8
16 0 145817 6 28.267668 plms7_8
16 0 150540 7 28.061666 plms7_8
16 0 121146 8 27.638365 plms7_8
16 0 1921234 9 27.573496 plms7_8
17 0 118125 0 24.707422 plms7_8
17 0 117968 1 24.572641 plms7_8
17 0 2672535 2 24.567272 plms7_8
17 0 111302 3 24.397139 plms7_8
17 0 110593 4 23.759838 plms7_8
17 0 117987 5 23.010826 plms7_8
17 0 110810 6 22.80756 plms7_8
17 0 1087697 7 22.786573 plms7_8
17 0 118230 8 22.556055 plms7_8
17 0 799975 9 22.543468 plms7_8
18 0 148484 0 55.999958 plms7_8
18 0 110810 1 47.24486 plms7_8
18 0 3209687 2 45.25204 plms7_8
18 0 112128 3 44.765205 plms7_8
18 0 112126 4 44.762188 plms7_8
18 0 110600 5 44.700275 plms7_8
18 0 105979 6 44.47237 plms7_8
18 0 145664 7 44.22883 plms7_8
18 0 620566 8 44.002426 plms7_8
18 0 145757 9 43.782913 plms7_8
19 0 106639 0 14.04064 plms7_8
19 0 109180 1 13.315598 plms7_8
19 0 99101 2 13.28942 plms7_8
19 0 97628 3 13.013905 plms7_8
19 0 105461 4 12.822233 plms7_8
19 0 117867 5 12.474153 plms7_8
19 0 104895 6 12.306963 plms7_8
19 0 111715 7 12.252885 plms7_8
19 0 94138 8 12.062451 plms7_8
19 0 111646 9 12.055135 plms7_8
20 0 118243 0 23.479473 plms7_8
20 0 626454 1 22.194788 plms7_8
20 0 118358 2 22.000986 plms7_8
20 0 111343 3 21.821993 plms7_8
20 0 866023 4 21.523315 plms7_8
20 0 108538 5 21.04448 plms7_8
20 0 109032 6 21.035593 plms7_8
20 0 118043 7 20.88699 plms7_8
20 0 111433 8 20.886337 plms7_8
20 0 111713 9 20.782127 plms7_8
21 0 2659300 0 31.748003 plms7_8
21 0 118371 1 29.252956 plms7_8
21 0 112777 2 28.270947 plms7_8
21 0 145925 3 26.985985 plms7_8
21 0 2795279 4 26.739584 plms7_8
21 0 867657 5 26.4504 plms7_8
21 0 117890 6 26.32282 plms7_8
21 0 112799 7 26.232193 plms7_8
21 0 112846 8 25.942066 plms7_8
21 0 623843 9 25.504347 plms7_8
22 0 111021 0 60.08585 plms7_8
22 0 145644 1 59.067543 plms7_8
22 0 109807 2 58.671043 plms7_8
22 0 112737 3 55.160133 plms7_8
22 0 145788 4 54.45867 plms7_8
22 0 111517 5 53.703716 plms7_8
22 0 110694 6 51.30867 plms7_8
22 0 112880 7 51.000088 plms7_8
22 0 117949 8 50.88032 plms7_8
22 0 873660 9 50.78505 plms7_8
23 0 112257 0 17.909256 plms7_8
23 0 4162535 1 16.723785 plms7_8
23 0 118449 2 16.064821 plms7_8
23 0 137736 3 14.708893 plms7_8
23 0 107645 4 14.6282625 plms7_8
23 0 2810525 5 14.500837 plms7_8
23 0 2811847 6 14.500837 plms7_8
23 0 145738 7 14.097122 plms7_8
23 0 3153112 8 14.079211 plms7_8
23 0 110391 9 14.0467615 plms7_8
24 0 2804671 0 26.29773 plms7_8
24 0 182558 1 23.53875 plms7_8
24 0 2801435 2 21.811491 plms7_8
24 0 802408 3 21.419538 plms7_8
24 0 616433 4 21.097988 plms7_8
24 0 2654754 5 20.23093 plms7_8
24 0 625711 6 20.037102 plms7_8
24 0 145635 7 19.699955 plms7_8
24 0 798626 8 19.531082 plms7_8
24 0 3217476 9 19.025257 plms7_8
25 0 112345 0 31.4142 plms7_8
25 0 3211503 1 29.861933 plms7_8
25 0 112616 2 27.213472 plms7_8
25 0 108632 3 24.99787 plms7_8
25 0 118021 4 24.147825 plms7_8
25 0 101911 5 23.02514 plms7_8
25 0 108129 6 22.464314 plms7_8
25 0 107971 7 22.111517 plms7_8
25 0 95952 8 21.917513 plms7_8
25 0 109416 9 21.371288 plms7_8
26 0 145758 0 46.39525 plms7_8
26 0 117872 1 46.24918 plms7_8
26 0 118026 2 45.04092 plms7_8
26 0 112324 3 44.923893 plms7_8
26 0 112616 4 43.048996 plms7_8
26 0 112045 5 42.869076 plms7_8
26 0 112724 6 41.94139 plms7_8
26 0 111056 7 41.693893 plms7_8
26 0 118070 8 41.128418 plms7_8
26 0 111103 9 40.869076 plms7_8
27 0 4157382 0 39.19847 plms7_8
27 0 4157405 1 39.19847 plms7_8
27 0 111141 2 30.679482 plms7_8
27 0 112346 3 30.63675 plms7_8
27 0 110384 4 29.946539 plms7_8
27 0 112071 5 27.429157 plms7_8
27 0 110706 6 26.044157 plms7_8
27 0 110320 7 25.547314 plms7_8
27 0 118475 8 24.178307 plms7_8
27 0 620673 9 23.536133 plms7_8
28 0 4157382 0 58.438652 plms7_8
28 0 4157405 1 58.438652 plms7_8
28 0 112346 2 42.331745 plms7_8
28 0 111141 3 36.393803 plms7_8
28 0 112523 4 36.285595 plms7_8
28 0 217703 5 34.270634 plms7_8
28 0 107063 6 31.128284 plms7_8
28 0 112308 7 31.070887 plms7_8
28 0 110384 8 30.742693 plms7_8
28 0 2679557 9 29.808937 plms7_8
29 0 112620 0 28.63345 plms7_8
29 0 4151826 1 26.839365 plms7_8
29 0 111471 2 26.44889 plms7_8
29 0 205788 3 26.343456 plms7_8
29 0 145632 4 25.938787 plms7_8
29 0 145726 5 25.90433 plms7_8
29 0 145843 6 25.878996 plms7_8
29 0 626206 7 25.508575 plms7_8
29 0 118351 8 25.41654 plms7_8
29 0 109622 9 24.950459 plms7_8
30 0 145841 0 53.3113 plms7_8
30 0 205788 1 50.63974 plms7_8
30 0 218921 2 50.47528 plms7_8
30 0 145708 3 49.187527 plms7_8
30 0 118117 4 47.903793 plms7_8
30 0 137739 5 46.427605 plms7_8
30 0 145843 6 45.812088 plms7_8
30 0 145916 7 44.832882 plms7_8
30 0 118343 8 44.801643 plms7_8
30 0 145761 9 44.71999 plms7_8
31 0 145925 0 45.162853 plms7_8
31 0 148797 1 42.650585 plms7_8
31 0 3207859 2 40.70123 plms7_8
31 0 118412 3 39.957233 plms7_8
31 0 137003 4 39.51205 plms7_8
31 0 145857 5 37.387043 plms7_8
31 0 902267 6 37.361893 plms7_8
31 0 130146 7 36.771084 plms7_8
31 0 616433 8 36.494595 plms7_8
31 0 2811844 9 35.82542 plms7_8
32 0 118458 0 20.993408 plms7_8
32 0 110561 1 20.965708 plms7_8
32 0 118023 2 19.9558 plms7_8
32 0 118139 3 19.872904 plms7_8
32 0 112329 4 19.775845 plms7_8
32 0 118499 5 19.735544 plms7_8
32 0 109505 6 19.52827 plms7_8
32 0 118303 7 19.481493 plms7_8
32 0 112836 8 19.44405 plms7_8
32 0 109450 9 19.390219 plms7_8
33 0 2809767 0 28.084108 plms7_8
33 0 2811850 1 28.084108 plms7_8
33 0 2676594 2 23.284153 plms7_8
33 0 2675753 3 22.92996 plms7_8
33 0 2679204 4 22.92996 plms7_8
33 0 112728 5 22.484043 plms7_8
33 0 118302 6 20.526108 plms7_8
33 0 108583 7 20.441036 plms7_8
33 0 110382 8 19.820782 plms7_8
33 0 112771 9 19.776289 plms7_8
34 0 2809767 0 76.654724 plms7_8
34 0 2811850 1 76.654724 plms7_8
34 0 2676594 2 73.49196 plms7_8
34 0 2675753 3 73.21854 plms7_8
34 0 2679204 4 73.21854 plms7_8
34 0 136994 5 40.34499 plms7_8
34 0 137727 6 37.39637 plms7_8
34 0 112325 7 36.21232 plms7_8
34 0 121158 8 34.54691 plms7_8
34 0 145870 9 34.482548 plms7_8
35 0 3205767 0 30.761364 plms7_8
35 0 932061 1 28.068981 plms7_8
35 0 118329 2 27.02765 plms7_8
35 0 821306 3 25.854612 plms7_8
35 0 3203656 4 25.400494 plms7_8
35 0 3206414 5 25.400494 plms7_8
35 0 149005 6 24.476194 plms7_8
35 0 213843 7 24.238419 plms7_8
35 0 214063 8 24.238419 plms7_8
35 0 214467 9 24.238419 plms7_8
36 0 112069 0 33.8466 plms7_8
36 0 112259 1 33.84192 plms7_8
36 0 109923 2 31.47789 plms7_8
36 0 131163 3 31.07033 plms7_8
36 0 213843 4 30.183477 plms7_8
36 0 214063 5 30.183477 plms7_8
36 0 214467 6 30.183477 plms7_8
36 0 110599 7 30.18021 plms7_8
36 0 118234 8 30.12747 plms7_8
36 0 109703 9 29.936283 plms7_8
37 0 4151829 0 35.6085 plms7_8
37 0 145731 1 33.52852 plms7_8
37 0 112910 2 30.865686 plms7_8
37 0 118269 3 30.065254 plms7_8
37 0 111982 4 30.015419 plms7_8
37 0 110742 5 29.01849 plms7_8
37 0 145855 6 27.948313 plms7_8
37 0 103870 7 27.508245 plms7_8
37 0 110774 8 27.48624 plms7_8
37 0 112359 9 27.389694 plms7_8
38 0 118269 0 61.06495 plms7_8
38 0 1993216 1 58.4101 plms7_8
38 0 112910 2 55.96734 plms7_8
38 0 145731 3 55.40559 plms7_8
38 0 4151829 4 53.66212 plms7_8
38 0 145855 5 52.076607 plms7_8
38 0 112887 6 50.138824 plms7_8
38 0 112292 7 47.30674 plms7_8
38 0 145629 8 46.806454 plms7_8
38 0 111420 9 46.39117 plms7_8
39 0 112568 0 21.88292 plms7_8
39 0 102086 1 21.382551 plms7_8
39 0 112420 2 21.260532 plms7_8
39 0 111502 3 21.201988 plms7_8
39 0 105058 4 21.10045 plms7_8
39 0 2674861 5 20.93778 plms7_8
39 0 2675754 6 20.93778 plms7_8
39 0 111432 7 20.163296 plms7_8
39 0 96872 8 19.605566 plms7_8
39 0 98478 9 19.537994 plms7_8
40 0 931120 0 23.195995 plms7_8
40 0 145943 1 22.469929 plms7_8
40 0 2810526 2 19.92619 plms7_8
40 0 112348 3 19.262491 plms7_8
40 0 3171723 4 19.011707 plms7_8
40 0 2769807 5 18.782597 plms7_8
40 0 149007 6 18.557043 plms7_8
40 0 3170727 7 18.03399 plms7_8
40 0 945737 8 18.0328 plms7_8
40 0 932059 9 18.0328 plms7_8
41 0 112585 0 36.6199 plms7_8
41 0 109186 1 35.645256 plms7_8
41 0 110132 2 34.313015 plms7_8
41 0 111198 3 32.442627 plms7_8
41 0 110075 4 31.12435 plms7_8
41 0 111254 5 30.6824 plms7_8
41 0 111891 6 30.210423 plms7_8
41 0 112924 7 30.206863 plms7_8
41 0 112440 8 28.965803 plms7_8
41 0 2810525 9 28.860245 plms7_8
42 0 112924 0 37.797695 plms7_8
42 0 137003 1 37.4616 plms7_8
42 0 3189783 2 37.45804 plms7_8
42 0 3177199 3 36.923317 plms7_8
42 0 3171724 4 36.411003 plms7_8
42 0 3177200 5 36.411003 plms7_8
42 0 118131 6 35.713512 plms7_8
42 0 145632 7 35.43181 plms7_8
42 0 117864 8 35.199726 plms7_8
42 0 118299 9 35.009567 plms7_8
43 0 103735 0 16.84546 plms7_8
43 0 4154604 1 16.26534 plms7_8
43 0 103366 2 14.914262 plms7_8
43 0 112482 3 14.661173 plms7_8
43 0 112645 4 14.342826 plms7_8
43 0 111759 5 13.926521 plms7_8
43 0 112348 6 13.7904825 plms7_8
43 0 112920 7 13.743057 plms7_8
43 0 1508752 8 13.380434 plms7_8
43 0 112644 9 13.376574 plms7_8
44 0 183480 0 20.065777 plms7_8
44 0 2781925 1 18.535414 plms7_8
44 0 802408 2 18.520763 plms7_8
44 0 109329 3 17.784214 plms7_8
44 0 145674 4 16.807615 plms7_8
44 0 104158 5 16.713224 plms7_8
44 0 1087605 6 16.713224 plms7_8
44 0 110162 7 16.606289 plms7_8
44 0 111968 8 16.479498 plms7_8
44 0 2812587 9 16.432264 plms7_8
45 0 3181481 0 25.767006 plms7_8
45 0 118496 1 24.14488 plms7_8
45 0 110757 2 23.621696 plms7_8
45 0 145755 3 23.578127 plms7_8
45 0 130159 4 23.558096 plms7_8
45 0 127691 5 23.55702 plms7_8
45 0 112309 6 22.840912 plms7_8
45 0 109786 7 22.334232 plms7_8
45 0 117881 8 22.305185 plms7_8
45 0 1088002 9 22.020575 plms7_8
46 0 2804673 0 36.443047 plms7_8
46 0 145772 1 33.77998 plms7_8
46 0 866024 2 31.829922 plms7_8
46 0 858802 3 31.829922 plms7_8
46 0 623145 4 29.063719 plms7_8
46 0 618680 5 28.840958 plms7_8
46 0 3204917 6 28.32095 plms7_8
46 0 1269289 7 28.164246 plms7_8
46 0 118453 8 27.451647 plms7_8
46 0 137725 9 27.292175 plms7_8
47 0 2674861 0 33.523502 plms7_8
47 0 2675754 1 33.523502 plms7_8
47 0 108545 2 29.64355 plms7_8
47 0 105417 3 26.800537 plms7_8
47 0 142882 4 26.714329 plms7_8
47 0 2518018 5 26.54094 plms7_8
47 0 121149 6 26.41704 plms7_8
47 0 96147 7 26.36904 plms7_8
47 0 111362 8 26.219439 plms7_8
47 0 118218 9 25.981356 plms7_8
48 0 2674861 0 28.78301 plms7_8
48 0 2675754 1 28.78301 plms7_8
48 0 103019 2 24.477753 plms7_8
48 0 112422 3 23.017956 plms7_8
48 0 108041 4 22.85067 plms7_8
48 0 107451 5 21.945442 plms7_8
48 0 96147 6 20.643986 plms7_8
48 0 103201 7 20.599262 plms7_8
48 0 109625 8 20.554596 plms7_8
48 0 91861 9 20.541246 plms7_8
49 0 4162535 0 28.855366 plms7_8
49 0 2672535 1 22.529812 plms7_8
49 0 101852 2 20.192204 plms7_8
49 0 95414 3 19.364697 plms7_8
49 0 90620 4 19.047028 plms7_8
49 0 95551 5 18.476467 plms7_8
49 0 93031 6 17.79386 plms7_8
49 0 1957917 7 17.643578 plms7_8
49 0 95847 8 16.868736 plms7_8
49 0 145626 9 16.867016 plms7_8
50 0 118449 0 26.848684 plms7_8
50 0 112733 1 26.412355 plms7_8
50 0 118203 2 25.66323 plms7_8
50 0 109776 3 25.61169 plms7_8
50 0 111953 4 25.07718 plms7_8
50 0 112671 5 24.700455 plms7_8
50 0 112606 6 24.425089 plms7_8
50 0 183479 7 24.352892 plms7_8
50 0 110763 8 24.329958 plms7_8
50 0 117950 9 24.267977 plms7_8
51 0 103299 0 11.617933 plms7_8
51 0 97890 1 11.422649 plms7_8
51 0 109466 2 11.402526 plms7_8
51 0 103986 3 10.938844 plms7_8
51 0 106991 4 10.482994 plms7_8
51 0 101177 5 10.433678 plms7_8
51 0 109715 6 10.04537 plms7_8
51 0 183480 7 9.962406 plms7_8
51 0 96957 8 9.947334 plms7_8
51 0 107254 9 9.88153 plms7_8
52 0 112770 0 21.966673 plms7_8
52 0 802399 1 19.572971 plms7_8
52 0 107187 2 19.301907 plms7_8
52 0 90150 3 19.156357 plms7_8
52 0 97465 4 18.93938 plms7_8
52 0 137750 5 18.268873 plms7_8
52 0 111908 6 17.813305 plms7_8
52 0 91094 7 17.704443 plms7_8
52 0 87549 8 17.64311 plms7_8
52 0 854177 9 17.636248 plms7_8
53 0 625711 0 34.04836 plms7_8
53 0 872994 1 30.510813 plms7_8
53 0 621045 2 29.829275 plms7_8
53 0 112573 3 28.491135 plms7_8
53 0 145635 4 27.814316 plms7_8
53 0 145628 5 27.743002 plms7_8
53 0 118357 6 27.461786 plms7_8
53 0 104615 7 27.412395 plms7_8
53 0 112126 8 26.977846 plms7_8
53 0 104837 9 26.523935 plms7_8
54 0 616862 0 31.15209 plms7_8
54 0 2358 1 30.968428 plms7_8
54 0 1744 2 30.374355 plms7_8
54 0 145884 3 30.296396 plms7_8
54 0 216733 4 29.78479 plms7_8
54 0 205788 5 29.747683 plms7_8
54 0 931614 6 29.364971 plms7_8
54 0 931123 7 29.326328 plms7_8
54 0 145632 8 28.8165 plms7_8
54 0 2808291 9 28.191124 plms7_8
55 0 4154603 0 79.31074 plms7_8
55 0 145731 1 57.591705 plms7_8
55 0 110774 2 51.604664 plms7_8
55 0 145855 3 49.303383 plms7_8
55 0 111261 4 49.222298 plms7_8
55 0 111420 5 46.356487 plms7_8
55 0 118269 6 44.360233 plms7_8
55 0 112910 7 41.810356 plms7_8
55 0 110021 8 37.551075 plms7_8
55 0 111982 9 36.30269 plms7_8
56 0 4154603 0 39.177715 plms7_8
56 0 145855 1 31.38579 plms7_8
56 0 2677564 2 29.222105 plms7_8
56 0 2678135 3 29.222105 plms7_8
56 0 145629 4 29.013144 plms7_8
56 0 2679558 5 27.141916 plms7_8
56 0 2959741 6 27.017544 plms7_8
56 0 931616 7 27.017544 plms7_8
56 0 112910 8 24.217255 plms7_8
56 0 145731 9 24.124355 plms7_8
57 0 147953 0 9.5584135 plms7_8
57 0 148480 1 9.5584135 plms7_8
57 0 3209687 2 9.114741 plms7_8
57 0 145907 3 9.101161 plms7_8
57 0 799990 4 9.065226 plms7_8
57 0 145745 5 8.927701 plms7_8
57 0 145772 6 8.847823 plms7_8
57 0 117908 7 8.710756 plms7_8
57 0 149287 8 8.666624 plms7_8
57 0 2804673 9 8.6442375 plms7_8
58 0 118467 0 22.24722 plms7_8
58 0 821305 1 21.218758 plms7_8
58 0 2811845 2 20.870386 plms7_8
58 0 118282 3 20.759003 plms7_8
58 0 106152 4 20.683025 plms7_8
58 0 2671725 5 20.350306 plms7_8
58 0 2672207 6 20.32405 plms7_8
58 0 112077 7 20.153408 plms7_8
58 0 112376 8 19.964933 plms7_8
58 0 145881 9 19.908339 plms7_8
59 0 2788983 0 70.63622 plms7_8
59 0 4170685 1 69.10081 plms7_8
59 0 145627 2 63.40107 plms7_8
59 0 931614 3 62.61845 plms7_8
59 0 112824 4 62.585636 plms7_8
59 0 130158 5 61.97718 plms7_8
59 0 112905 6 61.859676 plms7_8
59 0 111736 7 60.50623 plms7_8
59 0 118037 8 59.983044 plms7_8
59 0 117968 9 59.321205 plms7_8
60 0 931614 0 52.680763 plms7_8
60 0 127905 1 49.150776 plms7_8
60 0 118257 2 48.19612 plms7_8
60 0 110510 3 46.718002 plms7_8
60 0 109810 4 46.52351 plms7_8
60 0 145856 5 46.38209 plms7_8
60 0 3195891 6 45.910236 plms7_8
60 0 118334 7 45.90044 plms7_8
60 0 118129 8 42.863636 plms7_8
60 0 109949 9 42.8055 plms7_8
61 0 2812210 0 67.036705 plms7_8
61 0 145743 1 64.88505 plms7_8
61 0 145923 2 62.19032 plms7_8
61 0 219815 3 61.636208 plms7_8
61 0 218457 4 58.84697 plms7_8
61 0 1732 5 56.32416 plms7_8
61 0 3195092 6 56.145588 plms7_8
61 0 1087955 7 51.045708 plms7_8
61 0 2620704 8 49.03215 plms7_8
61 0 218132 9 47.793365 plms7_8
62 0 219512 0 27.333033 plms7_8
62 0 110091 1 27.11345 plms7_8
62 0 218921 2 27.0659 plms7_8
62 0 117832 3 26.847374 plms7_8
62 0 2620703 4 26.487642 plms7_8
62 0 802770 5 26.282295 plms7_8
62 0 205788 6 26.143227 plms7_8
62 0 899483 7 26.050013 plms7_8
62 0 118381 8 25.931492 plms7_8
62 0 145708 9 25.854912 plms7_8
63 0 97274 0 9.496572 plms7_8
63 0 1095862 1 9.34216 plms7_8
63 0 106208 2 9.294259 plms7_8
63 0 97873 3 9.211398 plms7_8
63 0 1332352 4 9.143631 plms7_8
63 0 96019 5 9.137589 plms7_8
63 0 97779 6 9.115475 plms7_8
63 0 105496 7 9.102873 plms7_8
63 0 102072 8 9.084072 plms7_8
63 0 96350 9 8.933567 plms7_8
64 0 2758568 0 44.678482 plms7_8
64 0 145895 1 37.96052 plms7_8
64 0 102061 2 34.861683 plms7_8
64 0 110645 3 34.60069 plms7_8
64 0 111082 4 30.840105 plms7_8
64 0 109773 5 30.815332 plms7_8
64 0 93425 6 30.132338 plms7_8
64 0 98509 7 29.534376 plms7_8
64 0 111051 8 29.202002 plms7_8
64 0 150540 9 28.197248 plms7_8
65 0 118123 0 21.581913 plms7_8
65 0 111285 1 13.182061 plms7_8
65 0 112935 2 12.539192 plms7_8
65 0 112677 3 12.531555 plms7_8
65 0 4151825 4 12.4342575 plms7_8
65 0 111051 5 12.058018 plms7_8
65 0 145867 6 12.054789 plms7_8
65 0 112016 7 11.822202 plms7_8
65 0 106786 8 11.189704 plms7_8
65 0 122242 9 11.172175 plms7_8
66 0 3211501 0 44.218925 plms7_8
66 0 145867 1 42.27689 plms7_8
66 0 111632 2 40.83053 plms7_8
66 0 112935 3 33.116726 plms7_8
66 0 112106 4 32.123142 plms7_8
66 0 112547 5 31.906813 plms7_8
66 0 118495 6 27.293316 plms7_8
66 0 121170 7 27.261513 plms7_8
66 0 111803 8 27.219896 plms7_8
66 0 110251 9 27.034317 plms7_8
67 0 867645 0 24.006939 plms7_8
67 0 2959738 1 20.052711 plms7_8
67 0 145800 2 20.025864 plms7_8
67 0 145664 3 19.980375 plms7_8
67 0 103093 4 19.673082 plms7_8
67 0 112891 5 19.196331 plms7_8
67 0 145635 6 18.896105 plms7_8
67 0 88797 7 18.787899 plms7_8
67 0 104194 8 18.634985 plms7_8
67 0 106757 9 18.336266 plms7_8
68 0 103675 0 40.062195 plms7_8
68 0 100945 1 33.262566 plms7_8
68 0 103678 2 31.225307 plms7_8
68 0 106483 3 31.102264 plms7_8
68 0 104522 4 30.569298 plms7_8
68 0 111559 5 30.336416 plms7_8
68 0 106445 6 29.963186 plms7_8
68 0 105646 7 29.74926 plms7_8
68 0 99167 8 29.708214 plms7_8
68 0 2455531 9 29.68414 plms7_8
69 0 799975 0 29.942694 plms7_8
69 0 112719 1 29.260859 plms7_8
69 0 117927 2 29.174778 plms7_8
69 0 111438 3 28.952047 plms7_8
69 0 118363 4 28.81731 plms7_8
69 0 112881 5 28.60448 plms7_8
69 0 145642 6 28.510153 plms7_8
69 0 109510 7 28.302608 plms7_8
69 0 799995 8 28.201431 plms7_8
69 0 118458 9 28.051983 plms7_8
70 0 111709 0 40.45817 plms7_8
70 0 118111 1 40.313263 plms7_8
70 0 112534 2 38.458256 plms7_8
70 0 118080 3 35.839554 plms7_8
70 0 117961 4 34.712738 plms7_8
70 0 1087961 5 34.28316 plms7_8
70 0 117927 6 34.151897 plms7_8
70 0 117859 7 33.93397 plms7_8
70 0 118317 8 33.624573 plms7_8
70 0 118379 9 32.930046 plms7_8
71 0 118052 0 36.02191 plms7_8
71 0 112904 1 35.409504 plms7_8
71 0 110331 2 34.084724 plms7_8
71 0 118234 3 33.903687 plms7_8
71 0 111103 4 32.488968 plms7_8
71 0 112324 5 30.446556 plms7_8
71 0 112914 6 29.654818 plms7_8
71 0 118005 7 29.575155 plms7_8
71 0 108303 8 28.494396 plms7_8
71 0 117979 9 28.34141 plms7_8
72 0 112904 0 25.866663 plms7_8
72 0 118052 1 25.478 plms7_8
72 0 117979 2 25.2042 plms7_8
72 0 112914 3 24.419395 plms7_8
72 0 118234 4 23.928534 plms7_8
72 0 3189783 5 23.488125 plms7_8
72 0 109721 6 23.463251 plms7_8
72 0 108624 7 23.419752 plms7_8
72 0 112311 8 23.146896 plms7_8
72 0 2654533 9 22.773643 plms7_8
73 0 2804674 0 32.758102 plms7_8
73 0 145624 1 32.179577 plms7_8
73 0 1087954 2 31.230425 plms7_8
73 0 118043 3 30.800764 plms7_8
73 0 110692 4 29.206337 plms7_8
73 0 111425 5 29.037758 plms7_8
73 0 145638 6 27.705393 plms7_8
73 0 868383 7 26.50426 plms7_8
73 0 118162 8 26.4382 plms7_8
73 0 109931 9 25.909746 plms7_8
74 0 2804674 0 27.594616 plms7_8
74 0 112774 1 26.876806 plms7_8
74 0 108616 2 26.059526 plms7_8
74 0 110398 3 25.65796 plms7_8
74 0 218667 4 25.497559 plms7_8
74 0 110798 5 25.22284 plms7_8
74 0 3183079 6 25.005318 plms7_8
74 0 103459 7 24.954151 plms7_8
74 0 219734 8 24.925266 plms7_8
74 0 127908 9 24.48728 plms7_8
75 0 111557 0 47.082962 plms7_8
75 0 106428 1 46.5911 plms7_8
75 0 111291 2 46.11405 plms7_8
75 0 110415 3 45.885067 plms7_8
75 0 118226 4 45.57017 plms7_8
75 0 110779 5 45.416718 plms7_8
75 0 112347 6 45.116386 plms7_8
75 0 97977 7 45.091747 plms7_8
75 0 106659 8 44.991055 plms7_8
75 0 110362 9 44.930126 plms7_8
76 0 1740 0 35.962975 plms7_8
76 0 108900 1 33.92791 plms7_8
76 0 145652 2 32.652084 plms7_8
76 0 145799 3 32.591705 plms7_8
76 0 111508 4 32.352055 plms7_8
76 0 2679833 5 31.9618 plms7_8
76 0 2680440 6 31.9618 plms7_8
76 0 118390 7 30.891369 plms7_8
76 0 2670966 8 30.299433 plms7_8
76 0 150540 9 30.210735 plms7_8
77 0 104355 0 30.894909 plms7_8
77 0 112626 1 29.22156 plms7_8
77 0 111455 2 29.000347 plms7_8
77 0 111610 3 28.885561 plms7_8
77 0 97242 4 28.79621 plms7_8
77 0 112646 5 27.964447 plms7_8
77 0 112693 6 27.129251 plms7_8
77 0 110223 7 27.061209 plms7_8
77 0 110594 8 26.516264 plms7_8
77 0 108605 9 26.444595 plms7_8
78 0 117968 0 47.853752 plms7_8
78 0 2812588 1 46.448196 plms7_8
78 0 118037 2 44.74751 plms7_8
78 0 145632 3 43.401268 plms7_8
78 0 118022 4 42.699097 plms7_8
78 0 117836 5 42.654137 plms7_8
78 0 117899 6 42.401947 plms7_8
78 0 112358 7 42.352997 plms7_8
78 0 799976 8 41.14685 plms7_8
78 0 111717 9 39.832954 plms7_8
79 0 111009 0 59.26085 plms7_8
79 0 118143 1 55.214985 plms7_8
79 0 111470 2 51.12997 plms7_8
79 0 2680438 3 42.60713 plms7_8
79 0 110221 4 37.540627 plms7_8
79 0 3171728 5 31.057259 plms7_8
79 0 903979 6 26.44371 plms7_8
79 0 902768 7 26.44371 plms7_8
79 0 106328 8 25.759304 plms7_8
79 0 118375 9 25.35903 plms7_8
80 0 108900 0 26.509094 plms7_8
80 0 98551 1 25.809734 plms7_8
80 0 149285 2 25.541527 plms7_8
80 0 118143 3 24.554546 plms7_8
80 0 2679833 4 24.537338 plms7_8
80 0 2680440 5 24.537338 plms7_8
80 0 112738 6 24.47382 plms7_8
80 0 102157 7 23.820385 plms7_8
80 0 118513 8 23.435537 plms7_8
80 0 105597 9 23.412968 plms7_8
81 0 118373 0 17.410067 plms7_8
81 0 4157383 1 16.695831 plms7_8
81 0 112260 2 16.41653 plms7_8
81 0 799991 3 16.32233 plms7_8
81 0 111914 4 16.159527 plms7_8
81 0 145811 5 16.115913 plms7_8
81 0 110073 6 15.762865 plms7_8
81 0 148484 7 15.636596 plms7_8
81 0 3209687 8 15.520645 plms7_8
81 0 802791 9 15.470964 plms7_8
82 0 104132 0 20.932592 plms7_8
82 0 4168363 1 20.616585 plms7_8
82 0 821305 2 20.581158 plms7_8
82 0 112869 3 20.39809 plms7_8
82 0 85588 4 20.39068 plms7_8
82 0 105931 5 19.875792 plms7_8
82 0 112803 6 19.543552 plms7_8
82 0 85671 7 19.353455 plms7_8
82 0 117837 8 19.32674 plms7_8
82 0 111106 9 19.210047 plms7_8
83 0 145859 0 67.533516 plms7_8
83 0 111151 1 49.475952 plms7_8
83 0 111246 2 48.97676 plms7_8
83 0 111663 3 48.060894 plms7_8
83 0 111664 4 48.034225 plms7_8
83 0 111194 5 47.803326 plms7_8
83 0 820896 6 46.80145 plms7_8
83 0 111103 7 46.777256 plms7_8
83 0 137746 8 45.908573 plms7_8
83 0 112922 9 45.112267 plms7_8
84 0 145859 0 64.45278 plms7_8
84 0 111151 1 60.064846 plms7_8
84 0 111664 2 58.735523 plms7_8
84 0 110361 3 57.5825 plms7_8
84 0 800858 4 57.022568 plms7_8
84 0 109200 5 56.09357 plms7_8
84 0 122251 6 56.038948 plms7_8
84 0 112922 7 56.029377 plms7_8
84 0 109893 8 55.87833 plms7_8
84 0 110473 9 55.429325 plms7_8
85 0 802973 0 43.895615 plms7_8
85 0 803271 1 43.895615 plms7_8
85 0 2959737 2 43.895615 plms7_8
85 0 218925 3 38.32256 plms7_8
85 0 137749 4 37.665512 plms7_8
85 0 108530 5 34.246964 plms7_8
85 0 112240 6 34.197697 plms7_8
85 0 150543 7 33.93426 plms7_8
85 0 2959732 8 33.93426 plms7_8
85 0 111586 9 33.58291 plms7_8
86 0 3171724 0 40.076836 plms7_8
86 0 3177199 1 40.076836 plms7_8
86 0 3177200 2 40.076836 plms7_8
86 0 3205766 3 34.277176 plms7_8
86 0 3195092 4 34.019737 plms7_8
86 0 802973 5 29.671228 plms7_8
86 0 803271 6 29.671228 plms7_8
86 0 2959737 7 29.671228 plms7_8
86 0 3171728 8 28.692028 plms7_8
86 0 3170730 9 27.822298 plms7_8
87 0 143378 0 29.09394 plms7_8
87 0 136998 1 28.307741 plms7_8
87 0 1088038 2 27.64913 plms7_8
87 0 112807 3 26.820663 plms7_8
87 0 112746 4 26.32037 plms7_8
87 0 105721 5 25.87027 plms7_8
87 0 111170 6 25.817915 plms7_8
87 0 104480 7 25.724623 plms7_8
87 0 112080 8 25.511547 plms7_8
87 0 118109 9 24.950613 plms7_8
88 0 625833 0 27.968239 plms7_8
88 0 145122 1 27.140726 plms7_8
88 0 625711 2 26.224968 plms7_8
88 0 181012 3 25.672335 plms7_8
88 0 145839 4 25.50116 plms7_8
88 0 111170 5 25.427912 plms7_8
88 0 130159 6 25.391361 plms7_8
88 0 182992 7 25.370926 plms7_8
88 0 182991 8 25.329565 plms7_8
88 0 143378 9 24.996416 plms7_8
89 0 4151822 0 115.83417 plms7_8
89 0 2812588 1 101.466385 plms7_8
89 0 4162110 2 85.04823 plms7_8
89 0 2770446 3 84.10125 plms7_8
89 0 145817 4 59.19834 plms7_8
89 0 145954 5 58.732502 plms7_8
89 0 4106440 6 57.03253 plms7_8
89 0 145647 7 53.552437 plms7_8
89 0 134747 8 52.66796 plms7_8
89 0 180494 9 49.340622 plms7_8
90 0 145626 0 16.285892 plms7_8
90 0 109643 1 15.945585 plms7_8
90 0 109921 2 15.717604 plms7_8
90 0 118054 3 15.477296 plms7_8
90 0 118420 4 15.103817 plms7_8
90 0 109079 5 15.091624 plms7_8
90 0 2620698 6 14.775936 plms7_8
90 0 92716 7 14.620355 plms7_8
90 0 109080 8 14.610188 plms7_8
90 0 109776 9 14.487585 plms7_8
91 0 3212514 0 56.46656 plms7_8
91 0 219097 1 42.51024 plms7_8
91 0 145892 2 39.37584 plms7_8
91 0 145785 3 39.06131 plms7_8
91 0 1087959 4 38.3964 plms7_8
91 0 856791 5 38.19942 plms7_8
91 0 110032 6 37.100338 plms7_8
91 0 624280 7 35.777706 plms7_8
91 0 118507 8 35.382 plms7_8
91 0 145873 9 34.52473 plms7_8
92 0 3212514 0 21.702602 plms7_8
92 0 2675751 1 17.357231 plms7_8
92 0 111828 2 16.494692 plms7_8
92 0 99392 3 16.062918 plms7_8
92 0 112241 4 15.832492 plms7_8
92 0 98779 5 15.374642 plms7_8
92 0 109818 6 15.368522 plms7_8
92 0 118454 7 15.3425455 plms7_8
92 0 118105 8 15.336985 plms7_8
92 0 98116 9 15.233637 plms7_8
93 0 110877 0 82.484764 plms7_8
93 0 130158 1 80.057465 plms7_8
93 0 118334 2 76.878 plms7_8
93 0 118107 3 76.708435 plms7_8
93 0 110200 4 71.22422 plms7_8
93 0 109610 5 71.044495 plms7_8
93 0 4151827 6 69.37735 plms7_8
93 0 110248 7 66.061005 plms7_8
93 0 112905 8 65.77219 plms7_8
93 0 2788983 9 65.01353 plms7_8
94 0 931614 0 96.27662 plms7_8
94 0 3195891 1 85.69872 plms7_8
94 0 4151827 2 82.04947 plms7_8
94 0 2788983 3 76.733536 plms7_8
94 0 145901 4 66.14883 plms7_8
94 0 130158 5 64.113365 plms7_8
94 0 2743641 6 63.558376 plms7_8
94 0 2959756 7 63.558376 plms7_8
94 0 111736 8 59.683945 plms7_8
94 0 2743678 9 59.37489 plms7_8
95 0 107232 0 30.56842 plms7_8
95 0 108555 1 29.346903 plms7_8
95 0 105495 2 28.258741 plms7_8
95 0 107794 3 25.105076 plms7_8
95 0 107475 4 24.545584 plms7_8
95 0 111385 5 23.19253 plms7_8
95 0 108161 6 22.600359 plms7_8
95 0 101863 7 22.553577 plms7_8
95 0 112765 8 22.314875 plms7_8
95 0 112343 9 22.222752 plms7_8
96 0 91505 0 14.513922 plms7_8
96 0 104330 1 14.500528 plms7_8
96 0 108330 2 14.441683 plms7_8
96 0 2650505 3 14.308059 plms7_8
96 0 91961 4 14.272933 plms7_8
96 0 89763 5 14.052608 plms7_8
96 0 104523 6 13.9822235 plms7_8
96 0 86280 7 13.948533 plms7_8
96 0 91215 8 13.856528 plms7_8
96 0 108711 9 13.794442 plms7_8
97 0 112101 0 36.511673 plms7_8
97 0 111922 1 29.539673 plms7_8
97 0 136993 2 24.225668 plms7_8
97 0 118379 3 20.490803 plms7_8
97 0 2806208 4 20.304184 plms7_8
97 0 2808294 5 20.304184 plms7_8
97 0 145822 6 19.500334 plms7_8
97 0 104379 7 18.104479 plms7_8
97 0 118444 8 17.991362 plms7_8
97 0 109772 9 17.962387 plms7_8
98 0 2655591 0 24.388435 plms7_8
98 0 2676593 1 24.206955 plms7_8
98 0 145903 2 24.062954 plms7_8
98 0 106593 3 23.450424 plms7_8
98 0 112574 4 23.41419 plms7_8
98 0 145822 5 23.407846 plms7_8
98 0 103809 6 23.328568 plms7_8
98 0 108783 7 23.271801 plms7_8
98 0 85090 8 23.045849 plms7_8
98 0 2811845 9 23.043392 plms7_8
99 0 112267 0 53.644875 plms7_8
99 0 111884 1 39.27368 plms7_8
99 0 110552 2 38.392544 plms7_8
99 0 118121 3 33.29122 plms7_8
99 0 109976 4 33.014706 plms7_8
99 0 104759 5 29.731768 plms7_8
99 0 110578 6 29.509039 plms7_8
99 0 145914 7 27.4738 plms7_8
99 0 109673 8 26.733616 plms7_8
99 0 112723 9 25.796944 plms7_8
100 0 112267 0 72.47117 plms7_8
100 0 110552 1 58.57677 plms7_8
100 0 111884 2 50.81798 plms7_8
100 0 102981 3 45.99284 plms7_8
100 0 101561 4 44.16611 plms7_8
100 0 111886 5 43.68221 plms7_8
100 0 102906 6 43.28087 plms7_8
100 0 104883 7 42.86851 plms7_8
100 0 118049 8 42.16843 plms7_8
100 0 854177 9 41.169754 plms7_8
