1 0 112795 0 27.112633 plms6_10
1 0 149702 1 26.047718 plms6_10
1 0 111116 2 25.973171 plms6_10
1 0 112924 3 25.969591 plms6_10
1 0 102956 4 25.954155 plms6_10
1 0 219732 5 25.342258 plms6_10
1 0 106879 6 25.21385 plms6_10
1 0 102601 7 24.866701 plms6_10
1 0 97605 8 24.403755 plms6_10
1 0 112750 9 24.338856 plms6_10
2 0 84884 0 11.65983 plms6_10
2 0 85680 1 11.507732 plms6_10
2 0 84791 2 11.315311 plms6_10
2 0 84798 3 11.24937 plms6_10
2 0 85297 4 10.7616625 plms6_10
2 0 103525 5 10.315336 plms6_10
2 0 84776 6 10.165223 plms6_10
2 0 1087735 7 10.076177 plms6_10
2 0 111302 8 10.07185 plms6_10
2 0 85640 9 10.006882 plms6_10
3 0 3162143 0 38.691025 plms6_10
3 0 145821 1 38.253242 plms6_10
3 0 112584 2 38.168453 plms6_10
3 0 111091 3 38.139862 plms6_10
3 0 215496 4 38.017002 plms6_10
3 0 215694 5 38.017002 plms6_10
3 0 2959735 6 38.01596 plms6_10
3 0 118029 7 37.62673 plms6_10
3 0 112212 8 37.490475 plms6_10
3 0 118475 9 37.382675 plms6_10
4 0 215496 0 45.40917 plms6_10
4 0 215694 1 45.40917 plms6_10
4 0 2959735 2 45.407085 plms6_10
4 0 107492 3 45.339264 plms6_10
4 0 149007 4 43.630882 plms6_10
4 0 111091 5 42.28454 plms6_10
4 0 102354 6 41.78769 plms6_10
4 0 111513 7 41.449535 plms6_10
4 0 118029 8 41.33329 plms6_10
4 0 106656 9 41.11241 plms6_10
5 0 110056 0 27.369385 plms6_10
5 0 183480 1 26.455774 plms6_10
5 0 108089 2 25.35764 plms6_10
5 0 111789 3 24.602873 plms6_10
5 0 118217 4 24.097622 plms6_10
5 0 117911 5 23.526688 plms6_10
5 0 118174 6 23.357124 plms6_10
5 0 1087604 7 22.534313 plms6_10
5 0 104150 8 21.55428 plms6_10
5 0 1740 9 21.29671 plms6_10
6 0 2811844 0 24.141943 plms6_10
6 0 2959750 1 24.141943 plms6_10
6 0 117932 2 20.653013 plms6_10
6 0 110883 3 20.027287 plms6_10
6 0 105790 4 18.73488 plms6_10
6 0 106257 5 17.759634 plms6_10
6 0 112931 6 16.357246 plms6_10
6 0 111366 7 16.201548 plms6_10
6 0 110048 8 15.905952 plms6_10
6 0 626208 9 15.709031 plms6_10
7 0 145715 0 31.537394 plms6_10
7 0 3195892 1 30.564613 plms6_10
7 0 118511 2 30.163893 plms6_10
7 0 147531 3 30.106567 plms6_10
7 0 2675751 4 30.077177 plms6_10
7 0 214949 5 28.851816 plms6_10
7 0 215071 6 28.851816 plms6_10
7 0 145868 7 28.730242 plms6_10
7 0 2678467 8 28.334322 plms6_10
7 0 2679202 9 28.334322 plms6_10
8 0 145738 0 16.731092 plms6_10
8 0 111065 1 16.141497 plms6_10
8 0 3153112 2 15.737833 plms6_10
8 0 2812210 3 15.717896 plms6_10
8 0 2760668 4 15.389302 plms6_10
8 0 109837 5 15.316292 plms6_10
8 0 111300 6 15.306088 plms6_10
8 0 205606 7 15.146253 plms6_10
8 0 2959736 8 15.146253 plms6_10
8 0 104034 9 15.136452 plms6_10
9 0 110543 0 48.305702 plms6_10
9 0 111191 1 42.901024 plms6_10
9 0 111694 2 42.885204 plms6_10
9 0 112641 3 42.474865 plms6_10
9 0 111680 4 38.97579 plms6_10
9 0 118212 5 38.85909 plms6_10
9 0 127923 6 38.74536 plms6_10
9 0 118318 7 37.897614 plms6_10
9 0 109720 8 37.775543 plms6_10
9 0 2675751 9 37.701748 plms6_10
10 0 112094 0 36.862648 plms6_10
10 0 112931 1 36.772274 plms6_10
10 0 112423 2 35.853214 plms6_10
10 0 112834 3 34.32447 plms6_10
10 0 145665 4 34.241318 plms6_10
10 0 145713 5 34.124283 plms6_10
10 0 147531 6 34.020004 plms6_10
10 0 108763 7 33.614235 plms6_10
10 0 112227 8 33.413784 plms6_10
10 0 112318 9 33.346706 plms6_10
11 0 623142 0 24.849146 plms6_10
11 0 3187209 1 24.709461 plms6_10
11 0 108288 2 23.934423 plms6_10
11 0 1747 3 23.358923 plms6_10
11 0 616357 4 23.190897 plms6_10
11 0 2743678 5 22.919018 plms6_10
11 0 2959755 6 22.919018 plms6_10
11 0 220538 7 22.858343 plms6_10
11 0 146981 8 22.468884 plms6_10
11 0 2641101 9 22.256786 plms6_10
12 0 2672535 0 25.992811 plms6_10
12 0 809121 1 20.763199 plms6_10
12 0 4154603 2 19.751747 plms6_10
12 0 2680438 3 18.821201 plms6_10
12 0 621195 4 18.226095 plms6_10
12 0 621270 5 18.226095 plms6_10
12 0 4155979 6 18.003195 plms6_10
12 0 3153112 7 17.963196 plms6_10
12 0 96880 8 17.87303 plms6_10
12 0 4151830 9 17.835377 plms6_10
13 0 614392 0 44.85114 plms6_10
13 0 614485 1 44.85114 plms6_10
13 0 2812588 2 42.22123 plms6_10
13 0 4162111 3 39.45071 plms6_10
13 0 4106440 4 38.932693 plms6_10
13 0 3170728 5 37.703175 plms6_10
13 0 2642828 6 36.9737 plms6_10
13 0 124715 7 36.213097 plms6_10
13 0 3168776 8 35.615963 plms6_10
13 0 802973 9 35.440186 plms6_10
14 0 124715 0 23.089155 plms6_10
14 0 3199501 1 22.63592 plms6_10
14 0 105155 2 22.414986 plms6_10
14 0 2812588 3 22.312794 plms6_10
14 0 145965 4 22.243052 plms6_10
14 0 145958 5 22.16568 plms6_10
14 0 111591 6 22.142818 plms6_10
14 0 3205768 7 21.975946 plms6_10
14 0 111455 8 21.885668 plms6_10
14 0 811778 9 21.661291 plms6_10
15 0 2812588 0 51.8104 plms6_10
15 0 4015951 1 43.775852 plms6_10
15 0 3207858 2 42.130123 plms6_10
15 0 4106440 3 39.47539 plms6_10
15 0 4151822 4 39.399048 plms6_10
15 0 3199501 5 38.40154 plms6_10
15 0 4162111 6 37.991585 plms6_10
15 0 3177196 7 37.398228 plms6_10
15 0 4151821 8 36.36489 plms6_10
15 0 2806207 9 35.17295 plms6_10
16 0 2812588 0 32.672318 plms6_10
16 0 145966 1 30.457146 plms6_10
16 0 2155 2 29.132475 plms6_10
16 0 145817 3 28.344584 plms6_10
16 0 3199501 4 28.277512 plms6_10
16 0 2770446 5 27.549204 plms6_10
16 0 3183080 6 27.539724 plms6_10
16 0 109079 7 27.302252 plms6_10
16 0 121146 8 27.295757 plms6_10
16 0 112545 9 27.089064 plms6_10
17 0 111302 0 19.637201 plms6_10
17 0 112405 1 18.933054 plms6_10
17 0 118287 2 18.817863 plms6_10
17 0 137746 3 18.746128 plms6_10
17 0 117968 4 18.642286 plms6_10
17 0 105025 5 18.48953 plms6_10
17 0 117987 6 18.312593 plms6_10
17 0 108234 7 18.227156 plms6_10
17 0 111353 8 18.224327 plms6_10
17 0 118231 9 18.059206 plms6_10
18 0 112673 0 38.316315 plms6_10
18 0 112829 1 38.026295 plms6_10
18 0 111710 2 37.70535 plms6_10
18 0 110265 3 37.35463 plms6_10
18 0 118142 4 37.115 plms6_10
18 0 145664 5 36.94168 plms6_10
18 0 111545 6 36.680325 plms6_10
18 0 110810 7 36.660522 plms6_10
18 0 111145 8 36.597347 plms6_10
18 0 112457 9 36.594715 plms6_10
19 0 110883 0 14.740534 plms6_10
19 0 103133 1 14.121498 plms6_10
19 0 104474 2 13.672611 plms6_10
19 0 99101 3 13.322212 plms6_10
19 0 106257 4 13.247865 plms6_10
19 0 93149 5 13.073305 plms6_10
19 0 104895 6 13.058866 plms6_10
19 0 93820 7 12.888369 plms6_10
19 0 102034 8 12.774884 plms6_10
19 0 106314 9 12.598525 plms6_10
20 0 118358 0 21.340244 plms6_10
20 0 108897 1 18.75026 plms6_10
20 0 91942 2 18.67456 plms6_10
20 0 99191 3 17.894022 plms6_10
20 0 94999 4 17.77042 plms6_10
20 0 112155 5 17.492355 plms6_10
20 0 4172500 6 17.238155 plms6_10
20 0 109032 7 16.982296 plms6_10
20 0 4151825 8 16.493086 plms6_10
20 0 106282 9 16.419521 plms6_10
21 0 2659300 0 26.1876 plms6_10
21 0 112846 1 26.175047 plms6_10
21 0 799983 2 25.972054 plms6_10
21 0 118371 3 25.808231 plms6_10
21 0 111858 4 25.761534 plms6_10
21 0 112512 5 25.56911 plms6_10
21 0 145925 6 25.431335 plms6_10
21 0 112068 7 24.55983 plms6_10
21 0 205315 8 23.42142 plms6_10
21 0 112777 9 23.224176 plms6_10
22 0 111517 0 56.28135 plms6_10
22 0 111021 1 51.6948 plms6_10
22 0 117898 2 50.152702 plms6_10
22 0 145644 3 48.347572 plms6_10
22 0 111711 4 48.19785 plms6_10
22 0 106288 5 47.835144 plms6_10
22 0 112737 6 47.34196 plms6_10
22 0 2681318 7 47.28069 plms6_10
22 0 112211 8 47.091343 plms6_10
22 0 108409 9 47.01135 plms6_10
23 0 107645 0 13.368875 plms6_10
23 0 112257 1 12.486074 plms6_10
23 0 110391 2 12.446674 plms6_10
23 0 4162535 3 11.935353 plms6_10
23 0 118172 4 11.543623 plms6_10
23 0 108393 5 11.08305 plms6_10
23 0 134751 6 10.710708 plms6_10
23 0 118449 7 10.658011 plms6_10
23 0 110481 8 10.566546 plms6_10
23 0 117948 9 10.45495 plms6_10
24 0 112257 0 20.708673 plms6_10
24 0 112693 1 19.176735 plms6_10
24 0 118449 2 19.100016 plms6_10
24 0 137736 3 18.55415 plms6_10
24 0 118401 4 18.335648 plms6_10
24 0 127899 5 17.84031 plms6_10
24 0 145695 6 17.11976 plms6_10
24 0 112672 7 17.078445 plms6_10
24 0 217512 8 16.909698 plms6_10
24 0 86423 9 16.776327 plms6_10
25 0 3211503 0 22.671967 plms6_10
25 0 112616 1 21.863405 plms6_10
25 0 112345 2 20.835724 plms6_10
25 0 108129 3 19.15482 plms6_10
25 0 109512 4 18.903675 plms6_10
25 0 108632 5 18.382221 plms6_10
25 0 118021 6 17.787727 plms6_10
25 0 109867 7 17.21864 plms6_10
25 0 820748 8 17.014933 plms6_10
25 0 110043 9 16.734566 plms6_10
26 0 118026 0 41.806614 plms6_10
26 0 145758 1 41.774464 plms6_10
26 0 112324 2 40.958767 plms6_10
26 0 117872 3 40.608757 plms6_10
26 0 112616 4 39.33201 plms6_10
26 0 112724 5 38.954426 plms6_10
26 0 127910 6 38.823814 plms6_10
26 0 118052 7 37.767845 plms6_10
26 0 111056 8 37.599594 plms6_10
26 0 112045 9 37.491066 plms6_10
27 0 4157405 0 26.417767 plms6_10
27 0 4157382 1 26.415596 plms6_10
27 0 118475 2 24.758512 plms6_10
27 0 110706 3 24.379665 plms6_10
27 0 110384 4 23.958664 plms6_10
27 0 110291 5 23.712214 plms6_10
27 0 112071 6 23.398338 plms6_10
27 0 109704 7 23.171366 plms6_10
27 0 112346 8 22.901379 plms6_10
27 0 111141 9 22.735565 plms6_10
28 0 4157382 0 46.628815 plms6_10
28 0 4157405 1 46.628815 plms6_10
28 0 112346 2 36.92151 plms6_10
28 0 111141 3 32.159214 plms6_10
28 0 112523 4 29.686064 plms6_10
28 0 217703 5 29.585472 plms6_10
28 0 103617 6 27.664698 plms6_10
28 0 2679557 7 26.318737 plms6_10
28 0 109947 8 26.270906 plms6_10
28 0 147529 9 25.776678 plms6_10
29 0 145843 0 21.825394 plms6_10
29 0 4151826 1 21.558561 plms6_10
29 0 112620 2 21.506897 plms6_10
29 0 112383 3 21.445305 plms6_10
29 0 899483 4 21.205256 plms6_10
29 0 112173 5 21.017138 plms6_10
29 0 3195890 6 20.989809 plms6_10
29 0 145632 7 20.948715 plms6_10
29 0 145708 8 20.817076 plms6_10
29 0 118073 9 20.758957 plms6_10
30 0 205788 0 40.187122 plms6_10
30 0 145708 1 38.0137 plms6_10
30 0 145841 2 37.124096 plms6_10
30 0 137739 3 36.275158 plms6_10
30 0 218921 4 35.15385 plms6_10
30 0 118117 5 34.632595 plms6_10
30 0 145843 6 34.395977 plms6_10
30 0 112620 7 34.11353 plms6_10
30 0 4151826 8 33.37952 plms6_10
30 0 145761 9 33.322163 plms6_10
31 0 118412 0 31.278688 plms6_10
31 0 136995 1 30.350388 plms6_10
31 0 118424 2 29.658972 plms6_10
31 0 121165 3 29.208117 plms6_10
31 0 118109 4 28.055775 plms6_10
31 0 121164 5 27.82642 plms6_10
31 0 137003 6 27.527624 plms6_10
31 0 127927 7 27.332664 plms6_10
31 0 1758 8 27.27246 plms6_10
31 0 112325 9 27.189497 plms6_10
32 0 93402 0 15.421829 plms6_10
32 0 92148 1 13.617731 plms6_10
32 0 87461 2 13.015326 plms6_10
32 0 111513 3 12.255257 plms6_10
32 0 118423 4 12.154823 plms6_10
32 0 94876 5 12.10298 plms6_10
32 0 87495 6 12.032889 plms6_10
32 0 117937 7 11.978071 plms6_10
32 0 2655591 8 11.927639 plms6_10
32 0 130157 9 11.849939 plms6_10
33 0 2809767 0 25.95195 plms6_10
33 0 2811850 1 25.95195 plms6_10
33 0 2676594 2 22.051659 plms6_10
33 0 2675753 3 21.82141 plms6_10
33 0 2679204 4 21.82141 plms6_10
33 0 118302 5 20.526108 plms6_10
33 0 110667 6 19.718138 plms6_10
33 0 112728 7 18.74467 plms6_10
33 0 108583 8 18.722095 plms6_10
33 0 110138 9 18.0423 plms6_10
34 0 2676594 0 50.2303 plms6_10
34 0 2675753 1 49.38833 plms6_10
34 0 2679204 2 49.38833 plms6_10
34 0 2809767 3 39.601547 plms6_10
34 0 2811850 4 39.601547 plms6_10
34 0 96837 5 27.10875 plms6_10
34 0 142887 6 25.254131 plms6_10
34 0 96499 7 23.337423 plms6_10
34 0 88814 8 23.21951 plms6_10
34 0 108476 9 23.160973 plms6_10
35 0 3205767 0 24.337364 plms6_10
35 0 932061 1 23.834394 plms6_10
35 0 868381 2 23.422607 plms6_10
35 0 3214776 3 21.267868 plms6_10
35 0 821306 4 21.225672 plms6_10
35 0 112268 5 21.133425 plms6_10
35 0 218927 6 20.879725 plms6_10
35 0 118329 7 20.646545 plms6_10
35 0 145782 8 20.45786 plms6_10
35 0 799992 9 20.353964 plms6_10
36 0 109703 0 31.256474 plms6_10
36 0 112009 1 29.004145 plms6_10
36 0 112069 2 28.519508 plms6_10
36 0 110697 3 28.209595 plms6_10
36 0 109923 4 27.27715 plms6_10
36 0 108194 5 26.614304 plms6_10
36 0 110563 6 26.546211 plms6_10
36 0 107731 7 26.511858 plms6_10
36 0 109621 8 26.48767 plms6_10
36 0 112324 9 26.371574 plms6_10
37 0 145731 0 30.217138 plms6_10
37 0 111982 1 29.898417 plms6_10
37 0 118269 2 28.155754 plms6_10
37 0 4151829 3 27.75182 plms6_10
37 0 112910 4 27.632751 plms6_10
37 0 112359 5 26.854712 plms6_10
37 0 100451 6 26.38627 plms6_10
37 0 110742 7 25.797783 plms6_10
37 0 1993216 8 25.693054 plms6_10
37 0 118407 9 25.17121 plms6_10
38 0 118269 0 48.328186 plms6_10
38 0 112910 1 46.238213 plms6_10
38 0 1993216 2 45.81021 plms6_10
38 0 145731 3 44.02731 plms6_10
38 0 112292 4 43.08922 plms6_10
38 0 145855 5 42.68771 plms6_10
38 0 111420 6 42.328476 plms6_10
38 0 111982 7 41.41253 plms6_10
38 0 111264 8 40.137386 plms6_10
38 0 4151829 9 39.635475 plms6_10
39 0 112568 0 18.009203 plms6_10
39 0 111432 1 17.429918 plms6_10
39 0 112936 2 16.625307 plms6_10
39 0 1731 3 16.588161 plms6_10
39 0 102086 4 16.310144 plms6_10
39 0 2674861 5 16.299217 plms6_10
39 0 2675754 6 16.299217 plms6_10
39 0 95048 7 15.562021 plms6_10
39 0 105058 8 15.407239 plms6_10
39 0 112855 9 15.309781 plms6_10
40 0 109623 0 14.139527 plms6_10
40 0 107955 1 13.392565 plms6_10
40 0 106252 2 13.096463 plms6_10
40 0 108636 3 12.90971 plms6_10
40 0 104903 4 12.880943 plms6_10
40 0 108763 5 12.472134 plms6_10
40 0 117893 6 12.310224 plms6_10
40 0 110536 7 12.271561 plms6_10
40 0 97183 8 12.259256 plms6_10
40 0 110437 9 12.2351885 plms6_10
41 0 111509 0 22.312546 plms6_10
41 0 110926 1 22.244268 plms6_10
41 0 142878 2 21.690088 plms6_10
41 0 112413 3 21.403187 plms6_10
41 0 108995 4 21.3592 plms6_10
41 0 111378 5 21.31454 plms6_10
41 0 118066 6 21.231455 plms6_10
41 0 108801 7 21.164331 plms6_10
41 0 111294 8 21.083134 plms6_10
41 0 110979 9 21.079782 plms6_10
42 0 2769807 0 31.558962 plms6_10
42 0 902771 1 31.072002 plms6_10
42 0 903985 2 31.072002 plms6_10
42 0 127898 3 30.860338 plms6_10
42 0 127897 4 30.44278 plms6_10
42 0 146552 5 30.242674 plms6_10
42 0 3171724 6 29.683146 plms6_10
42 0 3177199 7 29.683146 plms6_10
42 0 3177200 8 29.683146 plms6_10
42 0 146984 9 29.531742 plms6_10
43 0 94717 0 15.6954155 plms6_10
43 0 93137 1 15.46438 plms6_10
43 0 90079 2 14.85322 plms6_10
43 0 100926 3 14.828793 plms6_10
43 0 90315 4 14.754488 plms6_10
43 0 112305 5 14.731258 plms6_10
43 0 90942 6 14.60612 plms6_10
43 0 93088 7 14.537509 plms6_10
43 0 106883 8 14.186012 plms6_10
43 0 95854 9 14.019403 plms6_10
44 0 2657927 0 15.444554 plms6_10
44 0 109907 1 14.9981785 plms6_10
44 0 3213871 2 14.887468 plms6_10
44 0 142881 3 14.528755 plms6_10
44 0 110076 4 14.440345 plms6_10
44 0 205202 5 14.378631 plms6_10
44 0 2781925 6 14.358214 plms6_10
44 0 2783506 7 14.342063 plms6_10
44 0 112405 8 14.204807 plms6_10
44 0 109949 9 14.161099 plms6_10
45 0 144101 0 17.678648 plms6_10
45 0 131715 1 15.724582 plms6_10
45 0 133890 2 15.724582 plms6_10
45 0 4157382 3 15.715958 plms6_10
45 0 4157405 4 15.715958 plms6_10
45 0 4157406 5 15.715958 plms6_10
45 0 135844 6 15.601741 plms6_10
45 0 141558 7 15.601741 plms6_10
45 0 108025 8 15.344967 plms6_10
45 0 105688 9 15.281003 plms6_10
46 0 2804673 0 31.550962 plms6_10
46 0 145772 1 29.29068 plms6_10
46 0 866024 2 28.194515 plms6_10
46 0 858802 3 28.194515 plms6_10
46 0 618680 4 26.27433 plms6_10
46 0 623145 5 25.78924 plms6_10
46 0 3204917 6 24.286806 plms6_10
46 0 1269289 7 22.886755 plms6_10
46 0 118453 8 22.602663 plms6_10
46 0 137725 9 22.121607 plms6_10
47 0 2674861 0 31.68565 plms6_10
47 0 2675754 1 31.68565 plms6_10
47 0 108545 2 28.211903 plms6_10
47 0 105417 3 27.039268 plms6_10
47 0 96287 4 26.460333 plms6_10
47 0 142882 5 25.563885 plms6_10
47 0 96147 6 25.517439 plms6_10
47 0 121149 7 25.432854 plms6_10
47 0 111362 8 25.039387 plms6_10
47 0 118218 9 24.440731 plms6_10
48 0 2674861 0 23.875069 plms6_10
48 0 2675754 1 23.875069 plms6_10
48 0 103019 2 20.333635 plms6_10
48 0 112422 3 19.728853 plms6_10
48 0 90684 4 19.40194 plms6_10
48 0 96147 5 19.193386 plms6_10
48 0 91861 6 19.039541 plms6_10
48 0 94040 7 18.489305 plms6_10
48 0 101604 8 18.48782 plms6_10
48 0 108041 9 18.300133 plms6_10
49 0 2672535 0 15.357548 plms6_10
49 0 86691 1 15.216503 plms6_10
49 0 1087667 2 14.777032 plms6_10
49 0 4162535 3 14.754748 plms6_10
49 0 86553 4 14.324406 plms6_10
49 0 99287 5 14.111116 plms6_10
49 0 93146 6 13.843128 plms6_10
49 0 93031 7 13.680736 plms6_10
49 0 93309 8 13.530355 plms6_10
49 0 145823 9 13.411789 plms6_10
50 0 112732 0 17.696459 plms6_10
50 0 112812 1 17.617405 plms6_10
50 0 108195 2 17.37926 plms6_10
50 0 117867 3 17.114525 plms6_10
50 0 112406 4 17.11287 plms6_10
50 0 111829 5 17.10799 plms6_10
50 0 111170 6 17.083208 plms6_10
50 0 109773 7 17.08273 plms6_10
50 0 118191 8 17.035072 plms6_10
50 0 105923 9 17.019785 plms6_10
51 0 145849 0 11.670228 plms6_10
51 0 109715 1 11.654159 plms6_10
51 0 1741 2 11.2986965 plms6_10
51 0 112867 3 11.160378 plms6_10
51 0 107587 4 11.034416 plms6_10
51 0 127913 5 11.026271 plms6_10
51 0 107254 6 10.93933 plms6_10
51 0 145791 7 10.796401 plms6_10
51 0 109466 8 10.776106 plms6_10
51 0 2808293 9 10.769122 plms6_10
52 0 112770 0 23.774477 plms6_10
52 0 91913 1 21.381975 plms6_10
52 0 107187 2 20.755066 plms6_10
52 0 90135 3 20.000546 plms6_10
52 0 90370 4 19.66286 plms6_10
52 0 137750 5 19.45886 plms6_10
52 0 118076 6 18.926891 plms6_10
52 0 90199 7 18.354319 plms6_10
52 0 96265 8 18.305708 plms6_10
52 0 102860 9 18.157564 plms6_10
53 0 811778 0 24.994036 plms6_10
53 0 112573 1 24.657745 plms6_10
53 0 625711 2 24.581654 plms6_10
53 0 118357 3 24.236275 plms6_10
53 0 621045 4 23.969294 plms6_10
53 0 112728 5 23.845978 plms6_10
53 0 88434 6 23.377884 plms6_10
53 0 104615 7 23.04127 plms6_10
53 0 872994 8 22.848791 plms6_10
53 0 111728 9 22.792324 plms6_10
54 0 931614 0 28.824333 plms6_10
54 0 205788 1 28.356226 plms6_10
54 0 145796 2 28.019344 plms6_10
54 0 145632 3 27.962395 plms6_10
54 0 145761 4 27.79771 plms6_10
54 0 145843 5 27.06479 plms6_10
54 0 2358 6 26.806717 plms6_10
54 0 616862 7 26.61373 plms6_10
54 0 148483 8 26.571053 plms6_10
54 0 145708 9 26.430473 plms6_10
55 0 4154603 0 64.2746 plms6_10
55 0 145731 1 53.670097 plms6_10
55 0 111261 2 45.26742 plms6_10
55 0 110774 3 42.97077 plms6_10
55 0 145855 4 39.730385 plms6_10
55 0 112910 5 37.92617 plms6_10
55 0 118269 6 37.801334 plms6_10
55 0 111420 7 36.305115 plms6_10
55 0 110021 8 29.842848 plms6_10
55 0 111982 9 29.66649 plms6_10
56 0 4154603 0 25.999163 plms6_10
56 0 110021 1 24.885202 plms6_10
56 0 107743 2 24.662437 plms6_10
56 0 110736 3 24.01348 plms6_10
56 0 109215 4 23.121975 plms6_10
56 0 109882 5 23.03693 plms6_10
56 0 145855 6 22.995485 plms6_10
56 0 108115 7 22.631775 plms6_10
56 0 108118 8 22.236717 plms6_10
56 0 111360 9 22.138912 plms6_10
57 0 117992 0 8.265321 plms6_10
57 0 97178 1 8.260887 plms6_10
57 0 96246 2 7.8584805 plms6_10
57 0 2146 3 7.553562 plms6_10
57 0 118496 4 7.53011 plms6_10
57 0 1087837 5 7.524337 plms6_10
57 0 86371 6 7.4974623 plms6_10
57 0 111985 7 7.4887233 plms6_10
57 0 145810 8 7.468318 plms6_10
57 0 88711 9 7.4164643 plms6_10
58 0 118467 0 16.126808 plms6_10
58 0 112633 1 16.054249 plms6_10
58 0 118282 2 15.934345 plms6_10
58 0 821305 3 15.664833 plms6_10
58 0 105233 4 15.544192 plms6_10
58 0 104617 5 15.445679 plms6_10
58 0 145709 6 15.3727865 plms6_10
58 0 103975 7 15.371483 plms6_10
58 0 146982 8 15.210511 plms6_10
58 0 112085 9 15.177484 plms6_10
59 0 2788983 0 42.443577 plms6_10
59 0 112824 1 37.1415 plms6_10
59 0 4170685 2 35.64498 plms6_10
59 0 108227 3 35.38671 plms6_10
59 0 112629 4 35.279545 plms6_10
59 0 111325 5 35.166954 plms6_10
59 0 130158 6 35.03957 plms6_10
59 0 110877 7 35.00631 plms6_10
59 0 117874 8 34.84779 plms6_10
59 0 111736 9 34.78432 plms6_10
60 0 931614 0 29.415674 plms6_10
60 0 109706 1 28.084177 plms6_10
60 0 107182 2 25.719963 plms6_10
60 0 145856 3 24.861277 plms6_10
60 0 106027 4 24.604897 plms6_10
60 0 145787 5 22.314085 plms6_10
60 0 107954 6 22.270247 plms6_10
60 0 109810 7 22.112616 plms6_10
60 0 118257 8 21.833496 plms6_10
60 0 104147 9 21.683811 plms6_10
61 0 145923 0 51.215176 plms6_10
61 0 1732 1 46.687973 plms6_10
61 0 145743 2 46.12068 plms6_10
61 0 179213 3 43.35075 plms6_10
61 0 218132 4 42.581158 plms6_10
61 0 2812210 5 42.03897 plms6_10
61 0 1087955 6 41.87877 plms6_10
61 0 2620704 7 41.56251 plms6_10
61 0 218457 8 41.495697 plms6_10
61 0 219815 9 40.96215 plms6_10
62 0 118021 0 19.922585 plms6_10
62 0 145779 1 19.805925 plms6_10
62 0 150543 2 19.571005 plms6_10
62 0 2959732 3 19.571005 plms6_10
62 0 205316 4 19.419893 plms6_10
62 0 1742 5 19.371353 plms6_10
62 0 145734 6 19.339462 plms6_10
62 0 111602 7 19.262794 plms6_10
62 0 2620703 8 19.21284 plms6_10
62 0 111433 9 19.065973 plms6_10
63 0 97779 0 10.2540455 plms6_10
63 0 104355 1 10.157279 plms6_10
63 0 96485 2 10.066662 plms6_10
63 0 104455 3 9.926585 plms6_10
63 0 111177 4 9.915585 plms6_10
63 0 107480 5 9.868241 plms6_10
63 0 107014 6 9.845914 plms6_10
63 0 96019 7 9.801126 plms6_10
63 0 111336 8 9.772249 plms6_10
63 0 107337 9 9.742857 plms6_10
64 0 2758568 0 39.536167 plms6_10
64 0 145895 1 37.223286 plms6_10
64 0 821189 2 29.557985 plms6_10
64 0 110645 3 28.533337 plms6_10
64 0 111051 4 28.035511 plms6_10
64 0 104777 5 27.194935 plms6_10
64 0 102061 6 26.723377 plms6_10
64 0 110542 7 26.444893 plms6_10
64 0 219731 8 26.400074 plms6_10
64 0 108974 9 25.742737 plms6_10
65 0 118123 0 19.936766 plms6_10
65 0 112016 1 13.848384 plms6_10
65 0 122242 2 12.958261 plms6_10
65 0 112677 3 12.818937 plms6_10
65 0 112935 4 12.752501 plms6_10
65 0 111838 5 12.659659 plms6_10
65 0 4151825 6 12.653099 plms6_10
65 0 145667 7 12.498623 plms6_10
65 0 145867 8 12.441552 plms6_10
65 0 2808291 9 12.437293 plms6_10
66 0 3211501 0 28.516571 plms6_10
66 0 111632 1 25.71463 plms6_10
66 0 110251 2 25.17467 plms6_10
66 0 145867 3 24.724554 plms6_10
66 0 110645 4 24.169533 plms6_10
66 0 118123 5 23.865225 plms6_10
66 0 2677564 6 23.391743 plms6_10
66 0 2678135 7 23.391743 plms6_10
66 0 106391 8 23.057417 plms6_10
66 0 108589 9 23.039976 plms6_10
67 0 145635 0 17.805832 plms6_10
67 0 112891 1 17.751251 plms6_10
67 0 110753 2 16.679325 plms6_10
67 0 2959744 3 16.347857 plms6_10
67 0 855518 4 16.347857 plms6_10
67 0 118296 5 16.255243 plms6_10
67 0 142884 6 16.085232 plms6_10
67 0 867645 7 16.040453 plms6_10
67 0 112217 8 15.8322735 plms6_10
67 0 112081 9 15.767832 plms6_10
68 0 106508 0 27.04669 plms6_10
68 0 88583 1 26.366745 plms6_10
68 0 93775 2 25.286444 plms6_10
68 0 110266 3 25.222445 plms6_10
68 0 97112 4 25.028086 plms6_10
68 0 105193 5 24.62849 plms6_10
68 0 110578 6 24.616354 plms6_10
68 0 90668 7 24.578875 plms6_10
68 0 103675 8 24.205074 plms6_10
68 0 106483 9 24.16114 plms6_10
69 0 142877 0 22.010729 plms6_10
69 0 112626 1 21.58805 plms6_10
69 0 145697 2 21.222624 plms6_10
69 0 118343 3 21.220905 plms6_10
69 0 799975 4 21.147991 plms6_10
69 0 130160 5 21.11847 plms6_10
69 0 1087695 6 21.064053 plms6_10
69 0 108430 7 21.007973 plms6_10
69 0 118400 8 20.983717 plms6_10
69 0 107430 9 20.821747 plms6_10
70 0 111709 0 32.032482 plms6_10
70 0 118111 1 31.875656 plms6_10
70 0 112534 2 29.701082 plms6_10
70 0 117961 3 29.49637 plms6_10
70 0 118080 4 27.946226 plms6_10
70 0 117859 5 26.993832 plms6_10
70 0 1087961 6 26.38233 plms6_10
70 0 112927 7 26.01624 plms6_10
70 0 117997 8 25.839094 plms6_10
70 0 118038 9 25.67499 plms6_10
71 0 118052 0 29.634548 plms6_10
71 0 112904 1 29.25179 plms6_10
71 0 112914 2 29.160517 plms6_10
71 0 118234 3 28.059782 plms6_10
71 0 110331 4 27.544706 plms6_10
71 0 145121 5 26.075489 plms6_10
71 0 111103 6 25.715124 plms6_10
71 0 112324 7 25.17665 plms6_10
71 0 118287 8 24.948864 plms6_10
71 0 110936 9 24.753916 plms6_10
72 0 110936 0 20.19845 plms6_10
72 0 117979 1 18.934511 plms6_10
72 0 96673 2 18.785187 plms6_10
72 0 118287 3 17.832493 plms6_10
72 0 108303 4 17.442999 plms6_10
72 0 106623 5 17.394548 plms6_10
72 0 145781 6 17.179081 plms6_10
72 0 97314 7 17.069128 plms6_10
72 0 96752 8 17.046768 plms6_10
72 0 118463 9 17.02382 plms6_10
73 0 104453 0 20.643858 plms6_10
73 0 108736 1 20.47857 plms6_10
73 0 2804674 2 20.104628 plms6_10
73 0 108729 3 19.904005 plms6_10
73 0 110692 4 19.847036 plms6_10
73 0 112386 5 19.729826 plms6_10
73 0 109031 6 19.672962 plms6_10
73 0 110666 7 19.65149 plms6_10
73 0 108538 8 19.525738 plms6_10
73 0 111425 9 19.355585 plms6_10
74 0 2675749 0 18.698246 plms6_10
74 0 111666 1 17.728218 plms6_10
74 0 4154602 2 17.467136 plms6_10
74 0 137003 3 17.46416 plms6_10
74 0 2789928 4 17.457602 plms6_10
74 0 2654534 5 17.405087 plms6_10
74 0 105078 6 17.082146 plms6_10
74 0 218667 7 16.919235 plms6_10
74 0 107564 8 16.891666 plms6_10
74 0 111832 9 16.851677 plms6_10
75 0 2649290 0 42.659286 plms6_10
75 0 2677565 1 42.13281 plms6_10
75 0 2771752 2 42.079597 plms6_10
75 0 112714 3 41.916286 plms6_10
75 0 110415 4 41.186592 plms6_10
75 0 2672210 5 40.1548 plms6_10
75 0 2654755 6 40.1548 plms6_10
75 0 2675751 7 38.092186 plms6_10
75 0 2679835 8 37.825478 plms6_10
75 0 118090 9 37.699165 plms6_10
76 0 1740 0 32.481136 plms6_10
76 0 111945 1 31.005651 plms6_10
76 0 104727 2 30.718967 plms6_10
76 0 108900 3 30.446213 plms6_10
76 0 118390 4 30.425661 plms6_10
76 0 2679833 5 30.404346 plms6_10
76 0 2680440 6 30.404346 plms6_10
76 0 145799 7 29.959883 plms6_10
76 0 118143 8 29.515574 plms6_10
76 0 118298 9 29.349 plms6_10
77 0 104355 0 20.919743 plms6_10
77 0 112626 1 19.330214 plms6_10
77 0 111455 2 18.945456 plms6_10
77 0 111610 3 18.620487 plms6_10
77 0 95933 4 18.589022 plms6_10
77 0 137745 5 18.5436 plms6_10
77 0 97242 6 17.147295 plms6_10
77 0 111664 7 17.141209 plms6_10
77 0 112693 8 16.973455 plms6_10
77 0 112646 9 16.635126 plms6_10
78 0 145632 0 41.969204 plms6_10
78 0 2812588 1 39.598614 plms6_10
78 0 111250 2 36.690823 plms6_10
78 0 104296 3 36.498928 plms6_10
78 0 110863 4 35.77718 plms6_10
78 0 117836 5 35.74492 plms6_10
78 0 112485 6 35.59972 plms6_10
78 0 111019 7 35.512684 plms6_10
78 0 117968 8 35.39198 plms6_10
78 0 802973 9 35.066227 plms6_10
79 0 2680438 0 37.786854 plms6_10
79 0 111009 1 36.571995 plms6_10
79 0 118143 2 36.20157 plms6_10
79 0 3171728 3 34.59652 plms6_10
79 0 110221 4 30.788017 plms6_10
79 0 218665 5 26.762371 plms6_10
79 0 118375 6 25.882414 plms6_10
79 0 111470 7 25.813377 plms6_10
79 0 106328 8 24.534533 plms6_10
79 0 118008 9 24.337826 plms6_10
80 0 108900 0 32.027466 plms6_10
80 0 2679833 1 28.182016 plms6_10
80 0 2680440 2 28.182016 plms6_10
80 0 98551 3 28.07641 plms6_10
80 0 4106441 4 27.6741 plms6_10
80 0 118513 5 27.349955 plms6_10
80 0 106490 6 26.772758 plms6_10
80 0 111945 7 25.79232 plms6_10
80 0 149285 8 25.707666 plms6_10
80 0 142889 9 25.576729 plms6_10
81 0 112260 0 11.947327 plms6_10
81 0 111914 1 11.682632 plms6_10
81 0 112204 2 11.63974 plms6_10
81 0 121157 3 11.540645 plms6_10
81 0 96054 4 11.157666 plms6_10
81 0 145829 5 11.057803 plms6_10
81 0 117840 6 10.977975 plms6_10
81 0 111381 7 10.930371 plms6_10
81 0 902265 8 10.888886 plms6_10
81 0 112341 9 10.852489 plms6_10
82 0 1087945 0 16.714188 plms6_10
82 0 4168363 1 16.514236 plms6_10
82 0 107574 2 16.362377 plms6_10
82 0 104990 3 16.212557 plms6_10
82 0 4172500 4 15.9425955 plms6_10
82 0 118392 5 15.520153 plms6_10
82 0 821305 6 15.492472 plms6_10
82 0 112869 7 15.3464 plms6_10
82 0 104132 8 15.3083 plms6_10
82 0 118212 9 15.269226 plms6_10
83 0 145859 0 42.090668 plms6_10
83 0 111194 1 39.98057 plms6_10
83 0 111333 2 39.137928 plms6_10
83 0 111664 3 37.1504 plms6_10
83 0 112372 4 36.85433 plms6_10
83 0 111663 5 35.857464 plms6_10
83 0 137746 6 35.088745 plms6_10
83 0 820896 7 34.67338 plms6_10
83 0 111246 8 34.415146 plms6_10
83 0 111151 9 34.310474 plms6_10
84 0 111664 0 43.837776 plms6_10
84 0 110361 1 41.74894 plms6_10
84 0 109200 2 41.121754 plms6_10
84 0 111151 3 40.940647 plms6_10
84 0 800858 4 38.931797 plms6_10
84 0 109895 5 38.913177 plms6_10
84 0 109201 6 38.28201 plms6_10
84 0 109695 7 38.0456 plms6_10
84 0 109893 8 37.938915 plms6_10
84 0 122251 9 37.77513 plms6_10
85 0 802973 0 36.40093 plms6_10
85 0 803271 1 36.40093 plms6_10
85 0 2959737 2 36.40093 plms6_10
85 0 137749 3 33.479504 plms6_10
85 0 112240 4 33.191566 plms6_10
85 0 112326 5 32.18111 plms6_10
85 0 107663 6 31.890299 plms6_10
85 0 111586 7 31.88534 plms6_10
85 0 110145 8 31.783648 plms6_10
85 0 111985 9 31.192375 plms6_10
86 0 3171724 0 28.137966 plms6_10
86 0 3177199 1 28.137966 plms6_10
86 0 3177200 2 28.137966 plms6_10
86 0 3205766 3 21.769367 plms6_10
86 0 3195092 4 21.359604 plms6_10
86 0 802973 5 20.692383 plms6_10
86 0 803271 6 20.692383 plms6_10
86 0 2959737 7 20.692383 plms6_10
86 0 3170730 8 19.036455 plms6_10
86 0 3177197 9 19.036455 plms6_10
87 0 112807 0 26.008272 plms6_10
87 0 145818 1 25.395075 plms6_10
87 0 111170 2 23.94337 plms6_10
87 0 111134 3 23.696491 plms6_10
87 0 111728 4 23.569635 plms6_10
87 0 124715 5 23.412813 plms6_10
87 0 2812588 6 23.157927 plms6_10
87 0 145740 7 22.93888 plms6_10
87 0 149653 8 22.469545 plms6_10
87 0 148483 9 22.342485 plms6_10
88 0 103505 0 22.121822 plms6_10
88 0 111976 1 21.310734 plms6_10
88 0 96961 2 20.307165 plms6_10
88 0 181012 3 19.457378 plms6_10
88 0 88617 4 18.782421 plms6_10
88 0 106545 5 18.767458 plms6_10
88 0 145770 6 18.72413 plms6_10
88 0 182991 7 18.659584 plms6_10
88 0 147529 8 18.401081 plms6_10
88 0 94769 9 18.043306 plms6_10
89 0 4151822 0 82.20777 plms6_10
89 0 2812588 1 67.64006 plms6_10
89 0 4162110 2 66.208496 plms6_10
89 0 2770446 3 61.537014 plms6_10
89 0 4094005 4 44.51689 plms6_10
89 0 4106440 5 43.4321 plms6_10
89 0 111029 6 39.560574 plms6_10
89 0 1087693 7 38.79118 plms6_10
89 0 180494 8 38.424706 plms6_10
89 0 145647 9 38.02581 plms6_10
90 0 95346 0 10.902504 plms6_10
90 0 96318 1 10.49444 plms6_10
90 0 96272 2 10.189723 plms6_10
90 0 117985 3 10.158142 plms6_10
90 0 111958 4 10.101825 plms6_10
90 0 121160 5 9.980942 plms6_10
90 0 92164 6 9.836396 plms6_10
90 0 97344 7 9.799442 plms6_10
90 0 112475 8 9.79535 plms6_10
90 0 2654754 9 9.781531 plms6_10
91 0 3212514 0 37.367252 plms6_10
91 0 219097 1 30.152864 plms6_10
91 0 856791 2 30.078743 plms6_10
91 0 110032 3 28.101847 plms6_10
91 0 1087959 4 28.093204 plms6_10
91 0 145785 5 26.7017 plms6_10
91 0 118507 6 26.565302 plms6_10
91 0 145892 7 26.153519 plms6_10
91 0 108567 8 26.016945 plms6_10
91 0 218921 9 25.387888 plms6_10
92 0 111265 0 9.508939 plms6_10
92 0 111622 1 9.225773 plms6_10
92 0 118235 2 9.204993 plms6_10
92 0 118264 3 9.195472 plms6_10
92 0 92362 4 9.137827 plms6_10
92 0 111745 5 9.1036 plms6_10
92 0 127903 6 9.1030245 plms6_10
92 0 145892 7 9.070029 plms6_10
92 0 111732 8 9.046495 plms6_10
92 0 108228 9 8.969958 plms6_10
93 0 110877 0 54.39436 plms6_10
93 0 109610 1 53.23897 plms6_10
93 0 118334 2 50.296787 plms6_10
93 0 110248 3 49.083183 plms6_10
93 0 118107 4 48.34618 plms6_10
93 0 118257 5 47.524254 plms6_10
93 0 110200 6 46.913197 plms6_10
93 0 130158 7 44.898335 plms6_10
93 0 109810 8 44.08354 plms6_10
93 0 931614 9 43.17171 plms6_10
94 0 931614 0 65.20596 plms6_10
94 0 3195891 1 53.276176 plms6_10
94 0 4151827 2 46.234768 plms6_10
94 0 2743641 3 46.202114 plms6_10
94 0 2959756 4 46.202114 plms6_10
94 0 109949 5 45.980667 plms6_10
94 0 118012 6 42.79733 plms6_10
94 0 112683 7 41.81328 plms6_10
94 0 145856 8 40.632343 plms6_10
94 0 118257 9 40.495167 plms6_10
95 0 107232 0 23.017273 plms6_10
95 0 105495 1 21.739414 plms6_10
95 0 108555 2 21.526493 plms6_10
95 0 112765 3 19.444233 plms6_10
95 0 112343 4 18.902138 plms6_10
95 0 112351 5 18.773407 plms6_10
95 0 101725 6 18.158527 plms6_10
95 0 107794 7 17.432388 plms6_10
95 0 110740 8 17.022413 plms6_10
95 0 3214778 9 16.736818 plms6_10
96 0 107955 0 11.800322 plms6_10
96 0 98361 1 11.694345 plms6_10
96 0 105694 2 11.579866 plms6_10
96 0 111987 3 11.554753 plms6_10
96 0 106952 4 11.530035 plms6_10
96 0 111770 5 11.526512 plms6_10
96 0 110076 6 11.487903 plms6_10
96 0 107263 7 11.372572 plms6_10
96 0 111472 8 11.305078 plms6_10
96 0 112296 9 11.26425 plms6_10
97 0 112101 0 29.27561 plms6_10
97 0 111922 1 24.365383 plms6_10
97 0 136993 2 19.980368 plms6_10
97 0 118379 3 19.950405 plms6_10
97 0 2806208 4 16.777605 plms6_10
97 0 2808294 5 16.777605 plms6_10
97 0 134751 6 16.565392 plms6_10
97 0 101098 7 16.490707 plms6_10
97 0 145735 8 15.807454 plms6_10
97 0 118281 9 15.71172 plms6_10
98 0 108650 0 20.615992 plms6_10
98 0 112329 1 20.274584 plms6_10
98 0 112513 2 20.055 plms6_10
98 0 118094 3 20.02918 plms6_10
98 0 130155 4 19.953396 plms6_10
98 0 150541 5 19.73745 plms6_10
98 0 108302 6 19.390087 plms6_10
98 0 117885 7 19.177652 plms6_10
98 0 103150 8 19.165045 plms6_10
98 0 108276 9 19.154144 plms6_10
99 0 112267 0 37.527817 plms6_10
99 0 110552 1 36.15273 plms6_10
99 0 118121 2 32.261288 plms6_10
99 0 111884 3 30.696766 plms6_10
99 0 109976 4 30.690231 plms6_10
99 0 96562 5 25.822416 plms6_10
99 0 100257 6 24.203438 plms6_10
99 0 2620994 7 24.203438 plms6_10
99 0 110578 8 24.141779 plms6_10
99 0 112723 9 23.556025 plms6_10
100 0 110552 0 58.318825 plms6_10
100 0 112267 1 55.54508 plms6_10
100 0 109633 2 41.363594 plms6_10
100 0 104883 3 41.145275 plms6_10
100 0 111884 4 39.895187 plms6_10
100 0 112799 5 37.93506 plms6_10
100 0 110993 6 37.57244 plms6_10
100 0 108405 7 36.525543 plms6_10
100 0 112723 8 36.36958 plms6_10
100 0 102906 9 36.093086 plms6_10
