1 0 118272 0 13.142918 plms3_10
1 0 102956 1 12.708179 plms3_10
1 0 111466 2 12.612946 plms3_10
1 0 104187 3 12.608942 plms3_10
1 0 107740 4 12.59014 plms3_10
1 0 102616 5 12.578832 plms3_10
1 0 110656 6 12.559872 plms3_10
1 0 117908 7 12.516643 plms3_10
1 0 4170684 8 12.465208 plms3_10
1 0 101335 9 12.464942 plms3_10
2 0 623240 0 6.346813 plms3_10
2 0 107406 1 6.278409 plms3_10
2 0 100911 2 6.1825485 plms3_10
2 0 110824 3 6.145496 plms3_10
2 0 112243 4 6.1423817 plms3_10
2 0 96488 5 6.141333 plms3_10
2 0 110097 6 6.119857 plms3_10
2 0 112534 7 6.0956516 plms3_10
2 0 108566 8 6.093588 plms3_10
2 0 101741 9 6.048603 plms3_10
3 0 118029 0 19.414892 plms3_10
3 0 145821 1 19.314968 plms3_10
3 0 111920 2 18.98074 plms3_10
3 0 107492 3 18.94329 plms3_10
3 0 111361 4 18.87585 plms3_10
3 0 215496 5 18.87438 plms3_10
3 0 215694 6 18.87438 plms3_10
3 0 2959735 7 18.873339 plms3_10
3 0 118348 8 18.786932 plms3_10
3 0 3162143 9 18.782549 plms3_10
4 0 107492 0 33.449566 plms3_10
4 0 122248 1 32.860573 plms3_10
4 0 106086 2 32.757732 plms3_10
4 0 102354 3 32.660656 plms3_10
4 0 112212 4 32.614998 plms3_10
4 0 145683 5 32.46349 plms3_10
4 0 145821 6 32.191803 plms3_10
4 0 149007 7 32.1773 plms3_10
4 0 215496 8 32.116817 plms3_10
4 0 215694 9 32.116817 plms3_10
5 0 110056 0 17.40074 plms3_10
5 0 183480 1 15.851621 plms3_10
5 0 111789 2 15.780868 plms3_10
5 0 117911 3 15.18985 plms3_10
5 0 108088 4 14.927997 plms3_10
5 0 110625 5 13.999979 plms3_10
5 0 108089 6 13.850523 plms3_10
5 0 109041 7 13.58288 plms3_10
5 0 107872 8 13.312191 plms3_10
5 0 112538 9 13.1190605 plms3_10
6 0 2811844 0 19.244152 plms3_10
6 0 2959750 1 19.244152 plms3_10
6 0 117932 2 18.371428 plms3_10
6 0 105790 3 17.355091 plms3_10
6 0 106257 4 15.054063 plms3_10
6 0 110048 5 14.756978 plms3_10
6 0 105695 6 14.545866 plms3_10
6 0 110883 7 13.420659 plms3_10
6 0 110176 8 12.899264 plms3_10
6 0 108449 9 12.6186495 plms3_10
7 0 2675751 0 24.805605 plms3_10
7 0 2678467 1 24.664188 plms3_10
7 0 2679202 2 24.664188 plms3_10
7 0 2959746 3 24.664188 plms3_10
7 0 147531 4 24.512094 plms3_10
7 0 3158927 5 24.050144 plms3_10
7 0 145868 6 23.75178 plms3_10
7 0 145715 7 23.47352 plms3_10
7 0 112827 8 22.478687 plms3_10
7 0 3195892 9 22.08643 plms3_10
8 0 91433 0 8.633987 plms3_10
8 0 93597 1 8.579872 plms3_10
8 0 89650 2 8.556444 plms3_10
8 0 88516 3 8.486154 plms3_10
8 0 87889 4 8.452708 plms3_10
8 0 96698 5 8.43273 plms3_10
8 0 93169 6 8.431487 plms3_10
8 0 87599 7 8.428099 plms3_10
8 0 96010 8 8.412526 plms3_10
8 0 98224 9 8.384151 plms3_10
9 0 110543 0 32.639973 plms3_10
9 0 111680 1 25.93251 plms3_10
9 0 2675751 2 25.71345 plms3_10
9 0 118212 3 25.67375 plms3_10
9 0 112641 4 25.480867 plms3_10
9 0 127923 5 25.412241 plms3_10
9 0 127887 6 25.407457 plms3_10
9 0 118423 7 25.123636 plms3_10
9 0 104536 8 24.999762 plms3_10
9 0 112537 9 24.617775 plms3_10
10 0 145697 0 17.83526 plms3_10
10 0 111541 1 17.747608 plms3_10
10 0 2795703 2 16.709631 plms3_10
10 0 2797292 3 16.709631 plms3_10
10 0 145665 4 16.614632 plms3_10
10 0 2675751 5 16.560085 plms3_10
10 0 108763 6 16.550482 plms3_10
10 0 145678 7 16.535843 plms3_10
10 0 112641 8 16.396326 plms3_10
10 0 110923 9 16.323969 plms3_10
11 0 623142 0 14.021921 plms3_10
11 0 3207860 1 13.9160185 plms3_10
11 0 2789927 2 13.840204 plms3_10
11 0 215806 3 13.7690525 plms3_10
11 0 2752078 4 13.747873 plms3_10
11 0 809121 5 13.645523 plms3_10
11 0 1758 6 13.550658 plms3_10
11 0 3183080 7 13.550575 plms3_10
11 0 2654277 8 13.505639 plms3_10
11 0 2810523 9 13.436308 plms3_10
12 0 96880 0 16.326145 plms3_10
12 0 95142 1 15.813137 plms3_10
12 0 4162110 2 12.585613 plms3_10
12 0 95036 3 12.361221 plms3_10
12 0 801500 4 12.281748 plms3_10
12 0 2743640 5 11.901773 plms3_10
12 0 94119 6 11.817148 plms3_10
12 0 92317 7 11.703422 plms3_10
12 0 2750100 8 11.2259655 plms3_10
12 0 95831 9 11.16624 plms3_10
13 0 614392 0 21.610327 plms3_10
13 0 614485 1 21.610327 plms3_10
13 0 1752 2 20.383024 plms3_10
13 0 1749 3 19.806526 plms3_10
13 0 3170728 4 19.786415 plms3_10
13 0 4162111 5 19.145191 plms3_10
13 0 2812588 6 18.984072 plms3_10
13 0 145942 7 18.972176 plms3_10
13 0 148795 8 18.787714 plms3_10
13 0 4106440 9 18.432085 plms3_10
14 0 108874 0 15.178553 plms3_10
14 0 105307 1 14.807383 plms3_10
14 0 3199501 2 14.171133 plms3_10
14 0 105690 3 13.086196 plms3_10
14 0 91288 4 12.9960575 plms3_10
14 0 124715 5 12.968626 plms3_10
14 0 109981 6 12.932577 plms3_10
14 0 109002 7 12.853283 plms3_10
14 0 107721 8 12.751127 plms3_10
14 0 109751 9 12.534069 plms3_10
15 0 2812587 0 22.198381 plms3_10
15 0 2959748 1 22.198381 plms3_10
15 0 2810526 2 21.621323 plms3_10
15 0 2809765 3 21.399878 plms3_10
15 0 2809766 4 21.282797 plms3_10
15 0 2811849 5 21.282797 plms3_10
15 0 2809767 6 21.181265 plms3_10
15 0 2811850 7 21.181265 plms3_10
15 0 2810525 8 21.17396 plms3_10
15 0 2811847 9 21.17396 plms3_10
16 0 4151829 0 15.657416 plms3_10
16 0 2620701 1 14.874934 plms3_10
16 0 624280 2 14.848535 plms3_10
16 0 2812588 3 14.40225 plms3_10
16 0 2798228 4 14.391183 plms3_10
16 0 4170685 5 14.270242 plms3_10
16 0 2801434 6 14.181539 plms3_10
16 0 2769807 7 14.091122 plms3_10
16 0 105483 8 13.915726 plms3_10
16 0 145965 9 13.855359 plms3_10
17 0 618679 0 12.268478 plms3_10
17 0 3183081 1 11.107426 plms3_10
17 0 108104 2 10.886957 plms3_10
17 0 623142 3 10.784195 plms3_10
17 0 112918 4 10.746338 plms3_10
17 0 105025 5 10.68761 plms3_10
17 0 215806 6 10.663089 plms3_10
17 0 111302 7 10.596437 plms3_10
17 0 2750101 8 10.510646 plms3_10
17 0 111476 9 10.504511 plms3_10
18 0 118436 0 20.216694 plms3_10
18 0 110810 1 20.126598 plms3_10
18 0 112126 2 19.85698 plms3_10
18 0 112673 3 19.815874 plms3_10
18 0 112128 4 19.794275 plms3_10
18 0 112521 5 19.778606 plms3_10
18 0 112835 6 19.486837 plms3_10
18 0 145865 7 19.140545 plms3_10
18 0 117992 8 19.111912 plms3_10
18 0 620566 9 19.085453 plms3_10
19 0 85761 0 4.569603 plms3_10
19 0 89675 1 4.5660315 plms3_10
19 0 103592 2 4.551246 plms3_10
19 0 112924 3 4.5436735 plms3_10
19 0 85353 4 4.5352864 plms3_10
19 0 91457 5 4.5176315 plms3_10
19 0 97651 6 4.5096807 plms3_10
19 0 97595 7 4.5088906 plms3_10
19 0 98429 8 4.5058994 plms3_10
19 0 110634 9 4.4929013 plms3_10
20 0 108897 0 15.126505 plms3_10
20 0 118442 1 12.854384 plms3_10
20 0 100330 2 12.767568 plms3_10
20 0 98803 3 12.747837 plms3_10
20 0 2516349 4 12.585751 plms3_10
20 0 2651116 5 12.316843 plms3_10
20 0 2654278 6 12.316843 plms3_10
20 0 118254 7 12.155737 plms3_10
20 0 95716 8 12.094852 plms3_10
20 0 2781442 9 11.950885 plms3_10
21 0 112846 0 16.62822 plms3_10
21 0 118371 1 15.9602785 plms3_10
21 0 112068 2 15.430648 plms3_10
21 0 799983 3 15.270132 plms3_10
21 0 111858 4 14.999649 plms3_10
21 0 112512 5 14.986322 plms3_10
21 0 205315 6 14.59555 plms3_10
21 0 111920 7 14.579493 plms3_10
21 0 85426 8 13.936687 plms3_10
21 0 145902 9 13.813906 plms3_10
22 0 110908 0 25.280024 plms3_10
22 0 96577 1 21.434416 plms3_10
22 0 111476 2 21.368216 plms3_10
22 0 102294 3 20.545631 plms3_10
22 0 111711 4 20.233368 plms3_10
22 0 111020 5 20.23085 plms3_10
22 0 108000 6 19.990301 plms3_10
22 0 111173 7 19.452837 plms3_10
22 0 111553 8 19.358953 plms3_10
22 0 110210 9 19.301783 plms3_10
23 0 92144 0 5.5704317 plms3_10
23 0 88422 1 5.1905565 plms3_10
23 0 108725 2 5.176338 plms3_10
23 0 102324 3 5.176278 plms3_10
23 0 108150 4 5.003396 plms3_10
23 0 90659 5 4.9939513 plms3_10
23 0 98585 6 4.9820595 plms3_10
23 0 89755 7 4.759113 plms3_10
23 0 101061 8 4.758915 plms3_10
23 0 112654 9 4.7174587 plms3_10
24 0 118449 0 12.897259 plms3_10
24 0 1738 1 12.699492 plms3_10
24 0 2810525 2 12.427785 plms3_10
24 0 2811847 3 12.427785 plms3_10
24 0 112257 4 12.397701 plms3_10
24 0 112693 5 12.203767 plms3_10
24 0 137736 6 11.931699 plms3_10
24 0 104580 7 11.740176 plms3_10
24 0 100746 8 11.737003 plms3_10
24 0 101349 9 11.418407 plms3_10
25 0 108129 0 13.064879 plms3_10
25 0 799970 1 13.041775 plms3_10
25 0 108632 2 13.019871 plms3_10
25 0 107704 3 12.203083 plms3_10
25 0 94013 4 12.046026 plms3_10
25 0 109306 5 12.011586 plms3_10
25 0 107971 6 11.756244 plms3_10
25 0 99621 7 11.6525135 plms3_10
25 0 111196 8 11.417084 plms3_10
25 0 112345 9 11.305795 plms3_10
26 0 112724 0 32.351856 plms3_10
26 0 117872 1 30.833843 plms3_10
26 0 127899 2 30.435331 plms3_10
26 0 102987 3 30.42361 plms3_10
26 0 118052 4 29.885359 plms3_10
26 0 1087946 5 29.495207 plms3_10
26 0 111103 6 29.35719 plms3_10
26 0 112616 7 29.02389 plms3_10
26 0 112324 8 28.908201 plms3_10
26 0 145758 9 28.901861 plms3_10
27 0 4157382 0 18.86183 plms3_10
27 0 4157405 1 18.86183 plms3_10
27 0 109704 2 18.461245 plms3_10
27 0 111141 3 18.255693 plms3_10
27 0 112071 4 18.072641 plms3_10
27 0 118475 5 17.423803 plms3_10
27 0 145827 6 17.013319 plms3_10
27 0 110384 7 16.705816 plms3_10
27 0 118305 8 16.655838 plms3_10
27 0 110255 9 16.265945 plms3_10
28 0 4157382 0 21.41367 plms3_10
28 0 4157405 1 21.41367 plms3_10
28 0 106130 2 18.798307 plms3_10
28 0 112346 3 18.718876 plms3_10
28 0 112523 4 17.83517 plms3_10
28 0 105453 5 17.767464 plms3_10
28 0 104789 6 16.875334 plms3_10
28 0 104895 7 16.490667 plms3_10
28 0 110902 8 16.296549 plms3_10
28 0 107063 9 16.123129 plms3_10
29 0 218921 0 16.135357 plms3_10
29 0 112704 1 16.016483 plms3_10
29 0 111473 2 15.916815 plms3_10
29 0 111314 3 15.8202 plms3_10
29 0 145796 4 15.798062 plms3_10
29 0 4094005 5 15.788606 plms3_10
29 0 117851 6 15.735647 plms3_10
29 0 205788 7 15.691392 plms3_10
29 0 118073 8 15.6080265 plms3_10
29 0 112620 9 15.566917 plms3_10
30 0 205788 0 28.214619 plms3_10
30 0 145841 1 27.95082 plms3_10
30 0 118045 2 26.977617 plms3_10
30 0 218921 3 26.595682 plms3_10
30 0 137739 4 26.45869 plms3_10
30 0 145843 5 26.218874 plms3_10
30 0 145708 6 25.877554 plms3_10
30 0 112704 7 25.473448 plms3_10
30 0 148795 8 25.08124 plms3_10
30 0 145916 9 24.914429 plms3_10
31 0 1758 0 19.040405 plms3_10
31 0 121165 1 18.834757 plms3_10
31 0 902771 2 18.290388 plms3_10
31 0 903985 3 18.290388 plms3_10
31 0 145936 4 18.05104 plms3_10
31 0 146984 5 17.419773 plms3_10
31 0 145925 6 17.286362 plms3_10
31 0 118424 7 17.223934 plms3_10
31 0 137003 8 17.084496 plms3_10
31 0 145676 9 16.879858 plms3_10
32 0 102047 0 8.799673 plms3_10
32 0 100537 1 8.794094 plms3_10
32 0 93402 2 8.746318 plms3_10
32 0 87041 3 8.2782135 plms3_10
32 0 104629 4 8.254314 plms3_10
32 0 91276 5 8.06776 plms3_10
32 0 92148 6 8.06776 plms3_10
32 0 103012 7 8.043725 plms3_10
32 0 118458 8 7.9128666 plms3_10
32 0 98320 9 7.8147707 plms3_10
33 0 104772 0 8.520222 plms3_10
33 0 118413 1 8.371549 plms3_10
33 0 106705 2 8.1209755 plms3_10
33 0 130159 3 7.843663 plms3_10
33 0 127691 4 7.8398886 plms3_10
33 0 111913 5 7.653417 plms3_10
33 0 90227 6 7.6407657 plms3_10
33 0 110667 7 7.5532546 plms3_10
33 0 145733 8 7.5292683 plms3_10
33 0 98754 9 7.4385858 plms3_10
34 0 2676594 0 20.460691 plms3_10
34 0 2675753 1 20.286713 plms3_10
34 0 2679204 2 20.286713 plms3_10
34 0 2809767 3 15.487789 plms3_10
34 0 2811850 4 15.487789 plms3_10
34 0 130155 5 14.823972 plms3_10
34 0 110030 6 14.392603 plms3_10
34 0 110044 7 13.881752 plms3_10
34 0 104635 8 13.609299 plms3_10
34 0 89237 9 13.590442 plms3_10
35 0 3205767 0 12.856663 plms3_10
35 0 118070 1 12.451702 plms3_10
35 0 104631 2 12.441734 plms3_10
35 0 145696 3 12.303972 plms3_10
35 0 107972 4 11.93229 plms3_10
35 0 104927 5 11.882526 plms3_10
35 0 105317 6 11.705932 plms3_10
35 0 110697 7 11.679995 plms3_10
35 0 105460 8 11.63618 plms3_10
35 0 127928 9 11.596266 plms3_10
36 0 137732 0 16.780369 plms3_10
36 0 109703 1 16.631844 plms3_10
36 0 108736 2 15.637786 plms3_10
36 0 109923 3 15.077706 plms3_10
36 0 110551 4 14.972888 plms3_10
36 0 110697 5 14.963817 plms3_10
36 0 105077 6 14.934847 plms3_10
36 0 110029 7 14.789228 plms3_10
36 0 107731 8 14.769667 plms3_10
36 0 110599 9 14.658852 plms3_10
37 0 112910 0 17.007637 plms3_10
37 0 111982 1 16.98881 plms3_10
37 0 118407 2 16.951395 plms3_10
37 0 145731 3 16.673964 plms3_10
37 0 109528 4 16.094107 plms3_10
37 0 4151829 5 16.0243 plms3_10
37 0 111907 6 16.024122 plms3_10
37 0 1993216 7 15.765032 plms3_10
37 0 118269 8 15.419855 plms3_10
37 0 112359 9 15.266652 plms3_10
38 0 1993216 0 30.707394 plms3_10
38 0 145731 1 30.550472 plms3_10
38 0 118269 2 30.038164 plms3_10
38 0 112910 3 29.478067 plms3_10
38 0 145855 4 28.700115 plms3_10
38 0 111982 5 27.168331 plms3_10
38 0 111420 6 26.631533 plms3_10
38 0 112292 7 26.117878 plms3_10
38 0 4151829 8 25.932089 plms3_10
38 0 145629 9 24.653862 plms3_10
39 0 2674861 0 12.903165 plms3_10
39 0 2675754 1 12.903165 plms3_10
39 0 103135 2 12.749787 plms3_10
39 0 90097 3 12.731571 plms3_10
39 0 112934 4 12.581309 plms3_10
39 0 130141 5 12.482615 plms3_10
39 0 90501 6 12.481054 plms3_10
39 0 1731 7 12.432939 plms3_10
39 0 3213872 8 12.4032 plms3_10
39 0 111432 9 12.394687 plms3_10
40 0 92618 0 7.5473123 plms3_10
40 0 85507 1 7.369927 plms3_10
40 0 112405 2 7.354535 plms3_10
40 0 91493 3 7.344877 plms3_10
40 0 86374 4 7.325374 plms3_10
40 0 87734 5 7.2686925 plms3_10
40 0 92195 6 7.260083 plms3_10
40 0 108884 7 7.23425 plms3_10
40 0 104969 8 7.1998367 plms3_10
40 0 106787 9 7.19068 plms3_10
41 0 111891 0 13.479083 plms3_10
41 0 110926 1 13.312447 plms3_10
41 0 142878 2 13.138626 plms3_10
41 0 111509 3 12.85702 plms3_10
41 0 127916 4 12.821593 plms3_10
41 0 118066 5 12.808347 plms3_10
41 0 112440 6 12.597871 plms3_10
41 0 1269289 7 12.462813 plms3_10
41 0 108801 8 12.457513 plms3_10
41 0 110635 9 12.388409 plms3_10
42 0 801500 0 14.747208 plms3_10
42 0 2769807 1 14.087072 plms3_10
42 0 3171724 2 13.64796 plms3_10
42 0 3177199 3 13.64796 plms3_10
42 0 3177200 4 13.64796 plms3_10
42 0 217512 5 13.553715 plms3_10
42 0 218927 6 13.4596615 plms3_10
42 0 131151 7 13.14003 plms3_10
42 0 182558 8 12.986224 plms3_10
42 0 621308 9 12.973286 plms3_10
43 0 92185 0 11.040852 plms3_10
43 0 90079 1 11.022341 plms3_10
43 0 90942 2 10.775241 plms3_10
43 0 94717 3 10.507591 plms3_10
43 0 93088 4 10.320198 plms3_10
43 0 93137 5 10.315998 plms3_10
43 0 109582 6 10.249872 plms3_10
43 0 90315 7 9.702715 plms3_10
43 0 95879 8 9.690006 plms3_10
43 0 110687 9 9.546776 plms3_10
44 0 4104823 0 12.317211 plms3_10
44 0 109907 1 11.502085 plms3_10
44 0 142881 2 11.485154 plms3_10
44 0 145806 3 11.361874 plms3_10
44 0 3213871 4 11.356709 plms3_10
44 0 2657927 5 11.233894 plms3_10
44 0 106503 6 11.131815 plms3_10
44 0 2390269 7 10.945534 plms3_10
44 0 110076 8 10.8836565 plms3_10
44 0 110070 9 10.868193 plms3_10
45 0 108057 0 11.631397 plms3_10
45 0 112016 1 11.423718 plms3_10
45 0 4157382 2 11.024483 plms3_10
45 0 4157405 3 11.024483 plms3_10
45 0 4157406 4 11.024483 plms3_10
45 0 106081 5 10.6283865 plms3_10
45 0 104798 6 10.510655 plms3_10
45 0 2620701 7 10.498862 plms3_10
45 0 105278 8 10.397686 plms3_10
45 0 108167 9 10.265782 plms3_10
46 0 2804673 0 15.450655 plms3_10
46 0 145772 1 13.403477 plms3_10
46 0 618680 2 11.792382 plms3_10
46 0 866024 3 11.654648 plms3_10
46 0 858802 4 11.654648 plms3_10
46 0 111721 5 11.049305 plms3_10
46 0 108061 6 10.810763 plms3_10
46 0 124874 7 10.439982 plms3_10
46 0 115241 8 10.439982 plms3_10
46 0 117620 9 10.35492 plms3_10
47 0 142874 0 10.9748335 plms3_10
47 0 106976 1 10.799068 plms3_10
47 0 102587 2 10.647005 plms3_10
47 0 118069 3 10.613606 plms3_10
47 0 100662 4 10.613475 plms3_10
47 0 145917 5 10.448284 plms3_10
47 0 91099 6 10.366062 plms3_10
47 0 118028 7 10.261951 plms3_10
47 0 98487 8 10.254411 plms3_10
47 0 104026 9 10.245019 plms3_10
48 0 103136 0 15.592524 plms3_10
48 0 108041 1 14.851667 plms3_10
48 0 107451 2 13.940752 plms3_10
48 0 102961 3 13.655624 plms3_10
48 0 103537 4 13.41197 plms3_10
48 0 103750 5 13.18145 plms3_10
48 0 103191 6 13.07559 plms3_10
48 0 103245 7 13.018841 plms3_10
48 0 103112 8 12.886305 plms3_10
48 0 2674861 9 12.819507 plms3_10
49 0 117950 0 4.6573453 plms3_10
49 0 103458 1 4.6566854 plms3_10
49 0 109735 2 4.6479425 plms3_10
49 0 108743 3 4.616109 plms3_10
49 0 118413 4 4.5963745 plms3_10
49 0 103919 5 4.5655103 plms3_10
49 0 1156721 6 4.5588956 plms3_10
49 0 110315 7 4.555152 plms3_10
49 0 111626 8 4.552331 plms3_10
49 0 111576 9 4.537792 plms3_10
50 0 98180 0 8.48217 plms3_10
50 0 98472 1 8.422522 plms3_10
50 0 98399 2 8.32435 plms3_10
50 0 111253 3 8.284527 plms3_10
50 0 98464 4 8.243755 plms3_10
50 0 95852 5 8.199281 plms3_10
50 0 2679557 6 8.186301 plms3_10
50 0 99090 7 8.173411 plms3_10
50 0 99206 8 8.145031 plms3_10
50 0 98216 9 8.126599 plms3_10
51 0 105627 0 4.240947 plms3_10
51 0 105387 1 4.2172556 plms3_10
51 0 1087604 2 4.2120833 plms3_10
51 0 107803 3 4.204027 plms3_10
51 0 104733 4 4.182163 plms3_10
51 0 110963 5 4.182163 plms3_10
51 0 109119 6 4.1804423 plms3_10
51 0 108963 7 4.1771 plms3_10
51 0 97417 8 4.176834 plms3_10
51 0 104150 9 4.173678 plms3_10
52 0 112770 0 16.495672 plms3_10
52 0 90150 1 16.201996 plms3_10
52 0 85452 2 15.552219 plms3_10
52 0 87549 3 15.101166 plms3_10
52 0 90199 4 14.840614 plms3_10
52 0 87466 5 14.7316885 plms3_10
52 0 88453 6 14.531625 plms3_10
52 0 98744 7 14.482754 plms3_10
52 0 90135 8 14.378791 plms3_10
52 0 93909 9 14.364072 plms3_10
53 0 107406 0 8.880855 plms3_10
53 0 103665 1 8.868461 plms3_10
53 0 105160 2 8.85738 plms3_10
53 0 86621 3 8.845065 plms3_10
53 0 103710 4 8.839393 plms3_10
53 0 97745 5 8.798967 plms3_10
53 0 91240 6 8.670336 plms3_10
53 0 99205 7 8.6622095 plms3_10
53 0 108773 8 8.632409 plms3_10
53 0 107056 9 8.6260605 plms3_10
54 0 109333 0 14.851796 plms3_10
54 0 145630 1 14.80673 plms3_10
54 0 145850 2 14.565309 plms3_10
54 0 624280 3 14.536135 plms3_10
54 0 931614 4 14.301141 plms3_10
54 0 205713 5 14.299861 plms3_10
54 0 931123 6 14.265534 plms3_10
54 0 145807 7 14.237202 plms3_10
54 0 145931 8 14.118184 plms3_10
54 0 2803250 9 14.088573 plms3_10
55 0 4154603 0 30.398626 plms3_10
55 0 111261 1 29.149279 plms3_10
55 0 110774 2 26.988459 plms3_10
55 0 145731 3 24.52136 plms3_10
55 0 112910 4 24.322632 plms3_10
55 0 111420 5 24.288446 plms3_10
55 0 118269 6 23.200851 plms3_10
55 0 118198 7 20.223417 plms3_10
55 0 112883 8 19.727148 plms3_10
55 0 111982 9 18.212648 plms3_10
56 0 107743 0 13.691344 plms3_10
56 0 108307 1 13.657247 plms3_10
56 0 100694 2 13.626101 plms3_10
56 0 106772 3 12.879408 plms3_10
56 0 93143 4 12.628362 plms3_10
56 0 100594 5 12.588477 plms3_10
56 0 110736 6 12.45712 plms3_10
56 0 108849 7 12.413062 plms3_10
56 0 111951 8 12.3526 plms3_10
56 0 108530 9 12.288615 plms3_10
57 0 103899 0 2.2763085 plms3_10
57 0 110536 1 2.270121 plms3_10
57 0 92799 2 2.25893 plms3_10
57 0 103266 3 2.2564023 plms3_10
57 0 1324195 4 2.2564023 plms3_10
57 0 111755 5 2.255601 plms3_10
57 0 111776 6 2.2466912 plms3_10
57 0 101858 7 2.2449257 plms3_10
57 0 99578 8 2.237166 plms3_10
57 0 84951 9 2.2299936 plms3_10
58 0 87434 0 9.963711 plms3_10
58 0 90917 1 9.677093 plms3_10
58 0 93163 2 9.658262 plms3_10
58 0 89478 3 9.3903 plms3_10
58 0 90451 4 9.159824 plms3_10
58 0 87231 5 9.079894 plms3_10
58 0 91890 6 9.053735 plms3_10
58 0 99577 7 9.00426 plms3_10
58 0 93110 8 8.966902 plms3_10
58 0 88106 9 8.950972 plms3_10
59 0 108420 0 19.436975 plms3_10
59 0 820745 1 18.728039 plms3_10
59 0 2788983 2 18.54897 plms3_10
59 0 108228 3 18.246021 plms3_10
59 0 112629 4 18.033333 plms3_10
59 0 108237 5 17.751448 plms3_10
59 0 109716 6 17.571993 plms3_10
59 0 111684 7 17.453022 plms3_10
59 0 110043 8 17.446178 plms3_10
59 0 111472 9 17.354462 plms3_10
60 0 104922 0 13.560766 plms3_10
60 0 107110 1 12.709982 plms3_10
60 0 110291 2 12.673073 plms3_10
60 0 102959 3 12.648628 plms3_10
60 0 110517 4 12.54551 plms3_10
60 0 104775 5 12.538294 plms3_10
60 0 109897 6 12.516774 plms3_10
60 0 145637 7 12.458304 plms3_10
60 0 109129 8 12.42061 plms3_10
60 0 117850 9 12.400463 plms3_10
61 0 145923 0 32.045326 plms3_10
61 0 1087955 1 31.649326 plms3_10
61 0 145743 2 31.565044 plms3_10
61 0 145808 3 30.097172 plms3_10
61 0 145844 4 29.202728 plms3_10
61 0 218132 5 29.151743 plms3_10
61 0 2620704 6 28.551403 plms3_10
61 0 179213 7 28.486792 plms3_10
61 0 1732 8 27.849056 plms3_10
61 0 142875 9 27.203629 plms3_10
62 0 1742 0 14.51556 plms3_10
62 0 104461 1 14.44087 plms3_10
62 0 2620703 2 13.991861 plms3_10
62 0 105176 3 13.767002 plms3_10
62 0 108794 4 13.637885 plms3_10
62 0 1756 5 13.508915 plms3_10
62 0 2620704 6 13.234609 plms3_10
62 0 145734 7 13.1777935 plms3_10
62 0 145779 8 13.172183 plms3_10
62 0 112928 9 13.170252 plms3_10
63 0 98516 0 3.0967543 plms3_10
63 0 117908 1 3.0962622 plms3_10
63 0 110536 2 3.0744867 plms3_10
63 0 145672 3 3.0717134 plms3_10
63 0 84694 4 3.0680537 plms3_10
63 0 109520 5 3.0676935 plms3_10
63 0 104455 6 3.066222 plms3_10
63 0 112795 7 3.0635762 plms3_10
63 0 118006 8 3.063554 plms3_10
63 0 97779 9 3.0620728 plms3_10
64 0 145895 0 14.955235 plms3_10
64 0 2758568 1 14.744976 plms3_10
64 0 112016 2 13.47355 plms3_10
64 0 110645 3 13.063921 plms3_10
64 0 145903 4 12.910908 plms3_10
64 0 118284 5 12.807033 plms3_10
64 0 111265 6 12.709246 plms3_10
64 0 821189 7 12.694512 plms3_10
64 0 145867 8 12.585288 plms3_10
64 0 219731 9 12.577125 plms3_10
65 0 118123 0 16.573116 plms3_10
65 0 118284 1 9.693924 plms3_10
65 0 618680 2 9.639532 plms3_10
65 0 112016 3 9.634718 plms3_10
65 0 111285 4 9.525872 plms3_10
65 0 122242 5 9.504363 plms3_10
65 0 111426 6 9.468882 plms3_10
65 0 112935 7 9.424518 plms3_10
65 0 110645 8 9.421755 plms3_10
65 0 4151825 9 9.4000845 plms3_10
66 0 3211501 0 19.440813 plms3_10
66 0 111632 1 17.634201 plms3_10
66 0 145867 2 17.460766 plms3_10
66 0 110251 3 17.205608 plms3_10
66 0 118123 4 16.525032 plms3_10
66 0 2677564 5 16.38381 plms3_10
66 0 2678135 6 16.38381 plms3_10
66 0 111803 7 16.268398 plms3_10
66 0 110645 8 16.1337 plms3_10
66 0 108589 9 15.910512 plms3_10
67 0 867645 0 13.162099 plms3_10
67 0 145635 1 11.717749 plms3_10
67 0 118296 2 11.535685 plms3_10
67 0 112891 3 11.473959 plms3_10
67 0 91394 4 11.273034 plms3_10
67 0 2959744 5 11.089093 plms3_10
67 0 855518 6 11.089093 plms3_10
67 0 104779 7 11.068899 plms3_10
67 0 107944 8 10.683266 plms3_10
67 0 108336 9 10.661726 plms3_10
68 0 1509274 0 17.061714 plms3_10
68 0 97112 1 16.974977 plms3_10
68 0 106508 2 16.967848 plms3_10
68 0 86797 3 16.948921 plms3_10
68 0 118122 4 16.749233 plms3_10
68 0 111559 5 16.525602 plms3_10
68 0 111436 6 16.45047 plms3_10
68 0 88583 7 16.444262 plms3_10
68 0 103545 8 16.274532 plms3_10
68 0 103787 9 16.245785 plms3_10
69 0 112626 0 15.027768 plms3_10
69 0 88420 1 14.527479 plms3_10
69 0 218921 2 14.281496 plms3_10
69 0 146552 3 14.064506 plms3_10
69 0 127899 4 13.624739 plms3_10
69 0 118343 5 13.582115 plms3_10
69 0 111002 6 13.294871 plms3_10
69 0 867657 7 13.2411 plms3_10
69 0 142877 8 13.190206 plms3_10
69 0 109510 9 13.15025 plms3_10
70 0 110996 0 14.637529 plms3_10
70 0 110789 1 14.066748 plms3_10
70 0 111709 2 13.512764 plms3_10
70 0 110068 3 13.338768 plms3_10
70 0 98010 4 13.317802 plms3_10
70 0 89826 5 13.26366 plms3_10
70 0 108963 6 13.215811 plms3_10
70 0 94074 7 13.196801 plms3_10
70 0 99020 8 13.191556 plms3_10
70 0 92142 9 13.153881 plms3_10
71 0 118052 0 20.348558 plms3_10
71 0 111103 1 19.01333 plms3_10
71 0 110331 2 18.741167 plms3_10
71 0 112904 3 18.613731 plms3_10
71 0 112914 4 18.208675 plms3_10
71 0 110936 5 18.087915 plms3_10
71 0 118234 6 18.06086 plms3_10
71 0 105213 7 17.579096 plms3_10
71 0 108643 8 17.461391 plms3_10
71 0 2621067 9 17.403969 plms3_10
72 0 145950 0 13.681224 plms3_10
72 0 97314 1 13.053798 plms3_10
72 0 145961 2 11.996403 plms3_10
72 0 4162936 3 11.357052 plms3_10
72 0 96673 4 11.214695 plms3_10
72 0 89805 5 10.769606 plms3_10
72 0 107165 6 10.765432 plms3_10
72 0 107893 7 9.882332 plms3_10
72 0 87549 8 9.502574 plms3_10
72 0 108029 9 9.396973 plms3_10
73 0 1737 0 12.735434 plms3_10
73 0 104453 1 12.419246 plms3_10
73 0 103632 2 11.748015 plms3_10
73 0 104534 3 11.6776 plms3_10
73 0 112358 4 10.944894 plms3_10
73 0 118196 5 10.927799 plms3_10
73 0 111344 6 10.805985 plms3_10
73 0 2655499 7 10.717319 plms3_10
73 0 121156 8 10.61624 plms3_10
73 0 106759 9 10.482276 plms3_10
74 0 4168298 0 13.687647 plms3_10
74 0 2675749 1 11.5098 plms3_10
74 0 2381762 2 10.904092 plms3_10
74 0 145909 3 10.610004 plms3_10
74 0 1855418 4 9.731644 plms3_10
74 0 2789927 5 9.425832 plms3_10
74 0 150541 6 9.21935 plms3_10
74 0 98655 7 9.154036 plms3_10
74 0 218667 8 8.954671 plms3_10
74 0 2671723 9 8.577236 plms3_10
75 0 108011 0 27.779768 plms3_10
75 0 108300 1 26.937069 plms3_10
75 0 117993 2 26.144894 plms3_10
75 0 88247 3 26.096642 plms3_10
75 0 110415 4 25.588907 plms3_10
75 0 100360 5 25.173748 plms3_10
75 0 90423 6 25.023005 plms3_10
75 0 112839 7 24.9266 plms3_10
75 0 111557 8 24.832518 plms3_10
75 0 112438 9 24.777416 plms3_10
76 0 107464 0 13.811692 plms3_10
76 0 117864 1 13.616442 plms3_10
76 0 118120 2 13.330038 plms3_10
76 0 96108 3 13.002347 plms3_10
76 0 86326 4 12.952448 plms3_10
76 0 2811844 5 12.952183 plms3_10
76 0 2959750 6 12.952183 plms3_10
76 0 118291 7 12.747917 plms3_10
76 0 118236 8 12.607857 plms3_10
76 0 95133 9 12.462205 plms3_10
77 0 104355 0 14.986154 plms3_10
77 0 112693 1 14.053289 plms3_10
77 0 111610 2 13.947377 plms3_10
77 0 112626 3 13.899711 plms3_10
77 0 112646 4 13.318292 plms3_10
77 0 111455 5 13.316421 plms3_10
77 0 97242 6 13.115959 plms3_10
77 0 105043 7 13.0703125 plms3_10
77 0 110223 8 13.067985 plms3_10
77 0 137745 9 12.8238735 plms3_10
78 0 145632 0 23.216972 plms3_10
78 0 2812588 1 21.739182 plms3_10
78 0 105930 2 20.339819 plms3_10
78 0 117187 3 19.19787 plms3_10
78 0 104784 4 19.016209 plms3_10
78 0 118148 5 18.711298 plms3_10
78 0 101362 6 18.602646 plms3_10
78 0 104999 7 18.425226 plms3_10
78 0 112255 8 18.4073 plms3_10
78 0 2390269 9 18.378496 plms3_10
79 0 118143 0 15.302786 plms3_10
79 0 111009 1 15.169299 plms3_10
79 0 3171728 2 14.387108 plms3_10
79 0 110183 3 13.220586 plms3_10
79 0 1210205 4 12.907052 plms3_10
79 0 118513 5 12.646945 plms3_10
79 0 110221 6 12.430008 plms3_10
79 0 118246 7 12.361029 plms3_10
79 0 118372 8 12.261757 plms3_10
79 0 101490 9 12.042831 plms3_10
80 0 108900 0 18.627005 plms3_10
80 0 118513 1 17.19346 plms3_10
80 0 98551 2 15.883264 plms3_10
80 0 2803250 3 15.594034 plms3_10
80 0 103746 4 15.435577 plms3_10
80 0 96040 5 15.291653 plms3_10
80 0 118143 6 15.136316 plms3_10
80 0 4106441 7 14.974968 plms3_10
80 0 112511 8 14.729958 plms3_10
80 0 623145 9 14.530988 plms3_10
81 0 112867 0 4.448987 plms3_10
81 0 145965 1 4.3999486 plms3_10
81 0 111694 2 4.373522 plms3_10
81 0 100401 3 4.3733754 plms3_10
81 0 145902 4 4.3709865 plms3_10
81 0 145838 5 4.370042 plms3_10
81 0 206097 6 4.3679495 plms3_10
81 0 2783506 7 4.3592086 plms3_10
81 0 111693 8 4.350499 plms3_10
81 0 111455 9 4.341419 plms3_10
82 0 92475 0 11.232733 plms3_10
82 0 101617 1 10.919705 plms3_10
82 0 93425 2 10.730311 plms3_10
82 0 95235 3 10.504568 plms3_10
82 0 107574 4 10.441505 plms3_10
82 0 104132 5 10.412532 plms3_10
82 0 104660 6 10.220631 plms3_10
82 0 4168363 7 10.113319 plms3_10
82 0 86916 8 10.109803 plms3_10
82 0 4172500 9 10.059809 plms3_10
83 0 145859 0 26.874884 plms3_10
83 0 111333 1 26.52887 plms3_10
83 0 112372 2 23.867968 plms3_10
83 0 109038 3 21.759659 plms3_10
83 0 111286 4 19.538122 plms3_10
83 0 137746 5 19.376188 plms3_10
83 0 111194 6 19.358238 plms3_10
83 0 111393 7 19.153841 plms3_10
83 0 118021 8 19.050055 plms3_10
83 0 111663 9 19.031364 plms3_10
84 0 107293 0 26.356318 plms3_10
84 0 800858 1 25.988663 plms3_10
84 0 109695 2 25.385557 plms3_10
84 0 108164 3 24.695074 plms3_10
84 0 108469 4 24.385307 plms3_10
84 0 110681 5 24.326166 plms3_10
84 0 111664 6 24.243801 plms3_10
84 0 110361 7 24.18449 plms3_10
84 0 109895 8 24.108395 plms3_10
84 0 110473 9 23.875854 plms3_10
85 0 107663 0 23.680605 plms3_10
85 0 130153 1 21.813097 plms3_10
85 0 108331 2 21.582888 plms3_10
85 0 118147 3 21.549913 plms3_10
85 0 112319 4 21.360493 plms3_10
85 0 802973 5 21.175093 plms3_10
85 0 803271 6 21.175093 plms3_10
85 0 2959737 7 21.175093 plms3_10
85 0 107439 8 20.24639 plms3_10
85 0 112833 9 20.12546 plms3_10
86 0 3171724 0 13.674047 plms3_10
86 0 3177199 1 13.674047 plms3_10
86 0 3177200 2 13.674047 plms3_10
86 0 101294 3 12.017258 plms3_10
86 0 3170728 4 10.992111 plms3_10
86 0 90600 5 10.753162 plms3_10
86 0 96048 6 10.162912 plms3_10
86 0 3162142 7 10.138933 plms3_10
86 0 88968 8 10.128386 plms3_10
86 0 112184 9 10.034745 plms3_10
87 0 145818 0 21.100813 plms3_10
87 0 111385 1 16.782452 plms3_10
87 0 105004 2 16.551468 plms3_10
87 0 99461 3 16.047756 plms3_10
87 0 4168363 4 15.822642 plms3_10
87 0 112755 5 15.79204 plms3_10
87 0 99736 6 15.663473 plms3_10
87 0 108795 7 15.294755 plms3_10
87 0 106464 8 15.11477 plms3_10
87 0 104718 9 14.957361 plms3_10
88 0 2445368 0 11.303759 plms3_10
88 0 145770 1 11.033554 plms3_10
88 0 182991 2 10.957326 plms3_10
88 0 87841 3 10.746582 plms3_10
88 0 88616 4 10.692984 plms3_10
88 0 97011 5 10.578701 plms3_10
88 0 2642829 6 10.487771 plms3_10
88 0 2643016 7 10.487771 plms3_10
88 0 100335 8 10.426786 plms3_10
88 0 99820 9 10.231962 plms3_10
89 0 4151822 0 71.02199 plms3_10
89 0 4162110 1 60.20061 plms3_10
89 0 2770446 2 56.449776 plms3_10
89 0 2812588 3 55.061375 plms3_10
89 0 180494 4 36.02342 plms3_10
89 0 4106440 5 32.23895 plms3_10
89 0 4094005 6 30.582903 plms3_10
89 0 1087693 7 30.237297 plms3_10
89 0 3153112 8 29.455292 plms3_10
89 0 4151826 9 28.714453 plms3_10
90 0 105906 0 8.874206 plms3_10
90 0 109643 1 8.814224 plms3_10
90 0 111958 2 8.807291 plms3_10
90 0 109921 3 8.784399 plms3_10
90 0 118054 4 8.6991205 plms3_10
90 0 121160 5 8.623546 plms3_10
90 0 111780 6 8.514503 plms3_10
90 0 134743 7 8.498579 plms3_10
90 0 110874 8 8.394303 plms3_10
90 0 112319 9 8.347542 plms3_10
91 0 856791 0 16.7284 plms3_10
91 0 3212514 1 16.167395 plms3_10
91 0 145892 2 15.85075 plms3_10
91 0 624280 3 14.286958 plms3_10
91 0 145785 4 13.9611025 plms3_10
91 0 85145 5 12.97321 plms3_10
91 0 219097 6 12.642881 plms3_10
91 0 145873 7 12.6255455 plms3_10
91 0 1736 8 12.480612 plms3_10
91 0 2642830 9 12.262823 plms3_10
92 0 84694 0 5.411141 plms3_10
92 0 96829 1 5.3647017 plms3_10
92 0 118126 2 5.315773 plms3_10
92 0 2670965 3 5.304372 plms3_10
92 0 112257 4 5.2995834 plms3_10
92 0 218926 5 5.2839584 plms3_10
92 0 118510 6 5.259506 plms3_10
92 0 112403 7 5.2594967 plms3_10
92 0 111622 8 5.2343807 plms3_10
92 0 134736 9 5.2211647 plms3_10
93 0 110877 0 38.781876 plms3_10
93 0 118334 1 32.808914 plms3_10
93 0 109610 2 31.73076 plms3_10
93 0 130158 3 31.37498 plms3_10
93 0 118107 4 31.307863 plms3_10
93 0 110200 5 30.181807 plms3_10
93 0 109711 6 26.920248 plms3_10
93 0 110248 7 25.523718 plms3_10
93 0 112905 8 25.472261 plms3_10
93 0 112824 9 24.134943 plms3_10
94 0 931614 0 32.11975 plms3_10
94 0 3195891 1 28.19426 plms3_10
94 0 109949 2 25.711279 plms3_10
94 0 2959741 3 25.530573 plms3_10
94 0 931616 4 25.530573 plms3_10
94 0 111736 5 25.395958 plms3_10
94 0 903979 6 25.262985 plms3_10
94 0 902768 7 25.262985 plms3_10
94 0 2743641 8 24.93495 plms3_10
94 0 2959756 9 24.93495 plms3_10
95 0 107232 0 19.350994 plms3_10
95 0 108555 1 18.904491 plms3_10
95 0 105495 2 18.60316 plms3_10
95 0 106171 3 16.346672 plms3_10
95 0 106769 4 15.805849 plms3_10
95 0 101725 5 15.197123 plms3_10
95 0 105822 6 14.470205 plms3_10
95 0 104498 7 13.832812 plms3_10
95 0 145731 8 13.404872 plms3_10
95 0 1993216 9 12.986836 plms3_10
96 0 89198 0 3.5851464 plms3_10
96 0 87852 1 3.5461173 plms3_10
96 0 101469 2 3.5395637 plms3_10
96 0 87744 3 3.528977 plms3_10
96 0 88072 4 3.523559 plms3_10
96 0 97356 5 3.5190604 plms3_10
96 0 88065 6 3.5145428 plms3_10
96 0 88034 7 3.513607 plms3_10
96 0 98008 8 3.5130825 plms3_10
96 0 97633 9 3.5103123 plms3_10
97 0 112101 0 19.24038 plms3_10
97 0 111922 1 16.27929 plms3_10
97 0 136993 2 16.024174 plms3_10
97 0 2806208 3 14.769465 plms3_10
97 0 2808294 4 14.769465 plms3_10
97 0 109115 5 13.507266 plms3_10
97 0 118444 6 13.083664 plms3_10
97 0 145735 7 12.942478 plms3_10
97 0 104748 8 12.841973 plms3_10
97 0 626207 9 12.802763 plms3_10
98 0 110356 0 12.511709 plms3_10
98 0 112123 1 12.331205 plms3_10
98 0 104675 2 12.303571 plms3_10
98 0 108650 3 12.274575 plms3_10
98 0 103150 4 11.479753 plms3_10
98 0 902265 5 11.38077 plms3_10
98 0 105297 6 10.4838505 plms3_10
98 0 104088 7 10.361209 plms3_10
98 0 1210205 8 10.2803335 plms3_10
98 0 103939 9 10.221896 plms3_10
99 0 112267 0 20.433918 plms3_10
99 0 96562 1 18.768122 plms3_10
99 0 110552 2 18.355158 plms3_10
99 0 118121 3 17.236511 plms3_10
99 0 111884 4 16.381863 plms3_10
99 0 109976 5 15.908689 plms3_10
99 0 97084 6 15.612525 plms3_10
99 0 87254 7 15.389021 plms3_10
99 0 106528 8 15.00498 plms3_10
99 0 92187 9 14.710009 plms3_10
100 0 112267 0 32.752304 plms3_10
100 0 108405 1 30.499788 plms3_10
100 0 145787 2 29.775316 plms3_10
100 0 112801 3 29.2715 plms3_10
100 0 106715 4 28.68923 plms3_10
100 0 111884 5 28.654402 plms3_10
100 0 110423 6 28.490555 plms3_10
100 0 110664 7 28.085392 plms3_10
100 0 110552 8 28.071127 plms3_10
100 0 102906 9 27.670467 plms3_10
