1 0 106448 0 23.754019 plms5_10
1 0 102601 1 23.00885 plms5_10
1 0 102956 2 22.862242 plms5_10
1 0 112924 3 22.381996 plms5_10
1 0 104696 4 22.374363 plms5_10
1 0 219732 5 22.238298 plms5_10
1 0 110590 6 22.109247 plms5_10
1 0 1218943 7 21.434233 plms5_10
1 0 106879 8 21.236828 plms5_10
1 0 118272 9 20.807302 plms5_10
2 0 84884 0 10.296433 plms5_10
2 0 84791 1 9.878735 plms5_10
2 0 85680 2 9.843519 plms5_10
2 0 94143 3 9.438492 plms5_10
2 0 84798 4 9.368795 plms5_10
2 0 1087735 5 9.274875 plms5_10
2 0 95917 6 9.11858 plms5_10
2 0 85297 7 9.097449 plms5_10
2 0 89557 8 9.076257 plms5_10
2 0 86376 9 9.075513 plms5_10
3 0 107492 0 24.99354 plms5_10
3 0 118029 1 24.701239 plms5_10
3 0 215496 2 24.52824 plms5_10
3 0 215694 3 24.52824 plms5_10
3 0 2959735 4 24.527199 plms5_10
3 0 3162143 5 24.492563 plms5_10
3 0 109066 6 24.409204 plms5_10
3 0 149007 7 24.386066 plms5_10
3 0 130157 8 24.37124 plms5_10
3 0 118394 9 24.252676 plms5_10
4 0 102354 0 39.679344 plms5_10
4 0 215496 1 39.254963 plms5_10
4 0 215694 2 39.254963 plms5_10
4 0 2959735 3 39.25288 plms5_10
4 0 149288 4 39.072968 plms5_10
4 0 149007 5 38.213814 plms5_10
4 0 117852 6 38.205883 plms5_10
4 0 118248 7 38.012196 plms5_10
4 0 108226 8 37.84707 plms5_10
4 0 107492 9 37.768616 plms5_10
5 0 110056 0 23.188282 plms5_10
5 0 183480 1 23.157274 plms5_10
5 0 111789 2 23.140175 plms5_10
5 0 117911 3 22.051437 plms5_10
5 0 118174 4 20.889875 plms5_10
5 0 108089 5 20.427458 plms5_10
5 0 108088 6 19.6596 plms5_10
5 0 112538 7 19.487843 plms5_10
5 0 107872 8 19.116661 plms5_10
5 0 145731 9 18.88305 plms5_10
6 0 2811844 0 22.284452 plms5_10
6 0 2959750 1 22.284452 plms5_10
6 0 117932 2 19.520401 plms5_10
6 0 105790 3 18.73488 plms5_10
6 0 110883 4 17.83966 plms5_10
6 0 106257 5 17.759634 plms5_10
6 0 111366 6 16.201548 plms5_10
6 0 110048 7 15.905952 plms5_10
6 0 105695 8 14.545866 plms5_10
6 0 112931 9 14.507695 plms5_10
7 0 145715 0 30.456837 plms5_10
7 0 3195892 1 30.177502 plms5_10
7 0 2675751 2 30.077177 plms5_10
7 0 147531 3 28.835983 plms5_10
7 0 118511 4 28.823582 plms5_10
7 0 145868 5 28.730242 plms5_10
7 0 214949 6 27.901503 plms5_10
7 0 215071 7 27.901503 plms5_10
7 0 2678467 8 27.420755 plms5_10
7 0 2679202 9 27.420755 plms5_10
8 0 2771248 0 14.492509 plms5_10
8 0 93532 1 14.45857 plms5_10
8 0 85160 2 14.450323 plms5_10
8 0 95311 3 14.416139 plms5_10
8 0 88055 4 14.356457 plms5_10
8 0 90185 5 14.338339 plms5_10
8 0 95262 6 14.33376 plms5_10
8 0 87936 7 14.257383 plms5_10
8 0 85310 8 14.230547 plms5_10
8 0 95551 9 14.18755 plms5_10
9 0 110543 0 37.87212 plms5_10
9 0 2675751 1 34.954727 plms5_10
9 0 102439 2 34.615303 plms5_10
9 0 112641 3 34.070454 plms5_10
9 0 111694 4 33.90456 plms5_10
9 0 111191 5 33.805153 plms5_10
9 0 111680 6 33.329277 plms5_10
9 0 145908 7 32.4334 plms5_10
9 0 142882 8 32.35845 plms5_10
9 0 118212 9 32.30327 plms5_10
10 0 112094 0 28.312433 plms5_10
10 0 112931 1 28.185562 plms5_10
10 0 112423 2 27.129158 plms5_10
10 0 145713 3 26.59279 plms5_10
10 0 112834 4 26.562452 plms5_10
10 0 147531 5 26.54232 plms5_10
10 0 111541 6 26.436941 plms5_10
10 0 145665 7 25.846296 plms5_10
10 0 112318 8 25.514248 plms5_10
10 0 118466 9 25.138777 plms5_10
11 0 3187209 0 21.828833 plms5_10
11 0 623142 1 21.468693 plms5_10
11 0 108288 2 21.048765 plms5_10
11 0 616357 3 20.464888 plms5_10
11 0 2743678 4 20.364477 plms5_10
11 0 2959755 5 20.364477 plms5_10
11 0 1747 6 20.304583 plms5_10
11 0 1757 7 20.21931 plms5_10
11 0 931123 8 19.921501 plms5_10
11 0 809121 9 19.863928 plms5_10
12 0 2672535 0 19.04126 plms5_10
12 0 2680438 1 18.821201 plms5_10
12 0 3153112 2 17.963196 plms5_10
12 0 96880 3 17.87303 plms5_10
12 0 206098 4 17.011217 plms5_10
12 0 2812586 5 16.985514 plms5_10
12 0 95142 6 16.69889 plms5_10
12 0 809121 7 16.616083 plms5_10
12 0 2675749 8 16.570202 plms5_10
12 0 2810525 9 16.37825 plms5_10
13 0 614392 0 40.52537 plms5_10
13 0 614485 1 40.52537 plms5_10
13 0 4162111 2 35.04929 plms5_10
13 0 2812588 3 34.822655 plms5_10
13 0 4106440 4 32.813934 plms5_10
13 0 145942 5 31.375927 plms5_10
13 0 3170728 6 30.803421 plms5_10
13 0 802973 7 29.320892 plms5_10
13 0 803271 8 29.320892 plms5_10
13 0 2959737 9 29.320892 plms5_10
14 0 3199501 0 21.253014 plms5_10
14 0 124715 1 20.01073 plms5_10
14 0 3205768 2 19.592258 plms5_10
14 0 111591 3 19.502007 plms5_10
14 0 2812588 4 19.487247 plms5_10
14 0 111455 5 19.182568 plms5_10
14 0 145958 6 19.145472 plms5_10
14 0 145965 7 19.107887 plms5_10
14 0 105155 8 18.917719 plms5_10
14 0 811778 9 18.570004 plms5_10
15 0 2812588 0 44.524563 plms5_10
15 0 4015951 1 38.88778 plms5_10
15 0 4151822 2 37.929665 plms5_10
15 0 3207858 3 37.812992 plms5_10
15 0 3199501 4 34.084408 plms5_10
15 0 4162111 5 33.674454 plms5_10
15 0 4106440 6 33.648888 plms5_10
15 0 3177196 7 32.81252 plms5_10
15 0 4151821 8 31.476818 plms5_10
15 0 2806207 9 31.0748 plms5_10
16 0 145965 0 22.691982 plms5_10
16 0 2812588 1 22.320763 plms5_10
16 0 3207861 2 21.648073 plms5_10
16 0 150540 3 21.605793 plms5_10
16 0 111029 4 20.46167 plms5_10
16 0 2152 5 20.452795 plms5_10
16 0 624280 6 20.37116 plms5_10
16 0 3199501 7 20.224834 plms5_10
16 0 111447 8 20.20666 plms5_10
16 0 2155 9 20.167015 plms5_10
17 0 111302 0 16.05685 plms5_10
17 0 109323 1 15.095555 plms5_10
17 0 2672535 2 14.346866 plms5_10
17 0 112571 3 14.337115 plms5_10
17 0 3187209 4 14.325433 plms5_10
17 0 618679 5 14.157384 plms5_10
17 0 108437 6 14.064658 plms5_10
17 0 121172 7 13.930239 plms5_10
17 0 107735 8 13.930133 plms5_10
17 0 118287 9 13.924927 plms5_10
18 0 110265 0 34.454117 plms5_10
18 0 110600 1 33.82596 plms5_10
18 0 104199 2 33.45147 plms5_10
18 0 112673 3 33.229347 plms5_10
18 0 111465 4 33.214504 plms5_10
18 0 112128 5 33.147892 plms5_10
18 0 110810 6 32.88571 plms5_10
18 0 112521 7 32.60113 plms5_10
18 0 112835 8 32.586967 plms5_10
18 0 111304 9 32.524982 plms5_10
19 0 97519 0 11.091295 plms5_10
19 0 99642 1 10.527909 plms5_10
19 0 99295 2 10.051812 plms5_10
19 0 94031 3 9.857527 plms5_10
19 0 96350 4 9.830516 plms5_10
19 0 102601 5 9.59715 plms5_10
19 0 118413 6 9.5001135 plms5_10
19 0 99500 7 9.495096 plms5_10
19 0 95368 8 9.382784 plms5_10
19 0 117988 9 9.259015 plms5_10
20 0 108897 0 17.491867 plms5_10
20 0 4151825 1 16.493086 plms5_10
20 0 118243 2 15.990812 plms5_10
20 0 118442 3 15.701101 plms5_10
20 0 107322 4 15.659099 plms5_10
20 0 107014 5 15.480252 plms5_10
20 0 111853 6 14.954995 plms5_10
20 0 109837 7 14.845672 plms5_10
20 0 104116 8 14.842027 plms5_10
20 0 821431 9 14.736397 plms5_10
21 0 112846 0 20.124628 plms5_10
21 0 799983 1 20.056068 plms5_10
21 0 2659300 2 19.997349 plms5_10
21 0 111858 3 19.853838 plms5_10
21 0 118371 4 19.554564 plms5_10
21 0 112512 5 19.333195 plms5_10
21 0 145925 6 19.142834 plms5_10
21 0 112068 7 18.428064 plms5_10
21 0 205315 8 17.150232 plms5_10
21 0 112534 9 17.059599 plms5_10
22 0 111517 0 41.92992 plms5_10
22 0 111021 1 40.50909 plms5_10
22 0 109975 2 39.117664 plms5_10
22 0 117898 3 39.08379 plms5_10
22 0 145644 4 39.047913 plms5_10
22 0 110694 5 38.63843 plms5_10
22 0 106715 6 38.15676 plms5_10
22 0 109282 7 38.073444 plms5_10
22 0 112737 8 37.808517 plms5_10
22 0 108409 9 37.45992 plms5_10
23 0 107645 0 11.120684 plms5_10
23 0 134751 1 9.505502 plms5_10
23 0 107694 2 9.139523 plms5_10
23 0 108854 3 8.866947 plms5_10
23 0 110598 4 8.839731 plms5_10
23 0 108560 5 8.707344 plms5_10
23 0 109052 6 8.65131 plms5_10
23 0 111119 7 8.585177 plms5_10
23 0 146983 8 8.568518 plms5_10
23 0 110548 9 8.40491 plms5_10
24 0 112257 0 18.535265 plms5_10
24 0 137736 1 17.33393 plms5_10
24 0 118449 2 17.241762 plms5_10
24 0 112693 3 16.824286 plms5_10
24 0 118401 4 16.406471 plms5_10
24 0 86423 5 15.556107 plms5_10
24 0 127899 6 15.48786 plms5_10
24 0 112846 7 14.985699 plms5_10
24 0 100746 8 14.80979 plms5_10
24 0 112672 9 14.7379055 plms5_10
25 0 112345 0 20.835724 plms5_10
25 0 109512 1 18.903675 plms5_10
25 0 108129 2 17.815395 plms5_10
25 0 109867 3 17.21864 plms5_10
25 0 3211503 4 16.936443 plms5_10
25 0 110043 5 16.734566 plms5_10
25 0 108632 6 16.420748 plms5_10
25 0 109238 7 16.149033 plms5_10
25 0 820748 8 15.999408 plms5_10
25 0 112616 9 15.912535 plms5_10
26 0 145758 0 39.515465 plms5_10
26 0 118026 1 38.060905 plms5_10
26 0 112324 2 38.06015 plms5_10
26 0 117872 3 36.938545 plms5_10
26 0 112616 4 35.46068 plms5_10
26 0 127910 5 34.511864 plms5_10
26 0 102987 6 34.35981 plms5_10
26 0 112724 7 34.349316 plms5_10
26 0 111056 8 33.842556 plms5_10
26 0 127899 9 33.5685 plms5_10
27 0 4157405 0 21.614424 plms5_10
27 0 4157382 1 21.612251 plms5_10
27 0 109704 2 21.443233 plms5_10
27 0 111141 3 21.217903 plms5_10
27 0 112071 4 20.89315 plms5_10
27 0 118475 5 20.341057 plms5_10
27 0 145827 6 19.875013 plms5_10
27 0 110384 7 19.602795 plms5_10
27 0 118305 8 19.455153 plms5_10
27 0 3204918 9 19.311434 plms5_10
28 0 4157382 0 38.20429 plms5_10
28 0 4157405 1 38.20429 plms5_10
28 0 112346 2 32.894073 plms5_10
28 0 111141 3 30.046293 plms5_10
28 0 103617 4 27.664698 plms5_10
28 0 112523 5 27.569794 plms5_10
28 0 110902 6 25.565481 plms5_10
28 0 1087666 7 24.876474 plms5_10
28 0 106130 8 24.715544 plms5_10
28 0 107063 9 24.518291 plms5_10
29 0 145843 0 20.503124 plms5_10
29 0 112383 1 20.189407 plms5_10
29 0 4151826 2 20.077871 plms5_10
29 0 112620 3 20.049915 plms5_10
29 0 899483 4 19.669134 plms5_10
29 0 145910 5 19.519236 plms5_10
29 0 112173 6 19.463642 plms5_10
29 0 145632 7 19.367352 plms5_10
29 0 3195890 8 19.354124 plms5_10
29 0 145708 9 19.295273 plms5_10
30 0 205788 0 36.63826 plms5_10
30 0 145708 1 35.05881 plms5_10
30 0 145841 2 33.48556 plms5_10
30 0 137739 3 32.562035 plms5_10
30 0 218921 4 31.95628 plms5_10
30 0 145843 5 30.74714 plms5_10
30 0 112620 6 30.577028 plms5_10
30 0 118117 7 30.49735 plms5_10
30 0 4151826 8 30.155481 plms5_10
30 0 145761 9 29.806864 plms5_10
31 0 118412 0 26.82849 plms5_10
31 0 136995 1 26.244505 plms5_10
31 0 118424 2 26.119326 plms5_10
31 0 137003 3 25.371193 plms5_10
31 0 127927 4 25.010897 plms5_10
31 0 121165 5 24.974174 plms5_10
31 0 127891 6 24.684023 plms5_10
31 0 1758 7 24.39335 plms5_10
31 0 112325 8 24.182743 plms5_10
31 0 111252 9 24.17911 plms5_10
32 0 93402 0 13.81493 plms5_10
32 0 92148 1 12.188467 plms5_10
32 0 87461 2 11.260617 plms5_10
32 0 111513 3 10.872385 plms5_10
32 0 118423 4 10.784795 plms5_10
32 0 130143 5 10.653395 plms5_10
32 0 94876 6 10.483447 plms5_10
32 0 87495 7 10.42599 plms5_10
32 0 2655591 8 10.33412 plms5_10
32 0 100537 9 10.274104 plms5_10
33 0 110667 0 19.718138 plms5_10
33 0 112728 1 18.74467 plms5_10
33 0 110382 2 17.523338 plms5_10
33 0 112487 3 17.403269 plms5_10
33 0 122258 4 16.971813 plms5_10
33 0 110138 5 16.790825 plms5_10
33 0 112369 6 16.772646 plms5_10
33 0 145788 7 16.561768 plms5_10
33 0 108480 8 16.448679 plms5_10
33 0 111433 9 16.387236 plms5_10
34 0 2676594 0 38.597027 plms5_10
34 0 2675753 1 37.888836 plms5_10
34 0 2679204 2 37.888836 plms5_10
34 0 2809767 3 29.067734 plms5_10
34 0 2811850 4 29.067734 plms5_10
34 0 96837 5 24.724466 plms5_10
34 0 130155 6 20.829542 plms5_10
34 0 109012 7 20.403536 plms5_10
34 0 111846 8 20.391401 plms5_10
34 0 130154 9 20.357893 plms5_10
35 0 3205767 0 19.889034 plms5_10
35 0 2657927 1 17.498985 plms5_10
35 0 2678466 2 17.254622 plms5_10
35 0 2788982 3 16.832031 plms5_10
35 0 868381 4 16.774187 plms5_10
35 0 149005 5 16.492485 plms5_10
35 0 2777833 6 16.485485 plms5_10
35 0 3203656 7 16.329445 plms5_10
35 0 3206414 8 16.329445 plms5_10
35 0 4164893 9 16.128544 plms5_10
36 0 109703 0 29.283176 plms5_10
36 0 110697 1 26.05052 plms5_10
36 0 110563 2 25.94193 plms5_10
36 0 112009 3 25.476162 plms5_10
36 0 107731 4 25.40342 plms5_10
36 0 109923 5 25.262093 plms5_10
36 0 110599 6 25.070133 plms5_10
36 0 213843 7 24.480986 plms5_10
36 0 214063 8 24.480986 plms5_10
36 0 214467 9 24.480986 plms5_10
37 0 145731 0 28.475393 plms5_10
37 0 111982 1 26.724848 plms5_10
37 0 112910 2 25.96854 plms5_10
37 0 118269 3 25.960104 plms5_10
37 0 4151829 4 25.511011 plms5_10
37 0 112359 5 24.910574 plms5_10
37 0 1993216 6 24.010683 plms5_10
37 0 145855 7 23.343355 plms5_10
37 0 110742 8 23.28266 plms5_10
37 0 118407 9 23.155619 plms5_10
38 0 118269 0 40.98094 plms5_10
38 0 112910 1 38.887947 plms5_10
38 0 1993216 2 38.7006 plms5_10
38 0 145731 3 36.718422 plms5_10
38 0 145855 4 36.398705 plms5_10
38 0 112292 5 36.36759 plms5_10
38 0 111420 6 35.128086 plms5_10
38 0 111982 7 34.33735 plms5_10
38 0 111264 8 33.13064 plms5_10
38 0 4151829 9 32.60053 plms5_10
39 0 112568 0 18.009203 plms5_10
39 0 111432 1 17.429918 plms5_10
39 0 112936 2 16.625307 plms5_10
39 0 1731 3 16.588161 plms5_10
39 0 102086 4 16.310144 plms5_10
39 0 2674861 5 16.299217 plms5_10
39 0 2675754 6 16.299217 plms5_10
39 0 95048 7 15.562021 plms5_10
39 0 105058 8 15.407239 plms5_10
39 0 112855 9 15.309781 plms5_10
40 0 109623 0 12.591489 plms5_10
40 0 97183 1 12.259256 plms5_10
40 0 107955 2 12.092436 plms5_10
40 0 104903 3 11.730394 plms5_10
40 0 106252 4 11.589601 plms5_10
40 0 108636 5 11.575382 plms5_10
40 0 110536 6 11.4275875 plms5_10
40 0 110507 7 11.134962 plms5_10
40 0 108763 8 10.964487 plms5_10
40 0 117893 9 10.696049 plms5_10
41 0 142878 0 21.0509 plms5_10
41 0 110926 1 20.93569 plms5_10
41 0 111509 2 19.841776 plms5_10
41 0 108995 3 19.801403 plms5_10
41 0 112585 4 19.694296 plms5_10
41 0 112413 5 19.6724 plms5_10
41 0 110635 6 19.637358 plms5_10
41 0 110096 7 19.561531 plms5_10
41 0 110501 8 19.531359 plms5_10
41 0 111294 9 19.525337 plms5_10
42 0 127898 0 24.955303 plms5_10
42 0 3171724 1 24.659718 plms5_10
42 0 3177199 2 24.659718 plms5_10
42 0 3177200 3 24.659718 plms5_10
42 0 2769807 4 24.489513 plms5_10
42 0 146552 5 24.362259 plms5_10
42 0 131151 6 24.0767 plms5_10
42 0 127897 7 24.020292 plms5_10
42 0 218927 8 24.011524 plms5_10
42 0 106865 9 23.960232 plms5_10
43 0 111585 0 13.577841 plms5_10
43 0 94717 1 12.967938 plms5_10
43 0 93137 2 12.843949 plms5_10
43 0 106883 3 12.695238 plms5_10
43 0 90079 4 12.569207 plms5_10
43 0 118339 5 12.446823 plms5_10
43 0 90942 6 12.322107 plms5_10
43 0 112305 7 12.26373 plms5_10
43 0 118066 8 12.152909 plms5_10
43 0 109529 9 12.138306 plms5_10
44 0 4104823 0 13.676336 plms5_10
44 0 142881 1 13.136629 plms5_10
44 0 109907 2 13.054382 plms5_10
44 0 145806 3 12.969045 plms5_10
44 0 2657927 4 12.847292 plms5_10
44 0 3213871 5 12.81178 plms5_10
44 0 2390269 6 12.628211 plms5_10
44 0 106562 7 12.533188 plms5_10
44 0 109949 8 12.530785 plms5_10
44 0 108694 9 12.51747 plms5_10
45 0 4157382 0 15.715958 plms5_10
45 0 4157405 1 15.715958 plms5_10
45 0 4157406 2 15.715958 plms5_10
45 0 108025 3 15.344967 plms5_10
45 0 105688 4 15.281003 plms5_10
45 0 145693 5 14.741823 plms5_10
45 0 112016 6 14.395824 plms5_10
45 0 111526 7 14.29345 plms5_10
45 0 112684 8 13.995116 plms5_10
45 0 112424 9 13.990949 plms5_10
46 0 2804673 0 30.137575 plms5_10
46 0 145772 1 26.137424 plms5_10
46 0 866024 2 25.810442 plms5_10
46 0 858802 3 25.810442 plms5_10
46 0 618680 4 23.77684 plms5_10
46 0 623145 5 22.864435 plms5_10
46 0 3204917 6 21.448414 plms5_10
46 0 1269289 7 21.184036 plms5_10
46 0 150542 8 21.057365 plms5_10
46 0 626207 9 20.391312 plms5_10
47 0 117886 0 19.16568 plms5_10
47 0 112594 1 18.268772 plms5_10
47 0 118197 2 18.157568 plms5_10
47 0 105616 3 18.012798 plms5_10
47 0 99049 4 17.947437 plms5_10
47 0 121149 5 17.84721 plms5_10
47 0 111843 6 17.744913 plms5_10
47 0 118203 7 17.690277 plms5_10
47 0 108279 8 17.60743 plms5_10
47 0 112098 9 17.51041 plms5_10
48 0 2674861 0 23.875069 plms5_10
48 0 2675754 1 23.875069 plms5_10
48 0 90684 2 19.40194 plms5_10
48 0 96147 3 19.193386 plms5_10
48 0 91861 4 19.039541 plms5_10
48 0 94040 5 18.489305 plms5_10
48 0 101604 6 18.48782 plms5_10
48 0 94407 7 18.10947 plms5_10
48 0 96287 8 17.8252 plms5_10
48 0 89573 9 17.680326 plms5_10
49 0 98032 0 11.722961 plms5_10
49 0 2672535 1 11.686164 plms5_10
49 0 106395 2 11.207047 plms5_10
49 0 110682 3 11.179226 plms5_10
49 0 4162535 4 11.0833645 plms5_10
49 0 3205767 5 10.854052 plms5_10
49 0 109201 6 10.63041 plms5_10
49 0 107440 7 10.6004505 plms5_10
49 0 110152 8 10.599991 plms5_10
49 0 108036 9 10.449141 plms5_10
50 0 112732 0 14.299226 plms5_10
50 0 112406 1 14.182212 plms5_10
50 0 112812 2 14.103579 plms5_10
50 0 117867 3 14.100146 plms5_10
50 0 112012 4 13.994009 plms5_10
50 0 110162 5 13.913676 plms5_10
50 0 98325 6 13.908703 plms5_10
50 0 111471 7 13.837395 plms5_10
50 0 109773 8 13.828884 plms5_10
50 0 109776 9 13.825394 plms5_10
51 0 145901 0 8.289229 plms5_10
51 0 103217 1 7.984836 plms5_10
51 0 903973 2 7.9671288 plms5_10
51 0 3216389 3 7.8680506 plms5_10
51 0 108307 4 7.8490906 plms5_10
51 0 105045 5 7.81569 plms5_10
51 0 109627 6 7.7836647 plms5_10
51 0 106181 7 7.6781216 plms5_10
51 0 4170685 8 7.655094 plms5_10
51 0 111276 9 7.6383386 plms5_10
52 0 91913 0 21.381975 plms5_10
52 0 112770 1 20.57233 plms5_10
52 0 90370 2 19.66286 plms5_10
52 0 107187 3 18.849566 plms5_10
52 0 90135 4 18.818958 plms5_10
52 0 102860 5 18.157564 plms5_10
52 0 92777 6 17.651442 plms5_10
52 0 85452 7 17.615559 plms5_10
52 0 102518 8 17.608677 plms5_10
52 0 85447 9 17.291092 plms5_10
53 0 625711 0 21.849184 plms5_10
53 0 112573 1 21.24753 plms5_10
53 0 811778 2 21.033567 plms5_10
53 0 118357 3 20.812057 plms5_10
53 0 872994 4 20.385122 plms5_10
53 0 112728 5 20.344019 plms5_10
53 0 621045 6 20.00291 plms5_10
53 0 88434 7 19.917917 plms5_10
53 0 1087693 8 19.444223 plms5_10
53 0 121172 9 19.400684 plms5_10
54 0 205788 0 26.323967 plms5_10
54 0 616862 1 24.987852 plms5_10
54 0 145796 2 24.8505 plms5_10
54 0 145632 3 24.473085 plms5_10
54 0 931614 4 24.416798 plms5_10
54 0 148483 5 23.650492 plms5_10
54 0 2358 6 23.597147 plms5_10
54 0 145761 7 23.512615 plms5_10
54 0 931123 8 23.460337 plms5_10
54 0 145708 9 23.038338 plms5_10
55 0 4154603 0 38.954357 plms5_10
55 0 111261 1 38.597973 plms5_10
55 0 110774 2 36.228657 plms5_10
55 0 118269 3 31.427608 plms5_10
55 0 112910 4 31.27956 plms5_10
55 0 145731 5 30.82969 plms5_10
55 0 111420 6 29.75835 plms5_10
55 0 112883 7 28.48103 plms5_10
55 0 110021 8 26.764261 plms5_10
55 0 118198 9 25.37177 plms5_10
56 0 4154603 0 24.85471 plms5_10
56 0 110021 1 23.230532 plms5_10
56 0 107743 2 22.931671 plms5_10
56 0 110736 3 22.395996 plms5_10
56 0 109882 4 21.583145 plms5_10
56 0 145855 5 21.482826 plms5_10
56 0 109215 6 21.423792 plms5_10
56 0 108115 7 20.886002 plms5_10
56 0 111360 8 20.658272 plms5_10
56 0 108118 9 20.513653 plms5_10
57 0 91749 0 6.124057 plms5_10
57 0 87224 1 6.0493712 plms5_10
57 0 97178 2 6.0429945 plms5_10
57 0 86920 3 6.0305424 plms5_10
57 0 138003 4 6.0275846 plms5_10
57 0 117992 5 6.018356 plms5_10
57 0 86805 6 5.98843 plms5_10
57 0 87202 7 5.981516 plms5_10
57 0 121160 8 5.7541595 plms5_10
57 0 102646 9 5.7217784 plms5_10
58 0 118282 0 14.231953 plms5_10
58 0 105233 1 14.037599 plms5_10
58 0 112633 2 14.015676 plms5_10
58 0 118467 3 13.772324 plms5_10
58 0 90550 4 13.524596 plms5_10
58 0 821305 5 13.480927 plms5_10
58 0 105897 6 13.33645 plms5_10
58 0 2959744 7 13.326588 plms5_10
58 0 855518 8 13.326588 plms5_10
58 0 105207 9 13.2804785 plms5_10
59 0 2788983 0 35.727898 plms5_10
59 0 112824 1 31.677902 plms5_10
59 0 130158 2 30.887064 plms5_10
59 0 145901 3 30.636534 plms5_10
59 0 111325 4 30.579369 plms5_10
59 0 111736 5 30.373615 plms5_10
59 0 108227 6 30.029242 plms5_10
59 0 145630 7 29.671242 plms5_10
59 0 110248 8 29.596914 plms5_10
59 0 219735 9 29.50935 plms5_10
60 0 109706 0 26.897137 plms5_10
60 0 931614 1 25.874372 plms5_10
60 0 107182 2 24.248186 plms5_10
60 0 106027 3 22.516434 plms5_10
60 0 107954 4 22.270247 plms5_10
60 0 109673 5 21.098146 plms5_10
60 0 109810 6 21.03801 plms5_10
60 0 145856 7 20.487265 plms5_10
60 0 110248 8 20.015537 plms5_10
60 0 118257 9 19.973639 plms5_10
61 0 145923 0 47.826157 plms5_10
61 0 1732 1 44.64244 plms5_10
61 0 145743 2 42.73389 plms5_10
61 0 218132 3 42.578964 plms5_10
61 0 2620704 4 40.675365 plms5_10
61 0 179213 5 39.45774 plms5_10
61 0 1087955 6 39.23216 plms5_10
61 0 145808 7 38.72823 plms5_10
61 0 2812210 8 38.10947 plms5_10
61 0 218457 9 38.109173 plms5_10
62 0 1742 0 18.139225 plms5_10
62 0 145734 1 17.89361 plms5_10
62 0 118131 2 17.629677 plms5_10
62 0 2620703 3 17.514656 plms5_10
62 0 118188 4 17.405405 plms5_10
62 0 150543 5 17.304922 plms5_10
62 0 2959732 6 17.304922 plms5_10
62 0 127898 7 17.269081 plms5_10
62 0 127691 8 17.123867 plms5_10
62 0 104461 9 17.12327 plms5_10
63 0 108823 0 5.4940224 plms5_10
63 0 101025 1 5.465105 plms5_10
63 0 118510 2 5.4428554 plms5_10
63 0 110457 3 5.43154 plms5_10
63 0 110011 4 5.4182386 plms5_10
63 0 98814 5 5.4166107 plms5_10
63 0 118006 6 5.392996 plms5_10
63 0 110001 7 5.3774605 plms5_10
63 0 103648 8 5.3434153 plms5_10
63 0 108990 9 5.3099937 plms5_10
64 0 2758568 0 27.964859 plms5_10
64 0 111285 1 24.267956 plms5_10
64 0 108974 2 21.698503 plms5_10
64 0 111625 3 21.259336 plms5_10
64 0 112803 4 20.759033 plms5_10
64 0 145895 5 20.488329 plms5_10
64 0 110645 6 20.375322 plms5_10
64 0 111051 7 20.054214 plms5_10
64 0 104777 8 19.449587 plms5_10
64 0 112016 9 19.362284 plms5_10
65 0 118123 0 18.627464 plms5_10
65 0 112016 1 11.6609 plms5_10
65 0 122242 2 11.290448 plms5_10
65 0 110645 3 10.904032 plms5_10
65 0 111065 4 10.795209 plms5_10
65 0 112677 5 10.754546 plms5_10
65 0 800568 6 10.719457 plms5_10
65 0 111838 7 10.6963005 plms5_10
65 0 2808291 8 10.683026 plms5_10
65 0 145867 9 10.631837 plms5_10
66 0 3211501 0 27.084927 plms5_10
66 0 111632 1 25.71463 plms5_10
66 0 110251 2 25.17467 plms5_10
66 0 145867 3 24.724554 plms5_10
66 0 110645 4 24.169533 plms5_10
66 0 118123 5 23.865225 plms5_10
66 0 106391 6 23.057417 plms5_10
66 0 108589 7 23.039976 plms5_10
66 0 111803 8 22.237347 plms5_10
66 0 121170 9 22.2149 plms5_10
67 0 145635 0 16.006252 plms5_10
67 0 112891 1 15.632565 plms5_10
67 0 118296 2 15.195534 plms5_10
67 0 1087669 3 14.7322235 plms5_10
67 0 110753 4 14.476788 plms5_10
67 0 867645 5 14.334034 plms5_10
67 0 2959744 6 14.118467 plms5_10
67 0 855518 7 14.118467 plms5_10
67 0 106543 8 14.041335 plms5_10
67 0 112081 9 13.899779 plms5_10
68 0 109426 0 22.055521 plms5_10
68 0 95196 1 21.635967 plms5_10
68 0 103675 2 21.1199 plms5_10
68 0 90402 3 21.064548 plms5_10
68 0 88583 4 21.063467 plms5_10
68 0 89504 5 21.040718 plms5_10
68 0 97693 6 20.983906 plms5_10
68 0 111559 7 20.909346 plms5_10
68 0 106966 8 20.871153 plms5_10
68 0 97112 9 20.781223 plms5_10
69 0 218921 0 18.520363 plms5_10
69 0 112626 1 18.491278 plms5_10
69 0 142877 2 18.408152 plms5_10
69 0 145923 3 17.84172 plms5_10
69 0 118400 4 17.828678 plms5_10
69 0 118343 5 17.815628 plms5_10
69 0 109510 6 17.743536 plms5_10
69 0 146552 7 17.705332 plms5_10
69 0 130160 8 17.495815 plms5_10
69 0 110464 9 17.311146 plms5_10
70 0 111709 0 28.03035 plms5_10
70 0 118111 1 27.111069 plms5_10
70 0 112534 2 25.41507 plms5_10
70 0 117961 3 25.39264 plms5_10
70 0 866022 4 23.462626 plms5_10
70 0 118080 5 23.338972 plms5_10
70 0 1087961 6 22.964108 plms5_10
70 0 117859 7 22.955976 plms5_10
70 0 145739 8 22.714529 plms5_10
70 0 118038 9 22.643787 plms5_10
71 0 118052 0 24.39778 plms5_10
71 0 118234 1 24.02495 plms5_10
71 0 112324 2 23.654335 plms5_10
71 0 112914 3 23.49662 plms5_10
71 0 112904 4 23.148796 plms5_10
71 0 110331 5 23.023724 plms5_10
71 0 112311 6 22.461258 plms5_10
71 0 111103 7 22.242683 plms5_10
71 0 110936 8 22.160666 plms5_10
71 0 117872 9 21.819677 plms5_10
72 0 110936 0 17.958551 plms5_10
72 0 96673 1 17.643602 plms5_10
72 0 97314 2 17.069128 plms5_10
72 0 117979 3 16.237055 plms5_10
72 0 112310 4 16.111189 plms5_10
72 0 112311 5 16.101866 plms5_10
72 0 145781 6 16.001785 plms5_10
72 0 118234 7 15.706202 plms5_10
72 0 145950 8 15.570365 plms5_10
72 0 112904 9 15.56829 plms5_10
73 0 112388 0 18.29234 plms5_10
73 0 112386 1 18.11009 plms5_10
73 0 112517 2 17.549555 plms5_10
73 0 149285 3 17.385357 plms5_10
73 0 111418 4 17.283081 plms5_10
73 0 104315 5 17.230175 plms5_10
73 0 112543 6 17.213001 plms5_10
73 0 104453 7 17.156637 plms5_10
73 0 110692 8 17.075043 plms5_10
73 0 112390 9 16.611319 plms5_10
74 0 2675749 0 16.97301 plms5_10
74 0 111666 1 16.010885 plms5_10
74 0 4154602 2 15.764955 plms5_10
74 0 137003 3 15.745416 plms5_10
74 0 2789928 4 15.701567 plms5_10
74 0 2654534 5 15.65257 plms5_10
74 0 105078 6 15.443859 plms5_10
74 0 108709 7 15.224412 plms5_10
74 0 107564 8 15.213138 plms5_10
74 0 218667 9 15.196486 plms5_10
75 0 2649290 0 37.944866 plms5_10
75 0 110415 1 37.265182 plms5_10
75 0 2677565 2 36.43566 plms5_10
75 0 2771752 3 35.772083 plms5_10
75 0 112714 4 35.670242 plms5_10
75 0 2672210 5 35.576786 plms5_10
75 0 2654755 6 35.576786 plms5_10
75 0 2675751 7 34.56578 plms5_10
75 0 118090 8 34.40689 plms5_10
75 0 108300 9 33.49428 plms5_10
76 0 104727 0 22.592241 plms5_10
76 0 118298 1 22.366251 plms5_10
76 0 96256 2 22.336063 plms5_10
76 0 118513 3 22.311737 plms5_10
76 0 2672210 4 21.994057 plms5_10
76 0 2654755 5 21.994057 plms5_10
76 0 216735 6 21.9714 plms5_10
76 0 216806 7 21.9714 plms5_10
76 0 111508 8 21.759884 plms5_10
76 0 867644 9 21.65794 plms5_10
77 0 104355 0 19.190626 plms5_10
77 0 112626 1 17.710968 plms5_10
77 0 111610 2 17.260489 plms5_10
77 0 111455 3 17.070978 plms5_10
77 0 95933 4 16.968569 plms5_10
77 0 137745 5 16.9285 plms5_10
77 0 614392 6 15.961268 plms5_10
77 0 614485 7 15.961268 plms5_10
77 0 112693 8 15.813769 plms5_10
77 0 97242 9 15.61178 plms5_10
78 0 145632 0 31.753757 plms5_10
78 0 2812588 1 31.105028 plms5_10
78 0 108859 2 29.717308 plms5_10
78 0 117968 3 29.011778 plms5_10
78 0 104784 4 28.451328 plms5_10
78 0 112632 5 28.190304 plms5_10
78 0 106739 6 27.994354 plms5_10
78 0 217703 7 27.765789 plms5_10
78 0 110598 8 27.729868 plms5_10
78 0 108913 9 27.625675 plms5_10
79 0 2680438 0 30.221313 plms5_10
79 0 118143 1 29.744331 plms5_10
79 0 111009 2 27.992283 plms5_10
79 0 3171728 3 27.700579 plms5_10
79 0 218665 4 26.762371 plms5_10
79 0 118375 5 25.882414 plms5_10
79 0 118008 6 24.337826 plms5_10
79 0 110183 7 24.071787 plms5_10
79 0 118513 8 23.698196 plms5_10
79 0 118372 9 23.372398 plms5_10
80 0 108900 0 27.942896 plms5_10
80 0 118513 1 25.1814 plms5_10
80 0 98551 2 24.065613 plms5_10
80 0 2679833 3 23.717403 plms5_10
80 0 2680440 4 23.717403 plms5_10
80 0 149285 5 23.38566 plms5_10
80 0 4106441 6 23.00807 plms5_10
80 0 142889 7 22.797453 plms5_10
80 0 2672210 8 22.367966 plms5_10
80 0 2654755 9 22.367966 plms5_10
81 0 112697 0 8.78522 plms5_10
81 0 112260 1 8.735014 plms5_10
81 0 111914 2 8.719219 plms5_10
81 0 117840 3 8.625781 plms5_10
81 0 111790 4 8.57217 plms5_10
81 0 118226 5 8.514968 plms5_10
81 0 110260 6 8.502559 plms5_10
81 0 117968 7 8.486696 plms5_10
81 0 112503 8 8.44143 plms5_10
81 0 142879 9 8.441377 plms5_10
82 0 4168363 0 15.13104 plms5_10
82 0 1087945 1 15.02211 plms5_10
82 0 107574 2 14.979181 plms5_10
82 0 104990 3 14.635858 plms5_10
82 0 4172500 4 14.116276 plms5_10
82 0 104132 5 14.024652 plms5_10
82 0 112869 6 14.01986 plms5_10
82 0 118392 7 13.9781685 plms5_10
82 0 821305 8 13.745615 plms5_10
82 0 118212 9 13.651062 plms5_10
83 0 145859 0 38.456814 plms5_10
83 0 111333 1 35.86447 plms5_10
83 0 112372 2 34.959515 plms5_10
83 0 111663 3 32.953274 plms5_10
83 0 111194 4 32.80051 plms5_10
83 0 137746 5 32.250084 plms5_10
83 0 111246 6 31.116598 plms5_10
83 0 109038 7 31.095257 plms5_10
83 0 111151 8 30.107233 plms5_10
83 0 112155 9 29.96409 plms5_10
84 0 109200 0 38.359547 plms5_10
84 0 800858 1 38.09657 plms5_10
84 0 109695 2 38.0456 plms5_10
84 0 110361 3 37.90359 plms5_10
84 0 111151 4 37.67187 plms5_10
84 0 111664 5 36.845795 plms5_10
84 0 109895 6 36.253788 plms5_10
84 0 110473 7 35.70586 plms5_10
84 0 109201 8 35.437653 plms5_10
84 0 109893 9 35.427387 plms5_10
85 0 802973 0 30.560677 plms5_10
85 0 803271 1 30.560677 plms5_10
85 0 2959737 2 30.560677 plms5_10
85 0 107663 3 29.904566 plms5_10
85 0 112240 4 29.317808 plms5_10
85 0 118369 5 28.376032 plms5_10
85 0 112319 6 27.953722 plms5_10
85 0 130153 7 27.817797 plms5_10
85 0 112833 8 27.3334 plms5_10
85 0 219734 9 27.322346 plms5_10
86 0 3171724 0 22.05593 plms5_10
86 0 3177199 1 22.05593 plms5_10
86 0 3177200 2 22.05593 plms5_10
86 0 101294 3 18.966858 plms5_10
86 0 109611 4 17.641182 plms5_10
86 0 102855 5 17.217474 plms5_10
86 0 109681 6 17.054985 plms5_10
86 0 3187211 7 16.411669 plms5_10
86 0 131146 8 15.72625 plms5_10
86 0 108840 9 15.59903 plms5_10
87 0 145818 0 24.753456 plms5_10
87 0 112807 1 21.487503 plms5_10
87 0 145826 2 21.10849 plms5_10
87 0 111385 3 20.45167 plms5_10
87 0 149653 4 20.400997 plms5_10
87 0 111170 5 20.394033 plms5_10
87 0 1742 6 19.87938 plms5_10
87 0 112755 7 19.694983 plms5_10
87 0 99736 8 19.613865 plms5_10
87 0 4168363 9 19.267323 plms5_10
88 0 96961 0 19.326464 plms5_10
88 0 103505 1 18.988907 plms5_10
88 0 111976 2 18.668545 plms5_10
88 0 88617 3 17.799417 plms5_10
88 0 181012 4 17.332573 plms5_10
88 0 98822 5 16.92894 plms5_10
88 0 182991 6 16.80057 plms5_10
88 0 182992 7 16.742388 plms5_10
88 0 145770 8 16.08603 plms5_10
88 0 145897 9 16.08128 plms5_10
89 0 4151822 0 78.282936 plms5_10
89 0 2812588 1 63.363594 plms5_10
89 0 4162110 2 63.05124 plms5_10
89 0 2770446 3 57.32952 plms5_10
89 0 4094005 4 38.67883 plms5_10
89 0 4106440 5 38.53942 plms5_10
89 0 180494 6 37.728935 plms5_10
89 0 931124 7 35.238358 plms5_10
89 0 219509 8 35.229557 plms5_10
89 0 213842 9 35.111214 plms5_10
90 0 105906 0 8.876422 plms5_10
90 0 109643 1 8.816442 plms5_10
90 0 111958 2 8.809404 plms5_10
90 0 109921 3 8.786524 plms5_10
90 0 118054 4 8.701338 plms5_10
90 0 121160 5 8.625731 plms5_10
90 0 111780 6 8.516579 plms5_10
90 0 134743 7 8.500715 plms5_10
90 0 110874 8 8.396415 plms5_10
90 0 112319 9 8.349673 plms5_10
91 0 3212514 0 27.68839 plms5_10
91 0 856791 1 27.479443 plms5_10
91 0 145785 2 25.07423 plms5_10
91 0 624280 3 24.662508 plms5_10
91 0 145892 4 24.538935 plms5_10
91 0 219097 5 22.77802 plms5_10
91 0 106545 6 22.658625 plms5_10
91 0 145873 7 22.544697 plms5_10
91 0 107014 8 22.262037 plms5_10
91 0 1087959 9 22.06258 plms5_10
92 0 118126 0 7.2926555 plms5_10
92 0 111622 1 7.1843147 plms5_10
92 0 118510 2 7.163782 plms5_10
92 0 150541 3 7.1530485 plms5_10
92 0 145909 4 7.1407948 plms5_10
92 0 134750 5 7.1248593 plms5_10
92 0 145672 6 7.093925 plms5_10
92 0 218926 7 7.084696 plms5_10
92 0 112669 8 7.041713 plms5_10
92 0 118039 9 7.007911 plms5_10
93 0 110877 0 52.824585 plms5_10
93 0 109610 1 47.96932 plms5_10
93 0 118334 2 47.873928 plms5_10
93 0 118107 3 44.80585 plms5_10
93 0 110248 4 43.97249 plms5_10
93 0 130158 5 43.31137 plms5_10
93 0 110200 6 42.977226 plms5_10
93 0 118257 7 42.01878 plms5_10
93 0 109810 8 40.168858 plms5_10
93 0 111098 9 40.133247 plms5_10
94 0 931614 0 50.380848 plms5_10
94 0 3195891 1 46.0087 plms5_10
94 0 109949 2 42.512108 plms5_10
94 0 112683 3 39.311954 plms5_10
94 0 111359 4 38.212273 plms5_10
94 0 4151827 5 37.951263 plms5_10
94 0 118012 6 37.504795 plms5_10
94 0 107846 7 35.911606 plms5_10
94 0 2743641 8 35.681927 plms5_10
94 0 2959756 9 35.681927 plms5_10
95 0 107232 0 19.353134 plms5_10
95 0 108555 1 18.906654 plms5_10
95 0 105495 2 18.605257 plms5_10
95 0 101725 3 18.158527 plms5_10
95 0 112351 4 17.05752 plms5_10
95 0 106171 5 16.348824 plms5_10
95 0 112343 6 16.282297 plms5_10
95 0 106769 7 15.80781 plms5_10
95 0 112765 8 15.496155 plms5_10
95 0 118272 9 14.781557 plms5_10
96 0 106952 0 10.429201 plms5_10
96 0 105694 1 10.193298 plms5_10
96 0 107955 2 10.166861 plms5_10
96 0 145844 3 10.124792 plms5_10
96 0 107263 4 10.070785 plms5_10
96 0 111770 5 10.033378 plms5_10
96 0 111987 6 9.989774 plms5_10
96 0 98361 7 9.97245 plms5_10
96 0 110076 8 9.95669 plms5_10
96 0 111472 9 9.839151 plms5_10
97 0 112101 0 25.827494 plms5_10
97 0 111922 1 23.128267 plms5_10
97 0 118379 2 19.340376 plms5_10
97 0 136993 3 18.122581 plms5_10
97 0 131148 4 15.407268 plms5_10
97 0 2806208 5 15.281218 plms5_10
97 0 2808294 6 15.281218 plms5_10
97 0 2959744 7 14.8397875 plms5_10
97 0 855518 8 14.8397875 plms5_10
97 0 118444 9 13.722992 plms5_10
98 0 130155 0 17.482965 plms5_10
98 0 150541 1 17.2113 plms5_10
98 0 109400 2 16.868654 plms5_10
98 0 122242 3 16.75892 plms5_10
98 0 108650 4 16.64184 plms5_10
98 0 112123 5 16.418497 plms5_10
98 0 112329 6 16.078722 plms5_10
98 0 111517 7 16.04402 plms5_10
98 0 104675 8 16.043802 plms5_10
98 0 2620703 9 16.015368 plms5_10
99 0 112267 0 26.188498 plms5_10
99 0 110552 1 24.734415 plms5_10
99 0 96562 2 22.846487 plms5_10
99 0 111884 3 22.31394 plms5_10
99 0 118121 4 21.804914 plms5_10
99 0 109976 5 19.780758 plms5_10
99 0 87254 6 19.757086 plms5_10
99 0 89492 7 19.490833 plms5_10
99 0 106528 8 19.2253 plms5_10
99 0 112597 9 18.233507 plms5_10
100 0 112267 0 48.03601 plms5_10
100 0 110552 1 45.749245 plms5_10
100 0 111884 2 37.636005 plms5_10
100 0 108405 3 35.316628 plms5_10
100 0 112801 4 33.881428 plms5_10
100 0 111021 5 33.531776 plms5_10
100 0 110664 6 33.234055 plms5_10
100 0 110423 7 32.867226 plms5_10
100 0 110296 8 32.392944 plms5_10
100 0 111381 9 32.38547 plms5_10
