1 0 116536 0 0.0077199703 plms1_3
1 0 106107 1 0.007655426 plms1_3
1 0 95904 2 0.0076507265 plms1_3
1 0 94873 3 0.0076479707 plms1_3
1 0 91149 4 0.0076478645 plms1_3
1 0 116537 5 0.007645253 plms1_3
1 0 94876 6 0.007642741 plms1_3
1 0 97448 7 0.0076426296 plms1_3
1 0 92702 8 0.0076420046 plms1_3
1 0 109146 9 0.0076418803 plms1_3
2 0 95917 0 7.1771464 plms1_3
2 0 84799 1 6.946721 plms1_3
2 0 85277 2 6.6406565 plms1_3
2 0 84884 3 6.6406565 plms1_3
2 0 102321 4 6.551515 plms1_3
2 0 103525 5 6.1547976 plms1_3
2 0 84798 6 6.104244 plms1_3
2 0 84791 7 6.103677 plms1_3
2 0 84632 8 5.844971 plms1_3
2 0 85189 9 5.665236 plms1_3
3 0 117937 0 9.722336 plms1_3
3 0 130157 1 9.718787 plms1_3
3 0 899484 2 9.696906 plms1_3
3 0 78783 3 9.696077 plms1_3
3 0 118394 4 9.6855345 plms1_3
3 0 122248 5 9.679419 plms1_3
3 0 149007 6 9.674386 plms1_3
3 0 117907 7 9.667057 plms1_3
3 0 2655591 8 9.659805 plms1_3
3 0 111623 9 9.650389 plms1_3
4 0 117937 0 9.722336 plms1_3
4 0 130157 1 9.718787 plms1_3
4 0 899484 2 9.696906 plms1_3
4 0 78783 3 9.696077 plms1_3
4 0 118394 4 9.6855345 plms1_3
4 0 122248 5 9.679419 plms1_3
4 0 149007 6 9.674386 plms1_3
4 0 117907 7 9.667057 plms1_3
4 0 2655591 8 9.659805 plms1_3
4 0 111623 9 9.650389 plms1_3
5 0 90700 0 3.7337956 plms1_3
5 0 99957 1 3.730588 plms1_3
5 0 107691 2 3.7251453 plms1_3
5 0 118402 3 3.7234004 plms1_3
5 0 112349 4 3.7231166 plms1_3
5 0 94395 5 3.7221148 plms1_3
5 0 89304 6 3.7202892 plms1_3
5 0 104875 7 3.7145772 plms1_3
5 0 88941 8 3.7143235 plms1_3
5 0 92657 9 3.7142203 plms1_3
6 0 106257 0 15.054063 plms1_3
6 0 2811844 1 14.644307 plms1_3
6 0 2959750 2 14.644307 plms1_3
6 0 105695 3 14.545866 plms1_3
6 0 105790 4 14.515762 plms1_3
6 0 117932 5 13.942565 plms1_3
6 0 110048 6 13.698967 plms1_3
6 0 110883 7 11.131127 plms1_3
6 0 108449 8 10.194346 plms1_3
6 0 4151831 9 9.925687 plms1_3
7 0 4162936 0 6.9954834 plms1_3
7 0 84978 1 6.921118 plms1_3
7 0 110932 2 6.9016194 plms1_3
7 0 105274 3 6.8695974 plms1_3
7 0 118318 4 6.8560386 plms1_3
7 0 118212 5 6.833887 plms1_3
7 0 145715 6 6.8282056 plms1_3
7 0 84862 7 6.827558 plms1_3
7 0 100912 8 6.783367 plms1_3
7 0 84601 9 6.783367 plms1_3
8 0 2670643 0 7.616506 plms1_3
8 0 215806 1 6.2932334 plms1_3
8 0 145911 2 5.634873 plms1_3
8 0 2654532 3 5.634873 plms1_3
8 0 2750102 4 5.357173 plms1_3
8 0 145898 5 5.357173 plms1_3
8 0 2642830 6 5.357173 plms1_3
8 0 3203658 7 5.357173 plms1_3
8 0 145859 8 4.9452033 plms1_3
8 0 182991 9 4.7404847 plms1_3
9 0 118209 0 8.622691 plms1_3
9 0 118423 1 8.617906 plms1_3
9 0 127923 2 8.591537 plms1_3
9 0 127887 3 8.589162 plms1_3
9 0 145908 4 8.588791 plms1_3
9 0 118212 5 8.586738 plms1_3
9 0 112328 6 8.584939 plms1_3
9 0 112885 7 8.5667095 plms1_3
9 0 110643 8 8.562297 plms1_3
9 0 112537 9 8.557364 plms1_3
10 0 84978 0 6.921118 plms1_3
10 0 110932 1 6.9016194 plms1_3
10 0 105274 2 6.8695974 plms1_3
10 0 118318 3 6.8560386 plms1_3
10 0 118212 4 6.833887 plms1_3
10 0 145715 5 6.8282056 plms1_3
10 0 84862 6 6.827558 plms1_3
10 0 100912 7 6.783367 plms1_3
10 0 84601 8 6.783367 plms1_3
10 0 2678467 9 6.7734165 plms1_3
11 0 111157 0 5.034184 plms1_3
11 0 112790 1 5.032674 plms1_3
11 0 182514 2 5.020692 plms1_3
11 0 3171726 3 4.987866 plms1_3
11 0 110593 4 4.9577036 plms1_3
11 0 812450 5 4.9577036 plms1_3
11 0 145910 6 4.9498067 plms1_3
11 0 623142 7 4.939087 plms1_3
11 0 111587 8 4.910308 plms1_3
11 0 219731 9 4.910308 plms1_3
12 0 96880 0 12.169 plms1_3
12 0 95036 1 10.934208 plms1_3
12 0 94279 2 9.980058 plms1_3
12 0 2743640 3 8.969411 plms1_3
12 0 4162110 4 8.632956 plms1_3
12 0 95142 5 8.282451 plms1_3
12 0 94119 6 8.282451 plms1_3
12 0 99753 7 8.282451 plms1_3
12 0 92317 8 7.399201 plms1_3
12 0 809121 9 7.399201 plms1_3
13 0 102967 0 2.807159 plms1_3
13 0 93627 1 2.7925224 plms1_3
13 0 110390 2 2.7621098 plms1_3
13 0 84998 3 2.7520874 plms1_3
13 0 84882 4 2.7423015 plms1_3
13 0 112298 5 2.719441 plms1_3
13 0 89929 6 2.6960454 plms1_3
13 0 93548 7 2.6670568 plms1_3
13 0 95851 8 2.6670568 plms1_3
13 0 104857 9 2.665351 plms1_3
14 0 102316 0 2.8619087 plms1_3
14 0 101829 1 2.847497 plms1_3
14 0 102995 2 2.8277416 plms1_3
14 0 101883 3 2.8177843 plms1_3
14 0 102195 4 2.816667 plms1_3
14 0 103715 5 2.8122964 plms1_3
14 0 112166 6 2.8119326 plms1_3
14 0 94102 7 2.8101513 plms1_3
14 0 100867 8 2.8073597 plms1_3
14 0 101930 9 2.8067446 plms1_3
15 0 4151822 0 15.945891 plms1_3
15 0 3207858 1 14.801167 plms1_3
15 0 2812588 2 14.010155 plms1_3
15 0 4106440 3 12.799654 plms1_3
15 0 4015951 4 12.533073 plms1_3
15 0 4151821 5 12.533073 plms1_3
15 0 3177196 6 11.757804 plms1_3
15 0 4162111 7 11.069176 plms1_3
15 0 4162534 8 11.069176 plms1_3
15 0 4171965 9 11.069176 plms1_3
16 0 118206 0 7.560205 plms1_3
16 0 100487 1 7.0023437 plms1_3
16 0 2155 2 7.0023437 plms1_3
16 0 104935 3 6.718043 plms1_3
16 0 97805 4 6.718043 plms1_3
16 0 101420 5 6.5922318 plms1_3
16 0 111163 6 6.0853705 plms1_3
16 0 94103 7 6.0853705 plms1_3
16 0 101396 8 5.9506454 plms1_3
16 0 100259 9 5.9506454 plms1_3
17 0 108437 0 4.6314607 plms1_3
17 0 145955 1 4.404905 plms1_3
17 0 145956 2 4.404905 plms1_3
17 0 112055 3 4.378308 plms1_3
17 0 105549 4 4.3613048 plms1_3
17 0 109639 5 4.162448 plms1_3
17 0 3187209 6 4.141761 plms1_3
17 0 107735 7 4.1280828 plms1_3
17 0 105959 8 4.0144 plms1_3
17 0 110277 9 4.0144 plms1_3
18 0 110810 0 1.0496705 plms1_3
18 0 103430 1 1.0488878 plms1_3
18 0 100313 2 1.048488 plms1_3
18 0 104049 3 1.0482885 plms1_3
18 0 98093 4 1.0481801 plms1_3
18 0 86110 5 1.0471966 plms1_3
18 0 102813 6 1.0468714 plms1_3
18 0 94841 7 1.0446793 plms1_3
18 0 104707 8 1.0445997 plms1_3
18 0 112673 9 1.0442572 plms1_3
19 0 92051 0 5.7900934 plms1_3
19 0 93391 1 5.4366975 plms1_3
19 0 92052 2 5.1557574 plms1_3
19 0 97478 3 5.1557574 plms1_3
19 0 99507 4 5.1557574 plms1_3
19 0 96303 5 5.0416956 plms1_3
19 0 99295 6 5.0416956 plms1_3
19 0 100736 7 4.974018 plms1_3
19 0 100502 8 4.974018 plms1_3
19 0 88230 9 4.962276 plms1_3
20 0 4151817 0 8.387404 plms1_3
20 0 4162936 1 5.601283 plms1_3
20 0 2359 2 4.493899 plms1_3
20 0 867644 3 4.1805325 plms1_3
20 0 147528 4 3.730279 plms1_3
20 0 3203656 5 3.730279 plms1_3
20 0 3206414 6 3.730279 plms1_3
20 0 866023 7 3.5344737 plms1_3
20 0 2758568 8 3.5344737 plms1_3
20 0 2758569 9 3.5344737 plms1_3
21 0 85426 0 10.025913 plms1_3
21 0 112039 1 9.783362 plms1_3
21 0 90472 2 9.783362 plms1_3
21 0 118055 3 9.561841 plms1_3
21 0 130139 4 9.543721 plms1_3
21 0 112068 5 9.525489 plms1_3
21 0 112846 6 9.342524 plms1_3
21 0 111895 7 8.918161 plms1_3
21 0 117918 8 8.652951 plms1_3
21 0 86383 9 8.539369 plms1_3
22 0 1303477 0 13.442666 plms1_3
22 0 108000 1 13.394914 plms1_3
22 0 110908 2 13.221319 plms1_3
22 0 96577 3 12.768729 plms1_3
22 0 111585 4 12.126933 plms1_3
22 0 114849 5 11.327325 plms1_3
22 0 138637 6 11.235032 plms1_3
22 0 111172 7 10.899018 plms1_3
22 0 85351 8 10.786356 plms1_3
22 0 111553 9 10.56911 plms1_3
23 0 92144 0 5.568259 plms1_3
23 0 88422 1 5.1887293 plms1_3
23 0 108725 2 5.174246 plms1_3
23 0 102324 3 5.174246 plms1_3
23 0 108150 4 5.001348 plms1_3
23 0 90659 5 4.991855 plms1_3
23 0 98585 6 4.9800706 plms1_3
23 0 101061 7 4.757036 plms1_3
23 0 89755 8 4.757036 plms1_3
23 0 112654 9 4.715233 plms1_3
24 0 109265 0 10.812226 plms1_3
24 0 2620844 1 9.897321 plms1_3
24 0 112872 2 9.847843 plms1_3
24 0 109698 3 9.701855 plms1_3
24 0 111318 4 9.465267 plms1_3
24 0 110916 5 9.147123 plms1_3
24 0 109674 6 8.632004 plms1_3
24 0 94605 7 8.256744 plms1_3
24 0 108136 8 8.01464 plms1_3
24 0 94035 9 7.161041 plms1_3
25 0 97072 0 7.220503 plms1_3
25 0 110043 1 6.7594995 plms1_3
25 0 103002 2 6.66749 plms1_3
25 0 106536 3 6.542626 plms1_3
25 0 111040 4 6.542626 plms1_3
25 0 98874 5 6.542626 plms1_3
25 0 109512 6 6.3615937 plms1_3
25 0 108576 7 6.1746325 plms1_3
25 0 109238 8 6.089714 plms1_3
25 0 118445 9 6.0395784 plms1_3
26 0 110915 0 9.522471 plms1_3
26 0 110086 1 9.500433 plms1_3
26 0 112676 2 9.489092 plms1_3
26 0 118026 3 9.471801 plms1_3
26 0 145779 4 9.465099 plms1_3
26 0 118313 5 9.429098 plms1_3
26 0 105430 6 9.417915 plms1_3
26 0 118424 7 9.384052 plms1_3
26 0 117862 8 9.375398 plms1_3
26 0 127910 9 9.358467 plms1_3
27 0 118506 0 5.640553 plms1_3
27 0 111496 1 5.5719147 plms1_3
27 0 4088544 2 5.524587 plms1_3
27 0 127892 3 5.1023245 plms1_3
27 0 2621057 4 5.1023245 plms1_3
27 0 2808290 5 5.1023245 plms1_3
27 0 623142 6 5.1023245 plms1_3
27 0 98881 7 5.1023245 plms1_3
27 0 145868 8 5.096563 plms1_3
27 0 110712 9 4.809772 plms1_3
28 0 103617 0 9.80938 plms1_3
28 0 112523 1 9.778583 plms1_3
28 0 101222 2 9.704359 plms1_3
28 0 104895 3 9.682347 plms1_3
28 0 111061 4 9.644404 plms1_3
28 0 106130 5 9.587185 plms1_3
28 0 111217 6 9.533637 plms1_3
28 0 4157382 7 9.533637 plms1_3
28 0 4157405 8 9.533637 plms1_3
28 0 117830 9 9.477475 plms1_3
29 0 117832 0 5.416569 plms1_3
29 0 118091 1 5.4107976 plms1_3
29 0 626206 2 5.410391 plms1_3
29 0 112704 3 5.3938594 plms1_3
29 0 205788 4 5.392837 plms1_3
29 0 111473 5 5.390757 plms1_3
29 0 105821 6 5.389822 plms1_3
29 0 103040 7 5.38615 plms1_3
29 0 111253 8 5.3815126 plms1_3
29 0 145708 9 5.3791285 plms1_3
30 0 117832 0 5.416569 plms1_3
30 0 118091 1 5.4107976 plms1_3
30 0 626206 2 5.410391 plms1_3
30 0 112704 3 5.3938594 plms1_3
30 0 205788 4 5.392837 plms1_3
30 0 111473 5 5.390757 plms1_3
30 0 105821 6 5.389822 plms1_3
30 0 103040 7 5.38615 plms1_3
30 0 111253 8 5.3815126 plms1_3
30 0 145708 9 5.3791285 plms1_3
31 0 2152 0 3.961194 plms1_3
31 0 3203623 1 3.9134042 plms1_3
31 0 145936 2 3.900366 plms1_3
31 0 104176 3 3.8952837 plms1_3
31 0 4151818 4 3.8937998 plms1_3
31 0 145966 5 3.8505402 plms1_3
31 0 145972 6 3.809138 plms1_3
31 0 145944 7 3.8065627 plms1_3
31 0 3177196 8 3.8065627 plms1_3
31 0 2147 9 3.7924073 plms1_3
32 0 112050 0 6.5272217 plms1_3
32 0 101206 1 6.3037944 plms1_3
32 0 108871 2 5.8497887 plms1_3
32 0 138014 3 5.7826858 plms1_3
32 0 121935 4 5.7826858 plms1_3
32 0 139853 5 5.7826858 plms1_3
32 0 139952 6 5.7826858 plms1_3
32 0 141230 7 5.7826858 plms1_3
32 0 100187 8 5.7355695 plms1_3
32 0 124284 9 5.7355695 plms1_3
33 0 85641 0 0.0022680613 plms1_3
33 0 109660 1 0.0022671984 plms1_3
33 0 142885 2 0.0022667795 plms1_3
33 0 89156 3 0.0022647078 plms1_3
33 0 94492 4 0.002264289 plms1_3
33 0 91675 5 0.0022636682 plms1_3
33 0 98864 6 0.0022636517 plms1_3
33 0 106843 7 0.0022634843 plms1_3
33 0 85884 8 0.002263349 plms1_3
33 0 110629 9 0.002262692 plms1_3
34 0 2676594 0 9.228053 plms1_3
34 0 2675753 1 9.189062 plms1_3
34 0 2679204 2 9.189062 plms1_3
34 0 146985 3 8.930276 plms1_3
34 0 110030 4 8.645668 plms1_3
34 0 145725 5 8.36206 plms1_3
34 0 111336 6 7.9153605 plms1_3
34 0 2809767 7 7.852537 plms1_3
34 0 2811850 8 7.852537 plms1_3
34 0 118480 9 7.7351623 plms1_3
35 0 104947 0 4.909267 plms1_3
35 0 96317 1 4.873025 plms1_3
35 0 109946 2 4.848122 plms1_3
35 0 1738 3 4.848122 plms1_3
35 0 112166 4 4.842454 plms1_3
35 0 112737 5 4.832022 plms1_3
35 0 112574 6 4.8239045 plms1_3
35 0 104631 7 4.8213577 plms1_3
35 0 105252 8 4.817593 plms1_3
35 0 118070 9 4.817288 plms1_3
36 0 109087 0 3.9353163 plms1_3
36 0 145658 1 3.9346411 plms1_3
36 0 118025 2 3.9217134 plms1_3
36 0 3205767 3 3.9165475 plms1_3
36 0 821306 4 3.8904831 plms1_3
36 0 109086 5 3.8816826 plms1_3
36 0 90924 6 3.8765671 plms1_3
36 0 108089 7 3.8737695 plms1_3
36 0 145704 8 3.8643332 plms1_3
36 0 137732 9 3.8630364 plms1_3
37 0 109065 0 7.4220805 plms1_3
37 0 102788 1 7.4062653 plms1_3
37 0 101834 2 7.3697762 plms1_3
37 0 105675 3 7.344769 plms1_3
37 0 112359 4 7.313528 plms1_3
37 0 102981 5 7.299324 plms1_3
37 0 104947 6 7.2908154 plms1_3
37 0 91514 7 7.2723255 plms1_3
37 0 102536 8 7.27232 plms1_3
37 0 111907 9 7.267864 plms1_3
38 0 109065 0 7.4220805 plms1_3
38 0 102788 1 7.4062653 plms1_3
38 0 101834 2 7.3697762 plms1_3
38 0 105675 3 7.344769 plms1_3
38 0 112359 4 7.313528 plms1_3
38 0 102981 5 7.299324 plms1_3
38 0 104947 6 7.2908154 plms1_3
38 0 91514 7 7.2723255 plms1_3
38 0 102536 8 7.27232 plms1_3
38 0 111907 9 7.267864 plms1_3
39 0 103135 0 11.031403 plms1_3
39 0 112420 1 11.003219 plms1_3
39 0 122254 2 10.979773 plms1_3
39 0 103810 3 10.979231 plms1_3
39 0 105200 4 10.9598255 plms1_3
39 0 621044 5 10.91454 plms1_3
39 0 621090 6 10.91454 plms1_3
39 0 2959739 7 10.91454 plms1_3
39 0 112568 8 10.901069 plms1_3
39 0 2959744 9 10.884845 plms1_3
40 0 92047 0 9.96298 plms1_3
40 0 931120 1 9.932203 plms1_3
40 0 122054 2 9.83328 plms1_3
40 0 122422 3 9.787544 plms1_3
40 0 93994 4 9.690171 plms1_3
40 0 110845 5 9.538934 plms1_3
40 0 111039 6 9.253587 plms1_3
40 0 110621 7 9.253587 plms1_3
40 0 95290 8 9.14136 plms1_3
40 0 105617 9 9.071332 plms1_3
41 0 1729 0 8.909014 plms1_3
41 0 111670 1 8.64611 plms1_3
41 0 2810525 2 8.64611 plms1_3
41 0 2811847 3 8.64611 plms1_3
41 0 118177 4 8.445052 plms1_3
41 0 2771752 5 8.321797 plms1_3
41 0 217513 6 8.288973 plms1_3
41 0 217604 7 8.288973 plms1_3
41 0 112440 8 8.262522 plms1_3
41 0 111891 9 8.259028 plms1_3
42 0 101349 0 2.0525494 plms1_3
42 0 84872 1 2.038784 plms1_3
42 0 101677 2 2.0380046 plms1_3
42 0 89835 3 2.0281937 plms1_3
42 0 106277 4 2.0279522 plms1_3
42 0 84801 5 2.027378 plms1_3
42 0 106880 6 2.0263968 plms1_3
42 0 90245 7 2.0172968 plms1_3
42 0 86301 8 2.0166113 plms1_3
42 0 94771 9 2.0166113 plms1_3
43 0 109241 0 7.407729 plms1_3
43 0 111467 1 7.402882 plms1_3
43 0 1723 2 7.255859 plms1_3
43 0 109130 3 7.1882463 plms1_3
43 0 218665 4 7.109888 plms1_3
43 0 111539 5 6.982097 plms1_3
43 0 118420 6 6.982097 plms1_3
43 0 108762 7 6.945877 plms1_3
43 0 820897 8 6.918963 plms1_3
43 0 110374 9 6.8939443 plms1_3
44 0 1738 0 5.1902256 plms1_3
44 0 183480 1 5.1902256 plms1_3
44 0 111733 2 4.3881283 plms1_3
44 0 1751 3 3.544227 plms1_3
44 0 145673 4 3.544227 plms1_3
44 0 944097 5 3.544227 plms1_3
44 0 932060 6 3.544227 plms1_3
44 0 803267 7 3.312105 plms1_3
44 0 809122 8 3.312105 plms1_3
44 0 149006 9 2.7086096 plms1_3
45 0 110523 0 1.7966517 plms1_3
45 0 102483 1 1.7943994 plms1_3
45 0 111424 2 1.791868 plms1_3
45 0 618679 3 1.7912369 plms1_3
45 0 85859 4 1.7893696 plms1_3
45 0 867657 5 1.7828766 plms1_3
45 0 182992 6 1.7777888 plms1_3
45 0 143378 7 1.7773775 plms1_3
45 0 1087698 8 1.7769642 plms1_3
45 0 100612 9 1.7768561 plms1_3
46 0 2654754 0 3.4582555 plms1_3
46 0 218451 1 3.4450083 plms1_3
46 0 1087960 2 3.4117327 plms1_3
46 0 111487 3 3.401587 plms1_3
46 0 3158927 4 3.396083 plms1_3
46 0 110177 5 3.3676212 plms1_3
46 0 101394 6 3.3562038 plms1_3
46 0 2809763 7 3.3455975 plms1_3
46 0 103665 8 3.3377912 plms1_3
46 0 104540 9 3.3098454 plms1_3
47 0 1299599 0 1.900357 plms1_3
47 0 103439 1 1.8829796 plms1_3
47 0 117987 2 1.8786885 plms1_3
47 0 89185 3 1.8764477 plms1_3
47 0 105047 4 1.8764356 plms1_3
47 0 89156 5 1.8764356 plms1_3
47 0 112662 6 1.8758911 plms1_3
47 0 85187 7 1.8758911 plms1_3
47 0 112912 8 1.8735808 plms1_3
47 0 107015 9 1.8733209 plms1_3
48 0 91978 0 4.635423 plms1_3
48 0 100979 1 4.570028 plms1_3
48 0 87897 2 4.565349 plms1_3
48 0 110487 3 4.558971 plms1_3
48 0 111291 4 4.53847 plms1_3
48 0 100062 5 4.5308285 plms1_3
48 0 100075 6 4.5308285 plms1_3
48 0 86130 7 4.529292 plms1_3
48 0 88050 8 4.525464 plms1_3
48 0 101131 9 4.523972 plms1_3
49 0 95847 0 11.851145 plms1_3
49 0 101852 1 11.747002 plms1_3
49 0 95414 2 10.753803 plms1_3
49 0 95551 3 10.438482 plms1_3
49 0 96476 4 10.296395 plms1_3
49 0 96570 5 10.296395 plms1_3
49 0 102376 6 9.198376 plms1_3
49 0 1957917 7 9.198376 plms1_3
49 0 95696 8 7.940195 plms1_3
49 0 101311 9 7.688914 plms1_3
50 0 98255 0 9.116811 plms1_3
50 0 3209687 1 6.143865 plms1_3
50 0 103582 2 5.4506354 plms1_3
50 0 110067 3 4.6082945 plms1_3
50 0 112517 4 3.7220519 plms1_3
50 0 108825 5 3.7220519 plms1_3
50 0 107181 6 2.8219886 plms1_3
50 0 142875 7 2.8219886 plms1_3
50 0 137002 8 2.8219886 plms1_3
50 0 2760668 9 2.8219886 plms1_3
51 0 109978 0 7.408356 plms1_3
51 0 101858 1 7.3504777 plms1_3
51 0 109745 2 7.15958 plms1_3
51 0 109435 3 7.1496687 plms1_3
51 0 91208 4 7.1195107 plms1_3
51 0 109466 5 7.023132 plms1_3
51 0 106522 6 6.886081 plms1_3
51 0 106561 7 6.8859434 plms1_3
51 0 94663 8 6.8856916 plms1_3
51 0 109702 9 6.7968087 plms1_3
52 0 132763 0 12.118112 plms1_3
52 0 109426 1 11.539377 plms1_3
52 0 91148 2 9.381419 plms1_3
52 0 103583 3 6.3113317 plms1_3
52 0 2381756 4 6.3113317 plms1_3
52 0 3203655 5 6.3113317 plms1_3
52 0 90150 6 6.3113317 plms1_3
52 0 110060 7 5.825987 plms1_3
52 0 112351 8 4.9546566 plms1_3
52 0 103291 9 4.9546566 plms1_3
53 0 85603 0 2.0894763 plms1_3
53 0 85054 1 2.0839918 plms1_3
53 0 86853 2 2.0827515 plms1_3
53 0 92440 3 2.0818317 plms1_3
53 0 94237 4 2.0809088 plms1_3
53 0 89242 5 2.0801902 plms1_3
53 0 85337 6 2.0801902 plms1_3
53 0 89639 7 2.0797145 plms1_3
53 0 91586 8 2.0797145 plms1_3
53 0 91961 9 2.0797145 plms1_3
54 0 145863 0 9.040881 plms1_3
54 0 4162111 1 8.511377 plms1_3
54 0 215806 2 6.3481836 plms1_3
54 0 2803250 3 5.6840744 plms1_3
54 0 4172499 4 5.6840744 plms1_3
54 0 88689 5 5.4039497 plms1_3
54 0 931123 6 5.4039497 plms1_3
54 0 623144 7 4.9883833 plms1_3
54 0 2670965 8 4.781877 plms1_3
54 0 205788 9 4.5603223 plms1_3
55 0 800567 0 7.7270126 plms1_3
55 0 109760 1 7.6918435 plms1_3
55 0 2655597 2 7.6801286 plms1_3
55 0 111952 3 7.6551466 plms1_3
55 0 111775 4 7.622212 plms1_3
55 0 109684 5 7.607837 plms1_3
55 0 105696 6 7.595466 plms1_3
55 0 146554 7 7.5863214 plms1_3
55 0 2399333 8 7.581138 plms1_3
55 0 112460 9 7.581069 plms1_3
56 0 4154603 0 9.411269 plms1_3
56 0 145965 1 9.21778 plms1_3
56 0 145629 2 7.0350842 plms1_3
56 0 145850 3 5.822062 plms1_3
56 0 145855 4 5.4712987 plms1_3
56 0 931125 5 5.4712987 plms1_3
56 0 145917 6 3.4756339 plms1_3
56 0 182568 7 3.4756339 plms1_3
56 0 2672208 8 3.2807887 plms1_3
56 0 2670794 9 3.2807887 plms1_3
57 0 131159 0 5.54235 plms1_3
57 0 148797 1 5.483963 plms1_3
57 0 3187496 2 5.3963256 plms1_3
57 0 117844 3 5.257495 plms1_3
57 0 137737 4 5.2422814 plms1_3
57 0 111366 5 5.191168 plms1_3
57 0 145745 6 5.1580772 plms1_3
57 0 101011 7 5.138307 plms1_3
57 0 856345 8 5.138307 plms1_3
57 0 112292 9 5.134445 plms1_3
58 0 90574 0 4.2508483 plms1_3
58 0 90718 1 4.114935 plms1_3
58 0 90868 2 4.0604787 plms1_3
58 0 88636 3 4.056952 plms1_3
58 0 110321 4 4.007464 plms1_3
58 0 86709 5 3.9510465 plms1_3
58 0 110798 6 3.922373 plms1_3
58 0 89543 7 3.8983643 plms1_3
58 0 85327 8 3.8678095 plms1_3
58 0 106035 9 3.8595798 plms1_3
59 0 94813 0 2.2352092 plms1_3
59 0 1087769 1 2.2282057 plms1_3
59 0 101397 2 2.2232137 plms1_3
59 0 2620971 3 2.2232137 plms1_3
59 0 85641 4 2.2202823 plms1_3
59 0 2621074 5 2.22001 plms1_3
59 0 4170685 6 2.2194688 plms1_3
59 0 106961 7 2.217533 plms1_3
59 0 118129 8 2.2171843 plms1_3
59 0 145627 9 2.2158961 plms1_3
60 0 118257 0 13.961637 plms1_3
60 0 118099 1 13.88409 plms1_3
60 0 1283337 2 13.864603 plms1_3
60 0 112611 3 13.852164 plms1_3
60 0 1087897 4 13.684754 plms1_3
60 0 112686 5 13.63362 plms1_3
60 0 111098 6 13.586863 plms1_3
60 0 110596 7 13.450519 plms1_3
60 0 1515492 8 13.302654 plms1_3
60 0 118107 9 13.258666 plms1_3
61 0 118117 0 10.235116 plms1_3
61 0 112435 1 9.298677 plms1_3
61 0 2756232 2 8.788379 plms1_3
61 0 112854 3 8.732438 plms1_3
61 0 114443 4 8.724684 plms1_3
61 0 115536 5 8.724684 plms1_3
61 0 108315 6 8.275747 plms1_3
61 0 1732 7 8.015325 plms1_3
61 0 145815 8 7.800022 plms1_3
61 0 110020 9 7.671326 plms1_3
62 0 117832 0 5.416569 plms1_3
62 0 118091 1 5.4107976 plms1_3
62 0 626206 2 5.410391 plms1_3
62 0 4157383 3 5.394352 plms1_3
62 0 112704 4 5.3938594 plms1_3
62 0 205788 5 5.392837 plms1_3
62 0 111473 6 5.390757 plms1_3
62 0 105821 7 5.389822 plms1_3
62 0 103040 8 5.38615 plms1_3
62 0 111253 9 5.3815126 plms1_3
63 0 107014 0 5.197232 plms1_3
63 0 97779 1 5.184491 plms1_3
63 0 104545 2 5.1602306 plms1_3
63 0 106218 3 5.1215863 plms1_3
63 0 104455 4 5.096146 plms1_3
63 0 118276 5 5.084071 plms1_3
63 0 96381 6 5.0457635 plms1_3
63 0 108307 7 5.0413127 plms1_3
63 0 109520 8 5.0254145 plms1_3
63 0 106545 9 5.0177345 plms1_3
64 0 145895 0 9.359712 plms1_3
64 0 219731 1 9.286984 plms1_3
64 0 1748 2 7.3616652 plms1_3
64 0 2145 3 7.2103143 plms1_3
64 0 149007 4 6.8622184 plms1_3
64 0 147951 5 6.6592054 plms1_3
64 0 3171728 6 6.6592054 plms1_3
64 0 146985 7 6.6258717 plms1_3
64 0 2959731 8 6.6258717 plms1_3
64 0 801976 9 6.4205136 plms1_3
66 0 96125 0 9.52653 plms1_3
66 0 145666 1 9.077854 plms1_3
66 0 2150 2 8.8482275 plms1_3
66 0 2149 3 8.516317 plms1_3
66 0 145951 4 8.017535 plms1_3
66 0 148056 5 8.017535 plms1_3
66 0 2676591 6 7.3891478 plms1_3
66 0 2679203 7 7.3891478 plms1_3
66 0 3214774 8 7.2372327 plms1_3
66 0 2154 9 6.6840663 plms1_3
67 0 92192 0 5.484596 plms1_3
67 0 110304 1 5.423063 plms1_3
67 0 97487 2 5.416234 plms1_3
67 0 99328 3 5.344016 plms1_3
67 0 85964 4 5.30213 plms1_3
67 0 94106 5 5.2908487 plms1_3
67 0 1855348 6 5.2864704 plms1_3
67 0 112590 7 5.1864552 plms1_3
67 0 2568216 8 5.18235 plms1_3
67 0 94423 9 5.18235 plms1_3
68 0 101268 0 4.320317 plms1_3
68 0 95577 1 4.2974405 plms1_3
68 0 112245 2 4.27219 plms1_3
68 0 2421140 3 4.2699428 plms1_3
68 0 91364 4 4.265545 plms1_3
68 0 90671 5 4.264965 plms1_3
68 0 93400 6 4.263161 plms1_3
68 0 87088 7 4.2622256 plms1_3
68 0 105237 8 4.254149 plms1_3
68 0 88066 9 4.254146 plms1_3
69 0 2620891 0 4.5687304 plms1_3
69 0 97494 1 4.0875444 plms1_3
69 0 107421 2 4.0326753 plms1_3
69 0 90240 3 4.0326753 plms1_3
69 0 96722 4 4.023155 plms1_3
69 0 98169 5 4.023155 plms1_3
69 0 119315 6 4.0118995 plms1_3
69 0 103590 7 3.9975471 plms1_3
69 0 1303525 8 3.8929257 plms1_3
69 0 87574 9 3.8929257 plms1_3
70 0 112765 0 5.464517 plms1_3
70 0 112343 1 5.449747 plms1_3
70 0 110932 2 5.4046135 plms1_3
70 0 136989 3 5.3869677 plms1_3
70 0 108963 4 5.3850145 plms1_3
70 0 101863 5 5.3768044 plms1_3
70 0 106787 6 5.373393 plms1_3
70 0 101196 7 5.365334 plms1_3
70 0 147531 8 5.364861 plms1_3
70 0 105490 9 5.349415 plms1_3
71 0 98278 0 6.167959 plms1_3
71 0 107862 1 5.881722 plms1_3
71 0 102964 2 5.740834 plms1_3
71 0 104681 3 5.704293 plms1_3
71 0 105836 4 5.4837284 plms1_3
71 0 103088 5 5.4837284 plms1_3
71 0 106731 6 5.460012 plms1_3
71 0 105940 7 5.460012 plms1_3
71 0 107628 8 5.432973 plms1_3
71 0 85063 9 5.427044 plms1_3
72 0 145961 0 8.336767 plms1_3
72 0 145950 1 7.6995597 plms1_3
72 0 107893 2 7.0283947 plms1_3
72 0 4162936 3 6.167739 plms1_3
72 0 107819 4 5.863778 plms1_3
72 0 873668 5 5.863778 plms1_3
72 0 801110 6 5.863778 plms1_3
72 0 220538 7 4.603308 plms1_3
72 0 3187211 8 4.603308 plms1_3
72 0 820904 9 3.8919134 plms1_3
73 0 97383 0 10.13781 plms1_3
73 0 132824 1 10.137276 plms1_3
73 0 137346 2 9.930163 plms1_3
73 0 132813 3 9.918334 plms1_3
73 0 139772 4 9.886056 plms1_3
73 0 130809 5 9.522402 plms1_3
73 0 140467 6 9.487303 plms1_3
73 0 118617 7 9.46322 plms1_3
73 0 118927 8 9.46322 plms1_3
73 0 122014 9 9.46322 plms1_3
74 0 2381762 0 10.904092 plms1_3
74 0 4168298 1 9.88039 plms1_3
74 0 1855418 2 6.273149 plms1_3
74 0 2789927 3 6.273149 plms1_3
74 0 98655 4 6.273149 plms1_3
74 0 2675749 5 5.5510187 plms1_3
74 0 127922 6 4.924681 plms1_3
74 0 145909 7 4.394281 plms1_3
74 0 2671723 8 4.1636214 plms1_3
74 0 118465 9 3.362896 plms1_3
75 0 2678134 0 5.1748843 plms1_3
75 0 105883 1 5.1553297 plms1_3
75 0 108774 2 5.1539745 plms1_3
75 0 112882 3 5.149711 plms1_3
75 0 802399 4 5.134821 plms1_3
75 0 219735 5 5.1281137 plms1_3
75 0 98317 6 5.12724 plms1_3
75 0 95600 7 5.113568 plms1_3
75 0 112433 8 5.109588 plms1_3
75 0 108300 9 5.1006503 plms1_3
76 0 112430 0 13.9627075 plms1_3
76 0 105783 1 8.887496 plms1_3
76 0 110752 2 5.223401 plms1_3
76 0 105887 3 3.0749774 plms1_3
76 0 117865 4 3.0749774 plms1_3
76 0 110971 5 2.127766 plms1_3
76 0 109380 6 1.881815 plms1_3
76 0 108198 7 0.91131383 plms1_3
76 0 118144 8 0.91131383 plms1_3
77 0 87646 0 1.653022 plms1_3
77 0 2620767 1 1.6516576 plms1_3
77 0 99511 2 1.6515794 plms1_3
77 0 1320585 3 1.6499962 plms1_3
77 0 97165 4 1.6487912 plms1_3
77 0 98650 5 1.6484593 plms1_3
77 0 90001 6 1.6484349 plms1_3
77 0 98715 7 1.6481197 plms1_3
77 0 96914 8 1.6477721 plms1_3
77 0 94647 9 1.6477711 plms1_3
78 0 1119358 0 3.837925 plms1_3
78 0 101231 1 3.837925 plms1_3
78 0 779833 2 3.8242552 plms1_3
78 0 798511 3 3.8242552 plms1_3
78 0 96919 4 3.8138418 plms1_3
78 0 103945 5 3.7843878 plms1_3
78 0 99792 6 3.7832074 plms1_3
78 0 100606 7 3.7664924 plms1_3
78 0 112342 8 3.7422748 plms1_3
78 0 118311 9 3.7407472 plms1_3
79 0 111470 0 17.589605 plms1_3
79 0 111009 1 16.98181 plms1_3
79 0 118143 2 13.743529 plms1_3
79 0 110221 3 6.735971 plms1_3
79 0 112098 4 2.2449083 plms1_3
80 0 3203659 0 5.7924047 plms1_3
80 0 118187 1 5.746765 plms1_3
80 0 99208 2 5.689247 plms1_3
80 0 89654 3 5.6768956 plms1_3
80 0 95228 4 5.6752486 plms1_3
80 0 127906 5 5.6682587 plms1_3
80 0 1289184 6 5.66509 plms1_3
80 0 96136 7 5.6445184 plms1_3
80 0 112222 8 5.641675 plms1_3
80 0 145861 9 5.6366 plms1_3
81 0 145861 0 2.532622 plms1_3
81 0 118288 1 2.5127606 plms1_3
81 0 108539 2 2.4998107 plms1_3
81 0 112867 3 2.4993548 plms1_3
81 0 145793 4 2.4945233 plms1_3
81 0 1087695 5 2.4921467 plms1_3
81 0 111693 6 2.486584 plms1_3
81 0 112574 7 2.4857233 plms1_3
81 0 110111 8 2.483616 plms1_3
81 0 112904 9 2.4819107 plms1_3
82 0 3209686 0 2.7537358 plms1_3
82 0 111847 1 2.6999528 plms1_3
82 0 110099 2 2.696636 plms1_3
82 0 3212515 3 2.6801658 plms1_3
82 0 2659300 4 2.6692011 plms1_3
82 0 106630 5 2.667347 plms1_3
82 0 95633 6 2.6531184 plms1_3
82 0 110517 7 2.6513753 plms1_3
82 0 145805 8 2.6499665 plms1_3
82 0 112397 9 2.6475623 plms1_3
83 0 109631 0 9.488544 plms1_3
83 0 106359 1 9.363062 plms1_3
83 0 111333 2 9.236853 plms1_3
83 0 118021 3 9.220795 plms1_3
83 0 137746 4 9.114755 plms1_3
83 0 820896 5 9.111428 plms1_3
83 0 145859 6 9.058061 plms1_3
83 0 104752 7 8.954884 plms1_3
83 0 109894 8 8.948822 plms1_3
83 0 112352 9 8.892867 plms1_3
84 0 109631 0 9.488544 plms1_3
84 0 106359 1 9.363062 plms1_3
84 0 111333 2 9.236853 plms1_3
84 0 118021 3 9.220795 plms1_3
84 0 137746 4 9.114755 plms1_3
84 0 820896 5 9.111428 plms1_3
84 0 145859 6 9.058061 plms1_3
84 0 104752 7 8.954884 plms1_3
84 0 109894 8 8.948822 plms1_3
84 0 112352 9 8.892867 plms1_3
85 0 867645 0 9.478228 plms1_3
85 0 145787 1 9.255991 plms1_3
85 0 101410 2 8.502445 plms1_3
85 0 112844 3 7.7998285 plms1_3
85 0 111882 4 7.6292276 plms1_3
85 0 103701 5 7.6292276 plms1_3
85 0 112702 6 7.6169214 plms1_3
85 0 90015 7 6.8901057 plms1_3
85 0 85150 8 6.8901057 plms1_3
85 0 94595 9 6.8901057 plms1_3
86 0 98924 0 6.8324776 plms1_3
86 0 3205766 1 6.545756 plms1_3
86 0 145719 2 6.41593 plms1_3
86 0 3177196 3 6.3667793 plms1_3
86 0 3183079 4 6.125207 plms1_3
86 0 100330 5 6.1107473 plms1_3
86 0 3187209 6 6.1107473 plms1_3
86 0 140624 7 6.093651 plms1_3
86 0 120186 8 6.0664587 plms1_3
86 0 120337 9 6.0664587 plms1_3
87 0 99607 0 2.6611245 plms1_3
87 0 106855 1 2.6549525 plms1_3
87 0 2620855 2 2.6413 plms1_3
87 0 99251 3 2.6370938 plms1_3
87 0 106970 4 2.636239 plms1_3
87 0 94667 5 2.6276302 plms1_3
87 0 96270 6 2.6272259 plms1_3
87 0 94858 7 2.6261287 plms1_3
87 0 100738 8 2.6240785 plms1_3
87 0 87761 9 2.6240785 plms1_3
89 0 2770446 0 19.300196 plms1_3
89 0 2812588 1 18.84707 plms1_3
89 0 4151822 2 18.703562 plms1_3
89 0 4162110 3 13.596859 plms1_3
90 0 110874 0 6.55748 plms1_3
90 0 118061 1 6.5306664 plms1_3
90 0 121160 2 6.520422 plms1_3
90 0 111958 3 6.492559 plms1_3
90 0 145118 4 6.4832683 plms1_3
90 0 110047 5 6.4831853 plms1_3
90 0 111780 6 6.455716 plms1_3
90 0 105906 7 6.454892 plms1_3
90 0 110905 8 6.44405 plms1_3
90 0 110557 9 6.393846 plms1_3
91 0 3007018 0 10.124097 plms1_3
91 0 943668 1 8.721345 plms1_3
91 0 145897 2 8.653563 plms1_3
91 0 86923 3 8.050781 plms1_3
91 0 856791 4 7.9399853 plms1_3
91 0 86714 5 7.270818 plms1_3
91 0 84733 6 7.270818 plms1_3
91 0 182991 7 7.2626085 plms1_3
91 0 145892 8 6.853931 plms1_3
91 0 3212514 9 6.853931 plms1_3
92 0 111820 0 10.829281 plms1_3
92 0 118454 1 10.74454 plms1_3
92 0 118105 2 10.693512 plms1_3
92 0 145782 3 10.685656 plms1_3
92 0 1087692 4 10.598236 plms1_3
92 0 3212514 5 10.5830145 plms1_3
92 0 109818 6 10.568823 plms1_3
92 0 112439 7 10.552558 plms1_3
92 0 118212 8 10.526228 plms1_3
92 0 111278 9 10.515114 plms1_3
93 0 130158 0 14.392806 plms1_3
93 0 118334 1 13.960123 plms1_3
93 0 118107 2 13.941548 plms1_3
93 0 110200 3 13.158279 plms1_3
93 0 110877 4 11.927622 plms1_3
93 0 2788983 5 11.502357 plms1_3
93 0 111793 6 10.976844 plms1_3
93 0 4151827 7 10.561914 plms1_3
93 0 110688 8 10.335026 plms1_3
93 0 1087897 9 9.440785 plms1_3
94 0 91857 0 3.7972019 plms1_3
94 0 91055 1 3.7967834 plms1_3
94 0 90889 2 3.7904677 plms1_3
94 0 90565 3 3.7799885 plms1_3
94 0 92661 4 3.7799683 plms1_3
94 0 92456 5 3.7784736 plms1_3
94 0 93059 6 3.7777996 plms1_3
94 0 93221 7 3.7749896 plms1_3
94 0 118118 8 3.7746086 plms1_3
94 0 106825 9 3.7722857 plms1_3
95 0 105495 0 11.83521 plms1_3
95 0 106171 1 11.397465 plms1_3
95 0 108555 2 10.848767 plms1_3
95 0 107232 3 10.701164 plms1_3
95 0 106769 4 10.377436 plms1_3
95 0 119891 5 9.887933 plms1_3
95 0 116456 6 9.887933 plms1_3
95 0 113054 7 9.807367 plms1_3
95 0 117008 8 9.807367 plms1_3
95 0 117122 9 9.807367 plms1_3
96 0 93736 0 4.2602587 plms1_3
96 0 118257 1 4.178467 plms1_3
96 0 90648 2 4.176317 plms1_3
96 0 2009288 3 4.1477013 plms1_3
96 0 93588 4 4.1430335 plms1_3
96 0 91389 5 4.117063 plms1_3
96 0 118220 6 4.100938 plms1_3
96 0 90689 7 4.0457172 plms1_3
96 0 90605 8 4.0379376 plms1_3
96 0 92858 9 4.0308757 plms1_3
97 0 118379 0 11.662163 plms1_3
97 0 107320 1 6.6114035 plms1_3
97 0 109772 2 5.5792766 plms1_3
97 0 117959 3 4.6312256 plms1_3
97 0 2655597 4 4.6312256 plms1_3
97 0 145822 5 4.406967 plms1_3
97 0 107223 6 3.544227 plms1_3
97 0 112247 7 3.3471944 plms1_3
97 0 109811 8 3.3471944 plms1_3
97 0 621044 9 2.9552467 plms1_3
98 0 108666 0 2.0917332 plms1_3
98 0 118097 1 2.083548 plms1_3
98 0 98851 2 2.0816638 plms1_3
98 0 92143 3 2.066669 plms1_3
98 0 117869 4 2.0657148 plms1_3
98 0 88512 5 2.0621305 plms1_3
98 0 101970 6 2.0509481 plms1_3
98 0 84652 7 2.0506968 plms1_3
98 0 89386 8 2.0442505 plms1_3
98 0 2381641 9 2.0442505 plms1_3
99 0 4151828 0 4.2861013 plms1_3
99 0 107455 1 4.2320175 plms1_3
99 0 800859 2 4.1628323 plms1_3
99 0 88574 3 4.1375775 plms1_3
99 0 1206937 4 4.1337123 plms1_3
99 0 88003 5 4.08592 plms1_3
99 0 93025 6 4.0854325 plms1_3
99 0 111792 7 4.082067 plms1_3
99 0 93155 8 4.082067 plms1_3
99 0 814955 9 4.0793824 plms1_3
100 0 112272 0 3.792348 plms1_3
100 0 134750 1 3.7842047 plms1_3
100 0 111769 2 3.7664356 plms1_3
100 0 107652 3 3.7626867 plms1_3
100 0 109746 4 3.761072 plms1_3
100 0 110016 5 3.7541845 plms1_3
100 0 118261 6 3.7528882 plms1_3
100 0 2773182 7 3.748838 plms1_3
100 0 110257 8 3.7464962 plms1_3
100 0 109218 9 3.741767 plms1_3
