1 0 112795 0 30.173418 plms7_10
1 0 112924 1 29.4888 plms7_10
1 0 102956 2 29.24078 plms7_10
1 0 111116 3 29.210161 plms7_10
1 0 149702 4 28.699993 plms7_10
1 0 106879 5 28.311302 plms7_10
1 0 219732 6 28.125847 plms7_10
1 0 112750 7 27.545708 plms7_10
1 0 102601 8 27.359468 plms7_10
1 0 2649076 9 27.119465 plms7_10
2 0 103525 0 12.624693 plms7_10
2 0 110599 1 12.101648 plms7_10
2 0 86071 2 12.054301 plms7_10
2 0 122246 3 11.938038 plms7_10
2 0 111302 4 11.909899 plms7_10
2 0 205315 5 11.882374 plms7_10
2 0 145704 6 11.763077 plms7_10
2 0 84884 7 11.65983 plms7_10
2 0 105825 8 11.634448 plms7_10
2 0 85680 9 11.507732 plms7_10
3 0 118029 0 44.349285 plms7_10
3 0 3162143 1 44.20183 plms7_10
3 0 215496 2 43.581455 plms7_10
3 0 215694 3 43.581455 plms7_10
3 0 2959735 4 43.580414 plms7_10
3 0 111091 5 42.645084 plms7_10
3 0 112584 6 42.591793 plms7_10
3 0 112212 7 42.460262 plms7_10
3 0 145821 8 42.444233 plms7_10
3 0 145683 9 42.30936 plms7_10
4 0 215496 0 53.98345 plms7_10
4 0 215694 1 53.98345 plms7_10
4 0 2959735 2 53.98137 plms7_10
4 0 149007 3 53.35217 plms7_10
4 0 149288 4 48.54674 plms7_10
4 0 623142 5 48.43608 plms7_10
4 0 107492 6 47.606815 plms7_10
4 0 118029 7 47.351936 plms7_10
4 0 111091 8 46.720467 plms7_10
4 0 145890 9 46.603756 plms7_10
5 0 110056 0 33.58749 plms7_10
5 0 183480 1 33.382294 plms7_10
5 0 108089 2 32.32664 plms7_10
5 0 111789 3 30.673214 plms7_10
5 0 118217 4 30.563534 plms7_10
5 0 117911 5 30.097275 plms7_10
5 0 118174 6 29.6262 plms7_10
5 0 1087604 7 28.982311 plms7_10
5 0 104150 8 27.650461 plms7_10
5 0 111985 9 26.969597 plms7_10
6 0 2811844 0 26.623453 plms7_10
6 0 2959750 1 26.623453 plms7_10
6 0 117932 2 22.64113 plms7_10
6 0 110883 3 21.103992 plms7_10
6 0 105790 4 20.526777 plms7_10
6 0 106257 5 19.55153 plms7_10
6 0 112931 6 18.721573 plms7_10
6 0 110048 7 18.32525 plms7_10
6 0 626208 8 17.919195 plms7_10
6 0 89624 9 17.576841 plms7_10
7 0 145715 0 33.458656 plms7_10
7 0 118511 1 32.572598 plms7_10
7 0 2655591 2 32.208206 plms7_10
7 0 145713 3 31.423113 plms7_10
7 0 3195892 4 31.415884 plms7_10
7 0 147531 5 31.362617 plms7_10
7 0 2675751 6 31.32362 plms7_10
7 0 110932 7 31.314533 plms7_10
7 0 214949 8 31.131338 plms7_10
7 0 215071 9 31.131338 plms7_10
8 0 112634 0 20.105736 plms7_10
8 0 145738 1 19.442066 plms7_10
8 0 85421 2 19.169939 plms7_10
8 0 3153112 3 18.741558 plms7_10
8 0 104016 4 18.496346 plms7_10
8 0 104034 5 18.460918 plms7_10
8 0 89108 6 18.286497 plms7_10
8 0 111065 7 17.923275 plms7_10
8 0 205606 8 17.872225 plms7_10
8 0 2959736 9 17.872225 plms7_10
9 0 111191 0 51.127975 plms7_10
9 0 111694 1 50.65856 plms7_10
9 0 118212 2 50.375446 plms7_10
9 0 118011 3 50.29348 plms7_10
9 0 109720 4 49.43742 plms7_10
9 0 110543 5 49.23188 plms7_10
9 0 2675751 6 49.03558 plms7_10
9 0 112641 7 48.041336 plms7_10
9 0 127923 8 48.019924 plms7_10
9 0 118423 9 45.98169 plms7_10
10 0 112931 0 40.674747 plms7_10
10 0 145715 1 40.00783 plms7_10
10 0 112094 2 39.65429 plms7_10
10 0 145713 3 38.163177 plms7_10
10 0 112423 4 38.079876 plms7_10
10 0 147531 5 37.99838 plms7_10
10 0 108763 6 37.73037 plms7_10
10 0 214949 7 37.450382 plms7_10
10 0 215071 8 37.450382 plms7_10
10 0 112291 9 36.699028 plms7_10
11 0 2641101 0 26.713282 plms7_10
11 0 4151832 1 26.35399 plms7_10
11 0 623142 2 26.189436 plms7_10
11 0 3187209 3 25.922977 plms7_10
11 0 2801435 4 25.728018 plms7_10
11 0 2743678 5 25.691605 plms7_10
11 0 2959755 6 25.691605 plms7_10
11 0 820749 7 25.64278 plms7_10
11 0 146981 8 25.515503 plms7_10
11 0 108288 9 25.449673 plms7_10
12 0 2672535 0 29.278788 plms7_10
12 0 809121 1 24.694267 plms7_10
12 0 2680438 2 21.623276 plms7_10
12 0 3153112 3 21.558897 plms7_10
12 0 621195 4 21.475906 plms7_10
12 0 621270 5 21.475906 plms7_10
12 0 4154603 6 21.221397 plms7_10
12 0 4151830 7 20.73362 plms7_10
12 0 4155979 8 20.512457 plms7_10
12 0 2675749 9 20.02192 plms7_10
13 0 614392 0 51.787457 plms7_10
13 0 614485 1 51.787457 plms7_10
13 0 2642828 2 50.82675 plms7_10
13 0 2812588 3 49.31344 plms7_10
13 0 802973 4 47.433952 plms7_10
13 0 803271 5 47.433952 plms7_10
13 0 2959737 6 47.433952 plms7_10
13 0 4106440 7 45.34485 plms7_10
13 0 4162111 8 43.990105 plms7_10
13 0 3170728 9 43.77577 plms7_10
14 0 2812588 0 32.50919 plms7_10
14 0 3199501 1 31.504854 plms7_10
14 0 124715 2 31.364212 plms7_10
14 0 614392 3 30.558266 plms7_10
14 0 614485 4 30.558266 plms7_10
14 0 145965 5 29.91267 plms7_10
14 0 110496 6 29.870605 plms7_10
14 0 145958 7 29.485598 plms7_10
14 0 4151817 8 28.829678 plms7_10
14 0 105886 9 27.993746 plms7_10
15 0 2812588 0 53.049377 plms7_10
15 0 4162111 1 45.6111 plms7_10
15 0 4015951 2 43.775852 plms7_10
15 0 3207858 3 42.130123 plms7_10
15 0 3199501 4 40.20059 plms7_10
15 0 4151822 5 40.01137 plms7_10
15 0 4106440 6 39.47539 plms7_10
15 0 3177196 7 37.398228 plms7_10
15 0 4151821 8 36.36489 plms7_10
15 0 2806207 9 35.17295 plms7_10
16 0 2812588 0 40.09216 plms7_10
16 0 145817 1 35.17813 plms7_10
16 0 4151822 2 34.701073 plms7_10
16 0 2770446 3 34.127113 plms7_10
16 0 145966 4 33.606586 plms7_10
16 0 145647 5 32.381405 plms7_10
16 0 2155 6 32.24231 plms7_10
16 0 1921234 7 31.97567 plms7_10
16 0 134747 8 31.840603 plms7_10
16 0 130150 9 31.465069 plms7_10
17 0 112143 0 21.689299 plms7_10
17 0 118231 1 21.661684 plms7_10
17 0 109514 2 21.55006 plms7_10
17 0 117987 3 21.527044 plms7_10
17 0 117968 4 21.450266 plms7_10
17 0 111686 5 21.188568 plms7_10
17 0 145119 6 21.055248 plms7_10
17 0 137746 7 20.972036 plms7_10
17 0 109986 8 20.92191 plms7_10
17 0 217512 9 20.900303 plms7_10
18 0 145664 0 45.758026 plms7_10
18 0 110810 1 44.488613 plms7_10
18 0 110265 2 44.43179 plms7_10
18 0 111545 3 44.42794 plms7_10
18 0 110600 4 44.263145 plms7_10
18 0 112128 5 44.218628 plms7_10
18 0 112835 6 44.133236 plms7_10
18 0 111710 7 44.017254 plms7_10
18 0 112829 8 44.008743 plms7_10
18 0 111304 9 43.663105 plms7_10
19 0 110883 0 14.740534 plms7_10
19 0 103133 1 14.121498 plms7_10
19 0 104474 2 13.672611 plms7_10
19 0 99101 3 13.322212 plms7_10
19 0 106257 4 13.247865 plms7_10
19 0 93149 5 13.073305 plms7_10
19 0 104895 6 13.058866 plms7_10
19 0 93820 7 12.888369 plms7_10
19 0 102034 8 12.774884 plms7_10
19 0 106314 9 12.598525 plms7_10
20 0 118358 0 21.340244 plms7_10
20 0 118243 1 21.31844 plms7_10
20 0 112155 2 21.000296 plms7_10
20 0 118043 3 19.995419 plms7_10
20 0 106282 4 19.936771 plms7_10
20 0 98351 5 19.602774 plms7_10
20 0 127920 6 19.15329 plms7_10
20 0 97329 7 18.998468 plms7_10
20 0 108897 8 18.75026 plms7_10
20 0 91942 9 18.67456 plms7_10
21 0 2659300 0 33.327812 plms7_10
21 0 118371 1 32.3815 plms7_10
21 0 112846 2 30.171507 plms7_10
21 0 145925 3 30.138771 plms7_10
21 0 867657 4 29.84262 plms7_10
21 0 112777 5 29.362234 plms7_10
21 0 117890 6 28.960766 plms7_10
21 0 111858 7 28.182653 plms7_10
21 0 2795279 8 27.69996 plms7_10
21 0 623843 9 27.417809 plms7_10
22 0 111021 0 65.80829 plms7_10
22 0 111517 1 63.491512 plms7_10
22 0 145644 2 62.389034 plms7_10
22 0 873660 3 59.39904 plms7_10
22 0 112880 4 58.201862 plms7_10
22 0 118416 5 57.29767 plms7_10
22 0 2681317 6 56.832127 plms7_10
22 0 112737 7 56.59858 plms7_10
22 0 117852 8 56.48201 plms7_10
22 0 145788 9 56.4285 plms7_10
23 0 112257 0 15.970615 plms7_10
23 0 4162535 1 14.903346 plms7_10
23 0 118449 2 14.085384 plms7_10
23 0 107645 3 13.368875 plms7_10
23 0 137736 4 12.972276 plms7_10
23 0 2810525 5 12.563538 plms7_10
23 0 2811847 6 12.563538 plms7_10
23 0 108393 7 12.515648 plms7_10
23 0 110391 8 12.446674 plms7_10
23 0 145738 9 12.315313 plms7_10
24 0 111318 0 21.37262 plms7_10
24 0 112693 1 21.143948 plms7_10
24 0 118044 2 20.77943 plms7_10
24 0 112257 3 20.708673 plms7_10
24 0 1738 4 19.993513 plms7_10
24 0 137736 5 19.968603 plms7_10
24 0 118449 6 19.966187 plms7_10
24 0 109265 7 19.402426 plms7_10
24 0 112107 8 19.40115 plms7_10
24 0 110916 9 18.822685 plms7_10
25 0 112345 0 30.097525 plms7_10
25 0 3211503 1 28.571495 plms7_10
25 0 112616 2 25.736246 plms7_10
25 0 118021 3 21.660568 plms7_10
25 0 108632 4 21.57096 plms7_10
25 0 109416 5 20.34519 plms7_10
25 0 101911 6 19.894716 plms7_10
25 0 109512 7 19.795082 plms7_10
25 0 109210 8 19.774874 plms7_10
25 0 109867 9 19.611673 plms7_10
26 0 118026 0 45.64812 plms7_10
26 0 145758 1 45.520256 plms7_10
26 0 112324 2 44.48118 plms7_10
26 0 117872 3 43.228905 plms7_10
26 0 112616 4 42.426823 plms7_10
26 0 127910 5 42.147804 plms7_10
26 0 112724 6 41.43982 plms7_10
26 0 112045 7 41.17893 plms7_10
26 0 127899 8 40.42968 plms7_10
26 0 111056 9 40.384296 plms7_10
27 0 4157405 0 28.158968 plms7_10
27 0 4157382 1 28.156797 plms7_10
27 0 118475 2 26.48453 plms7_10
27 0 110706 3 26.105947 plms7_10
27 0 110384 4 25.66303 plms7_10
27 0 110291 5 25.447182 plms7_10
27 0 112071 6 25.128174 plms7_10
27 0 109704 7 24.83446 plms7_10
27 0 112346 8 24.615763 plms7_10
27 0 111141 9 24.455046 plms7_10
28 0 4157382 0 53.652126 plms7_10
28 0 4157405 1 53.652126 plms7_10
28 0 112346 2 44.035503 plms7_10
28 0 111141 3 38.07843 plms7_10
28 0 217703 4 37.537834 plms7_10
28 0 112523 5 36.784283 plms7_10
28 0 107063 6 32.18516 plms7_10
28 0 2679557 7 30.820011 plms7_10
28 0 1087666 8 30.5676 plms7_10
28 0 112308 9 30.262312 plms7_10
29 0 4151826 0 25.392813 plms7_10
29 0 112620 1 25.095419 plms7_10
29 0 205788 2 24.998138 plms7_10
29 0 145632 3 24.942495 plms7_10
29 0 626206 4 24.597128 plms7_10
29 0 109922 5 24.469757 plms7_10
29 0 118073 6 24.419147 plms7_10
29 0 111471 7 24.240952 plms7_10
29 0 109622 8 24.124552 plms7_10
29 0 111797 9 24.063633 plms7_10
30 0 205788 0 46.092228 plms7_10
30 0 145708 1 44.57402 plms7_10
30 0 145841 2 43.99186 plms7_10
30 0 218921 3 43.493275 plms7_10
30 0 137739 4 42.912613 plms7_10
30 0 112704 5 40.87471 plms7_10
30 0 145843 6 40.520344 plms7_10
30 0 118117 7 40.369633 plms7_10
30 0 145761 8 39.634575 plms7_10
30 0 112620 9 39.599262 plms7_10
31 0 148797 0 38.699234 plms7_10
31 0 136995 1 35.317398 plms7_10
31 0 118412 2 34.636932 plms7_10
31 0 145925 3 34.16962 plms7_10
31 0 2672535 4 34.06472 plms7_10
31 0 118424 5 33.163128 plms7_10
31 0 121165 6 32.973557 plms7_10
31 0 183479 7 32.94098 plms7_10
31 0 146984 8 32.83613 plms7_10
31 0 802770 9 32.342896 plms7_10
32 0 93402 0 15.421829 plms7_10
32 0 110561 1 14.74455 plms7_10
32 0 2453653 2 14.656154 plms7_10
32 0 118458 3 14.613038 plms7_10
32 0 130143 4 14.397137 plms7_10
32 0 94876 5 14.377739 plms7_10
32 0 91276 6 14.067768 plms7_10
32 0 109066 7 13.800536 plms7_10
32 0 2678133 8 13.718327 plms7_10
32 0 111513 9 13.708211 plms7_10
33 0 2809767 0 27.38363 plms7_10
33 0 2811850 1 27.38363 plms7_10
33 0 2676594 2 22.780663 plms7_10
33 0 2675753 3 22.489315 plms7_10
33 0 2679204 4 22.489315 plms7_10
33 0 112728 5 22.148499 plms7_10
33 0 118302 6 21.94404 plms7_10
33 0 110667 7 21.478046 plms7_10
33 0 110382 8 21.44699 plms7_10
33 0 111433 9 20.469847 plms7_10
34 0 2676594 0 78.36781 plms7_10
34 0 2675753 1 77.25911 plms7_10
34 0 2679204 2 77.25911 plms7_10
34 0 2809767 3 64.74672 plms7_10
34 0 2811850 4 64.74672 plms7_10
34 0 136994 5 40.68464 plms7_10
34 0 137727 6 40.190136 plms7_10
34 0 121158 7 38.690235 plms7_10
34 0 112325 8 35.54531 plms7_10
34 0 112359 9 29.46132 plms7_10
35 0 932061 0 24.900288 plms7_10
35 0 3205767 1 24.337364 plms7_10
35 0 868381 2 24.250225 plms7_10
35 0 821306 3 23.295202 plms7_10
35 0 118329 4 22.601053 plms7_10
35 0 112268 5 22.558538 plms7_10
35 0 3214776 6 22.349312 plms7_10
35 0 107919 7 22.34397 plms7_10
35 0 145782 8 21.760685 plms7_10
35 0 218927 9 21.70734 plms7_10
36 0 109703 0 35.767876 plms7_10
36 0 112009 1 32.478554 plms7_10
36 0 112069 2 31.709854 plms7_10
36 0 112324 3 30.998844 plms7_10
36 0 110697 4 30.91664 plms7_10
36 0 118424 5 30.641375 plms7_10
36 0 109923 6 30.603403 plms7_10
36 0 110563 7 30.523447 plms7_10
36 0 107731 8 30.408434 plms7_10
36 0 213843 9 30.098162 plms7_10
37 0 145731 0 34.716866 plms7_10
37 0 112910 1 33.141273 plms7_10
37 0 111982 2 32.971954 plms7_10
37 0 4151829 3 31.64574 plms7_10
37 0 118269 4 31.45223 plms7_10
37 0 110742 5 29.944529 plms7_10
37 0 110774 6 29.320772 plms7_10
37 0 1993216 7 28.671034 plms7_10
37 0 111420 8 28.09657 plms7_10
37 0 109251 9 28.00453 plms7_10
38 0 118269 0 60.00627 plms7_10
38 0 145731 1 54.80659 plms7_10
38 0 1993216 2 54.69184 plms7_10
38 0 112910 3 53.6731 plms7_10
38 0 145855 4 51.525776 plms7_10
38 0 4151829 5 50.974083 plms7_10
38 0 112292 6 49.475357 plms7_10
38 0 145629 7 49.432526 plms7_10
38 0 112887 8 48.413677 plms7_10
38 0 111420 9 45.91271 plms7_10
39 0 111432 0 22.904316 plms7_10
39 0 2674861 1 22.420517 plms7_10
39 0 2675754 2 22.420517 plms7_10
39 0 102086 3 22.393219 plms7_10
39 0 1731 4 22.32253 plms7_10
39 0 112568 5 22.04297 plms7_10
39 0 105058 6 21.512768 plms7_10
39 0 112936 7 20.975342 plms7_10
39 0 112855 8 20.598238 plms7_10
39 0 103135 9 20.127438 plms7_10
40 0 2810526 0 18.7875 plms7_10
40 0 146981 1 18.138842 plms7_10
40 0 149007 2 17.985617 plms7_10
40 0 945737 3 17.844618 plms7_10
40 0 932059 4 17.844618 plms7_10
40 0 2801430 5 17.415737 plms7_10
40 0 2769807 6 17.361155 plms7_10
40 0 217512 7 17.29809 plms7_10
40 0 3170727 8 17.23228 plms7_10
40 0 218133 9 17.105968 plms7_10
41 0 111891 0 29.84546 plms7_10
41 0 112585 1 29.743013 plms7_10
41 0 109186 2 28.90291 plms7_10
41 0 110075 3 28.407358 plms7_10
41 0 110230 4 27.972406 plms7_10
41 0 111198 5 27.549078 plms7_10
41 0 110132 6 27.531925 plms7_10
41 0 111254 7 26.243124 plms7_10
41 0 112440 8 25.76847 plms7_10
41 0 2810525 9 25.658762 plms7_10
42 0 118374 0 37.878338 plms7_10
42 0 902771 1 37.718403 plms7_10
42 0 903985 2 37.718403 plms7_10
42 0 3189783 3 37.16086 plms7_10
42 0 112810 4 36.938755 plms7_10
42 0 111250 5 36.82604 plms7_10
42 0 127897 6 36.807693 plms7_10
42 0 118131 7 36.493015 plms7_10
42 0 112206 8 36.30516 plms7_10
42 0 2959737 9 36.303955 plms7_10
43 0 94717 0 16.934292 plms7_10
43 0 93137 1 16.503458 plms7_10
43 0 112305 2 16.478115 plms7_10
43 0 100926 3 16.289701 plms7_10
43 0 90315 4 15.920927 plms7_10
43 0 106883 5 15.788561 plms7_10
43 0 109529 6 15.638894 plms7_10
43 0 2680590 7 15.497584 plms7_10
43 0 2959745 8 15.497584 plms7_10
43 0 111585 9 15.223687 plms7_10
44 0 109329 0 18.861721 plms7_10
44 0 110162 1 18.478937 plms7_10
44 0 118282 2 18.241468 plms7_10
44 0 802408 3 18.117275 plms7_10
44 0 118269 4 17.855328 plms7_10
44 0 3213871 5 17.787155 plms7_10
44 0 145674 6 17.646114 plms7_10
44 0 117953 7 17.575102 plms7_10
44 0 112144 8 17.308846 plms7_10
44 0 104158 9 17.308401 plms7_10
45 0 108025 0 19.973171 plms7_10
45 0 118334 1 18.925838 plms7_10
45 0 106592 2 18.864607 plms7_10
45 0 145693 3 18.69084 plms7_10
45 0 112140 4 18.44493 plms7_10
45 0 1087953 5 18.387342 plms7_10
45 0 799991 6 18.346312 plms7_10
45 0 117968 7 18.165606 plms7_10
45 0 800568 8 18.051426 plms7_10
45 0 118107 9 17.95729 plms7_10
46 0 2804673 0 33.103977 plms7_10
46 0 145772 1 30.960398 plms7_10
46 0 866024 2 29.61275 plms7_10
46 0 858802 3 29.61275 plms7_10
46 0 618680 4 28.108946 plms7_10
46 0 623145 5 27.423286 plms7_10
46 0 3204917 6 25.872974 plms7_10
46 0 1269289 7 24.34468 plms7_10
46 0 626207 8 23.438744 plms7_10
46 0 137725 9 23.303625 plms7_10
47 0 2674861 0 34.378017 plms7_10
47 0 2675754 1 34.378017 plms7_10
47 0 108545 2 30.079956 plms7_10
47 0 105417 3 28.907322 plms7_10
47 0 142882 4 28.157509 plms7_10
47 0 111362 5 28.156162 plms7_10
47 0 121149 6 28.031744 plms7_10
47 0 96147 7 28.002132 plms7_10
47 0 96287 8 27.967728 plms7_10
47 0 118218 9 26.859127 plms7_10
48 0 2674861 0 25.959469 plms7_10
48 0 2675754 1 25.959469 plms7_10
48 0 96287 2 23.361147 plms7_10
48 0 103019 3 22.93572 plms7_10
48 0 94040 4 22.674335 plms7_10
48 0 112422 5 21.047802 plms7_10
48 0 95291 6 20.915558 plms7_10
48 0 90684 7 20.82608 plms7_10
48 0 108041 8 20.622896 plms7_10
48 0 99428 9 20.45439 plms7_10
49 0 2672535 0 20.581749 plms7_10
49 0 4162535 1 19.905642 plms7_10
49 0 1087667 2 18.712854 plms7_10
49 0 86691 3 17.082697 plms7_10
49 0 145626 4 16.858648 plms7_10
49 0 98032 5 16.813623 plms7_10
49 0 106395 6 16.621843 plms7_10
49 0 87007 7 16.513426 plms7_10
49 0 109883 8 16.326845 plms7_10
49 0 93031 9 16.318409 plms7_10
50 0 112733 0 22.679302 plms7_10
50 0 110162 1 22.496416 plms7_10
50 0 109776 2 22.439785 plms7_10
50 0 118203 3 22.389992 plms7_10
50 0 118449 4 21.65129 plms7_10
50 0 109248 5 21.431097 plms7_10
50 0 117996 6 20.944735 plms7_10
50 0 117950 7 20.760471 plms7_10
50 0 110763 8 20.465815 plms7_10
50 0 111954 9 20.38678 plms7_10
51 0 145849 0 11.670228 plms7_10
51 0 109715 1 11.654159 plms7_10
51 0 1741 2 11.2986965 plms7_10
51 0 112867 3 11.160378 plms7_10
51 0 107587 4 11.034416 plms7_10
51 0 127913 5 11.026271 plms7_10
51 0 107254 6 10.93933 plms7_10
51 0 145791 7 10.796401 plms7_10
51 0 109466 8 10.776106 plms7_10
51 0 2808293 9 10.769122 plms7_10
52 0 112770 0 24.926691 plms7_10
52 0 111908 1 23.194508 plms7_10
52 0 91913 2 22.880827 plms7_10
52 0 107187 3 22.348858 plms7_10
52 0 90135 4 21.737383 plms7_10
52 0 90370 5 21.272022 plms7_10
52 0 137750 6 21.076181 plms7_10
52 0 118076 7 20.361914 plms7_10
52 0 88453 8 19.555414 plms7_10
52 0 100592 9 19.45655 plms7_10
53 0 112573 0 28.90555 plms7_10
53 0 625711 1 28.703705 plms7_10
53 0 621045 2 28.434631 plms7_10
53 0 112728 3 27.53654 plms7_10
53 0 104615 4 27.085583 plms7_10
53 0 110692 5 26.567856 plms7_10
53 0 811778 6 26.450258 plms7_10
53 0 112206 7 26.391977 plms7_10
53 0 104837 8 26.228779 plms7_10
53 0 118357 9 25.96546 plms7_10
54 0 205788 0 34.066437 plms7_10
54 0 145632 1 34.00695 plms7_10
54 0 2358 2 33.6343 plms7_10
54 0 931614 3 33.004852 plms7_10
54 0 216733 4 32.995213 plms7_10
54 0 931123 5 32.667984 plms7_10
54 0 145626 6 32.532898 plms7_10
54 0 145807 7 32.20438 plms7_10
54 0 145856 8 30.842155 plms7_10
54 0 2809764 9 30.669231 plms7_10
55 0 4154603 0 72.034134 plms7_10
55 0 145731 1 58.244564 plms7_10
55 0 111261 2 51.09476 plms7_10
55 0 110774 3 49.86214 plms7_10
55 0 145855 4 45.62253 plms7_10
55 0 112910 5 45.546383 plms7_10
55 0 118269 6 44.440487 plms7_10
55 0 111420 7 43.632854 plms7_10
55 0 110021 8 37.753803 plms7_10
55 0 111982 9 34.351364 plms7_10
56 0 4154603 0 31.82121 plms7_10
56 0 145855 1 28.711926 plms7_10
56 0 107743 2 26.365494 plms7_10
56 0 145629 3 25.841333 plms7_10
56 0 109215 4 25.062544 plms7_10
56 0 110021 5 24.885202 plms7_10
56 0 108118 6 24.281126 plms7_10
56 0 110736 7 24.01348 plms7_10
56 0 118269 8 23.952091 plms7_10
56 0 109882 9 23.78679 plms7_10
57 0 117992 0 8.265321 plms7_10
57 0 97178 1 8.260887 plms7_10
57 0 96246 2 7.8584805 plms7_10
57 0 2146 3 7.553562 plms7_10
57 0 118496 4 7.53011 plms7_10
57 0 1087837 5 7.524337 plms7_10
57 0 86371 6 7.4974623 plms7_10
57 0 111985 7 7.4887233 plms7_10
57 0 145810 8 7.468318 plms7_10
57 0 88711 9 7.4164643 plms7_10
58 0 118467 0 20.770931 plms7_10
58 0 821305 1 20.45199 plms7_10
58 0 118282 2 19.98224 plms7_10
58 0 2671725 3 19.583286 plms7_10
58 0 2672207 4 19.557034 plms7_10
58 0 104617 5 19.496115 plms7_10
58 0 145804 6 19.376984 plms7_10
58 0 2811845 7 19.37497 plms7_10
58 0 106152 8 19.357668 plms7_10
58 0 112077 9 19.277273 plms7_10
59 0 2788983 0 49.03701 plms7_10
59 0 112824 1 45.02858 plms7_10
59 0 4170685 2 44.02742 plms7_10
59 0 145627 3 41.902946 plms7_10
59 0 145630 4 41.212383 plms7_10
59 0 130158 5 40.826942 plms7_10
59 0 219735 6 40.276592 plms7_10
59 0 110043 7 40.153835 plms7_10
59 0 117874 8 39.756245 plms7_10
59 0 108227 9 39.74375 plms7_10
60 0 931614 0 44.88884 plms7_10
60 0 145856 1 38.78426 plms7_10
60 0 118257 2 38.218914 plms7_10
60 0 109810 3 38.2045 plms7_10
60 0 109706 4 37.96822 plms7_10
60 0 110248 5 35.385876 plms7_10
60 0 118012 6 34.356457 plms7_10
60 0 109949 7 34.214886 plms7_10
60 0 110510 8 33.31279 plms7_10
60 0 145807 9 33.275024 plms7_10
61 0 145923 0 58.76469 plms7_10
61 0 1732 1 54.91867 plms7_10
61 0 145743 2 53.897232 plms7_10
61 0 218132 3 50.34202 plms7_10
61 0 179213 4 49.95324 plms7_10
61 0 2812210 5 49.8661 plms7_10
61 0 1087955 6 49.776585 plms7_10
61 0 2620704 7 49.045647 plms7_10
61 0 218457 8 48.730984 plms7_10
61 0 219815 9 48.567657 plms7_10
62 0 1742 0 24.823257 plms7_10
62 0 110091 1 24.03341 plms7_10
62 0 118188 2 23.929861 plms7_10
62 0 2620703 3 23.796194 plms7_10
62 0 127898 4 23.439302 plms7_10
62 0 150543 5 23.28122 plms7_10
62 0 2959732 6 23.28122 plms7_10
62 0 118021 7 23.254711 plms7_10
62 0 145779 8 23.233574 plms7_10
62 0 112588 9 23.194992 plms7_10
63 0 97779 0 10.2540455 plms7_10
63 0 104355 1 10.157279 plms7_10
63 0 96485 2 10.066662 plms7_10
63 0 104455 3 9.926585 plms7_10
63 0 111177 4 9.915585 plms7_10
63 0 107480 5 9.868241 plms7_10
63 0 107014 6 9.845914 plms7_10
63 0 96019 7 9.801126 plms7_10
63 0 111336 8 9.772249 plms7_10
63 0 107337 9 9.742857 plms7_10
64 0 2758568 0 45.046814 plms7_10
64 0 145895 1 38.27964 plms7_10
64 0 110645 2 35.96118 plms7_10
64 0 102061 3 32.070347 plms7_10
64 0 110542 4 31.893013 plms7_10
64 0 109773 5 31.719543 plms7_10
64 0 98509 6 31.401447 plms7_10
64 0 821189 7 30.5798 plms7_10
64 0 111082 8 30.276236 plms7_10
64 0 111051 9 30.01197 plms7_10
65 0 118123 0 19.936766 plms7_10
65 0 112016 1 13.848384 plms7_10
65 0 145867 2 13.819095 plms7_10
65 0 122242 3 12.958261 plms7_10
65 0 112677 4 12.818937 plms7_10
65 0 112935 5 12.752501 plms7_10
65 0 111838 6 12.659659 plms7_10
65 0 4151825 7 12.653099 plms7_10
65 0 145667 8 12.498623 plms7_10
65 0 2808291 9 12.437293 plms7_10
66 0 3211501 0 32.397 plms7_10
66 0 111632 1 28.812033 plms7_10
66 0 145867 2 28.618912 plms7_10
66 0 110251 3 26.69032 plms7_10
66 0 106391 4 26.613197 plms7_10
66 0 110645 5 26.541433 plms7_10
66 0 121170 6 25.550468 plms7_10
66 0 2677564 7 24.76154 plms7_10
66 0 2678135 8 24.76154 plms7_10
66 0 108589 9 24.561531 plms7_10
67 0 867645 0 23.197334 plms7_10
67 0 145800 1 20.864727 plms7_10
67 0 2959738 2 20.398172 plms7_10
67 0 103093 3 20.000374 plms7_10
67 0 145635 4 19.773314 plms7_10
67 0 112081 5 19.593964 plms7_10
67 0 112891 6 19.308643 plms7_10
67 0 88797 7 18.98684 plms7_10
67 0 145664 8 18.980421 plms7_10
67 0 110753 9 18.795395 plms7_10
68 0 103675 0 34.173637 plms7_10
68 0 218133 1 32.253483 plms7_10
68 0 100945 2 31.98337 plms7_10
68 0 89835 3 31.408098 plms7_10
68 0 99167 4 31.363007 plms7_10
68 0 2455531 5 31.341694 plms7_10
68 0 107036 6 30.654575 plms7_10
68 0 95196 7 30.194618 plms7_10
68 0 89496 8 30.159994 plms7_10
68 0 118222 9 30.022226 plms7_10
69 0 112626 0 24.713701 plms7_10
69 0 142877 1 24.684515 plms7_10
69 0 145697 2 24.38279 plms7_10
69 0 799975 3 24.339827 plms7_10
69 0 1087695 4 24.1458 plms7_10
69 0 118343 5 24.079475 plms7_10
69 0 108430 6 24.030098 plms7_10
69 0 130160 7 24.014435 plms7_10
69 0 107430 8 23.965776 plms7_10
69 0 118098 9 23.920927 plms7_10
70 0 111709 0 36.96816 plms7_10
70 0 118111 1 36.843212 plms7_10
70 0 112534 2 34.26935 plms7_10
70 0 117961 3 32.623604 plms7_10
70 0 118080 4 31.628809 plms7_10
70 0 117859 5 31.176939 plms7_10
70 0 1087961 6 30.526543 plms7_10
70 0 118317 7 30.044622 plms7_10
70 0 118379 8 29.770748 plms7_10
70 0 117927 9 29.666315 plms7_10
71 0 112904 0 33.143078 plms7_10
71 0 118052 1 33.06873 plms7_10
71 0 112914 2 32.263496 plms7_10
71 0 118234 3 31.234034 plms7_10
71 0 110331 4 31.068167 plms7_10
71 0 118287 5 29.242105 plms7_10
71 0 145121 6 29.181059 plms7_10
71 0 117979 7 28.337496 plms7_10
71 0 118005 8 28.013885 plms7_10
71 0 111103 9 27.94936 plms7_10
72 0 117979 0 22.451706 plms7_10
72 0 112310 1 21.705528 plms7_10
72 0 112311 2 21.620665 plms7_10
72 0 96673 3 21.105467 plms7_10
72 0 3189783 4 20.69415 plms7_10
72 0 96752 5 20.371195 plms7_10
72 0 110936 6 20.19845 plms7_10
72 0 106623 7 19.909763 plms7_10
72 0 118287 8 19.828081 plms7_10
72 0 88166 9 19.78053 plms7_10
73 0 110692 0 22.402338 plms7_10
73 0 110666 1 22.318762 plms7_10
73 0 110105 2 21.845112 plms7_10
73 0 106391 3 21.534445 plms7_10
73 0 109965 4 21.388416 plms7_10
73 0 108729 5 21.37482 plms7_10
73 0 2804674 6 21.36532 plms7_10
73 0 108149 7 20.736217 plms7_10
73 0 104453 8 20.643858 plms7_10
73 0 118453 9 20.607805 plms7_10
74 0 2675749 0 21.124126 plms7_10
74 0 111666 1 19.959005 plms7_10
74 0 137003 2 19.80922 plms7_10
74 0 2654534 3 19.781115 plms7_10
74 0 4154602 4 19.754349 plms7_10
74 0 2789928 5 19.728735 plms7_10
74 0 218667 6 19.317371 plms7_10
74 0 111832 7 19.205666 plms7_10
74 0 105078 8 19.188995 plms7_10
74 0 108709 9 18.99736 plms7_10
75 0 110362 0 47.573215 plms7_10
75 0 118226 1 47.20238 plms7_10
75 0 110415 2 46.99389 plms7_10
75 0 2677565 3 45.421703 plms7_10
75 0 2672210 4 44.924046 plms7_10
75 0 2654755 5 44.924046 plms7_10
75 0 127904 6 44.320396 plms7_10
75 0 110779 7 44.082203 plms7_10
75 0 111675 8 43.39913 plms7_10
75 0 110964 9 43.09196 plms7_10
76 0 111945 0 38.128246 plms7_10
76 0 118390 1 37.936085 plms7_10
76 0 1740 2 37.15927 plms7_10
76 0 2679833 3 36.054024 plms7_10
76 0 2680440 4 36.054024 plms7_10
76 0 145799 5 35.634914 plms7_10
76 0 108900 6 34.967087 plms7_10
76 0 118298 7 34.705185 plms7_10
76 0 111508 8 34.461113 plms7_10
76 0 118143 9 34.225574 plms7_10
77 0 104355 0 26.658167 plms7_10
77 0 112626 1 25.867683 plms7_10
77 0 95933 2 24.979065 plms7_10
77 0 111455 3 24.607994 plms7_10
77 0 97242 4 24.53925 plms7_10
77 0 111610 5 24.424274 plms7_10
77 0 112646 6 23.485239 plms7_10
77 0 112693 7 23.002754 plms7_10
77 0 110223 8 22.697954 plms7_10
77 0 108605 9 22.504286 plms7_10
78 0 145632 0 46.425705 plms7_10
78 0 2812588 1 44.784992 plms7_10
78 0 104296 2 40.624123 plms7_10
78 0 111250 3 40.533905 plms7_10
78 0 112485 4 40.24114 plms7_10
78 0 117968 5 39.674427 plms7_10
78 0 802973 6 39.555744 plms7_10
78 0 803271 7 39.555744 plms7_10
78 0 2959737 8 39.555744 plms7_10
78 0 111271 9 39.39753 plms7_10
79 0 2680438 0 45.59605 plms7_10
79 0 118143 1 39.811802 plms7_10
79 0 111009 2 39.34407 plms7_10
79 0 3171728 3 37.752193 plms7_10
79 0 110221 4 33.233826 plms7_10
79 0 903979 5 30.86318 plms7_10
79 0 902768 6 30.86318 plms7_10
79 0 218665 7 29.671562 plms7_10
79 0 118375 8 29.178068 plms7_10
79 0 111470 9 28.94531 plms7_10
80 0 108900 0 35.82199 plms7_10
80 0 2679833 1 33.05438 plms7_10
80 0 2680440 2 33.05438 plms7_10
80 0 98551 3 31.067053 plms7_10
80 0 4106441 4 30.728844 plms7_10
80 0 142889 5 30.0499 plms7_10
80 0 118390 6 29.80192 plms7_10
80 0 112738 7 29.743872 plms7_10
80 0 3189783 8 29.38132 plms7_10
80 0 111945 9 29.364714 plms7_10
81 0 112260 0 18.494196 plms7_10
81 0 111914 1 17.724203 plms7_10
81 0 118373 2 17.204714 plms7_10
81 0 799991 3 17.116156 plms7_10
81 0 118045 4 16.961758 plms7_10
81 0 111418 5 16.759638 plms7_10
81 0 802791 6 16.638111 plms7_10
81 0 4157383 7 16.490982 plms7_10
81 0 110864 8 16.486954 plms7_10
81 0 111360 9 15.956157 plms7_10
82 0 1087945 0 20.789057 plms7_10
82 0 112869 1 20.513699 plms7_10
82 0 104132 2 20.165648 plms7_10
82 0 821305 3 20.097633 plms7_10
82 0 112292 4 19.988478 plms7_10
82 0 111106 5 19.929203 plms7_10
82 0 117837 6 19.454107 plms7_10
82 0 105739 7 19.401419 plms7_10
82 0 105931 8 19.327251 plms7_10
82 0 108903 9 18.863237 plms7_10
83 0 145859 0 50.84437 plms7_10
83 0 111194 1 48.757812 plms7_10
83 0 111333 2 48.105206 plms7_10
83 0 111664 3 45.75654 plms7_10
83 0 112372 4 45.589695 plms7_10
83 0 111246 5 45.361828 plms7_10
83 0 111663 6 44.932945 plms7_10
83 0 137746 7 43.908653 plms7_10
83 0 111151 8 43.51693 plms7_10
83 0 820896 9 43.254906 plms7_10
84 0 111664 0 56.457836 plms7_10
84 0 110361 1 55.33705 plms7_10
84 0 109200 2 54.186447 plms7_10
84 0 111151 3 54.10582 plms7_10
84 0 800858 4 52.740414 plms7_10
84 0 110473 5 52.523895 plms7_10
84 0 109201 6 52.00617 plms7_10
84 0 109895 7 51.980858 plms7_10
84 0 122251 8 51.81542 plms7_10
84 0 109893 9 51.790054 plms7_10
85 0 802973 0 42.964306 plms7_10
85 0 803271 1 42.964306 plms7_10
85 0 2959737 2 42.964306 plms7_10
85 0 137749 3 36.986782 plms7_10
85 0 112240 4 35.745922 plms7_10
85 0 150543 5 35.23475 plms7_10
85 0 2959732 6 35.23475 plms7_10
85 0 146553 7 34.733646 plms7_10
85 0 146790 8 34.733646 plms7_10
85 0 118446 9 34.277267 plms7_10
86 0 3171724 0 30.420395 plms7_10
86 0 3177199 1 30.420395 plms7_10
86 0 3177200 2 30.420395 plms7_10
86 0 3195092 3 23.641489 plms7_10
86 0 3205766 4 22.520119 plms7_10
86 0 802973 5 22.287876 plms7_10
86 0 803271 6 22.287876 plms7_10
86 0 2959737 7 22.287876 plms7_10
86 0 3170730 8 21.22237 plms7_10
86 0 3177197 9 21.22237 plms7_10
87 0 124715 0 28.547546 plms7_10
87 0 112807 1 27.860243 plms7_10
87 0 145818 2 27.72881 plms7_10
87 0 111728 3 26.272665 plms7_10
87 0 111170 4 25.776129 plms7_10
87 0 131161 5 25.348068 plms7_10
87 0 148483 6 24.977074 plms7_10
87 0 111385 7 24.941076 plms7_10
87 0 2812588 8 24.741926 plms7_10
87 0 112080 9 24.693748 plms7_10
88 0 182991 0 26.063372 plms7_10
88 0 625833 1 25.593132 plms7_10
88 0 181012 2 25.57409 plms7_10
88 0 625711 3 24.953342 plms7_10
88 0 145897 4 24.949343 plms7_10
88 0 118357 5 24.886208 plms7_10
88 0 147529 6 24.28088 plms7_10
88 0 143378 7 24.280178 plms7_10
88 0 111170 8 24.164755 plms7_10
88 0 145122 9 24.104918 plms7_10
89 0 4151822 0 85.02317 plms7_10
89 0 4162110 1 74.162384 plms7_10
89 0 2812588 2 71.86466 plms7_10
89 0 2770446 3 62.469475 plms7_10
89 0 4106440 4 49.33016 plms7_10
89 0 4094005 5 45.237152 plms7_10
89 0 111029 6 44.342594 plms7_10
89 0 1087693 7 41.683136 plms7_10
89 0 4151826 8 41.595978 plms7_10
89 0 180494 9 41.43435 plms7_10
90 0 95346 0 10.902504 plms7_10
90 0 96318 1 10.49444 plms7_10
90 0 96272 2 10.189723 plms7_10
90 0 117985 3 10.158142 plms7_10
90 0 111958 4 10.101825 plms7_10
90 0 121160 5 9.980942 plms7_10
90 0 92164 6 9.836396 plms7_10
90 0 97344 7 9.799442 plms7_10
90 0 112475 8 9.79535 plms7_10
90 0 2654754 9 9.781531 plms7_10
91 0 3212514 0 47.46196 plms7_10
91 0 219097 1 38.11538 plms7_10
91 0 110032 2 36.949486 plms7_10
91 0 109043 3 36.50112 plms7_10
91 0 106207 4 36.38097 plms7_10
91 0 1087959 5 35.836895 plms7_10
91 0 108567 6 35.172546 plms7_10
91 0 106196 7 32.860493 plms7_10
91 0 118507 8 32.780235 plms7_10
91 0 145892 9 32.719524 plms7_10
92 0 111265 0 9.508939 plms7_10
92 0 111622 1 9.225773 plms7_10
92 0 118235 2 9.204993 plms7_10
92 0 118264 3 9.195472 plms7_10
92 0 92362 4 9.137827 plms7_10
92 0 111745 5 9.1036 plms7_10
92 0 127903 6 9.1030245 plms7_10
92 0 145892 7 9.070029 plms7_10
92 0 111732 8 9.046495 plms7_10
92 0 108228 9 8.969958 plms7_10
93 0 110877 0 63.60205 plms7_10
93 0 109610 1 60.475643 plms7_10
93 0 118334 2 59.404892 plms7_10
93 0 118257 3 57.73244 plms7_10
93 0 118107 4 57.318344 plms7_10
93 0 110248 5 56.383812 plms7_10
93 0 931614 6 54.18931 plms7_10
93 0 130158 7 53.748447 plms7_10
93 0 109810 8 51.93974 plms7_10
93 0 110200 9 51.693195 plms7_10
94 0 931614 0 76.223564 plms7_10
94 0 3195891 1 59.78776 plms7_10
94 0 4151827 2 52.948055 plms7_10
94 0 2743641 3 52.662994 plms7_10
94 0 2959756 4 52.662994 plms7_10
94 0 109949 5 52.34323 plms7_10
94 0 145901 6 51.186703 plms7_10
94 0 118257 7 50.703354 plms7_10
94 0 118012 8 49.144154 plms7_10
94 0 145856 9 49.04838 plms7_10
95 0 107232 0 25.41778 plms7_10
95 0 108555 1 24.70039 plms7_10
95 0 105495 2 24.153564 plms7_10
95 0 112765 3 22.647514 plms7_10
95 0 112343 4 21.684278 plms7_10
95 0 112351 5 21.23322 plms7_10
95 0 107794 6 20.734829 plms7_10
95 0 101725 7 20.569626 plms7_10
95 0 110740 8 19.983969 plms7_10
95 0 3214778 9 19.97636 plms7_10
96 0 107955 0 11.800322 plms7_10
96 0 98361 1 11.694345 plms7_10
96 0 105694 2 11.579866 plms7_10
96 0 111987 3 11.554753 plms7_10
96 0 106952 4 11.530035 plms7_10
96 0 111770 5 11.526512 plms7_10
96 0 110076 6 11.487903 plms7_10
96 0 107263 7 11.372572 plms7_10
96 0 111472 8 11.305078 plms7_10
96 0 112296 9 11.26425 plms7_10
97 0 112101 0 33.165596 plms7_10
97 0 111922 1 27.972078 plms7_10
97 0 118379 2 23.787556 plms7_10
97 0 136993 3 23.525976 plms7_10
97 0 134751 4 20.609978 plms7_10
97 0 2806208 5 20.248936 plms7_10
97 0 2808294 6 20.248936 plms7_10
97 0 2959744 7 19.466948 plms7_10
97 0 855518 8 19.466948 plms7_10
97 0 118281 9 19.411024 plms7_10
98 0 112163 0 24.568062 plms7_10
98 0 108783 1 24.35127 plms7_10
98 0 112434 2 24.21328 plms7_10
98 0 117832 3 24.18709 plms7_10
98 0 112398 4 23.903858 plms7_10
98 0 118459 5 23.626337 plms7_10
98 0 118373 6 23.59031 plms7_10
98 0 112561 7 23.56925 plms7_10
98 0 118148 8 23.507725 plms7_10
98 0 106784 9 23.504526 plms7_10
99 0 112267 0 41.362198 plms7_10
99 0 110552 1 40.25714 plms7_10
99 0 118121 2 36.348827 plms7_10
99 0 111884 3 34.652767 plms7_10
99 0 109976 4 34.50636 plms7_10
99 0 96562 5 28.549036 plms7_10
99 0 110578 6 28.0691 plms7_10
99 0 112723 7 27.521181 plms7_10
99 0 118416 8 27.184992 plms7_10
99 0 145914 9 26.870888 plms7_10
100 0 110552 0 63.30166 plms7_10
100 0 112267 1 62.201366 plms7_10
100 0 111884 2 46.90855 plms7_10
100 0 112799 3 46.250217 plms7_10
100 0 109633 4 46.205765 plms7_10
100 0 110993 5 46.013298 plms7_10
100 0 112723 6 44.693348 plms7_10
100 0 112321 7 44.522903 plms7_10
100 0 104883 8 43.79637 plms7_10
100 0 112437 9 43.259205 plms7_10
