1 0 104405 0 8.4115715 plms2_10
1 0 118358 1 8.409624 plms2_10
1 0 99570 2 8.381527 plms2_10
1 0 100203 3 8.300134 plms2_10
1 0 108882 4 8.282406 plms2_10
1 0 96424 5 8.281654 plms2_10
1 0 96746 6 8.24777 plms2_10
1 0 2620684 7 8.235865 plms2_10
1 0 97739 8 8.235779 plms2_10
1 0 95018 9 8.22769 plms2_10
2 0 799981 0 2.5187333 plms2_10
2 0 85673 1 2.497168 plms2_10
2 0 110265 2 2.495263 plms2_10
2 0 107016 3 2.4917898 plms2_10
2 0 85759 4 2.4916341 plms2_10
2 0 110977 5 2.4906635 plms2_10
2 0 88775 6 2.4848828 plms2_10
2 0 2649075 7 2.4848118 plms2_10
2 0 86432 8 2.4846966 plms2_10
2 0 95008 9 2.4822395 plms2_10
3 0 118029 0 15.107308 plms2_10
3 0 145821 1 15.085726 plms2_10
3 0 111920 2 14.758743 plms2_10
3 0 118348 3 14.694768 plms2_10
3 0 111091 4 14.670706 plms2_10
3 0 3162143 5 14.643903 plms2_10
3 0 215496 6 14.641553 plms2_10
3 0 215694 7 14.641553 plms2_10
3 0 2959735 8 14.6405115 plms2_10
3 0 111361 9 14.635834 plms2_10
4 0 122248 0 25.924173 plms2_10
4 0 149007 1 25.775269 plms2_10
4 0 145683 2 25.601168 plms2_10
4 0 107492 3 25.584784 plms2_10
4 0 118029 4 25.57147 plms2_10
4 0 112212 5 25.559252 plms2_10
4 0 117907 6 25.530489 plms2_10
4 0 2655591 7 25.513536 plms2_10
4 0 78783 8 25.44324 plms2_10
4 0 112623 9 25.392391 plms2_10
5 0 110056 0 12.745663 plms2_10
5 0 98825 1 12.339787 plms2_10
5 0 104150 2 11.57885 plms2_10
5 0 1087604 3 11.466532 plms2_10
5 0 117911 4 11.224454 plms2_10
5 0 103052 5 10.892685 plms2_10
5 0 122256 6 10.883086 plms2_10
5 0 108640 7 10.858058 plms2_10
5 0 145731 8 10.772378 plms2_10
5 0 91969 9 10.714962 plms2_10
6 0 110176 0 12.899264 plms2_10
6 0 110350 1 11.507908 plms2_10
6 0 111366 2 11.452795 plms2_10
6 0 107157 3 11.315598 plms2_10
6 0 87350 4 10.816626 plms2_10
6 0 110241 5 10.736566 plms2_10
6 0 114187 6 10.692549 plms2_10
6 0 110383 7 10.290898 plms2_10
6 0 88611 8 10.261695 plms2_10
6 0 99000 9 10.239101 plms2_10
7 0 2678467 0 21.066898 plms2_10
7 0 2679202 1 21.066898 plms2_10
7 0 2959746 2 21.066898 plms2_10
7 0 145715 3 20.212631 plms2_10
7 0 134749 4 19.943039 plms2_10
7 0 112834 5 19.181755 plms2_10
7 0 112827 6 19.045712 plms2_10
7 0 118212 7 18.74473 plms2_10
7 0 145682 8 18.623156 plms2_10
7 0 112174 9 18.471636 plms2_10
8 0 89650 0 6.8548455 plms2_10
8 0 93586 1 6.8040423 plms2_10
8 0 99391 2 6.743058 plms2_10
8 0 92082 3 6.733119 plms2_10
8 0 93633 4 6.66934 plms2_10
8 0 93169 5 6.654297 plms2_10
8 0 100637 6 6.6469307 plms2_10
8 0 94621 7 6.6414013 plms2_10
8 0 93667 8 6.604605 plms2_10
8 0 92728 9 6.579746 plms2_10
9 0 110543 0 27.139015 plms2_10
9 0 111680 1 23.130943 plms2_10
9 0 145908 2 21.704693 plms2_10
9 0 118209 3 19.652845 plms2_10
9 0 127923 4 19.495241 plms2_10
9 0 127887 5 19.490475 plms2_10
9 0 112885 6 19.480892 plms2_10
9 0 2675751 7 19.4567 plms2_10
9 0 118212 8 19.431154 plms2_10
9 0 118105 9 19.425213 plms2_10
10 0 111541 0 13.497601 plms2_10
10 0 110923 1 13.469807 plms2_10
10 0 111949 2 13.239968 plms2_10
10 0 111094 3 13.144387 plms2_10
10 0 108763 4 13.042208 plms2_10
10 0 145665 5 13.018117 plms2_10
10 0 112423 6 12.976028 plms2_10
10 0 2795703 7 12.9239 plms2_10
10 0 2797292 8 12.9239 plms2_10
10 0 111503 9 12.840581 plms2_10
11 0 111157 0 9.766832 plms2_10
11 0 110593 1 9.646219 plms2_10
11 0 182514 2 9.641112 plms2_10
11 0 623142 3 9.624074 plms2_10
11 0 2789927 4 9.611635 plms2_10
11 0 219731 5 9.563193 plms2_10
11 0 812450 6 9.546915 plms2_10
11 0 112790 7 9.542757 plms2_10
11 0 2742710 8 9.538005 plms2_10
11 0 873668 9 9.53052 plms2_10
12 0 96880 0 13.594741 plms2_10
12 0 95142 1 12.728094 plms2_10
12 0 95036 2 12.361221 plms2_10
12 0 94279 3 10.802384 plms2_10
12 0 2743640 4 10.260566 plms2_10
12 0 94119 5 9.739239 plms2_10
12 0 99753 6 9.01814 plms2_10
12 0 92317 7 8.754672 plms2_10
12 0 2620965 8 8.708243 plms2_10
12 0 91994 9 8.66339 plms2_10
13 0 614392 0 13.198916 plms2_10
13 0 614485 1 13.198916 plms2_10
13 0 1752 2 12.303777 plms2_10
13 0 2812589 3 12.257894 plms2_10
13 0 2959749 4 12.257894 plms2_10
13 0 109463 5 12.150887 plms2_10
13 0 145940 6 12.107208 plms2_10
13 0 145942 7 11.656288 plms2_10
13 0 148795 8 11.644695 plms2_10
13 0 127892 9 11.252133 plms2_10
14 0 101394 0 10.439977 plms2_10
14 0 105679 1 9.941014 plms2_10
14 0 101241 2 9.875431 plms2_10
14 0 102736 3 9.859399 plms2_10
14 0 93138 4 9.84744 plms2_10
14 0 100867 5 9.785623 plms2_10
14 0 89179 6 9.735734 plms2_10
14 0 112159 7 9.596316 plms2_10
14 0 99968 8 9.528048 plms2_10
14 0 105580 9 9.493803 plms2_10
15 0 2812587 0 19.971325 plms2_10
15 0 2959748 1 19.971325 plms2_10
15 0 2810525 2 19.051523 plms2_10
15 0 2811847 3 19.051523 plms2_10
15 0 2810526 4 18.767033 plms2_10
15 0 2809765 5 18.76327 plms2_10
15 0 2809762 6 18.523153 plms2_10
15 0 2809764 7 18.435469 plms2_10
15 0 2809767 8 18.317585 plms2_10
15 0 2811850 9 18.317585 plms2_10
16 0 118499 0 9.393934 plms2_10
16 0 903971 1 9.29276 plms2_10
16 0 2959742 2 9.29276 plms2_10
16 0 112848 3 9.025033 plms2_10
16 0 118330 4 9.008448 plms2_10
16 0 3207859 5 8.895016 plms2_10
16 0 3216388 6 8.875559 plms2_10
16 0 111433 7 8.7587 plms2_10
16 0 118131 8 8.752806 plms2_10
16 0 89857 9 8.69854 plms2_10
17 0 101245 0 5.042974 plms2_10
17 0 96890 1 5.04 plms2_10
17 0 94474 2 5.010074 plms2_10
17 0 110337 3 4.9282484 plms2_10
17 0 94429 4 4.888796 plms2_10
17 0 109255 5 4.886095 plms2_10
17 0 90661 6 4.8679256 plms2_10
17 0 86440 7 4.8560295 plms2_10
17 0 93067 8 4.8530416 plms2_10
17 0 86224 9 4.848973 plms2_10
18 0 110810 0 13.235276 plms2_10
18 0 112126 1 13.20175 plms2_10
18 0 112673 2 13.188994 plms2_10
18 0 111740 3 13.151533 plms2_10
18 0 118436 4 13.110843 plms2_10
18 0 112521 5 13.047602 plms2_10
18 0 112128 6 13.043786 plms2_10
18 0 87290 7 12.812603 plms2_10
18 0 105979 8 12.798133 plms2_10
18 0 110608 9 12.724403 plms2_10
19 0 116537 0 1.5457472 plms2_10
19 0 89198 1 1.5449172 plms2_10
19 0 105488 2 1.5441399 plms2_10
19 0 111983 3 1.538211 plms2_10
19 0 98369 4 1.5371163 plms2_10
19 0 110602 5 1.5354141 plms2_10
19 0 96674 6 1.5354141 plms2_10
19 0 98472 7 1.534222 plms2_10
19 0 97015 8 1.5340993 plms2_10
19 0 95760 9 1.53382 plms2_10
20 0 108897 0 14.299067 plms2_10
20 0 100330 1 11.899678 plms2_10
20 0 118442 2 11.881852 plms2_10
20 0 98803 3 11.717522 plms2_10
20 0 2516349 4 11.515518 plms2_10
20 0 2651116 5 11.335724 plms2_10
20 0 2654278 6 11.335724 plms2_10
20 0 118254 7 11.257737 plms2_10
20 0 145898 8 11.090978 plms2_10
20 0 95716 9 11.02462 plms2_10
21 0 112508 0 9.265754 plms2_10
21 0 2790213 1 8.855169 plms2_10
21 0 110761 2 8.748637 plms2_10
21 0 112115 3 8.710372 plms2_10
21 0 110713 4 8.708097 plms2_10
21 0 109929 5 8.703193 plms2_10
21 0 105289 6 8.678164 plms2_10
21 0 112931 7 8.422469 plms2_10
21 0 3214777 8 8.231155 plms2_10
21 0 130143 9 8.17348 plms2_10
22 0 96577 0 21.434416 plms2_10
22 0 108000 1 18.570318 plms2_10
22 0 110908 2 17.83502 plms2_10
22 0 111585 3 16.74196 plms2_10
22 0 1303477 4 15.168488 plms2_10
22 0 85351 5 15.108118 plms2_10
22 0 111553 6 14.910615 plms2_10
22 0 111172 7 14.633243 plms2_10
22 0 2157 8 14.356067 plms2_10
22 0 112246 9 14.320487 plms2_10
23 0 92144 0 5.568259 plms2_10
23 0 88422 1 5.1887293 plms2_10
23 0 108725 2 5.174246 plms2_10
23 0 102324 3 5.174246 plms2_10
23 0 108150 4 5.001348 plms2_10
23 0 90659 5 4.991855 plms2_10
23 0 98585 6 4.9800706 plms2_10
23 0 101061 7 4.757036 plms2_10
23 0 89755 8 4.757036 plms2_10
23 0 112654 9 4.715233 plms2_10
24 0 103574 0 8.286934 plms2_10
24 0 103954 1 8.171293 plms2_10
24 0 104580 2 8.163334 plms2_10
24 0 101168 3 8.137525 plms2_10
24 0 118449 4 8.079161 plms2_10
24 0 105364 5 8.030855 plms2_10
24 0 2540815 6 8.008602 plms2_10
24 0 104423 7 7.958733 plms2_10
24 0 90584 8 7.954313 plms2_10
24 0 96866 9 7.9064198 plms2_10
25 0 799970 0 11.497044 plms2_10
25 0 108952 1 10.068094 plms2_10
25 0 107574 2 9.523361 plms2_10
25 0 145864 3 9.333435 plms2_10
25 0 107971 4 9.302646 plms2_10
25 0 2811844 5 8.924431 plms2_10
25 0 2959750 6 8.924431 plms2_10
25 0 108129 7 8.857062 plms2_10
25 0 112718 8 8.826849 plms2_10
25 0 107704 9 8.715224 plms2_10
26 0 112557 0 18.895588 plms2_10
26 0 145758 1 18.419893 plms2_10
26 0 127899 2 17.941973 plms2_10
26 0 112724 3 17.704426 plms2_10
26 0 112900 4 17.53737 plms2_10
26 0 117862 5 17.470072 plms2_10
26 0 118026 6 17.437796 plms2_10
26 0 111056 7 17.326132 plms2_10
26 0 121152 8 17.182524 plms2_10
26 0 127910 9 16.813864 plms2_10
27 0 4157382 0 13.28829 plms2_10
27 0 4157405 1 13.28829 plms2_10
27 0 109989 2 13.151231 plms2_10
27 0 118475 3 12.954905 plms2_10
27 0 111141 4 12.951151 plms2_10
27 0 110255 5 12.92766 plms2_10
27 0 109704 6 12.871612 plms2_10
27 0 108433 7 12.84935 plms2_10
27 0 112071 8 12.62743 plms2_10
27 0 118305 9 12.621305 plms2_10
28 0 4157382 0 16.164942 plms2_10
28 0 4157405 1 16.164942 plms2_10
28 0 100702 2 13.509133 plms2_10
28 0 109046 3 13.449643 plms2_10
28 0 106130 4 13.257978 plms2_10
28 0 101222 5 12.8434515 plms2_10
28 0 112346 6 12.816234 plms2_10
28 0 109994 7 12.771141 plms2_10
28 0 104895 8 12.76332 plms2_10
28 0 97431 9 12.706139 plms2_10
29 0 111471 0 13.921038 plms2_10
29 0 145796 1 13.872988 plms2_10
29 0 218921 2 13.858731 plms2_10
29 0 112620 3 13.858168 plms2_10
29 0 112704 4 13.779447 plms2_10
29 0 117851 5 13.774246 plms2_10
29 0 111473 6 13.644294 plms2_10
29 0 105514 7 13.570507 plms2_10
29 0 4088544 8 13.568662 plms2_10
29 0 112055 9 13.562262 plms2_10
30 0 205788 0 11.98473 plms2_10
30 0 112704 1 11.970045 plms2_10
30 0 219512 2 11.963402 plms2_10
30 0 117832 3 11.958112 plms2_10
30 0 105821 4 11.915094 plms2_10
30 0 111917 5 11.86806 plms2_10
30 0 4151826 6 11.834249 plms2_10
30 0 148795 7 11.820336 plms2_10
30 0 218921 8 11.819244 plms2_10
30 0 137739 9 11.787916 plms2_10
31 0 118424 0 14.3556385 plms2_10
31 0 931120 1 13.881777 plms2_10
31 0 145915 2 13.793694 plms2_10
31 0 145919 3 13.674079 plms2_10
31 0 145925 4 13.546722 plms2_10
31 0 4151827 5 12.99313 plms2_10
31 0 121152 6 12.968826 plms2_10
31 0 4088544 7 12.647785 plms2_10
31 0 136988 8 12.533642 plms2_10
31 0 118313 9 12.51199 plms2_10
32 0 112050 0 6.5272217 plms2_10
32 0 101206 1 6.3037944 plms2_10
32 0 108871 2 5.8497887 plms2_10
32 0 138014 3 5.7826858 plms2_10
32 0 121935 4 5.7826858 plms2_10
32 0 139853 5 5.7826858 plms2_10
32 0 139952 6 5.7826858 plms2_10
32 0 141230 7 5.7826858 plms2_10
32 0 100187 8 5.7355695 plms2_10
32 0 124284 9 5.7355695 plms2_10
33 0 104772 0 6.231089 plms2_10
33 0 118413 1 6.0824165 plms2_10
33 0 95011 2 6.0781965 plms2_10
33 0 219511 3 5.9749975 plms2_10
33 0 219616 4 5.9749975 plms2_10
33 0 802408 5 5.8592854 plms2_10
33 0 107831 6 5.8531113 plms2_10
33 0 93885 7 5.8480935 plms2_10
33 0 111913 8 5.837915 plms2_10
33 0 106705 9 5.798033 plms2_10
34 0 108912 0 5.816989 plms2_10
34 0 102967 1 5.816477 plms2_10
34 0 111373 2 5.8135037 plms2_10
34 0 94132 3 5.811472 plms2_10
34 0 97477 4 5.8058 plms2_10
34 0 112408 5 5.7828674 plms2_10
34 0 88522 6 5.769446 plms2_10
34 0 103848 7 5.7662554 plms2_10
34 0 91241 8 5.7573643 plms2_10
34 0 90442 9 5.737293 plms2_10
35 0 104947 0 8.730376 plms2_10
35 0 104631 1 8.671878 plms2_10
35 0 111366 2 8.496931 plms2_10
35 0 118070 3 8.438811 plms2_10
35 0 105252 4 8.410249 plms2_10
35 0 112801 5 8.398741 plms2_10
35 0 111843 6 8.36946 plms2_10
35 0 112660 7 8.353094 plms2_10
35 0 111777 8 8.3439245 plms2_10
35 0 117949 9 8.319213 plms2_10
36 0 109703 0 10.256359 plms2_10
36 0 90531 1 9.900193 plms2_10
36 0 108736 2 9.817513 plms2_10
36 0 97748 3 9.784983 plms2_10
36 0 92278 4 9.668377 plms2_10
36 0 110551 5 9.57655 plms2_10
36 0 89338 6 9.430833 plms2_10
36 0 87257 7 9.388365 plms2_10
36 0 86896 8 9.366155 plms2_10
36 0 98768 9 9.264839 plms2_10
37 0 111982 0 15.816023 plms2_10
37 0 145731 1 15.757728 plms2_10
37 0 118407 2 15.506782 plms2_10
37 0 109528 3 15.2564945 plms2_10
37 0 112910 4 15.005079 plms2_10
37 0 111907 5 14.947106 plms2_10
37 0 4151829 6 14.934975 plms2_10
37 0 118269 7 14.54155 plms2_10
37 0 145855 8 14.315153 plms2_10
37 0 1993216 9 14.1751175 plms2_10
38 0 112910 0 21.65169 plms2_10
38 0 4151829 1 21.23682 plms2_10
38 0 145731 2 21.2135 plms2_10
38 0 118269 3 20.915274 plms2_10
38 0 111907 4 20.861847 plms2_10
38 0 111982 5 20.798584 plms2_10
38 0 145855 6 20.767288 plms2_10
38 0 1993216 7 20.583385 plms2_10
38 0 110930 8 20.003267 plms2_10
38 0 108333 9 19.894012 plms2_10
39 0 103135 0 11.031403 plms2_10
39 0 112420 1 11.003219 plms2_10
39 0 122254 2 10.979773 plms2_10
39 0 103810 3 10.979231 plms2_10
39 0 105200 4 10.9598255 plms2_10
39 0 621044 5 10.91454 plms2_10
39 0 621090 6 10.91454 plms2_10
39 0 2959739 7 10.91454 plms2_10
39 0 112568 8 10.901069 plms2_10
39 0 2959744 9 10.884845 plms2_10
40 0 110265 0 6.8384275 plms2_10
40 0 109867 1 6.8290005 plms2_10
40 0 111698 2 6.8013725 plms2_10
40 0 92618 3 6.7859993 plms2_10
40 0 107146 4 6.747929 plms2_10
40 0 85693 5 6.7159443 plms2_10
40 0 90911 6 6.686308 plms2_10
40 0 92082 7 6.6650734 plms2_10
40 0 107400 8 6.664542 plms2_10
40 0 99362 9 6.646516 plms2_10
41 0 107912 0 11.140943 plms2_10
41 0 111891 1 11.086548 plms2_10
41 0 820749 2 10.995882 plms2_10
41 0 142878 3 10.890213 plms2_10
41 0 110534 4 10.842663 plms2_10
41 0 111382 5 10.742765 plms2_10
41 0 110096 6 10.729781 plms2_10
41 0 111193 7 10.60683 plms2_10
41 0 111509 8 10.601696 plms2_10
41 0 108801 9 10.577828 plms2_10
42 0 112075 0 10.468298 plms2_10
42 0 91187 1 9.902998 plms2_10
42 0 85356 2 9.189102 plms2_10
42 0 104191 3 9.076072 plms2_10
42 0 111976 4 9.063629 plms2_10
42 0 98305 5 9.048145 plms2_10
42 0 106428 6 9.029755 plms2_10
42 0 91316 7 9.011698 plms2_10
42 0 102131 8 8.959811 plms2_10
42 0 100747 9 8.91169 plms2_10
43 0 109241 0 7.407729 plms2_10
43 0 111467 1 7.402882 plms2_10
43 0 1723 2 7.255859 plms2_10
43 0 109130 3 7.1882463 plms2_10
43 0 218665 4 7.109888 plms2_10
43 0 111539 5 6.982097 plms2_10
43 0 118420 6 6.982097 plms2_10
43 0 108762 7 6.945877 plms2_10
43 0 820897 8 6.918963 plms2_10
43 0 110374 9 6.8939443 plms2_10
44 0 106503 0 9.168632 plms2_10
44 0 105188 1 8.999312 plms2_10
44 0 105616 2 8.898897 plms2_10
44 0 106562 3 8.821546 plms2_10
44 0 118210 4 8.37454 plms2_10
44 0 103801 5 8.298487 plms2_10
44 0 99529 6 8.251566 plms2_10
44 0 100541 7 8.176787 plms2_10
44 0 102716 8 8.141521 plms2_10
44 0 108246 9 8.0065775 plms2_10
45 0 112059 0 8.356747 plms2_10
45 0 112573 1 8.329689 plms2_10
45 0 130159 2 8.327654 plms2_10
45 0 127691 3 8.326577 plms2_10
45 0 1088038 4 8.24878 plms2_10
45 0 111451 5 8.227267 plms2_10
45 0 4157382 6 8.222177 plms2_10
45 0 4157405 7 8.222177 plms2_10
45 0 4157406 8 8.222177 plms2_10
45 0 2671724 9 8.192354 plms2_10
46 0 2804673 0 14.13734 plms2_10
46 0 145772 1 11.051352 plms2_10
46 0 108061 2 10.810763 plms2_10
46 0 618680 3 10.795777 plms2_10
46 0 124874 4 10.439982 plms2_10
46 0 115241 5 10.439982 plms2_10
46 0 117620 6 10.35492 plms2_10
46 0 127644 7 10.35492 plms2_10
46 0 127651 8 10.35492 plms2_10
46 0 115011 9 10.35492 plms2_10
47 0 106976 0 8.68282 plms2_10
47 0 112932 1 8.433464 plms2_10
47 0 93981 2 8.388823 plms2_10
47 0 118321 3 8.189625 plms2_10
47 0 121145 4 8.1072645 plms2_10
47 0 112839 5 7.8693876 plms2_10
47 0 87722 6 7.84908 plms2_10
47 0 96788 7 7.8136415 plms2_10
47 0 110653 8 7.6418695 plms2_10
47 0 107710 9 7.6283245 plms2_10
48 0 104412 0 11.906794 plms2_10
48 0 108041 1 10.870184 plms2_10
48 0 103136 2 10.674022 plms2_10
48 0 103101 3 10.57355 plms2_10
48 0 103750 4 10.467881 plms2_10
48 0 104444 5 10.451031 plms2_10
48 0 107451 6 10.430292 plms2_10
48 0 104143 7 10.405551 plms2_10
48 0 102977 8 10.372329 plms2_10
48 0 104470 9 10.347755 plms2_10
49 0 110889 0 2.7732723 plms2_10
49 0 110009 1 2.7625945 plms2_10
49 0 103822 2 2.759639 plms2_10
49 0 145940 3 2.7475705 plms2_10
49 0 118068 4 2.7467673 plms2_10
49 0 118171 5 2.7452493 plms2_10
49 0 117906 6 2.7430055 plms2_10
49 0 109176 7 2.741677 plms2_10
49 0 118185 8 2.7373357 plms2_10
49 0 104672 9 2.7351756 plms2_10
50 0 2679557 0 6.4082427 plms2_10
50 0 98180 1 6.406892 plms2_10
50 0 98472 2 6.355465 plms2_10
50 0 98133 3 6.334572 plms2_10
50 0 98464 4 6.297427 plms2_10
50 0 111946 5 6.2859154 plms2_10
50 0 97226 6 6.2836905 plms2_10
50 0 98216 7 6.268678 plms2_10
50 0 98642 8 6.2392836 plms2_10
50 0 98182 9 6.2048335 plms2_10
51 0 105627 0 4.240947 plms2_10
51 0 105387 1 4.2172556 plms2_10
51 0 1087604 2 4.2120833 plms2_10
51 0 107803 3 4.204027 plms2_10
51 0 104733 4 4.182163 plms2_10
51 0 110963 5 4.182163 plms2_10
51 0 109119 6 4.1804423 plms2_10
51 0 108963 7 4.1771 plms2_10
51 0 97417 8 4.176834 plms2_10
51 0 104150 9 4.173678 plms2_10
52 0 112770 0 12.998131 plms2_10
52 0 85452 1 11.872396 plms2_10
52 0 88505 2 11.675197 plms2_10
52 0 87549 3 11.530298 plms2_10
52 0 90199 4 11.52967 plms2_10
52 0 90588 5 11.103448 plms2_10
52 0 104192 6 11.028205 plms2_10
52 0 91817 7 10.891179 plms2_10
52 0 98744 8 10.833606 plms2_10
52 0 87466 9 10.825242 plms2_10
53 0 107406 0 8.878659 plms2_10
53 0 103665 1 8.866383 plms2_10
53 0 105160 2 8.855393 plms2_10
53 0 86621 3 8.842907 plms2_10
53 0 103710 4 8.837356 plms2_10
53 0 97745 5 8.796902 plms2_10
53 0 91240 6 8.668329 plms2_10
53 0 99205 7 8.660172 plms2_10
53 0 108773 8 8.630344 plms2_10
53 0 107056 9 8.623831 plms2_10
54 0 109333 0 13.30493 plms2_10
54 0 205713 1 12.86985 plms2_10
54 0 145630 2 12.792759 plms2_10
54 0 92351 3 12.167334 plms2_10
54 0 100587 4 12.067539 plms2_10
54 0 145931 5 12.013892 plms2_10
54 0 616862 6 12.0067835 plms2_10
54 0 107747 7 12.005288 plms2_10
54 0 1490503 8 11.858058 plms2_10
54 0 931614 9 11.745541 plms2_10
55 0 111261 0 25.062471 plms2_10
55 0 4154603 1 24.519447 plms2_10
55 0 110774 2 23.543343 plms2_10
55 0 112910 3 22.5378 plms2_10
55 0 111420 4 21.451008 plms2_10
55 0 145731 5 20.637196 plms2_10
55 0 118269 6 20.105516 plms2_10
55 0 118198 7 16.925169 plms2_10
55 0 111982 8 16.325336 plms2_10
55 0 118444 9 15.037072 plms2_10
56 0 103841 0 9.821077 plms2_10
56 0 110054 1 9.636829 plms2_10
56 0 106772 2 9.199839 plms2_10
56 0 99753 3 9.091174 plms2_10
56 0 108325 4 8.842299 plms2_10
56 0 102948 5 8.783287 plms2_10
56 0 96162 6 8.656059 plms2_10
56 0 99533 7 8.632464 plms2_10
56 0 100663 8 8.472532 plms2_10
56 0 101925 9 8.400509 plms2_10
57 0 103899 0 2.2763085 plms2_10
57 0 110536 1 2.270121 plms2_10
57 0 92799 2 2.25893 plms2_10
57 0 103266 3 2.2564023 plms2_10
57 0 1324195 4 2.2564023 plms2_10
57 0 111755 5 2.255601 plms2_10
57 0 111776 6 2.2466912 plms2_10
57 0 101858 7 2.2449257 plms2_10
57 0 99578 8 2.237166 plms2_10
57 0 84951 9 2.2299936 plms2_10
58 0 93163 0 8.217665 plms2_10
58 0 87434 1 7.9655714 plms2_10
58 0 104488 2 7.7819943 plms2_10
58 0 90917 3 7.671163 plms2_10
58 0 88106 4 7.6621504 plms2_10
58 0 89478 5 7.605024 plms2_10
58 0 87450 6 7.4675694 plms2_10
58 0 94205 7 7.466909 plms2_10
58 0 94834 8 7.409798 plms2_10
58 0 93969 9 7.30995 plms2_10
59 0 108191 0 13.626271 plms2_10
59 0 108512 1 13.285195 plms2_10
59 0 108826 2 12.940237 plms2_10
59 0 99831 3 12.67402 plms2_10
59 0 107246 4 12.585766 plms2_10
59 0 108228 5 12.38849 plms2_10
59 0 108529 6 12.317633 plms2_10
59 0 110324 7 12.280325 plms2_10
59 0 107448 8 12.154996 plms2_10
59 0 111098 9 12.131159 plms2_10
60 0 105352 0 8.094104 plms2_10
60 0 103743 1 8.09372 plms2_10
60 0 103588 2 8.030473 plms2_10
60 0 89408 3 7.9681334 plms2_10
60 0 102990 4 7.941656 plms2_10
60 0 101964 5 7.891335 plms2_10
60 0 104502 6 7.8843355 plms2_10
60 0 101230 7 7.868437 plms2_10
60 0 802791 8 7.82843 plms2_10
60 0 109949 9 7.820651 plms2_10
61 0 118091 0 18.10707 plms2_10
61 0 145811 1 17.316418 plms2_10
61 0 112435 2 16.432936 plms2_10
61 0 118373 3 16.13562 plms2_10
61 0 179213 4 16.07049 plms2_10
61 0 126769 5 15.858631 plms2_10
61 0 1087955 6 15.757249 plms2_10
61 0 111103 7 15.14821 plms2_10
61 0 4157383 8 14.890992 plms2_10
61 0 145743 9 14.588066 plms2_10
62 0 112234 0 11.323208 plms2_10
62 0 112758 1 10.435038 plms2_10
62 0 1756 2 10.360099 plms2_10
62 0 145796 3 10.315805 plms2_10
62 0 1742 4 10.010088 plms2_10
62 0 84998 5 9.800544 plms2_10
62 0 118211 6 9.759479 plms2_10
62 0 124715 7 9.754242 plms2_10
62 0 96793 8 9.731237 plms2_10
62 0 145734 9 9.45227 plms2_10
63 0 98516 0 3.0967543 plms2_10
63 0 117908 1 3.0962622 plms2_10
63 0 110536 2 3.0744867 plms2_10
63 0 145672 3 3.0717134 plms2_10
63 0 84694 4 3.0680537 plms2_10
63 0 109520 5 3.0676935 plms2_10
63 0 104455 6 3.066222 plms2_10
63 0 112795 7 3.0635762 plms2_10
63 0 118006 8 3.063554 plms2_10
63 0 97779 9 3.0620728 plms2_10
64 0 2758568 0 12.86721 plms2_10
64 0 145895 1 12.462147 plms2_10
64 0 112016 2 12.044447 plms2_10
64 0 618680 3 11.911387 plms2_10
64 0 118284 4 11.842167 plms2_10
64 0 219731 5 11.486926 plms2_10
64 0 112935 6 11.336663 plms2_10
64 0 110645 7 11.308447 plms2_10
64 0 145903 8 11.255701 plms2_10
64 0 111838 9 11.237416 plms2_10
65 0 118284 0 9.693924 plms2_10
65 0 618680 1 9.639532 plms2_10
65 0 112016 2 9.634718 plms2_10
65 0 111285 3 9.525872 plms2_10
65 0 122242 4 9.504363 plms2_10
65 0 111426 5 9.468882 plms2_10
65 0 112935 6 9.424518 plms2_10
65 0 110645 7 9.421755 plms2_10
65 0 4151825 8 9.4000845 plms2_10
65 0 110266 9 9.251908 plms2_10
66 0 145867 0 14.611697 plms2_10
66 0 118123 1 14.225003 plms2_10
66 0 3211501 2 13.993758 plms2_10
66 0 112371 3 13.953196 plms2_10
66 0 111632 4 13.577645 plms2_10
66 0 110645 5 13.509706 plms2_10
66 0 111803 6 13.481223 plms2_10
66 0 106391 7 12.680653 plms2_10
66 0 102705 8 12.471476 plms2_10
66 0 110796 9 12.265032 plms2_10
67 0 112044 0 9.773258 plms2_10
67 0 106107 1 9.560111 plms2_10
67 0 94106 2 8.352871 plms2_10
67 0 105241 3 8.294998 plms2_10
67 0 98390 4 8.294782 plms2_10
67 0 94650 5 8.2840185 plms2_10
67 0 105045 6 8.129318 plms2_10
67 0 112081 7 7.856164 plms2_10
67 0 101624 8 7.844577 plms2_10
67 0 88981 9 7.786245 plms2_10
68 0 118122 0 13.0212755 plms2_10
68 0 90692 1 12.809733 plms2_10
68 0 92278 2 12.486195 plms2_10
68 0 94984 3 12.468237 plms2_10
68 0 89554 4 12.396283 plms2_10
68 0 86797 5 12.374738 plms2_10
68 0 86705 6 12.331988 plms2_10
68 0 95489 7 12.286306 plms2_10
68 0 101268 8 12.236698 plms2_10
68 0 92208 9 12.186064 plms2_10
69 0 111459 0 11.2051935 plms2_10
69 0 111732 1 10.939118 plms2_10
69 0 112881 2 10.900579 plms2_10
69 0 118246 3 10.748976 plms2_10
69 0 117954 4 10.737257 plms2_10
69 0 112906 5 10.661788 plms2_10
69 0 118226 6 10.644547 plms2_10
69 0 130160 7 10.612905 plms2_10
69 0 2812210 8 10.580533 plms2_10
69 0 112805 9 10.502054 plms2_10
70 0 112765 0 11.942475 plms2_10
70 0 136989 1 11.785023 plms2_10
70 0 104506 2 11.649578 plms2_10
70 0 111709 3 11.610711 plms2_10
70 0 117859 4 11.562293 plms2_10
70 0 95940 5 11.53496 plms2_10
70 0 100981 6 11.514364 plms2_10
70 0 108963 7 11.497196 plms2_10
70 0 110068 8 11.471153 plms2_10
70 0 86511 9 11.458503 plms2_10
71 0 110331 0 11.16844 plms2_10
71 0 117872 1 10.938203 plms2_10
71 0 111745 2 10.840441 plms2_10
71 0 111508 3 10.677027 plms2_10
71 0 94492 4 10.591194 plms2_10
71 0 118052 5 10.518153 plms2_10
71 0 110067 6 10.513487 plms2_10
71 0 112259 7 10.479833 plms2_10
71 0 112280 8 10.408017 plms2_10
71 0 95714 9 10.367456 plms2_10
72 0 97314 0 13.053798 plms2_10
72 0 89805 1 10.769606 plms2_10
72 0 107165 2 10.765432 plms2_10
72 0 96673 3 9.835615 plms2_10
72 0 87549 4 9.502574 plms2_10
72 0 108029 5 9.396973 plms2_10
72 0 101881 6 9.314249 plms2_10
72 0 96721 7 8.33628 plms2_10
72 0 109303 8 8.19679 plms2_10
72 0 86799 9 8.034573 plms2_10
73 0 108677 0 9.7828865 plms2_10
73 0 104534 1 9.46431 plms2_10
73 0 104348 2 9.383042 plms2_10
73 0 1737 3 9.084027 plms2_10
73 0 2655499 4 8.7351885 plms2_10
73 0 103632 5 8.590421 plms2_10
73 0 145732 6 8.556188 plms2_10
73 0 92847 7 8.520956 plms2_10
73 0 112109 8 8.519643 plms2_10
73 0 99200 9 8.517454 plms2_10
74 0 4168298 0 13.687647 plms2_10
74 0 2381762 1 10.904092 plms2_10
74 0 2675749 2 9.773397 plms2_10
74 0 1855418 3 9.731644 plms2_10
74 0 2789927 4 9.425832 plms2_10
74 0 145909 5 9.191485 plms2_10
74 0 3197746 6 8.245132 plms2_10
74 0 218667 7 8.130885 plms2_10
74 0 127922 8 7.961811 plms2_10
74 0 219105 9 7.6208963 plms2_10
75 0 108300 0 18.679401 plms2_10
75 0 98317 1 18.554228 plms2_10
75 0 101688 2 18.509275 plms2_10
75 0 91872 3 18.496786 plms2_10
75 0 101920 4 18.387606 plms2_10
75 0 94636 5 18.377493 plms2_10
75 0 102988 6 18.33957 plms2_10
75 0 101536 7 18.331781 plms2_10
75 0 93534 8 18.295023 plms2_10
75 0 103142 9 18.277456 plms2_10
76 0 89906 0 10.1621065 plms2_10
76 0 86027 1 10.025345 plms2_10
76 0 2750101 2 9.643417 plms2_10
76 0 85442 3 9.472524 plms2_10
76 0 85562 4 9.3224745 plms2_10
76 0 85344 5 9.150512 plms2_10
76 0 85561 6 9.059343 plms2_10
76 0 86326 7 8.927178 plms2_10
76 0 2381644 8 8.904121 plms2_10
76 0 112166 9 8.832861 plms2_10
77 0 84853 0 7.6981974 plms2_10
77 0 97553 1 7.24773 plms2_10
77 0 87486 2 7.1144147 plms2_10
77 0 105514 3 7.100298 plms2_10
77 0 102867 4 7.095461 plms2_10
77 0 98941 5 7.085929 plms2_10
77 0 96120 6 7.08496 plms2_10
77 0 98396 7 7.039191 plms2_10
77 0 88186 8 7.030474 plms2_10
77 0 112809 9 6.9911838 plms2_10
78 0 94531 0 16.347149 plms2_10
78 0 95740 1 16.015936 plms2_10
78 0 112097 2 15.907138 plms2_10
78 0 142878 3 15.836852 plms2_10
78 0 109817 4 15.598785 plms2_10
78 0 118148 5 15.57272 plms2_10
78 0 145632 6 15.548574 plms2_10
78 0 820749 7 15.390618 plms2_10
78 0 112458 8 15.283265 plms2_10
78 0 105930 9 14.987661 plms2_10
79 0 111009 0 10.519387 plms2_10
79 0 101490 1 10.079648 plms2_10
79 0 118143 2 9.45395 plms2_10
79 0 97597 3 9.177248 plms2_10
79 0 92984 4 8.811284 plms2_10
79 0 110183 5 8.773005 plms2_10
79 0 110221 6 8.72598 plms2_10
79 0 92140 7 8.685911 plms2_10
79 0 3171728 8 8.609524 plms2_10
79 0 118513 9 8.5550995 plms2_10
80 0 623145 0 11.984003 plms2_10
80 0 3203659 1 11.931494 plms2_10
80 0 1726 2 11.663766 plms2_10
80 0 96040 3 11.561743 plms2_10
80 0 2672210 4 11.527293 plms2_10
80 0 2654755 5 11.527293 plms2_10
80 0 145925 6 11.505863 plms2_10
80 0 2803250 7 11.503639 plms2_10
80 0 99208 8 11.325936 plms2_10
80 0 2381810 9 11.253358 plms2_10
81 0 145861 0 2.532622 plms2_10
81 0 118288 1 2.5127606 plms2_10
81 0 108539 2 2.4998107 plms2_10
81 0 112867 3 2.4993548 plms2_10
81 0 145793 4 2.4945233 plms2_10
81 0 1087695 5 2.4921467 plms2_10
81 0 111693 6 2.486584 plms2_10
81 0 112574 7 2.4857233 plms2_10
81 0 110111 8 2.483616 plms2_10
81 0 112904 9 2.4819107 plms2_10
82 0 1303599 0 8.761627 plms2_10
82 0 104132 1 8.594741 plms2_10
82 0 99472 2 8.208432 plms2_10
82 0 105455 3 8.08076 plms2_10
82 0 85015 4 7.8689632 plms2_10
82 0 104935 5 7.824877 plms2_10
82 0 91534 6 7.818322 plms2_10
82 0 101617 7 7.7006884 plms2_10
82 0 97755 8 7.5502825 plms2_10
82 0 117931 9 7.5076694 plms2_10
83 0 111333 0 21.55409 plms2_10
83 0 145859 1 19.94269 plms2_10
83 0 111316 2 16.923185 plms2_10
83 0 112372 3 16.44256 plms2_10
83 0 111286 4 16.411 plms2_10
83 0 118021 5 14.826704 plms2_10
83 0 111194 6 14.282923 plms2_10
83 0 109038 7 14.251703 plms2_10
83 0 111663 8 13.847504 plms2_10
83 0 111520 9 13.68455 plms2_10
84 0 108469 0 17.894005 plms2_10
84 0 107293 1 17.572649 plms2_10
84 0 109695 2 17.017004 plms2_10
84 0 800858 3 16.994087 plms2_10
84 0 111664 4 16.743889 plms2_10
84 0 110681 5 16.376982 plms2_10
84 0 110361 6 16.300205 plms2_10
84 0 108164 7 16.161303 plms2_10
84 0 110473 8 16.081837 plms2_10
84 0 111151 9 15.752543 plms2_10
85 0 107663 0 18.55048 plms2_10
85 0 118147 1 18.251686 plms2_10
85 0 112319 2 18.043154 plms2_10
85 0 130153 3 17.58102 plms2_10
85 0 112833 4 17.548916 plms2_10
85 0 108778 5 17.499565 plms2_10
85 0 108331 6 17.447517 plms2_10
85 0 802973 7 17.426044 plms2_10
85 0 803271 8 17.426044 plms2_10
85 0 2959737 9 17.426044 plms2_10
86 0 3171724 0 11.123034 plms2_10
86 0 3177199 1 11.123034 plms2_10
86 0 3177200 2 11.123034 plms2_10
86 0 101294 3 10.470391 plms2_10
86 0 1866189 4 9.170819 plms2_10
86 0 90600 5 8.871365 plms2_10
86 0 3170728 6 8.58584 plms2_10
86 0 3162142 7 8.557045 plms2_10
86 0 3170729 8 8.44587 plms2_10
86 0 99812 9 8.385821 plms2_10
87 0 145818 0 14.623791 plms2_10
87 0 104718 1 14.318258 plms2_10
87 0 2620730 2 14.318258 plms2_10
87 0 105004 3 13.969191 plms2_10
87 0 108641 4 13.9105 plms2_10
87 0 108795 5 13.731101 plms2_10
87 0 106464 6 12.935032 plms2_10
87 0 109219 7 12.4857645 plms2_10
87 0 111498 8 12.366284 plms2_10
87 0 118338 9 12.351723 plms2_10
88 0 112335 0 7.3478184 plms2_10
88 0 94769 1 7.2946954 plms2_10
88 0 118357 2 7.2071495 plms2_10
88 0 127915 3 7.1210904 plms2_10
88 0 145897 4 7.061996 plms2_10
88 0 104582 5 7.035759 plms2_10
88 0 625711 6 7.021593 plms2_10
88 0 96679 7 6.987469 plms2_10
88 0 88716 8 6.967643 plms2_10
88 0 2642829 9 6.939639 plms2_10
89 0 4151822 0 47.709335 plms2_10
89 0 2770446 1 47.37212 plms2_10
89 0 2812588 2 42.783672 plms2_10
89 0 4162110 3 36.98424 plms2_10
89 0 145954 4 27.131983 plms2_10
89 0 145817 5 26.936398 plms2_10
89 0 1087693 6 26.878971 plms2_10
89 0 145647 7 26.116386 plms2_10
89 0 111029 8 25.193401 plms2_10
89 0 112726 9 24.781595 plms2_10
90 0 110874 0 6.55748 plms2_10
90 0 118061 1 6.5306664 plms2_10
90 0 121160 2 6.520422 plms2_10
90 0 111958 3 6.492559 plms2_10
90 0 145118 4 6.4832683 plms2_10
90 0 110047 5 6.4831853 plms2_10
90 0 111780 6 6.455716 plms2_10
90 0 105906 7 6.454892 plms2_10
90 0 110905 8 6.44405 plms2_10
90 0 110557 9 6.393846 plms2_10
91 0 102496 0 8.996306 plms2_10
91 0 99017 1 8.968936 plms2_10
91 0 93413 2 8.905739 plms2_10
91 0 102333 3 8.896622 plms2_10
91 0 91055 4 8.835838 plms2_10
91 0 110032 5 8.8239355 plms2_10
91 0 112032 6 8.78492 plms2_10
91 0 101403 7 8.764998 plms2_10
91 0 102209 8 8.736532 plms2_10
91 0 96942 9 8.689779 plms2_10
92 0 98516 0 3.0967543 plms2_10
92 0 117908 1 3.0962622 plms2_10
92 0 110536 2 3.0744867 plms2_10
92 0 145672 3 3.0717134 plms2_10
92 0 84694 4 3.0680537 plms2_10
92 0 109520 5 3.0676935 plms2_10
92 0 104455 6 3.066222 plms2_10
92 0 112795 7 3.0635762 plms2_10
92 0 118006 8 3.063554 plms2_10
92 0 97779 9 3.0620728 plms2_10
93 0 110877 0 27.710129 plms2_10
93 0 118107 1 23.836828 plms2_10
93 0 118334 2 22.711302 plms2_10
93 0 110200 3 22.407763 plms2_10
93 0 130158 4 19.730988 plms2_10
93 0 109610 5 19.56639 plms2_10
93 0 109570 6 18.408123 plms2_10
93 0 109711 7 18.090237 plms2_10
93 0 117924 8 18.009712 plms2_10
93 0 110043 9 17.73012 plms2_10
94 0 931614 0 22.20644 plms2_10
94 0 3195891 1 20.569914 plms2_10
94 0 2959740 2 19.907051 plms2_10
94 0 931615 3 19.907051 plms2_10
94 0 931124 4 19.195715 plms2_10
94 0 866022 5 18.357084 plms2_10
94 0 902770 6 17.837843 plms2_10
94 0 903979 7 17.741913 plms2_10
94 0 902768 8 17.741913 plms2_10
94 0 856346 9 17.688427 plms2_10
95 0 107232 0 15.772139 plms2_10
95 0 108555 1 15.60345 plms2_10
95 0 105495 2 15.060786 plms2_10
95 0 106171 3 14.474911 plms2_10
95 0 145731 4 13.404872 plms2_10
95 0 106769 5 13.140144 plms2_10
95 0 1993216 6 12.986836 plms2_10
95 0 101725 7 12.279339 plms2_10
95 0 118269 8 11.74609 plms2_10
95 0 105822 9 11.628735 plms2_10
96 0 105615 0 2.053173 plms2_10
96 0 93138 1 2.048785 plms2_10
96 0 621294 2 2.0481725 plms2_10
96 0 89823 3 2.0465539 plms2_10
96 0 111439 4 2.0458245 plms2_10
96 0 86338 5 2.045119 plms2_10
96 0 90721 6 2.044801 plms2_10
96 0 90346 7 2.0440893 plms2_10
96 0 87873 8 2.0438192 plms2_10
96 0 88356 9 2.0417821 plms2_10
97 0 112101 0 16.163567 plms2_10
97 0 111922 1 14.308126 plms2_10
97 0 104748 2 12.841973 plms2_10
97 0 100203 3 12.647748 plms2_10
97 0 109115 4 12.644558 plms2_10
97 0 136993 5 12.380634 plms2_10
97 0 96772 6 12.286 plms2_10
97 0 105717 7 11.898714 plms2_10
97 0 2806208 8 11.5031805 plms2_10
97 0 2808294 9 11.5031805 plms2_10
98 0 85889 0 8.178733 plms2_10
98 0 86942 1 8.021042 plms2_10
98 0 110356 2 7.924032 plms2_10
98 0 86592 3 7.7170105 plms2_10
98 0 92478 4 7.7144456 plms2_10
98 0 93447 5 7.7065735 plms2_10
98 0 86720 6 7.5247335 plms2_10
98 0 85937 7 7.496045 plms2_10
98 0 94606 8 7.461376 plms2_10
98 0 96369 9 7.4323406 plms2_10
99 0 103032 0 9.897276 plms2_10
99 0 86924 1 9.6730385 plms2_10
99 0 107455 2 9.358258 plms2_10
99 0 95467 3 9.083296 plms2_10
99 0 118121 4 9.022094 plms2_10
99 0 110552 5 8.786326 plms2_10
99 0 803383 6 8.692678 plms2_10
99 0 112267 7 8.6322565 plms2_10
99 0 94764 8 8.4894 plms2_10
99 0 86133 9 8.36341 plms2_10
100 0 127929 0 24.32591 plms2_10
100 0 112267 1 23.816372 plms2_10
100 0 127890 2 23.667526 plms2_10
100 0 106715 3 23.26085 plms2_10
100 0 112801 4 23.12281 plms2_10
100 0 108405 5 22.94164 plms2_10
100 0 145787 6 22.530083 plms2_10
100 0 111381 7 21.789036 plms2_10
100 0 112033 8 21.590769 plms2_10
100 0 112321 9 21.498106 plms2_10
