1 0 112795 0 26.568304 plms5_5
1 0 2649076 1 24.086296 plms5_5
1 0 219732 2 23.655918 plms5_5
1 0 111116 3 23.592825 plms5_5
1 0 219733 4 22.767876 plms5_5
1 0 220342 5 22.767876 plms5_5
1 0 97605 6 21.22691 plms5_5
1 0 110370 7 21.011652 plms5_5
1 0 110668 8 20.89878 plms5_5
1 0 149702 9 20.233593 plms5_5
2 0 4170684 0 17.615295 plms5_5
2 0 2644673 1 15.926538 plms5_5
2 0 149006 2 15.6138525 plms5_5
2 0 104571 3 13.65474 plms5_5
2 0 2678465 4 13.603001 plms5_5
2 0 150540 5 13.580288 plms5_5
2 0 110134 6 12.74516 plms5_5
2 0 110184 7 12.577652 plms5_5
2 0 111317 8 12.529514 plms5_5
2 0 145692 9 12.458848 plms5_5
3 0 3162143 0 38.93135 plms5_5
3 0 215496 1 38.491234 plms5_5
3 0 215694 2 38.491234 plms5_5
3 0 2959735 3 38.490192 plms5_5
3 0 118029 4 37.45354 plms5_5
3 0 112212 5 36.92839 plms5_5
3 0 118475 6 35.970787 plms5_5
3 0 145821 7 35.736446 plms5_5
3 0 130157 8 35.337994 plms5_5
3 0 145683 9 35.227734 plms5_5
4 0 215496 0 53.899544 plms5_5
4 0 215694 1 53.852615 plms5_5
4 0 2959735 2 53.850533 plms5_5
4 0 149007 3 52.463516 plms5_5
4 0 623142 4 45.201187 plms5_5
4 0 111920 5 40.99354 plms5_5
4 0 145890 6 40.847847 plms5_5
4 0 118029 7 40.81288 plms5_5
4 0 145821 8 39.05162 plms5_5
4 0 3162143 9 37.312004 plms5_5
5 0 183480 0 31.112759 plms5_5
5 0 111789 1 29.566866 plms5_5
5 0 110056 2 29.56255 plms5_5
5 0 118174 3 27.46086 plms5_5
5 0 2672209 4 26.307545 plms5_5
5 0 2657779 5 26.307545 plms5_5
5 0 108089 6 25.123108 plms5_5
5 0 118217 7 24.211279 plms5_5
5 0 117932 8 23.399149 plms5_5
5 0 117911 9 22.737402 plms5_5
6 0 117932 0 24.970078 plms5_5
6 0 2811844 1 23.433243 plms5_5
6 0 2959750 2 23.433243 plms5_5
6 0 110883 3 19.29857 plms5_5
6 0 105790 4 17.355091 plms5_5
6 0 106257 5 16.379845 plms5_5
6 0 108449 6 16.19541 plms5_5
6 0 118174 7 15.71608 plms5_5
6 0 118096 8 15.684017 plms5_5
6 0 2672209 9 15.31397 plms5_5
7 0 147531 0 29.949677 plms5_5
7 0 145715 1 28.802748 plms5_5
7 0 2672535 2 28.699032 plms5_5
7 0 110932 3 28.094414 plms5_5
7 0 214949 4 27.161972 plms5_5
7 0 215071 5 27.161972 plms5_5
7 0 3195892 6 27.110527 plms5_5
7 0 2655591 7 26.367737 plms5_5
7 0 145713 8 26.056784 plms5_5
7 0 147530 9 25.818476 plms5_5
8 0 145911 0 17.67008 plms5_5
8 0 182991 1 16.199852 plms5_5
8 0 146981 2 15.751086 plms5_5
8 0 2670643 3 15.036736 plms5_5
8 0 2654532 4 14.469028 plms5_5
8 0 2812587 5 14.238665 plms5_5
8 0 2959748 6 14.238665 plms5_5
8 0 2679558 7 13.921619 plms5_5
8 0 2760668 8 13.785059 plms5_5
8 0 820904 9 13.326838 plms5_5
9 0 2675751 0 38.69916 plms5_5
9 0 118212 1 34.194004 plms5_5
9 0 110543 2 32.151413 plms5_5
9 0 112641 3 31.679913 plms5_5
9 0 127923 4 31.61569 plms5_5
9 0 127887 5 31.610907 plms5_5
9 0 145908 6 31.435593 plms5_5
9 0 109720 7 30.983759 plms5_5
9 0 112230 8 30.638384 plms5_5
9 0 118423 9 30.139418 plms5_5
10 0 145715 0 35.34471 plms5_5
10 0 112931 1 33.97299 plms5_5
10 0 112423 2 33.48771 plms5_5
10 0 111500 3 32.246418 plms5_5
10 0 121163 4 31.582123 plms5_5
10 0 147531 5 31.482697 plms5_5
10 0 145713 6 31.082949 plms5_5
10 0 112094 7 30.034533 plms5_5
10 0 108763 8 29.81312 plms5_5
10 0 214949 9 29.596254 plms5_5
11 0 931123 0 22.972216 plms5_5
11 0 102335 1 20.566414 plms5_5
11 0 873668 2 20.54091 plms5_5
11 0 1758 3 20.247715 plms5_5
11 0 1757 4 20.179285 plms5_5
11 0 3207860 5 19.97718 plms5_5
11 0 212830 6 19.831656 plms5_5
11 0 1750 7 19.736183 plms5_5
11 0 109398 8 19.345577 plms5_5
11 0 110800 9 19.171724 plms5_5
12 0 2672535 0 30.170277 plms5_5
12 0 809121 1 20.034683 plms5_5
12 0 3207860 2 19.9358 plms5_5
12 0 621195 3 18.430187 plms5_5
12 0 621270 4 18.430187 plms5_5
12 0 3153112 5 18.010712 plms5_5
12 0 111537 6 17.923416 plms5_5
12 0 105909 7 17.741205 plms5_5
12 0 109096 8 17.489325 plms5_5
12 0 109248 9 16.805033 plms5_5
13 0 2642828 0 41.913685 plms5_5
13 0 145967 1 41.682114 plms5_5
13 0 802973 2 38.892887 plms5_5
13 0 803271 3 38.892887 plms5_5
13 0 2959737 4 38.892887 plms5_5
13 0 4162111 5 35.04782 plms5_5
13 0 2812588 6 34.09734 plms5_5
13 0 2959730 7 33.428394 plms5_5
13 0 614392 8 33.19968 plms5_5
13 0 614485 9 33.19968 plms5_5
14 0 614392 0 29.354233 plms5_5
14 0 614485 1 29.354233 plms5_5
14 0 124715 2 29.19526 plms5_5
14 0 2812588 3 27.723484 plms5_5
14 0 145958 4 27.303415 plms5_5
14 0 3199501 5 26.89013 plms5_5
14 0 145967 6 26.81578 plms5_5
14 0 4151817 7 23.808655 plms5_5
14 0 112316 8 23.093327 plms5_5
14 0 145966 9 22.714115 plms5_5
15 0 2812588 0 44.877026 plms5_5
15 0 4015951 1 40.207253 plms5_5
15 0 3207858 2 38.72564 plms5_5
15 0 4162111 3 38.657272 plms5_5
15 0 4106440 4 34.004055 plms5_5
15 0 4151822 5 33.938786 plms5_5
15 0 3177196 6 33.880936 plms5_5
15 0 3199501 7 33.634377 plms5_5
15 0 4151821 8 33.015606 plms5_5
15 0 4162534 9 30.775087 plms5_5
16 0 4151822 0 32.978832 plms5_5
16 0 2812588 1 32.383244 plms5_5
16 0 2770446 2 31.550797 plms5_5
16 0 2155 3 31.498089 plms5_5
16 0 2771249 4 28.624964 plms5_5
16 0 177420 5 25.906643 plms5_5
16 0 3203658 6 24.450842 plms5_5
16 0 180494 7 23.659891 plms5_5
16 0 111913 8 23.40666 plms5_5
16 0 134747 9 23.15262 plms5_5
17 0 110593 0 19.790129 plms5_5
17 0 109329 1 18.553581 plms5_5
17 0 2672535 2 18.265057 plms5_5
17 0 118125 3 17.74491 plms5_5
17 0 131146 4 17.1962 plms5_5
17 0 108603 5 16.704233 plms5_5
17 0 3183080 6 16.480997 plms5_5
17 0 117968 7 16.304644 plms5_5
17 0 112819 8 16.30063 plms5_5
17 0 111302 9 16.291985 plms5_5
18 0 148484 0 42.34132 plms5_5
18 0 112128 1 34.50351 plms5_5
18 0 110810 2 34.44282 plms5_5
18 0 112337 3 33.58181 plms5_5
18 0 105979 4 33.347473 plms5_5
18 0 106724 5 33.027935 plms5_5
18 0 145664 6 32.977535 plms5_5
18 0 108913 7 32.67322 plms5_5
18 0 109350 8 32.286488 plms5_5
18 0 111696 9 31.900038 plms5_5
19 0 109180 0 13.315598 plms5_5
19 0 106639 1 12.660245 plms5_5
19 0 104895 2 12.306963 plms5_5
19 0 99101 3 11.977055 plms5_5
19 0 104063 4 11.97267 plms5_5
19 0 105517 5 11.753756 plms5_5
19 0 111715 6 11.719481 plms5_5
19 0 97628 7 11.701538 plms5_5
19 0 111367 8 11.358304 plms5_5
19 0 117867 9 11.312859 plms5_5
20 0 118358 0 17.690819 plms5_5
20 0 3158927 1 16.24546 plms5_5
20 0 147528 2 15.637912 plms5_5
20 0 99191 3 15.48534 plms5_5
20 0 108897 4 14.00045 plms5_5
20 0 112155 5 13.745755 plms5_5
20 0 118440 6 13.494751 plms5_5
20 0 3203656 7 13.469389 plms5_5
20 0 3206414 8 13.469389 plms5_5
20 0 91942 9 13.438098 plms5_5
21 0 2659300 0 28.60787 plms5_5
21 0 112777 1 26.0686 plms5_5
21 0 118371 2 25.7722 plms5_5
21 0 112799 3 25.01257 plms5_5
21 0 112846 4 24.218597 plms5_5
21 0 867657 5 24.097271 plms5_5
21 0 118055 6 23.464216 plms5_5
21 0 145925 7 23.403969 plms5_5
21 0 118010 8 23.361694 plms5_5
21 0 130139 9 23.112156 plms5_5
22 0 111517 0 37.45079 plms5_5
22 0 109807 1 36.273136 plms5_5
22 0 112737 2 36.045494 plms5_5
22 0 145903 3 35.962936 plms5_5
22 0 118467 4 35.610107 plms5_5
22 0 799981 5 34.78684 plms5_5
22 0 111476 6 34.576206 plms5_5
22 0 117967 7 34.534794 plms5_5
22 0 117968 8 34.27597 plms5_5
22 0 111685 9 33.20172 plms5_5
23 0 107645 0 13.366778 plms5_5
23 0 112257 1 12.483949 plms5_5
23 0 110391 2 12.444517 plms5_5
23 0 4162535 3 11.933174 plms5_5
23 0 118172 4 11.541624 plms5_5
23 0 108393 5 11.080979 plms5_5
23 0 134751 6 10.708844 plms5_5
23 0 118449 7 10.655857 plms5_5
23 0 110481 8 10.564463 plms5_5
23 0 117948 9 10.452698 plms5_5
24 0 182558 0 21.414377 plms5_5
24 0 2804671 1 21.102003 plms5_5
24 0 802408 2 18.649397 plms5_5
24 0 616433 3 17.458082 plms5_5
24 0 820895 4 17.099209 plms5_5
24 0 145635 5 16.676989 plms5_5
24 0 3217476 6 16.558762 plms5_5
24 0 625711 7 16.467678 plms5_5
24 0 2809766 8 16.455145 plms5_5
24 0 2811849 9 16.455145 plms5_5
25 0 112345 0 26.32949 plms5_5
25 0 3211503 1 24.86665 plms5_5
25 0 112616 2 21.390547 plms5_5
25 0 108632 3 19.291998 plms5_5
25 0 118021 4 18.75385 plms5_5
25 0 109416 5 18.676865 plms5_5
25 0 108129 6 17.614683 plms5_5
25 0 107574 7 17.48574 plms5_5
25 0 104924 8 17.47255 plms5_5
25 0 101911 9 16.981905 plms5_5
26 0 145758 0 36.412247 plms5_5
26 0 117872 1 34.5087 plms5_5
26 0 118026 2 34.23157 plms5_5
26 0 110086 3 32.683933 plms5_5
26 0 112324 4 32.672764 plms5_5
26 0 112616 5 32.39842 plms5_5
26 0 112724 6 32.289593 plms5_5
26 0 111056 7 31.226873 plms5_5
26 0 127910 8 31.150023 plms5_5
26 0 112557 9 29.791996 plms5_5
27 0 4157382 0 32.962566 plms5_5
27 0 4157405 1 32.962566 plms5_5
27 0 112346 2 25.566803 plms5_5
27 0 111141 3 25.152426 plms5_5
27 0 110384 4 24.365658 plms5_5
27 0 112071 5 21.180332 plms5_5
27 0 110706 6 19.84654 plms5_5
27 0 620673 7 19.580229 plms5_5
27 0 110320 8 19.102947 plms5_5
27 0 118475 9 18.726557 plms5_5
28 0 4157382 0 42.469364 plms5_5
28 0 4157405 1 42.469364 plms5_5
28 0 112523 2 26.540516 plms5_5
28 0 112346 3 26.229738 plms5_5
28 0 217703 4 25.642609 plms5_5
28 0 108340 5 22.642284 plms5_5
28 0 107063 6 22.621294 plms5_5
28 0 101222 7 22.453575 plms5_5
28 0 112308 8 22.390335 plms5_5
28 0 106130 9 21.94301 plms5_5
29 0 112620 0 22.0093 plms5_5
29 0 145843 1 21.317354 plms5_5
29 0 4151826 2 21.015448 plms5_5
29 0 145726 3 20.583101 plms5_5
29 0 145632 4 20.559 plms5_5
29 0 118044 5 20.460209 plms5_5
29 0 112173 6 20.355932 plms5_5
29 0 111471 7 20.332952 plms5_5
29 0 3195890 8 20.301363 plms5_5
29 0 111134 9 20.180727 plms5_5
30 0 145841 0 45.69229 plms5_5
30 0 205788 1 41.33411 plms5_5
30 0 145916 2 39.95556 plms5_5
30 0 145708 3 39.07652 plms5_5
30 0 218921 4 38.11701 plms5_5
30 0 118117 5 37.38971 plms5_5
30 0 137739 6 36.695545 plms5_5
30 0 145843 7 35.888905 plms5_5
30 0 118343 8 35.085888 plms5_5
30 0 148795 9 34.825535 plms5_5
31 0 145925 0 33.95788 plms5_5
31 0 148797 1 32.100136 plms5_5
31 0 3207859 2 32.031624 plms5_5
31 0 118412 3 29.140358 plms5_5
31 0 616433 4 28.964748 plms5_5
31 0 137003 5 28.266151 plms5_5
31 0 2809763 6 27.244944 plms5_5
31 0 2811844 7 26.494377 plms5_5
31 0 2959750 8 26.494377 plms5_5
31 0 903977 9 26.389692 plms5_5
32 0 118458 0 16.17894 plms5_5
32 0 110561 1 15.7899685 plms5_5
32 0 109450 2 15.190672 plms5_5
32 0 118139 3 14.981541 plms5_5
32 0 118023 4 14.839164 plms5_5
32 0 118321 5 14.806665 plms5_5
32 0 118369 6 14.7736435 plms5_5
32 0 109505 7 14.65632 plms5_5
32 0 130162 8 14.557734 plms5_5
32 0 118303 9 14.539772 plms5_5
33 0 2676594 0 19.799839 plms5_5
33 0 2675753 1 19.52946 plms5_5
33 0 2679204 2 19.52946 plms5_5
33 0 2809767 3 18.709576 plms5_5
33 0 2811850 4 18.709576 plms5_5
33 0 118302 5 17.027452 plms5_5
33 0 118294 6 15.373504 plms5_5
33 0 111971 7 15.068012 plms5_5
33 0 145788 8 14.100757 plms5_5
33 0 3205766 9 13.963698 plms5_5
34 0 2809767 0 58.31183 plms5_5
34 0 2811850 1 58.31183 plms5_5
34 0 2676594 2 57.094444 plms5_5
34 0 2675753 3 56.99988 plms5_5
34 0 2679204 4 56.99988 plms5_5
34 0 136994 5 34.142044 plms5_5
34 0 137727 6 29.093956 plms5_5
34 0 121158 7 28.003838 plms5_5
34 0 4151827 8 26.64455 plms5_5
34 0 145870 9 26.628025 plms5_5
35 0 821306 0 24.391342 plms5_5
35 0 932061 1 24.107025 plms5_5
35 0 3205767 2 22.72538 plms5_5
35 0 3203656 3 21.539665 plms5_5
35 0 3206414 4 21.539665 plms5_5
35 0 112747 5 21.07921 plms5_5
35 0 118329 6 21.026388 plms5_5
35 0 218927 7 20.869667 plms5_5
35 0 213843 8 20.22889 plms5_5
35 0 214063 9 20.22889 plms5_5
36 0 112259 0 26.691427 plms5_5
36 0 131163 1 25.563461 plms5_5
36 0 111777 2 25.540874 plms5_5
36 0 110101 3 24.11305 plms5_5
36 0 109923 4 24.08958 plms5_5
36 0 105224 5 23.382973 plms5_5
36 0 110640 6 22.794773 plms5_5
36 0 112476 7 22.771389 plms5_5
36 0 213843 8 22.375334 plms5_5
36 0 214063 9 22.375334 plms5_5
37 0 4151829 0 28.031485 plms5_5
37 0 145731 1 24.692366 plms5_5
37 0 111982 2 23.921019 plms5_5
37 0 145855 3 22.895924 plms5_5
37 0 118269 4 22.488857 plms5_5
37 0 112910 5 22.274862 plms5_5
37 0 108527 6 22.064425 plms5_5
37 0 110742 7 21.720596 plms5_5
37 0 103870 8 21.161077 plms5_5
37 0 104077 9 20.84697 plms5_5
38 0 1993216 0 49.265503 plms5_5
38 0 118269 1 48.843796 plms5_5
38 0 112910 2 46.037193 plms5_5
38 0 145731 3 45.69153 plms5_5
38 0 145855 4 45.206154 plms5_5
38 0 4151829 5 42.878128 plms5_5
38 0 112887 6 37.796097 plms5_5
38 0 111420 7 36.71696 plms5_5
38 0 145629 8 36.52947 plms5_5
38 0 112292 9 36.068134 plms5_5
39 0 2674861 0 20.236153 plms5_5
39 0 2675754 1 20.236153 plms5_5
39 0 112568 2 20.167526 plms5_5
39 0 105058 3 20.012493 plms5_5
39 0 111502 4 19.68103 plms5_5
39 0 98478 5 19.537994 plms5_5
39 0 111432 6 19.239523 plms5_5
39 0 112936 7 19.047516 plms5_5
39 0 102086 8 18.82224 plms5_5
39 0 112420 9 18.723919 plms5_5
40 0 145943 0 19.810974 plms5_5
40 0 931120 1 19.251186 plms5_5
40 0 2801430 2 15.024199 plms5_5
40 0 2810526 3 14.915464 plms5_5
40 0 3171723 4 14.58404 plms5_5
40 0 2769807 5 14.525853 plms5_5
40 0 212970 6 14.502845 plms5_5
40 0 112348 7 14.411759 plms5_5
40 0 2756232 8 14.29454 plms5_5
40 0 4161363 9 13.674995 plms5_5
41 0 109186 0 30.169735 plms5_5
41 0 112585 1 30.088095 plms5_5
41 0 110132 2 27.685295 plms5_5
41 0 111198 3 27.631405 plms5_5
41 0 110075 4 25.484411 plms5_5
41 0 111254 5 25.36039 plms5_5
41 0 112440 6 24.238268 plms5_5
41 0 2810525 7 23.8107 plms5_5
41 0 2811847 8 23.8107 plms5_5
41 0 111891 9 23.415209 plms5_5
42 0 112924 0 27.423512 plms5_5
42 0 3189783 1 26.285389 plms5_5
42 0 3177199 2 26.218029 plms5_5
42 0 3171724 3 25.705715 plms5_5
42 0 3177200 4 25.705715 plms5_5
42 0 137003 5 25.246622 plms5_5
42 0 117864 6 25.168276 plms5_5
42 0 118131 7 24.868626 plms5_5
42 0 118374 8 24.110916 plms5_5
42 0 145632 9 24.092049 plms5_5
43 0 108846 0 11.958652 plms5_5
43 0 106883 1 11.569008 plms5_5
43 0 134725 2 11.049845 plms5_5
43 0 110556 3 10.908411 plms5_5
43 0 145873 4 10.671561 plms5_5
43 0 103735 5 10.554098 plms5_5
43 0 105745 6 10.386426 plms5_5
43 0 111100 7 10.272504 plms5_5
43 0 145880 8 10.227671 plms5_5
43 0 111622 9 10.166033 plms5_5
44 0 183480 0 16.364311 plms5_5
44 0 109329 1 14.525344 plms5_5
44 0 1738 2 14.502729 plms5_5
44 0 2781925 3 14.16489 plms5_5
44 0 91444 4 13.293259 plms5_5
44 0 145674 5 12.806379 plms5_5
44 0 802408 6 12.54751 plms5_5
44 0 2812587 7 12.497284 plms5_5
44 0 2959748 8 12.497284 plms5_5
44 0 205202 9 12.238383 plms5_5
45 0 3181481 0 22.674677 plms5_5
45 0 118496 1 22.168707 plms5_5
45 0 112319 2 20.72761 plms5_5
45 0 130159 3 20.105848 plms5_5
45 0 127691 4 20.104773 plms5_5
45 0 110434 5 19.502214 plms5_5
45 0 112309 6 19.286343 plms5_5
45 0 111754 7 19.03307 plms5_5
45 0 117881 8 18.847795 plms5_5
45 0 110794 9 18.651514 plms5_5
46 0 2804673 0 31.772522 plms5_5
46 0 145772 1 28.67677 plms5_5
46 0 866024 2 27.09862 plms5_5
46 0 858802 3 27.09862 plms5_5
46 0 618680 4 27.018368 plms5_5
46 0 623145 5 25.9451 plms5_5
46 0 118453 6 25.384283 plms5_5
46 0 3204917 7 24.411142 plms5_5
46 0 1269289 8 24.159304 plms5_5
46 0 118452 9 22.838402 plms5_5
47 0 2674861 0 26.457819 plms5_5
47 0 2675754 1 26.457819 plms5_5
47 0 108545 2 24.451296 plms5_5
47 0 96287 3 22.874672 plms5_5
47 0 142882 4 21.401548 plms5_5
47 0 111362 5 20.707817 plms5_5
47 0 105417 6 19.905197 plms5_5
47 0 2518018 7 19.666313 plms5_5
47 0 121149 8 19.16078 plms5_5
47 0 118218 9 19.10247 plms5_5
48 0 2674861 0 23.486792 plms5_5
48 0 2675754 1 23.486792 plms5_5
48 0 103019 2 19.486925 plms5_5
48 0 112422 3 19.05196 plms5_5
48 0 96287 4 18.12165 plms5_5
48 0 107451 5 17.537184 plms5_5
48 0 94225 6 17.454212 plms5_5
48 0 108041 7 17.406939 plms5_5
48 0 99428 8 17.376015 plms5_5
48 0 96147 9 17.106274 plms5_5
49 0 4162535 0 23.50933 plms5_5
49 0 2672535 1 17.314934 plms5_5
49 0 90620 2 16.134945 plms5_5
49 0 101852 3 15.883997 plms5_5
49 0 95414 4 15.860932 plms5_5
49 0 87007 5 15.326864 plms5_5
49 0 95551 6 14.961239 plms5_5
49 0 94493 7 14.64928 plms5_5
49 0 95847 8 14.268742 plms5_5
49 0 92945 9 14.25938 plms5_5
50 0 118203 0 20.638512 plms5_5
50 0 118449 1 20.480438 plms5_5
50 0 112733 2 20.4368 plms5_5
50 0 109776 3 19.500835 plms5_5
50 0 110763 4 19.041555 plms5_5
50 0 117996 5 18.998234 plms5_5
50 0 111953 6 18.498247 plms5_5
50 0 183479 7 18.464462 plms5_5
50 0 112606 8 18.383411 plms5_5
50 0 112594 9 18.300276 plms5_5
51 0 106561 0 9.21496 plms5_5
51 0 95867 1 9.112285 plms5_5
51 0 103299 2 9.011985 plms5_5
51 0 103986 3 8.87937 plms5_5
51 0 109466 4 8.66273 plms5_5
51 0 109702 5 8.436407 plms5_5
51 0 95586 6 8.357088 plms5_5
51 0 97097 7 8.243864 plms5_5
51 0 97890 8 8.229716 plms5_5
51 0 106522 9 8.170069 plms5_5
52 0 90150 0 19.156357 plms5_5
52 0 91913 1 17.545977 plms5_5
52 0 85447 2 17.291092 plms5_5
52 0 112770 3 16.717983 plms5_5
52 0 85111 4 15.944949 plms5_5
52 0 107187 5 15.737464 plms5_5
52 0 90370 6 15.494654 plms5_5
52 0 111908 7 15.328378 plms5_5
52 0 90634 8 14.80633 plms5_5
52 0 97465 9 14.783053 plms5_5
53 0 625711 0 29.300615 plms5_5
53 0 621045 1 26.184319 plms5_5
53 0 872994 2 25.781475 plms5_5
53 0 118357 3 24.4232 plms5_5
53 0 112573 4 23.956726 plms5_5
53 0 134737 5 22.884445 plms5_5
53 0 104615 6 22.618822 plms5_5
53 0 799985 7 22.601917 plms5_5
53 0 145635 8 22.590633 plms5_5
53 0 2655591 9 22.120573 plms5_5
54 0 616862 0 26.94644 plms5_5
54 0 145632 1 25.621801 plms5_5
54 0 2358 2 24.701038 plms5_5
54 0 2809764 3 24.580082 plms5_5
54 0 216733 4 24.438282 plms5_5
54 0 145884 5 24.010492 plms5_5
54 0 931614 6 23.974234 plms5_5
54 0 931123 7 23.71576 plms5_5
54 0 145626 8 23.678322 plms5_5
54 0 616863 9 23.624548 plms5_5
55 0 4154603 0 66.6977 plms5_5
55 0 145731 1 50.238743 plms5_5
55 0 145855 2 41.61175 plms5_5
55 0 110774 3 40.259663 plms5_5
55 0 111420 4 38.3823 plms5_5
55 0 111261 5 38.28306 plms5_5
55 0 112910 6 33.321373 plms5_5
55 0 118269 7 32.12902 plms5_5
55 0 111982 8 29.247766 plms5_5
55 0 110021 9 27.492258 plms5_5
56 0 4154603 0 36.568317 plms5_5
56 0 145855 1 30.9815 plms5_5
56 0 2677564 2 27.613787 plms5_5
56 0 2678135 3 27.613787 plms5_5
56 0 145629 4 26.734682 plms5_5
56 0 2679558 5 26.156845 plms5_5
56 0 2959741 6 23.734802 plms5_5
56 0 931616 7 23.734802 plms5_5
56 0 145965 8 22.598 plms5_5
56 0 112910 9 22.155987 plms5_5
57 0 147953 0 7.8636417 plms5_5
57 0 148480 1 7.8636417 plms5_5
57 0 2804673 2 7.7793803 plms5_5
57 0 145772 3 7.618987 plms5_5
57 0 145907 4 7.552216 plms5_5
57 0 145745 5 7.5042276 plms5_5
57 0 3209687 6 7.495495 plms5_5
57 0 3187496 7 7.484871 plms5_5
57 0 799990 8 7.43035 plms5_5
57 0 117908 9 7.348562 plms5_5
58 0 118467 0 15.72791 plms5_5
58 0 821305 1 14.803379 plms5_5
58 0 118282 2 14.53764 plms5_5
58 0 106152 3 14.526601 plms5_5
58 0 112458 4 14.451224 plms5_5
58 0 105233 5 14.3706 plms5_5
58 0 2671725 6 14.163488 plms5_5
58 0 2672207 7 14.139388 plms5_5
58 0 145703 8 14.096096 plms5_5
58 0 112085 9 14.086735 plms5_5
59 0 2788983 0 49.358723 plms5_5
59 0 4170685 1 46.715652 plms5_5
59 0 111736 2 44.301723 plms5_5
59 0 931614 3 43.527534 plms5_5
59 0 130158 4 43.1407 plms5_5
59 0 112824 5 42.18063 plms5_5
59 0 112905 6 41.995373 plms5_5
59 0 145901 7 41.47475 plms5_5
59 0 2672208 8 41.088383 plms5_5
59 0 2670794 9 41.088383 plms5_5
60 0 931614 0 45.98167 plms5_5
60 0 127905 1 41.04922 plms5_5
60 0 118257 2 40.79462 plms5_5
60 0 145856 3 39.84395 plms5_5
60 0 110510 4 39.822845 plms5_5
60 0 109810 5 39.394875 plms5_5
60 0 118334 6 38.72306 plms5_5
60 0 3195891 7 38.374115 plms5_5
60 0 118107 8 37.2139 plms5_5
60 0 130158 9 36.597256 plms5_5
61 0 2812210 0 52.894352 plms5_5
61 0 219815 1 49.67446 plms5_5
61 0 145743 2 49.52008 plms5_5
61 0 145923 3 48.355713 plms5_5
61 0 218457 4 44.372757 plms5_5
61 0 3195092 5 43.301895 plms5_5
61 0 1732 6 42.695602 plms5_5
61 0 2620704 7 40.52883 plms5_5
61 0 1087955 8 39.602154 plms5_5
61 0 218132 9 38.428436 plms5_5
62 0 219512 0 20.537968 plms5_5
62 0 110091 1 20.097649 plms5_5
62 0 117832 2 19.590462 plms5_5
62 0 118045 3 19.584675 plms5_5
62 0 145708 4 18.891237 plms5_5
62 0 802770 5 18.734459 plms5_5
62 0 148795 6 18.681612 plms5_5
62 0 902771 7 18.648453 plms5_5
62 0 903985 8 18.648453 plms5_5
62 0 145808 9 18.588652 plms5_5
63 0 99465 0 7.6486487 plms5_5
63 0 97274 1 7.5610867 plms5_5
63 0 105496 2 7.4151983 plms5_5
63 0 106208 3 7.3587737 plms5_5
63 0 97873 4 7.2492094 plms5_5
63 0 106996 5 7.242348 plms5_5
63 0 96381 6 7.21507 plms5_5
63 0 101096 7 7.2007008 plms5_5
63 0 101445 8 7.18903 plms5_5
63 0 104545 9 7.1825285 plms5_5
64 0 2758568 0 37.383587 plms5_5
64 0 145895 1 32.8277 plms5_5
64 0 102061 2 28.617498 plms5_5
64 0 110645 3 27.731562 plms5_5
64 0 111082 4 24.586533 plms5_5
64 0 109773 5 24.364893 plms5_5
64 0 93425 6 23.869467 plms5_5
64 0 1745 7 22.774744 plms5_5
64 0 821189 8 22.765924 plms5_5
64 0 111936 9 22.426153 plms5_5
65 0 118123 0 16.573116 plms5_5
65 0 105303 1 10.712917 plms5_5
65 0 145867 2 10.245073 plms5_5
65 0 118284 3 9.693924 plms5_5
65 0 618680 4 9.639532 plms5_5
65 0 112016 5 9.634718 plms5_5
65 0 111285 6 9.525872 plms5_5
65 0 122242 7 9.504363 plms5_5
65 0 111426 8 9.468882 plms5_5
65 0 112935 9 9.424518 plms5_5
66 0 3211501 0 36.023678 plms5_5
66 0 145867 1 34.367413 plms5_5
66 0 111632 2 32.005726 plms5_5
66 0 112935 3 27.851496 plms5_5
66 0 112106 4 24.65188 plms5_5
66 0 118495 5 23.989006 plms5_5
66 0 112547 6 23.48024 plms5_5
66 0 618680 7 19.369944 plms5_5
66 0 134921 8 19.331295 plms5_5
66 0 112760 9 19.180067 plms5_5
67 0 867645 0 19.070019 plms5_5
67 0 145800 1 16.476318 plms5_5
67 0 2959738 2 15.688043 plms5_5
67 0 103093 3 15.242281 plms5_5
67 0 112081 4 15.132838 plms5_5
67 0 145635 5 15.014469 plms5_5
67 0 102083 6 14.875179 plms5_5
67 0 1087847 7 14.403277 plms5_5
67 0 112891 8 14.012614 plms5_5
67 0 88797 9 13.943752 plms5_5
68 0 103675 0 27.700256 plms5_5
68 0 97049 1 22.660452 plms5_5
68 0 100945 2 21.700237 plms5_5
68 0 89835 3 21.457 plms5_5
68 0 94177 4 21.315979 plms5_5
68 0 106930 5 21.303879 plms5_5
68 0 103093 6 20.70437 plms5_5
68 0 94154 7 20.618004 plms5_5
68 0 93847 8 20.553886 plms5_5
68 0 2455531 9 20.433575 plms5_5
69 0 799975 0 22.01601 plms5_5
69 0 127899 1 21.452885 plms5_5
69 0 142877 2 21.253666 plms5_5
69 0 134745 3 21.148598 plms5_5
69 0 112748 4 21.075983 plms5_5
69 0 109420 5 21.05366 plms5_5
69 0 112719 6 20.9996 plms5_5
69 0 118098 7 20.766964 plms5_5
69 0 117927 8 20.640684 plms5_5
69 0 121152 9 20.568388 plms5_5
70 0 111709 0 32.04249 plms5_5
70 0 118111 1 31.26823 plms5_5
70 0 117961 2 29.017357 plms5_5
70 0 112534 3 28.740473 plms5_5
70 0 118080 4 27.089003 plms5_5
70 0 117859 5 26.596455 plms5_5
70 0 1087961 6 25.663895 plms5_5
70 0 799982 7 25.020466 plms5_5
70 0 118317 8 25.002745 plms5_5
70 0 117927 9 24.513145 plms5_5
71 0 118052 0 24.983147 plms5_5
71 0 112904 1 24.634865 plms5_5
71 0 118234 2 23.042362 plms5_5
71 0 110331 3 23.019613 plms5_5
71 0 111103 4 22.182934 plms5_5
71 0 88325 5 22.142939 plms5_5
71 0 118005 6 20.47785 plms5_5
71 0 92189 7 19.963507 plms5_5
71 0 88517 8 19.597649 plms5_5
71 0 145121 9 19.151684 plms5_5
72 0 108624 0 23.419752 plms5_5
72 0 118052 1 20.082096 plms5_5
72 0 112797 2 19.724741 plms5_5
72 0 88166 3 19.638489 plms5_5
72 0 3189783 4 19.490496 plms5_5
72 0 112904 5 19.299412 plms5_5
72 0 85513 6 18.950272 plms5_5
72 0 88803 7 18.900957 plms5_5
72 0 103775 8 18.888063 plms5_5
72 0 2654533 9 18.183874 plms5_5
73 0 2804674 0 27.45429 plms5_5
73 0 1087954 1 27.274504 plms5_5
73 0 145624 2 26.881956 plms5_5
73 0 118043 3 25.988762 plms5_5
73 0 118162 4 24.182016 plms5_5
73 0 111425 5 23.954033 plms5_5
73 0 145638 6 23.041832 plms5_5
73 0 109931 7 21.110304 plms5_5
73 0 112637 8 20.87856 plms5_5
73 0 110692 9 20.854717 plms5_5
74 0 2804674 0 23.129757 plms5_5
74 0 112774 1 21.540268 plms5_5
74 0 108616 2 21.155397 plms5_5
74 0 219734 3 20.859766 plms5_5
74 0 103459 4 20.824343 plms5_5
74 0 110398 5 20.67319 plms5_5
74 0 218667 6 20.652239 plms5_5
74 0 3183079 7 20.435974 plms5_5
74 0 110798 8 20.279287 plms5_5
74 0 127908 9 19.968834 plms5_5
75 0 2649290 0 35.346874 plms5_5
75 0 2771752 1 34.304783 plms5_5
75 0 2677565 2 34.209904 plms5_5
75 0 118226 3 34.160652 plms5_5
75 0 2672210 4 33.55979 plms5_5
75 0 2654755 5 33.55979 plms5_5
75 0 110415 6 33.46672 plms5_5
75 0 4154604 7 33.05569 plms5_5
75 0 2678134 8 33.02279 plms5_5
75 0 2801432 9 32.940357 plms5_5
76 0 1740 0 25.441853 plms5_5
76 0 145799 1 24.525208 plms5_5
76 0 108900 2 24.388748 plms5_5
76 0 118390 3 23.36507 plms5_5
76 0 145652 4 23.278944 plms5_5
76 0 150540 5 23.05003 plms5_5
76 0 111945 6 23.038834 plms5_5
76 0 145968 7 22.924517 plms5_5
76 0 149653 8 22.345278 plms5_5
76 0 2670966 9 21.874758 plms5_5
77 0 104355 0 26.93474 plms5_5
77 0 112626 1 26.269512 plms5_5
77 0 111455 2 25.164766 plms5_5
77 0 97242 3 24.8146 plms5_5
77 0 95933 4 24.68588 plms5_5
77 0 111610 5 24.539978 plms5_5
77 0 614392 6 24.235994 plms5_5
77 0 614485 7 24.235994 plms5_5
77 0 112726 8 24.18078 plms5_5
77 0 108605 9 23.690134 plms5_5
78 0 2812588 0 33.90618 plms5_5
78 0 118022 1 32.176464 plms5_5
78 0 616862 2 31.240685 plms5_5
78 0 112358 3 29.954657 plms5_5
78 0 111092 4 29.165947 plms5_5
78 0 111869 5 29.057285 plms5_5
78 0 117899 6 28.811342 plms5_5
78 0 799976 7 28.373102 plms5_5
78 0 145632 8 27.802504 plms5_5
78 0 117968 9 27.722965 plms5_5
79 0 111009 0 49.89009 plms5_5
79 0 118143 1 43.57937 plms5_5
79 0 111470 2 43.362907 plms5_5
79 0 2680438 3 37.440968 plms5_5
79 0 110221 4 29.762226 plms5_5
79 0 3171728 5 25.324387 plms5_5
79 0 145932 6 22.213528 plms5_5
79 0 903979 7 20.417364 plms5_5
79 0 902768 8 20.417364 plms5_5
79 0 2771753 9 20.31526 plms5_5
80 0 87566 0 16.858892 plms5_5
80 0 90313 1 16.232018 plms5_5
80 0 91407 2 16.03689 plms5_5
80 0 118368 3 15.891035 plms5_5
80 0 94164 4 15.171812 plms5_5
80 0 150541 5 15.1026945 plms5_5
80 0 89018 6 14.85786 plms5_5
80 0 105597 7 14.855856 plms5_5
80 0 112869 8 14.735429 plms5_5
80 0 86820 9 14.646925 plms5_5
81 0 799991 0 13.38372 plms5_5
81 0 802791 1 12.945667 plms5_5
81 0 111914 2 12.539831 plms5_5
81 0 118373 3 12.201197 plms5_5
81 0 110784 4 12.187829 plms5_5
81 0 110020 5 12.149287 plms5_5
81 0 4157383 6 12.101071 plms5_5
81 0 145841 7 12.080667 plms5_5
81 0 112260 8 12.074135 plms5_5
81 0 118045 9 11.869392 plms5_5
82 0 2773182 0 17.3333 plms5_5
82 0 104132 1 16.39332 plms5_5
82 0 4168363 2 16.145197 plms5_5
82 0 106071 3 15.976281 plms5_5
82 0 105931 4 15.960023 plms5_5
82 0 88165 5 15.899374 plms5_5
82 0 112292 6 15.774075 plms5_5
82 0 821305 7 15.6431875 plms5_5
82 0 117837 8 15.603784 plms5_5
82 0 111106 9 15.45417 plms5_5
83 0 145859 0 47.777634 plms5_5
83 0 111333 1 34.7477 plms5_5
83 0 109038 2 32.01719 plms5_5
83 0 110449 3 31.807236 plms5_5
83 0 111151 4 31.423182 plms5_5
83 0 111103 5 31.274878 plms5_5
83 0 112372 6 30.743755 plms5_5
83 0 145870 7 30.513203 plms5_5
83 0 112368 8 30.402515 plms5_5
83 0 112922 9 29.987919 plms5_5
84 0 145859 0 48.439545 plms5_5
84 0 111664 1 44.396774 plms5_5
84 0 111151 2 44.346245 plms5_5
84 0 108164 3 42.538647 plms5_5
84 0 112922 4 42.029243 plms5_5
84 0 110361 5 41.915638 plms5_5
84 0 122251 6 41.661114 plms5_5
84 0 800858 7 41.46855 plms5_5
84 0 107293 8 41.437386 plms5_5
84 0 110473 9 41.42471 plms5_5
85 0 802973 0 34.91864 plms5_5
85 0 803271 1 34.91864 plms5_5
85 0 2959737 2 34.91864 plms5_5
85 0 218925 3 33.45279 plms5_5
85 0 137749 4 29.568375 plms5_5
85 0 108530 5 28.651009 plms5_5
85 0 112240 6 27.895554 plms5_5
85 0 111586 7 27.165789 plms5_5
85 0 219734 8 27.071796 plms5_5
85 0 124465 9 26.23957 plms5_5
86 0 3171724 0 34.28702 plms5_5
86 0 3177199 1 34.28702 plms5_5
86 0 3177200 2 34.28702 plms5_5
86 0 3205766 3 28.712267 plms5_5
86 0 3195092 4 28.564966 plms5_5
86 0 802973 5 23.649935 plms5_5
86 0 803271 6 23.649935 plms5_5
86 0 2959737 7 23.649935 plms5_5
86 0 3171728 8 23.004118 plms5_5
86 0 3170730 9 22.257383 plms5_5
87 0 104480 0 24.405548 plms5_5
87 0 1088038 1 22.34208 plms5_5
87 0 106464 2 21.769556 plms5_5
87 0 111905 3 21.619102 plms5_5
87 0 110372 4 19.940248 plms5_5
87 0 105721 5 19.614243 plms5_5
87 0 104998 6 19.118664 plms5_5
87 0 110760 7 18.87215 plms5_5
87 0 110420 8 18.63535 plms5_5
87 0 143378 9 18.634604 plms5_5
88 0 625833 0 20.184366 plms5_5
88 0 143378 1 19.489384 plms5_5
88 0 182991 2 19.226229 plms5_5
88 0 181012 3 19.198254 plms5_5
88 0 625711 4 18.947607 plms5_5
88 0 111539 5 18.877167 plms5_5
88 0 111170 6 18.658728 plms5_5
88 0 872994 7 18.65843 plms5_5
88 0 2789927 8 18.465906 plms5_5
88 0 182992 9 18.41226 plms5_5
89 0 4151822 0 98.182755 plms5_5
89 0 2812588 1 82.72939 plms5_5
89 0 4162110 2 78.06474 plms5_5
89 0 2770446 3 76.24601 plms5_5
89 0 145817 4 46.816 plms5_5
89 0 145954 5 44.050465 plms5_5
89 0 145647 6 40.970505 plms5_5
89 0 134747 7 38.64434 plms5_5
89 0 180494 8 37.728935 plms5_5
89 0 4106440 9 36.94517 plms5_5
90 0 145626 0 14.020183 plms5_5
90 0 109643 1 13.465661 plms5_5
90 0 109921 2 13.281375 plms5_5
90 0 118054 3 13.018109 plms5_5
90 0 109079 4 12.79733 plms5_5
90 0 118420 5 12.591079 plms5_5
90 0 92716 6 12.517231 plms5_5
90 0 2620698 7 12.339112 plms5_5
90 0 109080 8 12.275431 plms5_5
90 0 109016 9 11.988862 plms5_5
91 0 3212514 0 45.81627 plms5_5
91 0 219097 1 32.761875 plms5_5
91 0 856791 2 29.971577 plms5_5
91 0 145892 3 29.513382 plms5_5
91 0 145785 4 28.077374 plms5_5
91 0 110032 5 27.485273 plms5_5
91 0 624280 6 27.01778 plms5_5
91 0 1087959 7 26.742443 plms5_5
91 0 109043 8 25.842714 plms5_5
91 0 145873 9 25.43459 plms5_5
92 0 3212514 0 20.009487 plms5_5
92 0 2675751 1 15.65952 plms5_5
92 0 98779 2 15.374642 plms5_5
92 0 99392 3 15.12549 plms5_5
92 0 111828 4 14.654915 plms5_5
92 0 112241 5 14.645703 plms5_5
92 0 98116 6 14.0027275 plms5_5
92 0 111820 7 13.891586 plms5_5
92 0 99015 8 13.79671 plms5_5
92 0 118454 9 13.684225 plms5_5
93 0 110877 0 63.46775 plms5_5
93 0 130158 1 61.074818 plms5_5
93 0 118334 2 57.775414 plms5_5
93 0 118107 3 56.8836 plms5_5
93 0 110200 4 53.358433 plms5_5
93 0 4151827 5 52.32239 plms5_5
93 0 109610 6 50.75346 plms5_5
93 0 2788983 7 48.49961 plms5_5
93 0 110248 8 47.880875 plms5_5
93 0 112905 9 45.6886 plms5_5
94 0 931614 0 69.859634 plms5_5
94 0 4151827 1 63.47954 plms5_5
94 0 3195891 2 63.27467 plms5_5
94 0 2788983 3 56.198498 plms5_5
94 0 2743641 4 41.3506 plms5_5
94 0 2959756 5 41.3506 plms5_5
94 0 130158 6 40.278378 plms5_5
94 0 145901 7 38.798714 plms5_5
94 0 117874 8 37.108925 plms5_5
94 0 118129 9 36.12062 plms5_5
95 0 107232 0 24.688524 plms5_5
95 0 108555 1 22.956148 plms5_5
95 0 105495 2 22.56222 plms5_5
95 0 107794 3 21.31313 plms5_5
95 0 109444 4 19.459976 plms5_5
95 0 111385 5 18.060293 plms5_5
95 0 96212 6 17.89794 plms5_5
95 0 107475 7 17.73362 plms5_5
95 0 108161 8 17.599405 plms5_5
95 0 96226 9 17.562775 plms5_5
96 0 86280 0 12.732138 plms5_5
96 0 106657 1 12.584134 plms5_5
96 0 89439 2 12.530751 plms5_5
96 0 89763 3 12.308394 plms5_5
96 0 104330 4 12.162905 plms5_5
96 0 118503 5 12.089123 plms5_5
96 0 91961 6 12.0454445 plms5_5
96 0 90903 7 12.000697 plms5_5
96 0 118411 8 11.996568 plms5_5
96 0 90689 9 11.962651 plms5_5
97 0 112101 0 26.697887 plms5_5
97 0 111922 1 24.964314 plms5_5
97 0 136993 2 17.15652 plms5_5
97 0 95594 3 15.8890915 plms5_5
97 0 118379 4 15.7384 plms5_5
97 0 2806208 5 15.515223 plms5_5
97 0 2808294 6 15.515223 plms5_5
97 0 104379 7 14.62167 plms5_5
97 0 145822 8 14.532703 plms5_5
97 0 91273 9 14.319783 plms5_5
98 0 2655591 0 18.604034 plms5_5
98 0 134732 1 17.892277 plms5_5
98 0 2676593 2 17.8538 plms5_5
98 0 106593 3 17.632904 plms5_5
98 0 110996 4 17.355019 plms5_5
98 0 112574 5 17.132725 plms5_5
98 0 145822 6 17.094757 plms5_5
98 0 107964 7 17.089863 plms5_5
98 0 118061 8 17.02542 plms5_5
98 0 112398 9 16.876896 plms5_5
99 0 112267 0 45.358093 plms5_5
99 0 111884 1 31.160538 plms5_5
99 0 110552 2 28.638615 plms5_5
99 0 109976 3 26.424873 plms5_5
99 0 118121 4 25.823526 plms5_5
99 0 110578 5 22.313799 plms5_5
99 0 104759 6 22.141518 plms5_5
99 0 109673 7 21.143948 plms5_5
99 0 145914 8 20.850994 plms5_5
99 0 111671 9 20.058706 plms5_5
100 0 112267 0 50.598866 plms5_5
100 0 110552 1 43.21196 plms5_5
100 0 111884 2 42.046234 plms5_5
100 0 108405 3 38.352066 plms5_5
100 0 102906 4 37.043205 plms5_5
100 0 112033 5 35.41889 plms5_5
100 0 110296 6 34.969234 plms5_5
100 0 145874 7 34.400143 plms5_5
100 0 110664 8 34.278572 plms5_5
100 0 109673 9 33.5133 plms5_5
