1 0 112795 0 20.109211 plms4_6
1 0 2649076 1 18.94686 plms4_6
1 0 97605 2 18.07692 plms4_6
1 0 219732 3 17.62632 plms4_6
1 0 102712 4 17.367266 plms4_6
1 0 111116 5 17.148489 plms4_6
1 0 110235 6 17.112247 plms4_6
1 0 101572 7 16.822994 plms4_6
1 0 110464 8 16.735832 plms4_6
1 0 219733 9 16.65028 plms4_6
2 0 4170684 0 14.522411 plms4_6
2 0 150540 1 13.200629 plms4_6
2 0 149006 2 12.908213 plms4_6
2 0 104571 3 12.498323 plms4_6
2 0 2644673 4 11.9899845 plms4_6
2 0 3203658 5 11.604854 plms4_6
2 0 145692 6 11.363132 plms4_6
2 0 149286 7 11.15479 plms4_6
2 0 110184 8 10.765851 plms4_6
2 0 104543 9 10.260111 plms4_6
3 0 3162143 0 35.216396 plms4_6
3 0 215496 1 34.72141 plms4_6
3 0 215694 2 34.72141 plms4_6
3 0 2959735 3 34.720367 plms4_6
3 0 112212 4 32.73185 plms4_6
3 0 118029 5 32.612595 plms4_6
3 0 118475 6 32.5771 plms4_6
3 0 145683 7 32.529022 plms4_6
3 0 145821 8 32.33534 plms4_6
3 0 130157 9 32.001167 plms4_6
4 0 215496 0 51.29594 plms4_6
4 0 215694 1 51.249012 plms4_6
4 0 2959735 2 51.24693 plms4_6
4 0 149007 3 49.570972 plms4_6
4 0 623142 4 43.328064 plms4_6
4 0 118029 5 40.81288 plms4_6
4 0 111920 6 39.1298 plms4_6
4 0 145890 7 36.496437 plms4_6
4 0 145821 8 36.41 plms4_6
4 0 903973 9 36.40015 plms4_6
5 0 183480 0 31.112759 plms4_6
5 0 110056 1 26.034098 plms4_6
5 0 111789 2 25.460947 plms4_6
5 0 118174 3 24.854029 plms4_6
5 0 2672209 4 24.593073 plms4_6
5 0 2657779 5 24.593073 plms4_6
5 0 108089 6 23.49448 plms4_6
5 0 118217 7 21.411047 plms4_6
5 0 117932 8 21.271029 plms4_6
5 0 108088 9 21.08043 plms4_6
6 0 117932 0 24.970078 plms4_6
6 0 2811844 1 21.746704 plms4_6
6 0 2959750 2 21.746704 plms4_6
6 0 105790 3 17.355091 plms4_6
6 0 108449 4 16.19541 plms4_6
6 0 110883 5 15.608285 plms4_6
6 0 106257 6 15.054063 plms4_6
6 0 105695 7 14.545866 plms4_6
6 0 2680591 8 14.112538 plms4_6
6 0 107601 9 14.006451 plms4_6
7 0 147531 0 26.013866 plms4_6
7 0 110932 1 23.000246 plms4_6
7 0 145713 2 22.21952 plms4_6
7 0 2675751 3 22.02232 plms4_6
7 0 2672535 4 22.017662 plms4_6
7 0 2678467 5 21.921724 plms4_6
7 0 2679202 6 21.921724 plms4_6
7 0 2959746 7 21.921724 plms4_6
7 0 145715 8 21.676392 plms4_6
7 0 145868 9 21.616611 plms4_6
8 0 145911 0 17.67008 plms4_6
8 0 2670643 1 15.036736 plms4_6
8 0 182991 2 14.6683235 plms4_6
8 0 2654532 3 14.469028 plms4_6
8 0 2679558 4 13.921619 plms4_6
8 0 146981 5 13.676572 plms4_6
8 0 145859 6 12.999282 plms4_6
8 0 215806 7 12.424291 plms4_6
8 0 820904 8 12.178092 plms4_6
8 0 2812587 9 11.609056 plms4_6
9 0 2675751 0 38.090065 plms4_6
9 0 110543 1 32.151413 plms4_6
9 0 127923 2 31.61569 plms4_6
9 0 127887 3 31.610907 plms4_6
9 0 118212 4 31.31931 plms4_6
9 0 109720 5 30.983759 plms4_6
9 0 112230 6 30.638384 plms4_6
9 0 145908 7 30.535818 plms4_6
9 0 118423 8 30.139418 plms4_6
9 0 145889 9 28.921791 plms4_6
10 0 1992989 0 28.864046 plms4_6
10 0 112931 1 28.050083 plms4_6
10 0 145715 2 27.628813 plms4_6
10 0 4164892 3 25.97421 plms4_6
10 0 147531 4 25.848392 plms4_6
10 0 214949 5 25.595728 plms4_6
10 0 215071 6 25.595728 plms4_6
10 0 145794 7 25.484339 plms4_6
10 0 121163 8 24.831633 plms4_6
10 0 111500 9 24.765703 plms4_6
11 0 102335 0 17.356373 plms4_6
11 0 931123 1 17.00282 plms4_6
11 0 108603 2 16.811216 plms4_6
11 0 90628 3 16.688066 plms4_6
11 0 1757 4 15.655592 plms4_6
11 0 108288 5 15.548087 plms4_6
11 0 2750102 6 15.407527 plms4_6
11 0 104940 7 15.385594 plms4_6
11 0 110800 8 15.371271 plms4_6
11 0 109398 9 14.831177 plms4_6
12 0 2672535 0 25.941631 plms4_6
12 0 809121 1 20.034683 plms4_6
12 0 3207860 2 19.9358 plms4_6
12 0 621195 3 18.430187 plms4_6
12 0 621270 4 18.430187 plms4_6
12 0 105909 5 17.741205 plms4_6
12 0 109096 6 16.710096 plms4_6
12 0 1746 7 16.222002 plms4_6
12 0 111537 8 14.846161 plms4_6
12 0 106433 9 14.350559 plms4_6
13 0 2642828 0 34.2175 plms4_6
13 0 145967 1 29.379509 plms4_6
13 0 802973 2 28.715834 plms4_6
13 0 803271 3 28.715834 plms4_6
13 0 2959737 4 28.715834 plms4_6
13 0 3168776 5 27.124184 plms4_6
13 0 3170728 6 27.0323 plms4_6
13 0 2959730 7 25.687016 plms4_6
13 0 3171724 8 23.89349 plms4_6
13 0 3177199 9 23.89349 plms4_6
14 0 614392 0 24.014118 plms4_6
14 0 614485 1 24.014118 plms4_6
14 0 145958 2 22.313995 plms4_6
14 0 124715 3 22.120607 plms4_6
14 0 2812588 4 20.902737 plms4_6
14 0 145967 5 19.967474 plms4_6
14 0 3199501 6 19.25431 plms4_6
14 0 4151817 7 18.982712 plms4_6
14 0 2659301 8 18.65602 plms4_6
14 0 111939 9 18.348219 plms4_6
15 0 2812588 0 38.622837 plms4_6
15 0 4015951 1 35.64244 plms4_6
15 0 4106440 2 34.004055 plms4_6
15 0 4162111 3 33.685436 plms4_6
15 0 3207858 4 33.334736 plms4_6
15 0 4151821 5 33.015606 plms4_6
15 0 4162534 6 30.775087 plms4_6
15 0 3199501 7 29.602745 plms4_6
15 0 3177196 8 29.59849 plms4_6
15 0 4151822 9 28.679369 plms4_6
16 0 2155 0 31.498089 plms4_6
16 0 4151822 1 26.192785 plms4_6
16 0 2770446 2 26.018757 plms4_6
16 0 2812588 3 24.917873 plms4_6
16 0 2771249 4 22.897022 plms4_6
16 0 2756231 5 22.855972 plms4_6
16 0 3203658 6 21.42556 plms4_6
16 0 177420 7 21.047323 plms4_6
16 0 180494 8 20.79895 plms4_6
16 0 620561 9 20.084093 plms4_6
17 0 118125 0 16.624645 plms4_6
17 0 110593 1 16.586948 plms4_6
17 0 109329 2 15.91724 plms4_6
17 0 131146 3 15.4857645 plms4_6
17 0 2672535 4 15.14636 plms4_6
17 0 108603 5 14.830463 plms4_6
17 0 112819 6 14.688162 plms4_6
17 0 117968 7 14.391721 plms4_6
17 0 110432 8 14.086133 plms4_6
17 0 112079 9 13.967295 plms4_6
18 0 148484 0 37.31337 plms4_6
18 0 105979 1 28.804117 plms4_6
18 0 112128 2 27.983652 plms4_6
18 0 112337 3 27.733664 plms4_6
18 0 110810 4 27.07489 plms4_6
18 0 145119 5 26.953617 plms4_6
18 0 2672526 6 26.872921 plms4_6
18 0 2674863 7 26.872921 plms4_6
18 0 106724 8 26.712158 plms4_6
18 0 112126 9 26.670218 plms4_6
19 0 99101 0 11.977055 plms4_6
19 0 104063 1 10.142099 plms4_6
19 0 92051 2 10.078662 plms4_6
19 0 94138 3 9.935971 plms4_6
19 0 95874 4 9.877405 plms4_6
19 0 88428 5 9.822111 plms4_6
19 0 2516349 6 9.809582 plms4_6
19 0 95716 7 9.809582 plms4_6
19 0 94891 8 9.668564 plms4_6
19 0 98986 9 9.587305 plms4_6
20 0 99191 0 15.48534 plms4_6
20 0 3158927 1 13.947176 plms4_6
20 0 94999 2 12.889314 plms4_6
20 0 147528 3 12.8221035 plms4_6
20 0 108897 4 12.406247 plms4_6
20 0 2516349 5 12.33196 plms4_6
20 0 95716 6 12.33196 plms4_6
20 0 105335 7 11.880042 plms4_6
20 0 3203656 8 11.875186 plms4_6
20 0 3206414 9 11.875186 plms4_6
21 0 2659300 0 20.083717 plms4_6
21 0 867657 1 18.213345 plms4_6
21 0 112777 2 18.14583 plms4_6
21 0 118371 3 17.409576 plms4_6
21 0 145747 4 16.980621 plms4_6
21 0 121161 5 16.471134 plms4_6
21 0 112799 6 16.271303 plms4_6
21 0 118055 7 16.116676 plms4_6
21 0 145925 8 16.069769 plms4_6
21 0 130139 9 16.017296 plms4_6
22 0 109807 0 29.687586 plms4_6
22 0 111476 1 29.658152 plms4_6
22 0 112737 2 27.317244 plms4_6
22 0 799981 3 27.310629 plms4_6
22 0 111517 4 26.94776 plms4_6
22 0 118467 5 26.459639 plms4_6
22 0 112738 6 26.439404 plms4_6
22 0 626447 7 26.167831 plms4_6
22 0 117967 8 25.933998 plms4_6
22 0 111021 9 25.885519 plms4_6
23 0 107645 0 11.1185875 plms4_6
23 0 134751 1 9.503639 plms4_6
23 0 107694 2 9.137352 plms4_6
23 0 108854 3 8.864825 plms4_6
23 0 110598 4 8.837547 plms4_6
23 0 108560 5 8.705261 plms4_6
23 0 109052 6 8.64941 plms4_6
23 0 111119 7 8.5830555 plms4_6
23 0 146983 8 8.566297 plms4_6
23 0 110548 9 8.402775 plms4_6
24 0 182558 0 16.142616 plms4_6
24 0 109265 1 15.03803 plms4_6
24 0 2804671 2 13.99144 plms4_6
24 0 111318 3 11.740637 plms4_6
24 0 2801435 4 11.36858 plms4_6
24 0 86742 5 11.122641 plms4_6
24 0 89186 6 11.122641 plms4_6
24 0 108136 7 10.795138 plms4_6
24 0 86321 8 10.587089 plms4_6
24 0 109698 9 10.517013 plms4_6
25 0 3211503 0 23.136103 plms4_6
25 0 112345 1 21.4502 plms4_6
25 0 112616 2 18.685772 plms4_6
25 0 118021 3 16.320646 plms4_6
25 0 107574 4 16.319204 plms4_6
25 0 108632 5 14.900931 plms4_6
25 0 145864 6 14.700516 plms4_6
25 0 104924 7 14.517796 plms4_6
25 0 109416 8 14.485673 plms4_6
25 0 109210 9 14.197682 plms4_6
26 0 145758 0 35.44682 plms4_6
26 0 118026 1 33.830208 plms4_6
26 0 112324 2 32.145237 plms4_6
26 0 117872 3 32.083916 plms4_6
26 0 110086 4 30.71299 plms4_6
26 0 112616 5 30.596914 plms4_6
26 0 127910 6 30.418053 plms4_6
26 0 111056 7 29.3655 plms4_6
26 0 102987 8 28.981146 plms4_6
26 0 112724 9 28.96953 plms4_6
27 0 4157382 0 29.606833 plms4_6
27 0 4157405 1 29.606833 plms4_6
27 0 112346 2 22.64947 plms4_6
27 0 111141 3 21.977604 plms4_6
27 0 110384 4 21.674553 plms4_6
27 0 620673 5 18.573496 plms4_6
27 0 112071 6 18.30941 plms4_6
27 0 110320 7 17.756927 plms4_6
27 0 110706 8 17.235552 plms4_6
27 0 145787 9 16.745192 plms4_6
28 0 4157382 0 32.920506 plms4_6
28 0 4157405 1 32.920506 plms4_6
28 0 217703 2 21.826653 plms4_6
28 0 101222 3 19.949083 plms4_6
28 0 108340 4 18.880548 plms4_6
28 0 873668 5 18.793118 plms4_6
28 0 4168298 6 18.062151 plms4_6
28 0 112346 7 16.793118 plms4_6
28 0 2679557 8 16.594738 plms4_6
28 0 2750102 9 16.443933 plms4_6
29 0 4151826 0 18.9528 plms4_6
29 0 145843 1 18.860865 plms4_6
29 0 112620 2 18.839077 plms4_6
29 0 118044 3 18.225464 plms4_6
29 0 110490 4 17.980486 plms4_6
29 0 112173 5 17.880743 plms4_6
29 0 145632 6 17.842413 plms4_6
29 0 626206 7 17.814714 plms4_6
29 0 111092 8 17.793669 plms4_6
29 0 111134 9 17.733955 plms4_6
30 0 145841 0 41.02586 plms4_6
30 0 145916 1 39.95556 plms4_6
30 0 205788 2 36.687233 plms4_6
30 0 145708 3 36.226974 plms4_6
30 0 137739 4 34.570168 plms4_6
30 0 112704 5 34.09644 plms4_6
30 0 218921 6 33.944145 plms4_6
30 0 4151826 7 33.18265 plms4_6
30 0 118117 8 32.924057 plms4_6
30 0 145843 9 32.44853 plms4_6
31 0 145925 0 26.039152 plms4_6
31 0 2809763 1 25.446665 plms4_6
31 0 3207859 2 25.269672 plms4_6
31 0 148797 3 25.155054 plms4_6
31 0 1758 4 24.680632 plms4_6
31 0 2784695 5 24.13347 plms4_6
31 0 623843 6 23.482655 plms4_6
31 0 2804674 7 22.814865 plms4_6
31 0 2672535 8 22.801981 plms4_6
31 0 902267 9 22.53693 plms4_6
32 0 118458 0 16.17894 plms4_6
32 0 110561 1 15.7899685 plms4_6
32 0 109450 2 15.190672 plms4_6
32 0 118139 3 14.981541 plms4_6
32 0 118023 4 14.839164 plms4_6
32 0 118321 5 14.806665 plms4_6
32 0 118369 6 14.7736435 plms4_6
32 0 109505 7 14.65632 plms4_6
32 0 130162 8 14.557734 plms4_6
32 0 118303 9 14.539772 plms4_6
33 0 2676594 0 18.567345 plms4_6
33 0 2675753 1 18.42091 plms4_6
33 0 2679204 2 18.42091 plms4_6
33 0 118302 3 17.027452 plms4_6
33 0 2809767 4 16.57742 plms4_6
33 0 2811850 5 16.57742 plms4_6
33 0 108984 6 13.781884 plms4_6
33 0 118130 7 12.808962 plms4_6
33 0 3205766 8 12.244757 plms4_6
33 0 111757 9 12.16085 plms4_6
34 0 2809767 0 50.612606 plms4_6
34 0 2811850 1 50.612606 plms4_6
34 0 2675753 2 47.113598 plms4_6
34 0 2679204 3 47.113598 plms4_6
34 0 2676594 4 47.020416 plms4_6
34 0 136994 5 31.953815 plms4_6
34 0 137727 6 27.249039 plms4_6
34 0 121158 7 25.706236 plms4_6
34 0 3207858 8 24.389345 plms4_6
34 0 3216389 9 24.305756 plms4_6
35 0 821306 0 20.500858 plms4_6
35 0 932061 1 20.38818 plms4_6
35 0 868381 2 19.296144 plms4_6
35 0 3205767 3 18.808834 plms4_6
35 0 3214778 4 18.3257 plms4_6
35 0 3203656 5 17.815914 plms4_6
35 0 3206414 6 17.815914 plms4_6
35 0 799992 7 17.641521 plms4_6
35 0 112747 8 17.415678 plms4_6
35 0 118329 9 17.223701 plms4_6
36 0 105224 0 20.236471 plms4_6
36 0 109923 1 18.666216 plms4_6
36 0 112259 2 18.663494 plms4_6
36 0 145904 3 18.4856 plms4_6
36 0 111777 4 18.388935 plms4_6
36 0 109621 5 17.796413 plms4_6
36 0 118070 6 17.473616 plms4_6
36 0 131163 7 17.468931 plms4_6
36 0 110101 8 17.341509 plms4_6
36 0 109462 9 16.35534 plms4_6
37 0 4151829 0 24.616144 plms4_6
37 0 145855 1 20.20964 plms4_6
37 0 111982 2 20.17865 plms4_6
37 0 145731 3 20.172476 plms4_6
37 0 118269 4 19.357058 plms4_6
37 0 112910 5 18.565895 plms4_6
37 0 112359 6 18.461058 plms4_6
37 0 107652 7 18.362144 plms4_6
37 0 3171724 8 18.06324 plms4_6
37 0 3177199 9 18.06324 plms4_6
38 0 1993216 0 41.45974 plms4_6
38 0 112910 1 40.62043 plms4_6
38 0 118269 2 40.072224 plms4_6
38 0 145731 3 39.53437 plms4_6
38 0 145855 4 37.851715 plms4_6
38 0 4151829 5 34.960392 plms4_6
38 0 145629 6 31.40548 plms4_6
38 0 112887 7 31.277834 plms4_6
38 0 111420 8 30.89967 plms4_6
38 0 112292 9 29.652613 plms4_6
39 0 111502 0 18.787748 plms4_6
39 0 118182 1 18.371439 plms4_6
39 0 2674861 2 18.096031 plms4_6
39 0 2675754 3 18.096031 plms4_6
39 0 2959744 4 17.85764 plms4_6
39 0 855518 5 17.85764 plms4_6
39 0 112420 6 17.82351 plms4_6
39 0 93335 7 17.79134 plms4_6
39 0 111062 8 17.764347 plms4_6
39 0 97053 9 17.752846 plms4_6
40 0 931120 0 18.240795 plms4_6
40 0 145943 1 17.866182 plms4_6
40 0 2810526 2 14.070162 plms4_6
40 0 2801430 3 13.264399 plms4_6
40 0 3171723 4 13.100259 plms4_6
40 0 2756232 5 13.092133 plms4_6
40 0 112348 6 13.069313 plms4_6
40 0 212970 7 13.036019 plms4_6
40 0 2769807 8 12.910568 plms4_6
40 0 92047 9 12.771536 plms4_6
41 0 112585 0 27.201021 plms4_6
41 0 109186 1 26.76483 plms4_6
41 0 111198 2 24.486216 plms4_6
41 0 110132 3 24.427134 plms4_6
41 0 112440 4 23.227657 plms4_6
41 0 111254 5 23.132898 plms4_6
41 0 111891 6 22.648985 plms4_6
41 0 110075 7 22.22657 plms4_6
41 0 110230 8 21.312378 plms4_6
41 0 112924 9 19.962387 plms4_6
42 0 3189783 0 23.074545 plms4_6
42 0 3177199 1 22.613092 plms4_6
42 0 112924 2 22.543304 plms4_6
42 0 3171724 3 22.100779 plms4_6
42 0 3177200 4 22.100779 plms4_6
42 0 137003 5 21.383877 plms4_6
42 0 145943 6 21.222338 plms4_6
42 0 145632 7 20.874651 plms4_6
42 0 145626 8 20.264324 plms4_6
42 0 127899 9 20.211216 plms4_6
43 0 108846 0 11.958652 plms4_6
43 0 106883 1 11.569008 plms4_6
43 0 134725 2 11.049845 plms4_6
43 0 110556 3 10.908411 plms4_6
43 0 145873 4 10.671561 plms4_6
43 0 103735 5 10.554098 plms4_6
43 0 105745 6 10.386426 plms4_6
43 0 111100 7 10.272504 plms4_6
43 0 145880 8 10.227671 plms4_6
43 0 111622 9 10.166033 plms4_6
44 0 183480 0 13.38608 plms4_6
44 0 1738 1 11.061074 plms4_6
44 0 91444 2 10.953227 plms4_6
44 0 2781925 3 9.651412 plms4_6
44 0 149006 4 9.496127 plms4_6
44 0 109329 5 9.3279915 plms4_6
44 0 2672209 6 9.267527 plms4_6
44 0 2657779 7 9.267527 plms4_6
44 0 1755 8 9.144785 plms4_6
44 0 2654754 9 9.0699835 plms4_6
45 0 144101 0 17.164312 plms4_6
45 0 104281 1 16.961897 plms4_6
45 0 131835 2 15.256687 plms4_6
45 0 142063 3 15.256687 plms4_6
45 0 135844 4 15.087404 plms4_6
45 0 141558 5 15.087404 plms4_6
45 0 132780 6 15.03465 plms4_6
45 0 873668 7 14.733662 plms4_6
45 0 130159 8 14.465044 plms4_6
45 0 127691 9 14.463967 plms4_6
46 0 2804673 0 25.47798 plms4_6
46 0 618680 1 21.905415 plms4_6
46 0 145772 2 21.607244 plms4_6
46 0 118453 3 21.120422 plms4_6
46 0 1269289 4 20.190096 plms4_6
46 0 866024 5 20.12383 plms4_6
46 0 858802 6 20.12383 plms4_6
46 0 623145 7 19.631102 plms4_6
46 0 145792 8 19.337904 plms4_6
46 0 137740 9 19.165081 plms4_6
47 0 2674861 0 22.973995 plms4_6
47 0 2675754 1 22.973995 plms4_6
47 0 108545 2 21.784548 plms4_6
47 0 96287 3 20.466278 plms4_6
47 0 96147 4 18.967682 plms4_6
47 0 111362 5 18.426514 plms4_6
47 0 145664 6 18.221813 plms4_6
47 0 142882 7 18.019474 plms4_6
47 0 104250 8 17.958593 plms4_6
47 0 110105 9 17.81355 plms4_6
48 0 2674861 0 19.561571 plms4_6
48 0 2675754 1 19.561571 plms4_6
48 0 96287 2 18.12165 plms4_6
48 0 103019 3 17.11354 plms4_6
48 0 94040 4 16.962864 plms4_6
48 0 95291 5 16.079048 plms4_6
48 0 99428 6 15.779324 plms4_6
48 0 91430 7 15.750218 plms4_6
48 0 96147 8 15.325294 plms4_6
48 0 112422 9 15.28026 plms4_6
49 0 4162535 0 21.084337 plms4_6
49 0 90620 1 16.134945 plms4_6
49 0 101852 2 15.883997 plms4_6
49 0 95414 3 15.860932 plms4_6
49 0 2672535 4 15.014471 plms4_6
49 0 95551 5 14.961239 plms4_6
49 0 95847 6 14.268742 plms4_6
49 0 90370 7 14.166723 plms4_6
49 0 101311 8 13.879695 plms4_6
49 0 87072 9 13.450426 plms4_6
50 0 112733 0 19.3091 plms4_6
50 0 118203 1 19.132149 plms4_6
50 0 118449 2 18.906824 plms4_6
50 0 110763 3 18.093039 plms4_6
50 0 109776 4 17.802061 plms4_6
50 0 117996 5 17.607876 plms4_6
50 0 118124 6 17.330076 plms4_6
50 0 183479 7 17.30339 plms4_6
50 0 111953 8 17.197384 plms4_6
50 0 111481 9 16.727455 plms4_6
51 0 106561 0 9.21496 plms4_6
51 0 95867 1 9.112285 plms4_6
51 0 103299 2 9.011985 plms4_6
51 0 103986 3 8.87937 plms4_6
51 0 109466 4 8.66273 plms4_6
51 0 109702 5 8.436407 plms4_6
51 0 95586 6 8.357088 plms4_6
51 0 97097 7 8.243864 plms4_6
51 0 97890 8 8.229716 plms4_6
51 0 106522 9 8.170069 plms4_6
52 0 85111 0 15.944949 plms4_6
52 0 97465 1 14.783053 plms4_6
52 0 101959 2 14.58646 plms4_6
52 0 107187 3 14.042452 plms4_6
52 0 92777 4 13.193965 plms4_6
52 0 91148 5 12.842644 plms4_6
52 0 2518368 6 12.705825 plms4_6
52 0 112250 7 12.704726 plms4_6
52 0 117754 8 12.626416 plms4_6
52 0 90150 9 12.604622 plms4_6
53 0 625711 0 24.4146 plms4_6
53 0 872994 1 21.561157 plms4_6
53 0 621045 2 21.468283 plms4_6
53 0 118357 3 19.983938 plms4_6
53 0 134737 4 18.734495 plms4_6
53 0 104837 5 18.30172 plms4_6
53 0 104615 6 18.169006 plms4_6
53 0 145635 7 17.85933 plms4_6
53 0 811778 8 17.817375 plms4_6
53 0 112573 9 17.765366 plms4_6
54 0 616862 0 23.8807 plms4_6
54 0 616863 1 23.624548 plms4_6
54 0 2809764 2 22.83872 plms4_6
54 0 1744 3 21.876595 plms4_6
54 0 145632 4 21.85374 plms4_6
54 0 2670965 5 21.322481 plms4_6
54 0 2358 6 20.936598 plms4_6
54 0 205713 7 20.910913 plms4_6
54 0 205788 8 20.90973 plms4_6
54 0 145884 9 20.874317 plms4_6
55 0 4154603 0 56.609753 plms4_6
55 0 145731 1 41.490677 plms4_6
55 0 145855 2 35.15962 plms4_6
55 0 110774 3 31.28449 plms4_6
55 0 111261 4 29.153034 plms4_6
55 0 111420 5 28.998098 plms4_6
55 0 112910 6 26.674765 plms4_6
55 0 118269 7 24.29253 plms4_6
55 0 110021 8 22.545778 plms4_6
55 0 111982 9 22.067623 plms4_6
56 0 4154603 0 28.98725 plms4_6
56 0 2679558 1 25.167818 plms4_6
56 0 145855 2 23.662226 plms4_6
56 0 145629 3 21.459558 plms4_6
56 0 149585 4 20.57515 plms4_6
56 0 149649 5 20.57515 plms4_6
56 0 145894 6 19.175552 plms4_6
56 0 2677564 7 18.582127 plms4_6
56 0 2678135 8 18.582127 plms4_6
56 0 145965 9 18.147266 plms4_6
57 0 147953 0 7.8636417 plms4_6
57 0 148480 1 7.8636417 plms4_6
57 0 2804673 2 7.7793803 plms4_6
57 0 145772 3 7.618987 plms4_6
57 0 145907 4 7.552216 plms4_6
57 0 145745 5 7.5042276 plms4_6
57 0 3209687 6 7.495495 plms4_6
57 0 3187496 7 7.484871 plms4_6
57 0 799990 8 7.43035 plms4_6
57 0 117908 9 7.348562 plms4_6
58 0 118467 0 14.168761 plms4_6
58 0 109329 1 13.872775 plms4_6
58 0 105181 2 13.541847 plms4_6
58 0 112458 3 13.353892 plms4_6
58 0 821305 4 13.331965 plms4_6
58 0 105233 5 13.181852 plms4_6
58 0 117867 6 13.036519 plms4_6
58 0 145881 7 12.966118 plms4_6
58 0 2810526 8 12.8575325 plms4_6
58 0 112776 9 12.749876 plms4_6
59 0 2788983 0 37.78465 plms4_6
59 0 4170685 1 36.1471 plms4_6
59 0 130158 2 34.74019 plms4_6
59 0 111736 3 34.68172 plms4_6
59 0 931614 4 34.66602 plms4_6
59 0 145901 5 33.656364 plms4_6
59 0 112824 6 33.6068 plms4_6
59 0 2672208 7 33.389233 plms4_6
59 0 2670794 8 33.389233 plms4_6
59 0 145627 9 31.323353 plms4_6
60 0 931614 0 41.04724 plms4_6
60 0 127905 1 36.74535 plms4_6
60 0 118257 2 36.166126 plms4_6
60 0 110510 3 35.84227 plms4_6
60 0 145856 4 35.19364 plms4_6
60 0 118334 5 35.08523 plms4_6
60 0 109810 6 34.26588 plms4_6
60 0 3195891 7 33.870403 plms4_6
60 0 130158 8 32.625828 plms4_6
60 0 118107 9 32.45789 plms4_6
61 0 2812210 0 50.02278 plms4_6
61 0 219815 1 47.36895 plms4_6
61 0 145743 2 43.87637 plms4_6
61 0 218457 3 43.4326 plms4_6
61 0 145923 4 43.038578 plms4_6
61 0 1732 5 39.923416 plms4_6
61 0 3195092 6 39.517044 plms4_6
61 0 218132 7 35.866745 plms4_6
61 0 2620704 8 34.817825 plms4_6
61 0 1087955 9 33.04822 plms4_6
62 0 145708 0 18.106348 plms4_6
62 0 145843 1 17.80095 plms4_6
62 0 219512 2 17.67198 plms4_6
62 0 112704 3 17.662657 plms4_6
62 0 118045 4 17.569538 plms4_6
62 0 117832 5 17.002747 plms4_6
62 0 218921 6 16.89711 plms4_6
62 0 148795 7 16.893549 plms4_6
62 0 145910 8 16.759335 plms4_6
62 0 145796 9 16.636555 plms4_6
63 0 99465 0 7.6486487 plms4_6
63 0 97274 1 7.5610867 plms4_6
63 0 105496 2 7.4151983 plms4_6
63 0 106208 3 7.3587737 plms4_6
63 0 97873 4 7.2492094 plms4_6
63 0 106996 5 7.242348 plms4_6
63 0 96381 6 7.21507 plms4_6
63 0 101096 7 7.2007008 plms4_6
63 0 101445 8 7.18903 plms4_6
63 0 104545 9 7.1825285 plms4_6
64 0 2758568 0 32.79738 plms4_6
64 0 145895 1 28.260279 plms4_6
64 0 102061 2 26.835627 plms4_6
64 0 110645 3 24.928793 plms4_6
64 0 109773 4 23.153833 plms4_6
64 0 821189 5 22.765924 plms4_6
64 0 93425 6 22.175411 plms4_6
64 0 98509 7 22.020544 plms4_6
64 0 111082 8 21.146946 plms4_6
64 0 111936 9 20.01641 plms4_6
65 0 111084 0 7.8617835 plms4_6
65 0 118123 1 7.6628866 plms4_6
65 0 103491 2 7.5102077 plms4_6
65 0 117976 3 7.5102077 plms4_6
65 0 1088038 4 6.9637375 plms4_6
65 0 101622 5 6.9637375 plms4_6
65 0 91175 6 6.9637375 plms4_6
65 0 96649 7 6.9637375 plms4_6
65 0 97240 8 6.9637375 plms4_6
65 0 104995 9 6.7245345 plms4_6
66 0 3211501 0 30.006884 plms4_6
66 0 145867 1 28.416414 plms4_6
66 0 112935 2 26.932196 plms4_6
66 0 111632 3 25.667902 plms4_6
66 0 118495 4 22.265776 plms4_6
66 0 112106 5 19.964073 plms4_6
66 0 112760 6 19.180067 plms4_6
66 0 112547 7 18.96208 plms4_6
66 0 618680 8 18.69896 plms4_6
66 0 134921 9 18.4463 plms4_6
67 0 145635 0 14.335426 plms4_6
67 0 112891 1 14.012614 plms4_6
67 0 118296 2 13.353844 plms4_6
67 0 867645 3 13.162099 plms4_6
67 0 1087669 4 12.992934 plms4_6
67 0 110753 5 12.733461 plms4_6
67 0 2959744 6 12.545002 plms4_6
67 0 855518 7 12.545002 plms4_6
67 0 106543 8 12.365389 plms4_6
67 0 112081 9 12.2388735 plms4_6
68 0 103675 0 22.841675 plms4_6
68 0 100945 1 20.625324 plms4_6
68 0 94177 2 20.178602 plms4_6
68 0 98684 3 19.552011 plms4_6
68 0 90163 4 19.435675 plms4_6
68 0 103093 5 19.359095 plms4_6
68 0 97049 6 18.994333 plms4_6
68 0 92823 7 18.751757 plms4_6
68 0 93847 8 18.75142 plms4_6
68 0 2455531 9 18.574226 plms4_6
69 0 110719 0 17.333103 plms4_6
69 0 109420 1 16.99886 plms4_6
69 0 110464 2 16.822184 plms4_6
69 0 145642 3 16.752443 plms4_6
69 0 142877 4 16.733004 plms4_6
69 0 136989 5 16.545465 plms4_6
69 0 112616 6 16.535357 plms4_6
69 0 799975 7 16.516693 plms4_6
69 0 108280 8 16.465576 plms4_6
69 0 118244 9 16.40113 plms4_6
70 0 111709 0 27.147518 plms4_6
70 0 118111 1 25.755173 plms4_6
70 0 117961 2 24.133373 plms4_6
70 0 112534 3 23.857952 plms4_6
70 0 118080 4 21.976528 plms4_6
70 0 1087961 5 21.008537 plms4_6
70 0 117859 6 20.926302 plms4_6
70 0 118038 7 20.875893 plms4_6
70 0 866022 8 20.545588 plms4_6
70 0 799982 9 20.420473 plms4_6
71 0 118052 0 21.318895 plms4_6
71 0 112904 1 20.422241 plms4_6
71 0 118234 2 20.326767 plms4_6
71 0 110331 3 19.637482 plms4_6
71 0 111103 4 19.286802 plms4_6
71 0 112324 5 18.91671 plms4_6
71 0 88325 6 18.713707 plms4_6
71 0 93723 7 18.346249 plms4_6
71 0 88491 8 17.872278 plms4_6
71 0 92189 9 17.619225 plms4_6
72 0 108624 0 21.305027 plms4_6
72 0 112904 1 18.031828 plms4_6
72 0 88166 2 17.50565 plms4_6
72 0 85168 3 17.295853 plms4_6
72 0 103775 4 17.174057 plms4_6
72 0 91596 5 16.782043 plms4_6
72 0 85513 6 16.739311 plms4_6
72 0 118052 7 16.715982 plms4_6
72 0 101673 8 16.570387 plms4_6
72 0 111103 9 16.460562 plms4_6
73 0 145624 0 24.240372 plms4_6
73 0 1087954 1 21.597378 plms4_6
73 0 2804674 2 21.276545 plms4_6
73 0 118043 3 21.035389 plms4_6
73 0 108345 4 18.231726 plms4_6
73 0 145638 5 17.700867 plms4_6
73 0 145881 6 17.629658 plms4_6
73 0 111425 7 17.45778 plms4_6
73 0 108299 8 16.98079 plms4_6
73 0 812524 9 16.888527 plms4_6
74 0 145674 0 18.968407 plms4_6
74 0 2804674 1 17.399076 plms4_6
74 0 145923 2 16.646225 plms4_6
74 0 2657927 3 16.548708 plms4_6
74 0 122260 4 16.51409 plms4_6
74 0 4168298 5 16.158102 plms4_6
74 0 103629 6 16.003593 plms4_6
74 0 109821 7 15.483057 plms4_6
74 0 1732 8 15.308438 plms4_6
74 0 205606 9 15.149066 plms4_6
75 0 2672210 0 31.13197 plms4_6
75 0 2654755 1 31.13197 plms4_6
75 0 2649290 2 31.005495 plms4_6
75 0 3162143 3 30.937834 plms4_6
75 0 104786 4 30.103748 plms4_6
75 0 110415 5 29.519459 plms4_6
75 0 2677565 6 29.189003 plms4_6
75 0 2771752 7 28.971975 plms4_6
75 0 2675751 8 28.549631 plms4_6
75 0 4154604 9 28.52696 plms4_6
76 0 108900 0 21.189049 plms4_6
76 0 1740 1 21.16581 plms4_6
76 0 149653 2 20.705017 plms4_6
76 0 145799 3 20.258863 plms4_6
76 0 111508 4 20.073654 plms4_6
76 0 145652 5 19.87742 plms4_6
76 0 145968 6 19.530088 plms4_6
76 0 112222 7 19.323933 plms4_6
76 0 106490 8 19.173466 plms4_6
76 0 150540 9 18.701664 plms4_6
77 0 104355 0 21.764627 plms4_6
77 0 112626 1 20.929947 plms4_6
77 0 111455 2 20.070538 plms4_6
77 0 112726 3 19.763271 plms4_6
77 0 95933 4 19.68786 plms4_6
77 0 111610 5 19.674282 plms4_6
77 0 614392 6 19.65708 plms4_6
77 0 614485 7 19.65708 plms4_6
77 0 97242 8 19.24797 plms4_6
77 0 1087693 9 19.10941 plms4_6
78 0 2812588 0 27.72959 plms4_6
78 0 145632 1 26.339495 plms4_6
78 0 110045 2 25.057606 plms4_6
78 0 112358 3 22.956646 plms4_6
78 0 118022 4 22.301271 plms4_6
78 0 109932 5 22.161777 plms4_6
78 0 112139 6 21.645573 plms4_6
78 0 903977 7 21.618395 plms4_6
78 0 902767 8 21.618395 plms4_6
78 0 799976 9 21.549753 plms4_6
79 0 111009 0 39.37273 plms4_6
79 0 111470 1 36.69612 plms4_6
79 0 118143 2 34.12742 plms4_6
79 0 2680438 3 30.627449 plms4_6
79 0 110221 4 21.038288 plms4_6
79 0 145932 5 17.804504 plms4_6
79 0 2670795 6 17.058443 plms4_6
79 0 145941 7 16.727947 plms4_6
79 0 3171728 8 16.717041 plms4_6
79 0 903979 9 16.712475 plms4_6
80 0 87566 0 15.19738 plms4_6
80 0 94164 1 15.171812 plms4_6
80 0 150541 2 13.914822 plms4_6
80 0 90161 3 13.888187 plms4_6
80 0 91984 4 13.47453 plms4_6
80 0 89018 5 13.371399 plms4_6
80 0 86130 6 13.348142 plms4_6
80 0 108482 7 13.229539 plms4_6
80 0 86753 8 13.204304 plms4_6
80 0 118513 9 13.165064 plms4_6
81 0 799991 0 13.38372 plms4_6
81 0 802791 1 12.945667 plms4_6
81 0 111914 2 12.539831 plms4_6
81 0 118373 3 12.201197 plms4_6
81 0 110784 4 12.187829 plms4_6
81 0 110020 5 12.149287 plms4_6
81 0 4157383 6 12.101071 plms4_6
81 0 145841 7 12.080667 plms4_6
81 0 112260 8 12.074135 plms4_6
81 0 118045 9 11.869392 plms4_6
82 0 112869 0 13.984721 plms4_6
82 0 104132 1 13.8974 plms4_6
82 0 2773182 2 13.7207985 plms4_6
82 0 95854 3 13.522274 plms4_6
82 0 1087945 4 13.363434 plms4_6
82 0 105931 5 13.119971 plms4_6
82 0 111106 6 12.916258 plms4_6
82 0 112072 7 12.841366 plms4_6
82 0 4168363 8 12.83493 plms4_6
82 0 117837 9 12.825767 plms4_6
83 0 145859 0 41.394627 plms4_6
83 0 111333 1 28.43048 plms4_6
83 0 112368 2 26.137297 plms4_6
83 0 110449 3 25.82999 plms4_6
83 0 109038 4 25.699966 plms4_6
83 0 111103 5 25.276154 plms4_6
83 0 145870 6 24.514477 plms4_6
83 0 112372 7 24.18301 plms4_6
83 0 109894 8 23.25757 plms4_6
83 0 110834 9 23.107552 plms4_6
84 0 145859 0 40.164963 plms4_6
84 0 111151 1 31.7714 plms4_6
84 0 112922 2 31.109083 plms4_6
84 0 107293 3 30.519995 plms4_6
84 0 108164 4 30.136364 plms4_6
84 0 110473 5 29.811323 plms4_6
84 0 800858 6 29.689615 plms4_6
84 0 108469 7 29.615227 plms4_6
84 0 109695 8 29.400785 plms4_6
84 0 110361 9 29.058067 plms4_6
85 0 802973 0 28.010761 plms4_6
85 0 803271 1 28.010761 plms4_6
85 0 2959737 2 28.010761 plms4_6
85 0 218925 3 27.44984 plms4_6
85 0 137749 4 25.041277 plms4_6
85 0 111586 5 23.883488 plms4_6
85 0 150543 6 22.50514 plms4_6
85 0 2959732 7 22.50514 plms4_6
85 0 146553 8 22.185715 plms4_6
85 0 146790 9 22.185715 plms4_6
86 0 3171724 0 27.51671 plms4_6
86 0 3177199 1 27.51671 plms4_6
86 0 3177200 2 27.51671 plms4_6
86 0 3195092 3 25.734251 plms4_6
86 0 3205766 4 22.285595 plms4_6
86 0 3171728 5 20.527433 plms4_6
86 0 3170730 6 20.337828 plms4_6
86 0 3177197 7 20.337828 plms4_6
86 0 3183079 8 19.581675 plms4_6
86 0 3203623 9 19.007746 plms4_6
87 0 104480 0 22.784184 plms4_6
87 0 1088038 1 19.405727 plms4_6
87 0 106464 2 19.343359 plms4_6
87 0 111446 3 18.116516 plms4_6
87 0 110372 4 17.874926 plms4_6
87 0 112689 5 17.360668 plms4_6
87 0 104998 6 17.05334 plms4_6
87 0 105721 7 16.915901 plms4_6
87 0 3189783 8 16.251978 plms4_6
87 0 104718 9 16.215242 plms4_6
88 0 103505 0 17.333132 plms4_6
88 0 143378 1 15.986145 plms4_6
88 0 181012 2 15.846239 plms4_6
88 0 625833 3 15.145018 plms4_6
88 0 3007018 4 14.956065 plms4_6
88 0 145958 5 14.774292 plms4_6
88 0 96961 6 14.718082 plms4_6
88 0 182991 7 14.593973 plms4_6
88 0 111539 8 14.377488 plms4_6
88 0 943668 9 14.299692 plms4_6
89 0 4151822 0 79.11554 plms4_6
89 0 2812588 1 64.77022 plms4_6
89 0 4162110 2 60.20061 plms4_6
89 0 2770446 3 57.32952 plms4_6
89 0 180494 4 37.728935 plms4_6
89 0 4094005 5 32.311626 plms4_6
89 0 4106440 6 32.23895 plms4_6
89 0 1087693 7 31.498781 plms4_6
89 0 3153112 8 31.404474 plms4_6
89 0 4151826 9 30.336641 plms4_6
90 0 145626 0 14.020183 plms4_6
90 0 109643 1 13.465661 plms4_6
90 0 109921 2 13.281375 plms4_6
90 0 118054 3 13.018109 plms4_6
90 0 109079 4 12.79733 plms4_6
90 0 118420 5 12.591079 plms4_6
90 0 92716 6 12.517231 plms4_6
90 0 2620698 7 12.339112 plms4_6
90 0 109080 8 12.275431 plms4_6
90 0 109016 9 11.988862 plms4_6
91 0 3212514 0 38.851734 plms4_6
91 0 219097 1 26.817797 plms4_6
91 0 145892 2 24.954212 plms4_6
91 0 856791 3 24.380455 plms4_6
91 0 145897 4 23.858118 plms4_6
91 0 182991 5 23.776836 plms4_6
91 0 145785 6 21.322964 plms4_6
91 0 624280 7 20.011341 plms4_6
91 0 110032 8 19.975481 plms4_6
91 0 3007018 9 19.431183 plms4_6
92 0 3212514 0 17.615257 plms4_6
92 0 2675751 1 15.217528 plms4_6
92 0 98779 2 14.295791 plms4_6
92 0 111828 3 14.216421 plms4_6
92 0 99392 4 13.578504 plms4_6
92 0 98913 5 12.932865 plms4_6
92 0 118454 6 12.682332 plms4_6
92 0 98116 7 12.586119 plms4_6
92 0 118431 8 12.485396 plms4_6
92 0 1087692 9 12.423288 plms4_6
93 0 110877 0 53.228745 plms4_6
93 0 130158 1 52.168888 plms4_6
93 0 110200 2 49.775723 plms4_6
93 0 118334 3 48.357414 plms4_6
93 0 118107 4 47.48717 plms4_6
93 0 4151827 5 44.66693 plms4_6
93 0 109610 6 40.995697 plms4_6
93 0 2788983 7 38.980988 plms4_6
93 0 110688 8 36.958252 plms4_6
93 0 110248 9 36.31224 plms4_6
94 0 931614 0 58.506817 plms4_6
94 0 3195891 1 53.629486 plms4_6
94 0 4151827 2 48.268887 plms4_6
94 0 2743641 3 41.3506 plms4_6
94 0 2959756 4 41.3506 plms4_6
94 0 2788983 5 40.68904 plms4_6
94 0 130158 6 28.847221 plms4_6
94 0 110200 7 27.114408 plms4_6
94 0 118334 8 26.284084 plms4_6
94 0 117874 9 25.53234 plms4_6
95 0 107232 0 21.10967 plms4_6
95 0 108555 1 19.655106 plms4_6
95 0 105495 2 19.019846 plms4_6
95 0 107794 3 17.475163 plms4_6
95 0 109444 4 15.533199 plms4_6
95 0 111385 5 14.657774 plms4_6
95 0 108161 6 14.525333 plms4_6
95 0 107475 7 14.033698 plms4_6
95 0 96212 8 14.011087 plms4_6
95 0 96226 9 13.921179 plms4_6
96 0 86280 0 11.162268 plms4_6
96 0 89439 1 10.960882 plms4_6
96 0 104523 2 10.7835455 plms4_6
96 0 103665 3 10.692165 plms4_6
96 0 108330 4 10.685943 plms4_6
96 0 104964 5 10.6845875 plms4_6
96 0 728300 6 10.616036 plms4_6
96 0 118503 7 10.601197 plms4_6
96 0 104330 8 10.57113 plms4_6
96 0 104522 9 10.537331 plms4_6
97 0 112101 0 23.203014 plms4_6
97 0 111922 1 19.796318 plms4_6
97 0 118379 2 13.760571 plms4_6
97 0 3213873 3 13.310873 plms4_6
97 0 136993 4 13.063686 plms4_6
97 0 101098 5 12.111658 plms4_6
97 0 2806208 6 11.409113 plms4_6
97 0 2808294 7 11.409113 plms4_6
97 0 100203 8 11.302643 plms4_6
97 0 84884 9 11.286106 plms4_6
98 0 106593 0 17.632904 plms4_6
98 0 2655591 1 17.196589 plms4_6
98 0 2676593 2 16.575188 plms4_6
98 0 110156 3 15.775726 plms4_6
98 0 134732 4 15.504727 plms4_6
98 0 118061 5 15.184057 plms4_6
98 0 110996 6 15.008844 plms4_6
98 0 145822 7 14.994937 plms4_6
98 0 111516 8 14.820773 plms4_6
98 0 104104 9 14.774436 plms4_6
99 0 112267 0 40.757812 plms4_6
99 0 111884 1 27.51528 plms4_6
99 0 110552 2 23.919771 plms4_6
99 0 109976 3 21.743313 plms4_6
99 0 118121 4 21.137478 plms4_6
99 0 111671 5 20.058706 plms4_6
99 0 145914 6 20.030682 plms4_6
99 0 109673 7 19.80438 plms4_6
99 0 854177 8 18.594975 plms4_6
99 0 110578 9 18.405077 plms4_6
100 0 110552 0 38.168694 plms4_6
100 0 112267 1 36.466568 plms4_6
100 0 111884 2 32.025543 plms4_6
100 0 110423 3 31.55186 plms4_6
100 0 110664 4 31.537476 plms4_6
100 0 108405 5 31.524305 plms4_6
100 0 112801 6 31.281702 plms4_6
100 0 111021 7 30.787092 plms4_6
100 0 112799 8 30.43222 plms4_6
100 0 112723 9 30.14894 plms4_6
