1 0 116536 0 0.0077199703 plms1_10
1 0 106107 1 0.007655426 plms1_10
1 0 95904 2 0.0076507265 plms1_10
1 0 94873 3 0.0076479707 plms1_10
1 0 91149 4 0.0076478645 plms1_10
1 0 116537 5 0.007645253 plms1_10
1 0 94876 6 0.007642741 plms1_10
1 0 97448 7 0.0076426296 plms1_10
1 0 92702 8 0.0076420046 plms1_10
1 0 109146 9 0.0076418803 plms1_10
2 0 799981 0 2.5187333 plms1_10
2 0 85673 1 2.497168 plms1_10
2 0 110265 2 2.495263 plms1_10
2 0 107016 3 2.4917898 plms1_10
2 0 85759 4 2.4916341 plms1_10
2 0 110977 5 2.4906635 plms1_10
2 0 88775 6 2.4848828 plms1_10
2 0 2649075 7 2.4848118 plms1_10
2 0 86432 8 2.4846966 plms1_10
2 0 95008 9 2.4822395 plms1_10
3 0 105615 0 2.053173 plms1_10
3 0 93138 1 2.048785 plms1_10
3 0 621294 2 2.0481725 plms1_10
3 0 89823 3 2.0465539 plms1_10
3 0 111439 4 2.0458245 plms1_10
3 0 86338 5 2.045119 plms1_10
3 0 90721 6 2.044801 plms1_10
3 0 90346 7 2.0440893 plms1_10
3 0 87873 8 2.0438192 plms1_10
3 0 88356 9 2.0417821 plms1_10
4 0 117937 0 9.722336 plms1_10
4 0 130157 1 9.718787 plms1_10
4 0 899484 2 9.696906 plms1_10
4 0 78783 3 9.696077 plms1_10
4 0 118394 4 9.6855345 plms1_10
4 0 122248 5 9.679419 plms1_10
4 0 149007 6 9.674386 plms1_10
4 0 117907 7 9.667057 plms1_10
4 0 2655591 8 9.659805 plms1_10
4 0 111623 9 9.650389 plms1_10
5 0 90700 0 3.7337956 plms1_10
5 0 99957 1 3.730588 plms1_10
5 0 107691 2 3.7251453 plms1_10
5 0 118402 3 3.7234004 plms1_10
5 0 112349 4 3.7231166 plms1_10
5 0 94395 5 3.7221148 plms1_10
5 0 89304 6 3.7202892 plms1_10
5 0 104875 7 3.7145772 plms1_10
5 0 88941 8 3.7143235 plms1_10
5 0 92657 9 3.7142203 plms1_10
6 0 90700 0 3.7337956 plms1_10
6 0 99957 1 3.730588 plms1_10
6 0 107691 2 3.7251453 plms1_10
6 0 118402 3 3.7234004 plms1_10
6 0 112349 4 3.7231166 plms1_10
6 0 94395 5 3.7221148 plms1_10
6 0 89304 6 3.7202892 plms1_10
6 0 104875 7 3.7145772 plms1_10
6 0 88941 8 3.7143235 plms1_10
6 0 92657 9 3.7142203 plms1_10
7 0 112765 0 5.464517 plms1_10
7 0 112343 1 5.449747 plms1_10
7 0 4151820 2 5.4183135 plms1_10
7 0 110932 3 5.4046135 plms1_10
7 0 136989 4 5.3869677 plms1_10
7 0 108963 5 5.3850145 plms1_10
7 0 101863 6 5.3768044 plms1_10
7 0 106787 7 5.373393 plms1_10
7 0 101196 8 5.365334 plms1_10
7 0 147531 9 5.364861 plms1_10
8 0 91643 0 1.913939 plms1_10
8 0 89639 1 1.9021856 plms1_10
8 0 90946 2 1.9013808 plms1_10
8 0 122244 3 1.8919412 plms1_10
8 0 97006 4 1.8877515 plms1_10
8 0 91121 5 1.8769871 plms1_10
8 0 86228 6 1.8728912 plms1_10
8 0 100232 7 1.8727994 plms1_10
8 0 91675 8 1.8707834 plms1_10
8 0 91157 9 1.8662903 plms1_10
9 0 118209 0 8.622691 plms1_10
9 0 118423 1 8.617906 plms1_10
9 0 127923 2 8.591537 plms1_10
9 0 127887 3 8.589162 plms1_10
9 0 145908 4 8.588791 plms1_10
9 0 118212 5 8.586738 plms1_10
9 0 112328 6 8.584939 plms1_10
9 0 112885 7 8.5667095 plms1_10
9 0 110643 8 8.562297 plms1_10
9 0 112537 9 8.557364 plms1_10
10 0 84978 0 6.921118 plms1_10
10 0 110932 1 6.9016194 plms1_10
10 0 105274 2 6.8695974 plms1_10
10 0 118318 3 6.8560386 plms1_10
10 0 118212 4 6.833887 plms1_10
10 0 145715 5 6.8282056 plms1_10
10 0 84862 6 6.827558 plms1_10
10 0 100912 7 6.783367 plms1_10
10 0 84601 8 6.783367 plms1_10
10 0 2678467 9 6.7734165 plms1_10
11 0 111157 0 5.034184 plms1_10
11 0 112790 1 5.032674 plms1_10
11 0 182514 2 5.020692 plms1_10
11 0 3171726 3 4.987866 plms1_10
11 0 110593 4 4.9577036 plms1_10
11 0 812450 5 4.9577036 plms1_10
11 0 145910 6 4.9498067 plms1_10
11 0 623142 7 4.939087 plms1_10
11 0 111587 8 4.910308 plms1_10
11 0 219731 9 4.910308 plms1_10
12 0 4162534 0 5.6602826 plms1_10
12 0 1036341 1 5.400743 plms1_10
12 0 3199501 2 5.220277 plms1_10
12 0 105307 3 4.9652705 plms1_10
12 0 112726 4 4.9216375 plms1_10
12 0 2777833 5 4.8948617 plms1_10
12 0 100301 6 4.7929153 plms1_10
12 0 4015951 7 4.7929153 plms1_10
12 0 84995 8 4.7929153 plms1_10
12 0 105528 9 4.710289 plms1_10
13 0 102967 0 2.807159 plms1_10
13 0 93627 1 2.7925224 plms1_10
13 0 110390 2 2.7621098 plms1_10
13 0 84998 3 2.7520874 plms1_10
13 0 84882 4 2.7423015 plms1_10
13 0 112298 5 2.719441 plms1_10
13 0 89929 6 2.6960454 plms1_10
13 0 93548 7 2.6670568 plms1_10
13 0 95851 8 2.6670568 plms1_10
13 0 104857 9 2.665351 plms1_10
14 0 102316 0 2.8619087 plms1_10
14 0 101829 1 2.847497 plms1_10
14 0 102995 2 2.8277416 plms1_10
14 0 101883 3 2.8177843 plms1_10
14 0 102195 4 2.816667 plms1_10
14 0 103715 5 2.8122964 plms1_10
14 0 112166 6 2.8119326 plms1_10
14 0 94102 7 2.8101513 plms1_10
14 0 100867 8 2.8073597 plms1_10
14 0 101930 9 2.8067446 plms1_10
15 0 3204919 0 10.313744 plms1_10
15 0 2770446 1 10.239928 plms1_10
15 0 2808291 2 10.089717 plms1_10
15 0 3205767 3 10.056957 plms1_10
15 0 2812588 4 10.033183 plms1_10
15 0 2784696 5 10.025128 plms1_10
15 0 3162143 6 9.976521 plms1_10
15 0 4151821 7 9.902596 plms1_10
15 0 2809765 8 9.850159 plms1_10
15 0 2810527 9 9.753073 plms1_10
16 0 93325 0 3.3670158 plms1_10
16 0 101563 1 3.3604963 plms1_10
16 0 111808 2 3.3371067 plms1_10
16 0 103792 3 3.3371067 plms1_10
16 0 91257 4 3.329175 plms1_10
16 0 95590 5 3.3166823 plms1_10
16 0 86805 6 3.300702 plms1_10
16 0 95168 7 3.296894 plms1_10
16 0 101456 8 3.2920005 plms1_10
16 0 4088544 9 3.2726073 plms1_10
17 0 112343 0 2.7062242 plms1_10
17 0 92759 1 2.7054129 plms1_10
17 0 93016 2 2.6401029 plms1_10
17 0 86159 3 2.6396325 plms1_10
17 0 85274 4 2.6396325 plms1_10
17 0 97791 5 2.6396325 plms1_10
17 0 101245 6 2.627715 plms1_10
17 0 96890 7 2.627715 plms1_10
17 0 99386 8 2.627715 plms1_10
17 0 105459 9 2.6174917 plms1_10
18 0 110810 0 1.0496705 plms1_10
18 0 103430 1 1.0488878 plms1_10
18 0 100313 2 1.048488 plms1_10
18 0 104049 3 1.0482885 plms1_10
18 0 98093 4 1.0481801 plms1_10
18 0 86110 5 1.0471966 plms1_10
18 0 102813 6 1.0468714 plms1_10
18 0 94841 7 1.0446793 plms1_10
18 0 104707 8 1.0445997 plms1_10
18 0 112673 9 1.0442572 plms1_10
19 0 116537 0 1.5457472 plms1_10
19 0 89198 1 1.5449172 plms1_10
19 0 105488 2 1.5441399 plms1_10
19 0 111983 3 1.538211 plms1_10
19 0 98369 4 1.5371163 plms1_10
19 0 110602 5 1.5354141 plms1_10
19 0 96674 6 1.5354141 plms1_10
19 0 98472 7 1.534222 plms1_10
19 0 97015 8 1.5340993 plms1_10
19 0 95760 9 1.53382 plms1_10
20 0 3209686 0 2.5467327 plms1_10
20 0 118135 1 2.5328453 plms1_10
20 0 108406 2 2.4958034 plms1_10
20 0 3195445 3 2.4886136 plms1_10
20 0 109323 4 2.487324 plms1_10
20 0 145637 5 2.4847658 plms1_10
20 0 118308 6 2.481961 plms1_10
20 0 112403 7 2.477269 plms1_10
20 0 112450 8 2.4733112 plms1_10
20 0 107949 9 2.4701996 plms1_10
21 0 112343 0 2.7062242 plms1_10
21 0 92759 1 2.7054129 plms1_10
21 0 93016 2 2.6401029 plms1_10
21 0 86159 3 2.6396325 plms1_10
21 0 85274 4 2.6396325 plms1_10
21 0 97791 5 2.6396325 plms1_10
21 0 101245 6 2.627715 plms1_10
21 0 96890 7 2.627715 plms1_10
21 0 99386 8 2.627715 plms1_10
21 0 105459 9 2.6174917 plms1_10
22 0 101349 0 2.0525494 plms1_10
22 0 84872 1 2.038784 plms1_10
22 0 101677 2 2.0380046 plms1_10
22 0 89835 3 2.0281937 plms1_10
22 0 106277 4 2.0279522 plms1_10
22 0 84801 5 2.027378 plms1_10
22 0 106880 6 2.0263968 plms1_10
22 0 90245 7 2.0172968 plms1_10
22 0 86301 8 2.0166113 plms1_10
22 0 94771 9 2.0166113 plms1_10
23 0 92144 0 5.568259 plms1_10
23 0 88422 1 5.1887293 plms1_10
23 0 108725 2 5.174246 plms1_10
23 0 102324 3 5.174246 plms1_10
23 0 108150 4 5.001348 plms1_10
23 0 90659 5 4.991855 plms1_10
23 0 98585 6 4.9800706 plms1_10
23 0 101061 7 4.757036 plms1_10
23 0 89755 8 4.757036 plms1_10
23 0 112654 9 4.715233 plms1_10
24 0 92006 0 1.7987761 plms1_10
24 0 97635 1 1.7795881 plms1_10
24 0 96193 2 1.777811 plms1_10
24 0 84914 3 1.7764231 plms1_10
24 0 86184 4 1.7725663 plms1_10
24 0 86322 5 1.7725663 plms1_10
24 0 89945 6 1.772052 plms1_10
24 0 87221 7 1.771587 plms1_10
24 0 85300 8 1.7696241 plms1_10
24 0 90181 9 1.7683614 plms1_10
25 0 108702 0 6.1468506 plms1_10
25 0 125161 1 5.820702 plms1_10
25 0 107690 2 5.7943993 plms1_10
25 0 809121 3 5.7943993 plms1_10
25 0 112718 4 5.7570863 plms1_10
25 0 109607 5 5.680592 plms1_10
25 0 108828 6 5.645652 plms1_10
25 0 118009 7 5.5625153 plms1_10
25 0 108457 8 5.546419 plms1_10
25 0 145891 9 5.4573298 plms1_10
26 0 4157383 0 3.5148191 plms1_10
26 0 90745 1 3.4973707 plms1_10
26 0 626206 2 3.4950118 plms1_10
26 0 92936 3 3.4725878 plms1_10
26 0 101303 4 3.4700031 plms1_10
26 0 112099 5 3.4636922 plms1_10
26 0 218921 6 3.4578917 plms1_10
26 0 92617 7 3.4558713 plms1_10
26 0 106329 8 3.4554596 plms1_10
26 0 100756 9 3.4533918 plms1_10
27 0 85641 0 0.0022680613 plms1_10
27 0 109660 1 0.0022671984 plms1_10
27 0 142885 2 0.0022667795 plms1_10
27 0 89156 3 0.0022647078 plms1_10
27 0 94492 4 0.002264289 plms1_10
27 0 91675 5 0.0022636682 plms1_10
27 0 98864 6 0.0022636517 plms1_10
27 0 106843 7 0.0022634843 plms1_10
27 0 85884 8 0.002263349 plms1_10
27 0 110629 9 0.002262692 plms1_10
28 0 103617 0 9.80938 plms1_10
28 0 112523 1 9.778583 plms1_10
28 0 101222 2 9.704359 plms1_10
28 0 104895 3 9.682347 plms1_10
28 0 111061 4 9.644404 plms1_10
28 0 106130 5 9.587185 plms1_10
28 0 111217 6 9.533637 plms1_10
28 0 4157382 7 9.533637 plms1_10
28 0 4157405 8 9.533637 plms1_10
28 0 117830 9 9.477475 plms1_10
29 0 117832 0 5.416569 plms1_10
29 0 118091 1 5.4107976 plms1_10
29 0 626206 2 5.410391 plms1_10
29 0 112704 3 5.3938594 plms1_10
29 0 205788 4 5.392837 plms1_10
29 0 111473 5 5.390757 plms1_10
29 0 105821 6 5.389822 plms1_10
29 0 103040 7 5.38615 plms1_10
29 0 111253 8 5.3815126 plms1_10
29 0 145708 9 5.3791285 plms1_10
30 0 117832 0 5.416569 plms1_10
30 0 118091 1 5.4107976 plms1_10
30 0 626206 2 5.410391 plms1_10
30 0 112704 3 5.3938594 plms1_10
30 0 205788 4 5.392837 plms1_10
30 0 111473 5 5.390757 plms1_10
30 0 105821 6 5.389822 plms1_10
30 0 103040 7 5.38615 plms1_10
30 0 111253 8 5.3815126 plms1_10
30 0 145708 9 5.3791285 plms1_10
31 0 2152 0 3.961194 plms1_10
31 0 3203623 1 3.9134042 plms1_10
31 0 145936 2 3.900366 plms1_10
31 0 104176 3 3.8952837 plms1_10
31 0 4151818 4 3.8937998 plms1_10
31 0 145966 5 3.8505402 plms1_10
31 0 145972 6 3.809138 plms1_10
31 0 145944 7 3.8065627 plms1_10
31 0 3177196 8 3.8065627 plms1_10
31 0 2147 9 3.7924073 plms1_10
32 0 112050 0 6.5272217 plms1_10
32 0 101206 1 6.3037944 plms1_10
32 0 108871 2 5.8497887 plms1_10
32 0 138014 3 5.7826858 plms1_10
32 0 121935 4 5.7826858 plms1_10
32 0 139853 5 5.7826858 plms1_10
32 0 139952 6 5.7826858 plms1_10
32 0 141230 7 5.7826858 plms1_10
32 0 100187 8 5.7355695 plms1_10
32 0 124284 9 5.7355695 plms1_10
33 0 85641 0 0.0022680613 plms1_10
33 0 109660 1 0.0022671984 plms1_10
33 0 142885 2 0.0022667795 plms1_10
33 0 89156 3 0.0022647078 plms1_10
33 0 94492 4 0.002264289 plms1_10
33 0 91675 5 0.0022636682 plms1_10
33 0 98864 6 0.0022636517 plms1_10
33 0 106843 7 0.0022634843 plms1_10
33 0 85884 8 0.002263349 plms1_10
33 0 110629 9 0.002262692 plms1_10
34 0 85641 0 0.0022680613 plms1_10
34 0 109660 1 0.0022671984 plms1_10
34 0 142885 2 0.0022667795 plms1_10
34 0 89156 3 0.0022647078 plms1_10
34 0 94492 4 0.002264289 plms1_10
34 0 91675 5 0.0022636682 plms1_10
34 0 98864 6 0.0022636517 plms1_10
34 0 106843 7 0.0022634843 plms1_10
34 0 85884 8 0.002263349 plms1_10
34 0 110629 9 0.002262692 plms1_10
35 0 104947 0 4.909267 plms1_10
35 0 96317 1 4.873025 plms1_10
35 0 109946 2 4.848122 plms1_10
35 0 1738 3 4.848122 plms1_10
35 0 112166 4 4.842454 plms1_10
35 0 112737 5 4.832022 plms1_10
35 0 112574 6 4.8239045 plms1_10
35 0 104631 7 4.8213577 plms1_10
35 0 105252 8 4.817593 plms1_10
35 0 118070 9 4.817288 plms1_10
36 0 109087 0 3.9353163 plms1_10
36 0 145658 1 3.9346411 plms1_10
36 0 118025 2 3.9217134 plms1_10
36 0 3205767 3 3.9165475 plms1_10
36 0 821306 4 3.8904831 plms1_10
36 0 109086 5 3.8816826 plms1_10
36 0 90924 6 3.8765671 plms1_10
36 0 108089 7 3.8737695 plms1_10
36 0 145704 8 3.8643332 plms1_10
36 0 137732 9 3.8630364 plms1_10
37 0 109065 0 7.4220805 plms1_10
37 0 102788 1 7.4062653 plms1_10
37 0 101834 2 7.3697762 plms1_10
37 0 105675 3 7.344769 plms1_10
37 0 112359 4 7.313528 plms1_10
37 0 102981 5 7.299324 plms1_10
37 0 104947 6 7.2908154 plms1_10
37 0 91514 7 7.2723255 plms1_10
37 0 102536 8 7.27232 plms1_10
37 0 111907 9 7.267864 plms1_10
38 0 105615 0 2.053173 plms1_10
38 0 93138 1 2.048785 plms1_10
38 0 621294 2 2.0481725 plms1_10
38 0 89823 3 2.0465539 plms1_10
38 0 111439 4 2.0458245 plms1_10
38 0 86338 5 2.045119 plms1_10
38 0 90721 6 2.044801 plms1_10
38 0 90346 7 2.0440893 plms1_10
38 0 87873 8 2.0438192 plms1_10
38 0 88356 9 2.0417821 plms1_10
39 0 103135 0 11.031403 plms1_10
39 0 112420 1 11.003219 plms1_10
39 0 122254 2 10.979773 plms1_10
39 0 103810 3 10.979231 plms1_10
39 0 105200 4 10.9598255 plms1_10
39 0 621044 5 10.91454 plms1_10
39 0 621090 6 10.91454 plms1_10
39 0 2959739 7 10.91454 plms1_10
39 0 112568 8 10.901069 plms1_10
39 0 2959744 9 10.884845 plms1_10
40 0 3183079 0 3.9463363 plms1_10
40 0 112528 1 3.8507972 plms1_10
40 0 92637 2 3.8437107 plms1_10
40 0 98095 3 3.826607 plms1_10
40 0 145706 4 3.823963 plms1_10
40 0 92259 5 3.822416 plms1_10
40 0 92195 6 3.8116517 plms1_10
40 0 106154 7 3.8038685 plms1_10
40 0 93347 8 3.7952354 plms1_10
40 0 95692 9 3.7952354 plms1_10
41 0 98516 0 3.0967543 plms1_10
41 0 117908 1 3.0962622 plms1_10
41 0 110536 2 3.0744867 plms1_10
41 0 145672 3 3.0717134 plms1_10
41 0 84694 4 3.0680537 plms1_10
41 0 109520 5 3.0676935 plms1_10
41 0 104455 6 3.066222 plms1_10
41 0 112795 7 3.0635762 plms1_10
41 0 118006 8 3.063554 plms1_10
41 0 97779 9 3.0620728 plms1_10
42 0 101349 0 2.0525494 plms1_10
42 0 84872 1 2.038784 plms1_10
42 0 101677 2 2.0380046 plms1_10
42 0 89835 3 2.0281937 plms1_10
42 0 106277 4 2.0279522 plms1_10
42 0 84801 5 2.027378 plms1_10
42 0 106880 6 2.0263968 plms1_10
42 0 90245 7 2.0172968 plms1_10
42 0 86301 8 2.0166113 plms1_10
42 0 94771 9 2.0166113 plms1_10
43 0 109241 0 7.407729 plms1_10
43 0 111467 1 7.402882 plms1_10
43 0 1723 2 7.255859 plms1_10
43 0 109130 3 7.1882463 plms1_10
43 0 218665 4 7.109888 plms1_10
43 0 111539 5 6.982097 plms1_10
43 0 118420 6 6.982097 plms1_10
43 0 108762 7 6.945877 plms1_10
43 0 820897 8 6.918963 plms1_10
43 0 110374 9 6.8939443 plms1_10
44 0 105615 0 2.053173 plms1_10
44 0 93138 1 2.048785 plms1_10
44 0 621294 2 2.0481725 plms1_10
44 0 89823 3 2.0465539 plms1_10
44 0 111439 4 2.0458245 plms1_10
44 0 86338 5 2.045119 plms1_10
44 0 90721 6 2.044801 plms1_10
44 0 90346 7 2.0440893 plms1_10
44 0 87873 8 2.0438192 plms1_10
44 0 88356 9 2.0417821 plms1_10
45 0 110523 0 1.7966517 plms1_10
45 0 102483 1 1.7943994 plms1_10
45 0 111424 2 1.791868 plms1_10
45 0 618679 3 1.7912369 plms1_10
45 0 85859 4 1.7893696 plms1_10
45 0 867657 5 1.7828766 plms1_10
45 0 182992 6 1.7777888 plms1_10
45 0 143378 7 1.7773775 plms1_10
45 0 1087698 8 1.7769642 plms1_10
45 0 100612 9 1.7768561 plms1_10
46 0 2654754 0 3.4582555 plms1_10
46 0 218451 1 3.4450083 plms1_10
46 0 1087960 2 3.4117327 plms1_10
46 0 111487 3 3.401587 plms1_10
46 0 3158927 4 3.396083 plms1_10
46 0 110177 5 3.3676212 plms1_10
46 0 101394 6 3.3562038 plms1_10
46 0 2809763 7 3.3455975 plms1_10
46 0 103665 8 3.3377912 plms1_10
46 0 104540 9 3.3098454 plms1_10
47 0 1299599 0 1.900357 plms1_10
47 0 103439 1 1.8829796 plms1_10
47 0 117987 2 1.8786885 plms1_10
47 0 89185 3 1.8764477 plms1_10
47 0 105047 4 1.8764356 plms1_10
47 0 89156 5 1.8764356 plms1_10
47 0 112662 6 1.8758911 plms1_10
47 0 85187 7 1.8758911 plms1_10
47 0 112912 8 1.8735808 plms1_10
47 0 107015 9 1.8733209 plms1_10
48 0 91978 0 4.635423 plms1_10
48 0 100979 1 4.570028 plms1_10
48 0 87897 2 4.565349 plms1_10
48 0 110487 3 4.558971 plms1_10
48 0 111291 4 4.53847 plms1_10
48 0 100062 5 4.5308285 plms1_10
48 0 100075 6 4.5308285 plms1_10
48 0 86130 7 4.529292 plms1_10
48 0 88050 8 4.525464 plms1_10
48 0 101131 9 4.523972 plms1_10
49 0 85641 0 0.0022680613 plms1_10
49 0 109660 1 0.0022671984 plms1_10
49 0 142885 2 0.0022667795 plms1_10
49 0 89156 3 0.0022647078 plms1_10
49 0 94492 4 0.002264289 plms1_10
49 0 91675 5 0.0022636682 plms1_10
49 0 98864 6 0.0022636517 plms1_10
49 0 106843 7 0.0022634843 plms1_10
49 0 85884 8 0.002263349 plms1_10
49 0 110629 9 0.002262692 plms1_10
50 0 118282 0 2.2757874 plms1_10
50 0 111124 1 2.2753274 plms1_10
50 0 2804675 2 2.2745898 plms1_10
50 0 118181 3 2.2683804 plms1_10
50 0 112393 4 2.2456563 plms1_10
50 0 95286 5 2.2453184 plms1_10
50 0 98642 6 2.2436347 plms1_10
50 0 108908 7 2.2393498 plms1_10
50 0 118196 8 2.2393498 plms1_10
50 0 142881 9 2.2386768 plms1_10
51 0 105627 0 4.240947 plms1_10
51 0 105387 1 4.2172556 plms1_10
51 0 1087604 2 4.2120833 plms1_10
51 0 107803 3 4.204027 plms1_10
51 0 104733 4 4.182163 plms1_10
51 0 110963 5 4.182163 plms1_10
51 0 109119 6 4.1804423 plms1_10
51 0 108963 7 4.1771 plms1_10
51 0 97417 8 4.176834 plms1_10
51 0 104150 9 4.173678 plms1_10
52 0 101498 0 3.6440144 plms1_10
52 0 89800 1 3.6285996 plms1_10
52 0 101984 2 3.5776846 plms1_10
52 0 145783 3 3.5461524 plms1_10
52 0 86308 4 3.5411868 plms1_10
52 0 109704 5 3.5034673 plms1_10
52 0 101013 6 3.4988039 plms1_10
52 0 104530 7 3.481881 plms1_10
52 0 91124 8 3.4531224 plms1_10
52 0 88542 9 3.4531224 plms1_10
53 0 85603 0 2.0894763 plms1_10
53 0 85054 1 2.0839918 plms1_10
53 0 86853 2 2.0827515 plms1_10
53 0 92440 3 2.0818317 plms1_10
53 0 94237 4 2.0809088 plms1_10
53 0 89242 5 2.0801902 plms1_10
53 0 85337 6 2.0801902 plms1_10
53 0 89639 7 2.0797145 plms1_10
53 0 91586 8 2.0797145 plms1_10
53 0 91961 9 2.0797145 plms1_10
54 0 1490379 0 8.568796 plms1_10
54 0 1491521 1 8.328645 plms1_10
54 0 1489970 2 8.30154 plms1_10
54 0 1490013 3 8.30154 plms1_10
54 0 1490231 4 8.30154 plms1_10
54 0 1490248 5 8.30154 plms1_10
54 0 1490273 6 8.30154 plms1_10
54 0 1490280 7 8.30154 plms1_10
54 0 1490477 8 8.30154 plms1_10
54 0 1491479 9 8.30154 plms1_10
55 0 800567 0 7.7270126 plms1_10
55 0 109760 1 7.6918435 plms1_10
55 0 2655597 2 7.6801286 plms1_10
55 0 111952 3 7.6551466 plms1_10
55 0 111775 4 7.622212 plms1_10
55 0 109684 5 7.607837 plms1_10
55 0 105696 6 7.595466 plms1_10
55 0 146554 7 7.5863214 plms1_10
55 0 2399333 8 7.581138 plms1_10
55 0 112460 9 7.581069 plms1_10
56 0 89150 0 3.6133463 plms1_10
56 0 93202 1 3.6009886 plms1_10
56 0 85177 2 3.600517 plms1_10
56 0 118114 3 3.589907 plms1_10
56 0 92874 4 3.5871992 plms1_10
56 0 86183 5 3.5797222 plms1_10
56 0 89194 6 3.5719674 plms1_10
56 0 91737 7 3.553854 plms1_10
56 0 88055 8 3.550173 plms1_10
56 0 91457 9 3.5401278 plms1_10
57 0 103899 0 2.2763085 plms1_10
57 0 110536 1 2.270121 plms1_10
57 0 92799 2 2.25893 plms1_10
57 0 103266 3 2.2564023 plms1_10
57 0 1324195 4 2.2564023 plms1_10
57 0 111755 5 2.255601 plms1_10
57 0 111776 6 2.2466912 plms1_10
57 0 101858 7 2.2449257 plms1_10
57 0 99578 8 2.237166 plms1_10
57 0 84951 9 2.2299936 plms1_10
58 0 92202 0 2.8378727 plms1_10
58 0 93496 1 2.8237767 plms1_10
58 0 95821 2 2.823364 plms1_10
58 0 102534 3 2.8150136 plms1_10
58 0 90869 4 2.8150136 plms1_10
58 0 90802 5 2.8103228 plms1_10
58 0 89396 6 2.8082309 plms1_10
58 0 87196 7 2.8063083 plms1_10
58 0 110637 8 2.801756 plms1_10
58 0 92124 9 2.7981787 plms1_10
59 0 94813 0 2.2352092 plms1_10
59 0 1087769 1 2.2282057 plms1_10
59 0 101397 2 2.2232137 plms1_10
59 0 2620971 3 2.2232137 plms1_10
59 0 85641 4 2.2202823 plms1_10
59 0 2621074 5 2.22001 plms1_10
59 0 4170685 6 2.2194688 plms1_10
59 0 106961 7 2.217533 plms1_10
59 0 118129 8 2.2171843 plms1_10
59 0 145627 9 2.2158961 plms1_10
60 0 100157 0 2.2377887 plms1_10
60 0 109968 1 2.233095 plms1_10
60 0 109706 2 2.1659284 plms1_10
60 0 111740 3 2.1576152 plms1_10
60 0 145900 4 2.1548839 plms1_10
60 0 100041 5 2.1506495 plms1_10
60 0 112521 6 2.1463685 plms1_10
60 0 205202 7 2.144468 plms1_10
60 0 112926 8 2.1405957 plms1_10
60 0 99775 9 2.1389086 plms1_10
61 0 137749 0 3.1933186 plms1_10
61 0 107211 1 3.1850407 plms1_10
61 0 124465 2 3.1489794 plms1_10
61 0 105151 3 3.1278157 plms1_10
61 0 111289 4 3.0797892 plms1_10
61 0 111581 5 3.0760005 plms1_10
61 0 102776 6 3.0465343 plms1_10
61 0 112910 7 3.0432963 plms1_10
61 0 109407 8 3.0373778 plms1_10
61 0 105606 9 3.03467 plms1_10
62 0 117832 0 5.416569 plms1_10
62 0 118091 1 5.4107976 plms1_10
62 0 626206 2 5.410391 plms1_10
62 0 4157383 3 5.394352 plms1_10
62 0 112704 4 5.3938594 plms1_10
62 0 205788 5 5.392837 plms1_10
62 0 111473 6 5.390757 plms1_10
62 0 105821 7 5.389822 plms1_10
62 0 103040 8 5.38615 plms1_10
62 0 111253 9 5.3815126 plms1_10
63 0 98516 0 3.0967543 plms1_10
63 0 117908 1 3.0962622 plms1_10
63 0 110536 2 3.0744867 plms1_10
63 0 145672 3 3.0717134 plms1_10
63 0 84694 4 3.0680537 plms1_10
63 0 109520 5 3.0676935 plms1_10
63 0 104455 6 3.066222 plms1_10
63 0 112795 7 3.0635762 plms1_10
63 0 118006 8 3.063554 plms1_10
63 0 97779 9 3.0620728 plms1_10
64 0 3209686 0 2.5467327 plms1_10
64 0 118135 1 2.5328453 plms1_10
64 0 108406 2 2.4958034 plms1_10
64 0 3195445 3 2.4886136 plms1_10
64 0 109323 4 2.487324 plms1_10
64 0 145637 5 2.4847658 plms1_10
64 0 118308 6 2.481961 plms1_10
64 0 112403 7 2.477269 plms1_10
64 0 112450 8 2.4733112 plms1_10
64 0 107949 9 2.4701996 plms1_10
65 0 118284 0 9.693924 plms1_10
65 0 618680 1 9.639532 plms1_10
65 0 112016 2 9.634718 plms1_10
65 0 111285 3 9.525872 plms1_10
65 0 122242 4 9.504363 plms1_10
65 0 111426 5 9.468882 plms1_10
65 0 112935 6 9.424518 plms1_10
65 0 110645 7 9.421755 plms1_10
65 0 4151825 8 9.4000845 plms1_10
65 0 110266 9 9.251908 plms1_10
66 0 91102 0 3.4422705 plms1_10
66 0 3203659 1 3.4395838 plms1_10
66 0 85507 2 3.4340286 plms1_10
66 0 626208 3 3.4152684 plms1_10
66 0 131163 4 3.3876922 plms1_10
66 0 84744 5 3.3694003 plms1_10
66 0 84748 6 3.3551772 plms1_10
66 0 84795 7 3.346876 plms1_10
66 0 95357 8 3.346876 plms1_10
66 0 85068 9 3.3195636 plms1_10
67 0 92192 0 5.484596 plms1_10
67 0 110304 1 5.423063 plms1_10
67 0 97487 2 5.416234 plms1_10
67 0 99328 3 5.344016 plms1_10
67 0 85964 4 5.30213 plms1_10
67 0 94106 5 5.2908487 plms1_10
67 0 1855348 6 5.2864704 plms1_10
67 0 112590 7 5.1864552 plms1_10
67 0 2568216 8 5.18235 plms1_10
67 0 94423 9 5.18235 plms1_10
68 0 101268 0 4.320317 plms1_10
68 0 95577 1 4.2974405 plms1_10
68 0 112245 2 4.27219 plms1_10
68 0 2421140 3 4.2699428 plms1_10
68 0 91364 4 4.265545 plms1_10
68 0 90671 5 4.264965 plms1_10
68 0 93400 6 4.263161 plms1_10
68 0 87088 7 4.2622256 plms1_10
68 0 105237 8 4.254149 plms1_10
68 0 88066 9 4.254146 plms1_10
69 0 96830 0 4.8416004 plms1_10
69 0 103857 1 4.7224107 plms1_10
69 0 112932 2 4.7063875 plms1_10
69 0 1101269 3 4.6925654 plms1_10
69 0 108577 4 4.6925654 plms1_10
69 0 108576 5 4.680873 plms1_10
69 0 145663 6 4.661916 plms1_10
69 0 802398 7 4.620505 plms1_10
69 0 106976 8 4.5542846 plms1_10
69 0 98487 9 4.5262413 plms1_10
70 0 109294 0 5.039098 plms1_10
70 0 103442 1 5.0283327 plms1_10
70 0 103858 2 5.0228696 plms1_10
70 0 101573 3 5.0112963 plms1_10
70 0 3214777 4 5.0083337 plms1_10
70 0 92813 5 4.9969425 plms1_10
70 0 109118 6 4.995038 plms1_10
70 0 100461 7 4.9916935 plms1_10
70 0 107734 8 4.991048 plms1_10
70 0 106505 9 4.9907956 plms1_10
71 0 97314 0 4.382951 plms1_10
71 0 145844 1 4.364902 plms1_10
71 0 111004 2 4.362138 plms1_10
71 0 111861 3 4.343828 plms1_10
71 0 111770 4 4.342678 plms1_10
71 0 104975 5 4.3291845 plms1_10
71 0 112259 6 4.328627 plms1_10
71 0 107832 7 4.32703 plms1_10
71 0 117872 8 4.3262415 plms1_10
71 0 111873 9 4.32096 plms1_10
72 0 85375 0 2.160524 plms1_10
72 0 91785 1 2.1520708 plms1_10
72 0 84987 2 2.1471965 plms1_10
72 0 90060 3 2.146905 plms1_10
72 0 103703 4 2.1464827 plms1_10
72 0 91226 5 2.1418777 plms1_10
72 0 86756 6 2.1414604 plms1_10
72 0 87908 7 2.1384919 plms1_10
72 0 103677 8 2.1353428 plms1_10
72 0 92232 9 2.1336756 plms1_10
73 0 144365 0 1.3335547 plms1_10
73 0 144366 1 1.3104936 plms1_10
73 0 118045 2 1.310277 plms1_10
73 0 84997 3 1.2853314 plms1_10
73 0 98472 4 1.2580674 plms1_10
73 0 88748 5 1.2529241 plms1_10
73 0 85090 6 1.2499479 plms1_10
73 0 95381 7 1.248014 plms1_10
73 0 86845 8 1.245614 plms1_10
73 0 94596 9 1.2442037 plms1_10
74 0 98516 0 3.0967543 plms1_10
74 0 117908 1 3.0962622 plms1_10
74 0 110536 2 3.0744867 plms1_10
74 0 145672 3 3.0717134 plms1_10
74 0 84694 4 3.0680537 plms1_10
74 0 109520 5 3.0676935 plms1_10
74 0 104455 6 3.066222 plms1_10
74 0 112795 7 3.0635762 plms1_10
74 0 118006 8 3.063554 plms1_10
74 0 97779 9 3.0620728 plms1_10
75 0 102142 0 4.5001044 plms1_10
75 0 107315 1 4.496725 plms1_10
75 0 96799 2 4.496549 plms1_10
75 0 109962 3 4.4959435 plms1_10
75 0 145747 4 4.489514 plms1_10
75 0 108196 5 4.4884453 plms1_10
75 0 97165 6 4.487044 plms1_10
75 0 100905 7 4.4860554 plms1_10
75 0 109099 8 4.4857545 plms1_10
75 0 108011 9 4.483936 plms1_10
76 0 111415 0 5.5574994 plms1_10
76 0 140354 1 5.5042553 plms1_10
76 0 112394 2 5.4959836 plms1_10
76 0 1992989 3 5.2082815 plms1_10
76 0 112170 4 5.2016706 plms1_10
76 0 117941 5 5.140858 plms1_10
76 0 112166 6 5.1369944 plms1_10
76 0 111873 7 5.0650206 plms1_10
76 0 118291 8 5.0524087 plms1_10
76 0 121152 9 5.0035214 plms1_10
77 0 87646 0 1.653022 plms1_10
77 0 2620767 1 1.6516576 plms1_10
77 0 99511 2 1.6515794 plms1_10
77 0 1320585 3 1.6499962 plms1_10
77 0 97165 4 1.6487912 plms1_10
77 0 98650 5 1.6484593 plms1_10
77 0 90001 6 1.6484349 plms1_10
77 0 98715 7 1.6481197 plms1_10
77 0 96914 8 1.6477721 plms1_10
77 0 94647 9 1.6477711 plms1_10
78 0 1119358 0 3.837925 plms1_10
78 0 101231 1 3.837925 plms1_10
78 0 779833 2 3.8242552 plms1_10
78 0 798511 3 3.8242552 plms1_10
78 0 96919 4 3.8138418 plms1_10
78 0 103945 5 3.7843878 plms1_10
78 0 99792 6 3.7832074 plms1_10
78 0 100606 7 3.7664924 plms1_10
78 0 112342 8 3.7422748 plms1_10
78 0 118311 9 3.7407472 plms1_10
79 0 107367 0 6.277898 plms1_10
79 0 86862 1 6.244091 plms1_10
79 0 112867 2 6.2146482 plms1_10
79 0 111931 3 6.207202 plms1_10
79 0 2801430 4 6.1923976 plms1_10
79 0 85116 5 6.17889 plms1_10
79 0 110820 6 6.156165 plms1_10
79 0 109392 7 6.136571 plms1_10
79 0 95279 8 6.136571 plms1_10
79 0 145896 9 6.092305 plms1_10
80 0 3203659 0 5.7924047 plms1_10
80 0 118187 1 5.746765 plms1_10
80 0 99208 2 5.689247 plms1_10
80 0 89654 3 5.6768956 plms1_10
80 0 95228 4 5.6752486 plms1_10
80 0 127906 5 5.6682587 plms1_10
80 0 1289184 6 5.66509 plms1_10
80 0 96136 7 5.6445184 plms1_10
80 0 112222 8 5.641675 plms1_10
80 0 145861 9 5.6366 plms1_10
81 0 145861 0 2.532622 plms1_10
81 0 118288 1 2.5127606 plms1_10
81 0 108539 2 2.4998107 plms1_10
81 0 112867 3 2.4993548 plms1_10
81 0 145793 4 2.4945233 plms1_10
81 0 1087695 5 2.4921467 plms1_10
81 0 111693 6 2.486584 plms1_10
81 0 112574 7 2.4857233 plms1_10
81 0 110111 8 2.483616 plms1_10
81 0 112904 9 2.4819107 plms1_10
82 0 3209686 0 2.7537358 plms1_10
82 0 111847 1 2.6999528 plms1_10
82 0 110099 2 2.696636 plms1_10
82 0 3212515 3 2.6801658 plms1_10
82 0 2659300 4 2.6692011 plms1_10
82 0 106630 5 2.667347 plms1_10
82 0 95633 6 2.6531184 plms1_10
82 0 110517 7 2.6513753 plms1_10
82 0 145805 8 2.6499665 plms1_10
82 0 112397 9 2.6475623 plms1_10
83 0 109631 0 9.488544 plms1_10
83 0 106359 1 9.363062 plms1_10
83 0 111333 2 9.236853 plms1_10
83 0 118021 3 9.220795 plms1_10
83 0 137746 4 9.114755 plms1_10
83 0 820896 5 9.111428 plms1_10
83 0 145859 6 9.058061 plms1_10
83 0 104752 7 8.954884 plms1_10
83 0 109894 8 8.948822 plms1_10
83 0 112352 9 8.892867 plms1_10
84 0 109631 0 9.488544 plms1_10
84 0 106359 1 9.363062 plms1_10
84 0 111333 2 9.236853 plms1_10
84 0 118021 3 9.220795 plms1_10
84 0 137746 4 9.114755 plms1_10
84 0 820896 5 9.111428 plms1_10
84 0 145859 6 9.058061 plms1_10
84 0 104752 7 8.954884 plms1_10
84 0 109894 8 8.948822 plms1_10
84 0 112352 9 8.892867 plms1_10
85 0 108943 0 9.238038 plms1_10
85 0 118501 1 9.228177 plms1_10
85 0 108938 2 9.184206 plms1_10
85 0 111597 3 9.1205225 plms1_10
85 0 109104 4 9.10875 plms1_10
85 0 109169 5 9.10875 plms1_10
85 0 108934 6 9.10875 plms1_10
85 0 109167 7 9.021717 plms1_10
85 0 109363 8 9.021717 plms1_10
85 0 108936 9 9.021717 plms1_10
86 0 145844 0 3.394095 plms1_10
86 0 109655 1 3.3804648 plms1_10
86 0 100092 2 3.3188863 plms1_10
86 0 105505 3 3.28783 plms1_10
86 0 100612 4 3.2836325 plms1_10
86 0 96672 5 3.2783244 plms1_10
86 0 104890 6 3.2692509 plms1_10
86 0 100113 7 3.2551243 plms1_10
86 0 103568 8 3.2417555 plms1_10
86 0 103428 9 3.2163439 plms1_10
87 0 99607 0 2.6611245 plms1_10
87 0 106855 1 2.6549525 plms1_10
87 0 2620855 2 2.6413 plms1_10
87 0 99251 3 2.6370938 plms1_10
87 0 106970 4 2.636239 plms1_10
87 0 94667 5 2.6276302 plms1_10
87 0 96270 6 2.6272259 plms1_10
87 0 94858 7 2.6261287 plms1_10
87 0 100738 8 2.6240785 plms1_10
87 0 87761 9 2.6240785 plms1_10
88 0 97592 0 3.530829 plms1_10
88 0 89660 1 3.4937487 plms1_10
88 0 110672 2 3.491715 plms1_10
88 0 105939 3 3.48123 plms1_10
88 0 118045 4 3.4753947 plms1_10
88 0 96679 5 3.4715374 plms1_10
88 0 94769 6 3.4584687 plms1_10
88 0 111731 7 3.4495065 plms1_10
88 0 109188 8 3.4487433 plms1_10
88 0 111389 9 3.4456534 plms1_10
89 0 110728 0 3.5851192 plms1_10
89 0 107761 1 3.5686 plms1_10
89 0 107773 2 3.5686 plms1_10
89 0 4015951 3 3.5686 plms1_10
89 0 118016 4 3.5573976 plms1_10
89 0 107495 5 3.550867 plms1_10
89 0 108617 6 3.5482283 plms1_10
89 0 1087697 7 3.5467775 plms1_10
89 0 182558 8 3.5467775 plms1_10
89 0 4106440 9 3.541799 plms1_10
90 0 110874 0 6.55748 plms1_10
90 0 118061 1 6.5306664 plms1_10
90 0 121160 2 6.520422 plms1_10
90 0 111958 3 6.492559 plms1_10
90 0 145118 4 6.4832683 plms1_10
90 0 110047 5 6.4831853 plms1_10
90 0 111780 6 6.455716 plms1_10
90 0 105906 7 6.454892 plms1_10
90 0 110905 8 6.44405 plms1_10
90 0 110557 9 6.393846 plms1_10
91 0 98516 0 3.0967543 plms1_10
91 0 117908 1 3.0962622 plms1_10
91 0 110536 2 3.0744867 plms1_10
91 0 145672 3 3.0717134 plms1_10
91 0 84694 4 3.0680537 plms1_10
91 0 109520 5 3.0676935 plms1_10
91 0 104455 6 3.066222 plms1_10
91 0 112795 7 3.0635762 plms1_10
91 0 118006 8 3.063554 plms1_10
91 0 97779 9 3.0620728 plms1_10
92 0 98516 0 3.0967543 plms1_10
92 0 117908 1 3.0962622 plms1_10
92 0 110536 2 3.0744867 plms1_10
92 0 145672 3 3.0717134 plms1_10
92 0 84694 4 3.0680537 plms1_10
92 0 109520 5 3.0676935 plms1_10
92 0 104455 6 3.066222 plms1_10
92 0 112795 7 3.0635762 plms1_10
92 0 118006 8 3.063554 plms1_10
92 0 97779 9 3.0620728 plms1_10
93 0 1300161 0 5.69123 plms1_10
93 0 107522 1 5.6348505 plms1_10
93 0 93032 2 5.5381293 plms1_10
93 0 2620842 3 5.450914 plms1_10
93 0 84608 4 5.450914 plms1_10
93 0 93361 5 5.450914 plms1_10
93 0 93972 6 5.450914 plms1_10
93 0 105411 7 5.4241347 plms1_10
93 0 117904 8 5.1353703 plms1_10
93 0 85817 9 5.1353703 plms1_10
94 0 91857 0 3.7972019 plms1_10
94 0 91055 1 3.7967834 plms1_10
94 0 90889 2 3.7904677 plms1_10
94 0 90565 3 3.7799885 plms1_10
94 0 92661 4 3.7799683 plms1_10
94 0 92456 5 3.7784736 plms1_10
94 0 93059 6 3.7777996 plms1_10
94 0 93221 7 3.7749896 plms1_10
94 0 118118 8 3.7746086 plms1_10
94 0 106825 9 3.7722857 plms1_10
95 0 105495 0 11.83521 plms1_10
95 0 106171 1 11.397465 plms1_10
95 0 108555 2 10.848767 plms1_10
95 0 107232 3 10.701164 plms1_10
95 0 106769 4 10.377436 plms1_10
95 0 119891 5 9.887933 plms1_10
95 0 116456 6 9.887933 plms1_10
95 0 113054 7 9.807367 plms1_10
95 0 117008 8 9.807367 plms1_10
95 0 117122 9 9.807367 plms1_10
96 0 105615 0 2.053173 plms1_10
96 0 93138 1 2.048785 plms1_10
96 0 621294 2 2.0481725 plms1_10
96 0 89823 3 2.0465539 plms1_10
96 0 111439 4 2.0458245 plms1_10
96 0 86338 5 2.045119 plms1_10
96 0 90721 6 2.044801 plms1_10
96 0 90346 7 2.0440893 plms1_10
96 0 87873 8 2.0438192 plms1_10
96 0 88356 9 2.0417821 plms1_10
97 0 112101 0 8.834567 plms1_10
97 0 91227 1 8.760806 plms1_10
97 0 93792 2 8.497893 plms1_10
97 0 104748 3 8.469125 plms1_10
97 0 145735 4 8.386133 plms1_10
97 0 101129 5 8.314445 plms1_10
97 0 106819 6 8.3054285 plms1_10
97 0 4172497 7 8.290493 plms1_10
97 0 112082 8 8.255947 plms1_10
97 0 95615 9 8.099842 plms1_10
98 0 108666 0 2.0917332 plms1_10
98 0 118097 1 2.083548 plms1_10
98 0 98851 2 2.0816638 plms1_10
98 0 92143 3 2.066669 plms1_10
98 0 117869 4 2.0657148 plms1_10
98 0 88512 5 2.0621305 plms1_10
98 0 101970 6 2.0509481 plms1_10
98 0 84652 7 2.0506968 plms1_10
98 0 89386 8 2.0442505 plms1_10
98 0 2381641 9 2.0442505 plms1_10
99 0 4151828 0 4.2861013 plms1_10
99 0 107455 1 4.2320175 plms1_10
99 0 800859 2 4.1628323 plms1_10
99 0 88574 3 4.1375775 plms1_10
99 0 1206937 4 4.1337123 plms1_10
99 0 88003 5 4.08592 plms1_10
99 0 93025 6 4.0854325 plms1_10
99 0 111792 7 4.082067 plms1_10
99 0 93155 8 4.082067 plms1_10
99 0 814955 9 4.0793824 plms1_10
100 0 112272 0 3.792348 plms1_10
100 0 134750 1 3.7842047 plms1_10
100 0 111769 2 3.7664356 plms1_10
100 0 107652 3 3.7626867 plms1_10
100 0 109746 4 3.761072 plms1_10
100 0 110016 5 3.7541845 plms1_10
100 0 118261 6 3.7528882 plms1_10
100 0 2773182 7 3.748838 plms1_10
100 0 110257 8 3.7464962 plms1_10
100 0 109218 9 3.741767 plms1_10
