1 0 112795 0 38.76436 plms8_1
1 0 111116 1 38.01836 plms8_1
1 0 2649076 2 36.90679 plms8_1
1 0 219733 3 36.736347 plms8_1
1 0 220342 4 36.736347 plms8_1
1 0 219732 5 36.342888 plms8_1
1 0 112924 6 34.399258 plms8_1
1 0 110370 7 34.08485 plms8_1
1 0 112436 8 33.644684 plms8_1
1 0 149702 9 33.140457 plms8_1
2 0 4170684 0 24.71504 plms8_1
2 0 2644673 1 22.235964 plms8_1
2 0 145692 2 20.135988 plms8_1
2 0 149006 3 19.684845 plms8_1
2 0 104571 4 19.55825 plms8_1
2 0 112423 5 19.115366 plms8_1
2 0 110134 6 18.7398 plms8_1
2 0 109466 7 18.364809 plms8_1
2 0 108555 8 18.24508 plms8_1
2 0 103549 9 18.202808 plms8_1
3 0 3162143 0 52.56428 plms8_1
3 0 215496 1 52.031143 plms8_1
3 0 215694 2 52.031143 plms8_1
3 0 2959735 3 52.0301 plms8_1
3 0 118029 4 51.81126 plms8_1
3 0 112212 5 50.153767 plms8_1
3 0 118475 6 47.660973 plms8_1
3 0 111091 7 47.566917 plms8_1
3 0 149007 8 47.540253 plms8_1
3 0 117892 9 47.46743 plms8_1
4 0 215496 0 69.84174 plms8_1
4 0 215694 1 69.794815 plms8_1
4 0 2959735 2 69.79273 plms8_1
4 0 149007 3 68.31171 plms8_1
4 0 623142 4 57.710773 plms8_1
4 0 118029 5 56.695827 plms8_1
4 0 3162143 6 54.967518 plms8_1
4 0 145890 7 54.77493 plms8_1
4 0 117959 8 54.65694 plms8_1
4 0 107492 9 54.29401 plms8_1
5 0 183480 0 45.09415 plms8_1
5 0 111789 1 42.517044 plms8_1
5 0 110056 2 41.18951 plms8_1
5 0 118174 3 41.047283 plms8_1
5 0 2672209 4 39.753185 plms8_1
5 0 2657779 5 39.753185 plms8_1
5 0 108089 6 39.64399 plms8_1
5 0 108088 7 37.048378 plms8_1
5 0 117911 8 35.731926 plms8_1
5 0 118217 9 35.260834 plms8_1
6 0 117932 0 31.197987 plms8_1
6 0 2811844 1 30.329208 plms8_1
6 0 2959750 2 30.329208 plms8_1
6 0 108449 3 22.054926 plms8_1
6 0 109573 4 21.162947 plms8_1
6 0 110883 5 21.103992 plms8_1
6 0 118174 6 20.868126 plms8_1
6 0 105790 7 20.526777 plms8_1
6 0 109004 8 20.459377 plms8_1
6 0 111789 9 20.411163 plms8_1
7 0 147531 0 40.309784 plms8_1
7 0 145715 1 39.97903 plms8_1
7 0 2672535 2 38.485806 plms8_1
7 0 134749 3 38.320793 plms8_1
7 0 2655591 4 37.985344 plms8_1
7 0 214949 5 37.6008 plms8_1
7 0 215071 6 37.6008 plms8_1
7 0 110932 7 37.490723 plms8_1
7 0 217512 8 37.320984 plms8_1
7 0 3195892 9 37.310127 plms8_1
8 0 146981 0 22.386461 plms8_1
8 0 145911 1 20.970297 plms8_1
8 0 2760668 2 20.06081 plms8_1
8 0 2771248 3 19.981968 plms8_1
8 0 104034 4 19.086386 plms8_1
8 0 2679558 5 18.913885 plms8_1
8 0 145898 6 18.860857 plms8_1
8 0 182991 7 18.770248 plms8_1
8 0 2812587 8 18.747894 plms8_1
8 0 2959748 9 18.747894 plms8_1
9 0 112641 0 64.6307 plms8_1
9 0 2675751 1 61.90962 plms8_1
9 0 118212 2 60.80667 plms8_1
9 0 111694 3 60.65553 plms8_1
9 0 109720 4 60.377537 plms8_1
9 0 118011 5 59.059 plms8_1
9 0 127923 6 57.887817 plms8_1
9 0 112230 7 56.1792 plms8_1
9 0 111191 8 55.22826 plms8_1
9 0 127887 9 54.520237 plms8_1
10 0 145715 0 47.441566 plms8_1
10 0 112931 1 47.22091 plms8_1
10 0 112423 2 46.218063 plms8_1
10 0 147531 3 44.32167 plms8_1
10 0 121163 4 44.05142 plms8_1
10 0 111500 5 43.159737 plms8_1
10 0 112094 6 42.55634 plms8_1
10 0 145794 7 42.52684 plms8_1
10 0 214949 8 42.428516 plms8_1
10 0 215071 9 42.428516 plms8_1
11 0 110800 0 29.496372 plms8_1
11 0 931123 1 29.189453 plms8_1
11 0 1747 2 28.73367 plms8_1
11 0 873668 3 28.544016 plms8_1
11 0 107553 4 27.761246 plms8_1
11 0 2743678 5 27.647175 plms8_1
11 0 145960 6 27.105911 plms8_1
11 0 620560 7 27.061226 plms8_1
11 0 2809767 8 26.893423 plms8_1
11 0 2811850 9 26.893423 plms8_1
12 0 2672535 0 36.945007 plms8_1
12 0 809121 1 28.261795 plms8_1
12 0 621195 2 25.499283 plms8_1
12 0 621270 3 25.499283 plms8_1
12 0 3153112 4 25.38646 plms8_1
12 0 109096 5 25.013609 plms8_1
12 0 111537 6 23.273338 plms8_1
12 0 3207860 7 23.013502 plms8_1
12 0 2812586 8 22.943554 plms8_1
12 0 109248 9 22.773312 plms8_1
13 0 802973 0 66.43252 plms8_1
13 0 803271 1 66.43252 plms8_1
13 0 2959737 2 66.43252 plms8_1
13 0 2642828 3 66.009636 plms8_1
13 0 145967 4 60.17389 plms8_1
13 0 2812588 5 58.537487 plms8_1
13 0 2959730 6 56.831757 plms8_1
13 0 614392 7 54.42202 plms8_1
13 0 614485 8 54.42202 plms8_1
13 0 802770 9 53.782032 plms8_1
14 0 614392 0 37.93778 plms8_1
14 0 614485 1 37.93778 plms8_1
14 0 2812588 2 37.396126 plms8_1
14 0 124715 3 37.22701 plms8_1
14 0 145958 4 34.55368 plms8_1
14 0 145967 5 34.426655 plms8_1
14 0 145632 6 32.417473 plms8_1
14 0 145965 7 32.348152 plms8_1
14 0 110496 8 32.08925 plms8_1
14 0 105886 9 31.17678 plms8_1
15 0 2812588 0 58.54289 plms8_1
15 0 4162111 1 47.885757 plms8_1
15 0 4015951 2 47.184032 plms8_1
15 0 3207858 3 45.842194 plms8_1
15 0 4106440 4 42.956062 plms8_1
15 0 4151822 5 42.695633 plms8_1
15 0 3199501 6 41.95688 plms8_1
15 0 3177196 7 41.531067 plms8_1
15 0 4151821 8 40.365055 plms8_1
15 0 2806207 9 38.229004 plms8_1
16 0 2812588 0 44.708565 plms8_1
16 0 4151822 1 40.857243 plms8_1
16 0 2155 2 38.06539 plms8_1
16 0 2770446 3 37.097485 plms8_1
16 0 2771249 4 34.39436 plms8_1
16 0 134747 5 31.748724 plms8_1
16 0 121146 6 31.525642 plms8_1
16 0 145817 7 31.306795 plms8_1
16 0 620561 8 30.15205 plms8_1
16 0 150540 9 29.977007 plms8_1
17 0 110593 0 25.805016 plms8_1
17 0 117968 1 25.64791 plms8_1
17 0 110810 2 25.52493 plms8_1
17 0 118230 3 25.512283 plms8_1
17 0 117987 4 25.198046 plms8_1
17 0 3187209 5 25.040022 plms8_1
17 0 109329 6 24.9195 plms8_1
17 0 111302 7 24.915024 plms8_1
17 0 118125 8 24.707422 plms8_1
17 0 2672535 9 24.567272 plms8_1
18 0 148484 0 64.510994 plms8_1
18 0 110810 1 55.491966 plms8_1
18 0 145664 2 52.639225 plms8_1
18 0 112128 3 52.556595 plms8_1
18 0 112126 4 52.52306 plms8_1
18 0 110600 5 52.270676 plms8_1
18 0 3209687 6 52.157967 plms8_1
18 0 620566 7 51.987976 plms8_1
18 0 104095 8 51.594643 plms8_1
18 0 118507 9 51.43572 plms8_1
19 0 106639 0 15.619338 plms8_1
19 0 104895 1 15.555479 plms8_1
19 0 109180 2 15.449481 plms8_1
19 0 111880 3 14.921834 plms8_1
19 0 112557 4 14.900501 plms8_1
19 0 110692 5 14.848532 plms8_1
19 0 620671 6 14.824262 plms8_1
19 0 93820 7 14.748582 plms8_1
19 0 117867 8 14.652828 plms8_1
19 0 112921 9 14.613421 plms8_1
20 0 118243 0 26.438677 plms8_1
20 0 108538 1 24.591461 plms8_1
20 0 866023 2 24.452892 plms8_1
20 0 626454 3 24.361067 plms8_1
20 0 118358 4 24.084148 plms8_1
20 0 111727 5 23.838058 plms8_1
20 0 136996 6 23.811407 plms8_1
20 0 111713 7 23.53345 plms8_1
20 0 106282 8 23.50906 plms8_1
20 0 118043 9 23.446281 plms8_1
21 0 2659300 0 36.22981 plms8_1
21 0 118371 1 34.20348 plms8_1
21 0 117890 2 32.320305 plms8_1
21 0 867657 3 32.18568 plms8_1
21 0 112777 4 32.088528 plms8_1
21 0 145925 5 31.685226 plms8_1
21 0 112846 6 31.279375 plms8_1
21 0 112799 7 30.786268 plms8_1
21 0 111858 8 30.086397 plms8_1
21 0 2795279 9 29.913086 plms8_1
22 0 111021 0 68.72654 plms8_1
22 0 145644 1 67.16654 plms8_1
22 0 112737 2 64.87546 plms8_1
22 0 109807 3 62.711037 plms8_1
22 0 145788 4 61.02624 plms8_1
22 0 111517 5 60.1122 plms8_1
22 0 873660 6 59.864086 plms8_1
22 0 109565 7 59.459663 plms8_1
22 0 112880 8 59.23405 plms8_1
22 0 118416 9 59.06814 plms8_1
23 0 112257 0 20.019007 plms8_1
23 0 4162535 1 18.551195 plms8_1
23 0 118449 2 18.005817 plms8_1
23 0 137736 3 16.73973 plms8_1
23 0 2810525 4 16.672497 plms8_1
23 0 2811847 5 16.672497 plms8_1
23 0 3153112 6 16.028645 plms8_1
23 0 145738 7 15.982131 plms8_1
23 0 111610 8 15.83212 plms8_1
23 0 107645 9 15.52817 plms8_1
24 0 2804671 0 27.837353 plms8_1
24 0 182558 1 25.388401 plms8_1
24 0 2801435 2 24.93082 plms8_1
24 0 802408 3 24.47733 plms8_1
24 0 2654754 4 23.413376 plms8_1
24 0 616433 5 23.310493 plms8_1
24 0 625711 6 23.2535 plms8_1
24 0 3217476 7 22.954407 plms8_1
24 0 145635 8 22.679176 plms8_1
24 0 798626 9 22.241137 plms8_1
25 0 112345 0 36.17176 plms8_1
25 0 3211503 1 34.752415 plms8_1
25 0 112616 2 32.443863 plms8_1
25 0 118021 3 29.300377 plms8_1
25 0 108632 4 26.744055 plms8_1
25 0 101911 5 26.617733 plms8_1
25 0 107971 6 25.229418 plms8_1
25 0 109416 7 24.595108 plms8_1
25 0 108129 8 24.224667 plms8_1
25 0 110260 9 24.182446 plms8_1
26 0 117872 0 48.543724 plms8_1
26 0 118026 1 47.506435 plms8_1
26 0 145758 2 47.17819 plms8_1
26 0 112324 3 46.55532 plms8_1
26 0 112616 4 46.01946 plms8_1
26 0 112045 5 45.623047 plms8_1
26 0 112724 6 45.509647 plms8_1
26 0 111056 7 44.09611 plms8_1
26 0 127910 8 43.627293 plms8_1
26 0 118052 9 43.182705 plms8_1
27 0 4157382 0 42.03398 plms8_1
27 0 4157405 1 42.03398 plms8_1
27 0 111141 2 33.813522 plms8_1
27 0 112346 3 33.711014 plms8_1
27 0 110384 4 32.46345 plms8_1
27 0 112071 5 30.538815 plms8_1
27 0 110706 6 29.073097 plms8_1
27 0 110320 7 28.862902 plms8_1
27 0 118475 8 27.156084 plms8_1
27 0 620673 9 26.492764 plms8_1
28 0 4157382 0 65.005196 plms8_1
28 0 4157405 1 65.005196 plms8_1
28 0 112346 2 49.6569 plms8_1
28 0 112523 3 43.796 plms8_1
28 0 111141 4 42.55545 plms8_1
28 0 217703 5 40.90853 plms8_1
28 0 112308 6 38.53502 plms8_1
28 0 107063 7 37.000854 plms8_1
28 0 2679557 8 36.66081 plms8_1
28 0 110384 9 34.877087 plms8_1
29 0 112620 0 30.328054 plms8_1
29 0 4151826 1 28.062815 plms8_1
29 0 205788 2 27.962778 plms8_1
29 0 111471 3 27.852448 plms8_1
29 0 145726 4 27.747166 plms8_1
29 0 145632 5 27.696386 plms8_1
29 0 145843 6 27.513569 plms8_1
29 0 626206 7 27.25029 plms8_1
29 0 118351 8 26.811907 plms8_1
29 0 3195890 9 26.603401 plms8_1
30 0 145841 0 55.87502 plms8_1
30 0 205788 1 53.09367 plms8_1
30 0 218921 2 52.660465 plms8_1
30 0 145708 3 50.97305 plms8_1
30 0 118117 4 50.605835 plms8_1
30 0 137739 5 48.7942 plms8_1
30 0 145843 6 47.87358 plms8_1
30 0 112620 7 46.967716 plms8_1
30 0 145761 8 46.90985 plms8_1
30 0 118343 9 46.597775 plms8_1
31 0 145925 0 46.708546 plms8_1
31 0 148797 1 45.82741 plms8_1
31 0 3207859 2 41.88864 plms8_1
31 0 145857 3 40.70771 plms8_1
31 0 118412 4 40.69955 plms8_1
31 0 137003 5 40.56277 plms8_1
31 0 130146 6 39.362988 plms8_1
31 0 616433 7 38.94732 plms8_1
31 0 2811844 8 38.001637 plms8_1
31 0 2959750 9 38.001637 plms8_1
32 0 110561 0 22.655985 plms8_1
32 0 118458 1 21.6873 plms8_1
32 0 112329 2 21.402683 plms8_1
32 0 118499 3 21.24452 plms8_1
32 0 118023 4 21.104403 plms8_1
32 0 109450 5 20.78567 plms8_1
32 0 118455 6 20.61127 plms8_1
32 0 118139 7 20.46476 plms8_1
32 0 118303 8 20.442425 plms8_1
32 0 118321 9 20.183052 plms8_1
33 0 2809767 0 29.515787 plms8_1
33 0 2811850 1 29.515787 plms8_1
33 0 2676594 2 24.013157 plms8_1
33 0 2675753 3 23.597866 plms8_1
33 0 2679204 4 23.597866 plms8_1
33 0 112728 5 23.038456 plms8_1
33 0 118302 6 21.94404 plms8_1
33 0 110667 7 21.478046 plms8_1
33 0 110382 8 21.44699 plms8_1
33 0 108583 9 21.062368 plms8_1
34 0 2676594 0 89.376335 plms8_1
34 0 2809767 1 89.206116 plms8_1
34 0 2811850 2 89.206116 plms8_1
34 0 2675753 3 88.59926 plms8_1
34 0 2679204 4 88.59926 plms8_1
34 0 136994 5 51.161976 plms8_1
34 0 137727 6 48.159046 plms8_1
34 0 112325 7 46.01571 plms8_1
34 0 121158 8 44.116188 plms8_1
34 0 145870 9 41.8806 plms8_1
35 0 3205767 0 32.39797 plms8_1
35 0 932061 1 31.699791 plms8_1
35 0 821306 2 31.248747 plms8_1
35 0 118329 3 31.011477 plms8_1
35 0 149005 4 29.182909 plms8_1
35 0 213843 5 29.04252 plms8_1
35 0 214063 6 29.04252 plms8_1
35 0 214467 7 29.04252 plms8_1
35 0 112747 8 28.910559 plms8_1
35 0 109586 9 28.466063 plms8_1
36 0 109923 0 38.07729 plms8_1
36 0 112259 1 37.905205 plms8_1
36 0 131163 2 37.41013 plms8_1
36 0 112069 3 36.75018 plms8_1
36 0 109703 4 36.566357 plms8_1
36 0 213843 5 36.027836 plms8_1
36 0 214063 6 36.027836 plms8_1
36 0 214467 7 36.027836 plms8_1
36 0 110599 8 35.385674 plms8_1
36 0 118234 9 35.02877 plms8_1
37 0 4151829 0 37.984116 plms8_1
37 0 145731 1 35.660954 plms8_1
37 0 112910 2 34.45687 plms8_1
37 0 111982 3 34.18497 plms8_1
37 0 118269 4 33.363316 plms8_1
37 0 110742 5 32.158054 plms8_1
37 0 110774 6 30.986502 plms8_1
37 0 103870 7 30.432817 plms8_1
37 0 145855 8 29.959852 plms8_1
37 0 1993216 9 29.774414 plms8_1
38 0 118269 0 66.78782 plms8_1
38 0 1993216 1 60.63836 plms8_1
38 0 112910 2 60.005848 plms8_1
38 0 4151829 3 58.656143 plms8_1
38 0 145855 4 57.66051 plms8_1
38 0 145731 5 55.933193 plms8_1
38 0 112887 6 55.051327 plms8_1
38 0 145629 7 52.356705 plms8_1
38 0 112292 8 51.614998 plms8_1
38 0 111264 9 49.48192 plms8_1
39 0 112568 0 23.383678 plms8_1
39 0 111502 1 22.85464 plms8_1
39 0 102086 2 22.744747 plms8_1
39 0 112420 3 22.663942 plms8_1
39 0 2674861 4 22.193712 plms8_1
39 0 2675754 5 22.193712 plms8_1
39 0 111432 6 22.145638 plms8_1
39 0 105058 7 21.83596 plms8_1
39 0 118182 8 21.199877 plms8_1
39 0 2959744 9 20.975353 plms8_1
40 0 931120 0 24.29824 plms8_1
40 0 145943 1 23.915895 plms8_1
40 0 2810526 2 20.733774 plms8_1
40 0 112348 3 20.72317 plms8_1
40 0 2769807 4 19.909513 plms8_1
40 0 149007 5 19.552723 plms8_1
40 0 3171723 6 19.500107 plms8_1
40 0 3170727 7 19.45639 plms8_1
40 0 945737 8 19.31684 plms8_1
40 0 932059 9 19.31684 plms8_1
41 0 112585 0 37.455128 plms8_1
41 0 109186 1 36.480484 plms8_1
41 0 110132 2 34.9522 plms8_1
41 0 111198 3 33.997593 plms8_1
41 0 110075 4 33.424725 plms8_1
41 0 111891 5 33.033745 plms8_1
41 0 112924 6 32.28883 plms8_1
41 0 111254 7 32.09124 plms8_1
41 0 112440 8 31.759823 plms8_1
41 0 2810525 9 30.591032 plms8_1
42 0 112924 0 42.37238 plms8_1
42 0 3189783 1 41.747604 plms8_1
42 0 3177199 2 41.433865 plms8_1
42 0 118131 3 41.351852 plms8_1
42 0 137003 4 41.243748 plms8_1
42 0 145632 5 41.164932 plms8_1
42 0 3171724 6 40.92155 plms8_1
42 0 3177200 7 40.92155 plms8_1
42 0 117864 8 40.222656 plms8_1
42 0 118374 9 40.16059 plms8_1
43 0 112920 0 18.964554 plms8_1
43 0 2680590 1 18.962698 plms8_1
43 0 2959745 2 18.962698 plms8_1
43 0 103366 3 17.218006 plms8_1
43 0 112305 4 17.056086 plms8_1
43 0 90079 5 16.985462 plms8_1
43 0 106707 6 16.9636 plms8_1
43 0 110519 7 16.876478 plms8_1
43 0 103735 8 16.84546 plms8_1
43 0 118113 9 16.826918 plms8_1
44 0 183480 0 24.128996 plms8_1
44 0 802408 1 23.049864 plms8_1
44 0 2781925 2 22.660572 plms8_1
44 0 145674 3 20.788181 plms8_1
44 0 109329 4 20.68455 plms8_1
44 0 110162 5 20.64019 plms8_1
44 0 111968 6 20.37717 plms8_1
44 0 112144 7 20.258183 plms8_1
44 0 104158 8 20.046171 plms8_1
44 0 1087605 9 20.046171 plms8_1
45 0 3181481 0 26.699554 plms8_1
45 0 118496 1 25.137506 plms8_1
45 0 112309 2 25.132626 plms8_1
45 0 111754 3 24.557907 plms8_1
45 0 110757 4 24.15193 plms8_1
45 0 145755 5 24.010708 plms8_1
45 0 130159 6 23.89608 plms8_1
45 0 127691 7 23.895004 plms8_1
45 0 107663 8 23.386986 plms8_1
45 0 106592 9 23.341412 plms8_1
46 0 2804673 0 40.481293 plms8_1
46 0 145772 1 37.645348 plms8_1
46 0 866024 2 35.223114 plms8_1
46 0 858802 3 35.223114 plms8_1
46 0 623145 4 32.66091 plms8_1
46 0 618680 5 32.452114 plms8_1
46 0 3204917 6 31.828308 plms8_1
46 0 1269289 7 31.346226 plms8_1
46 0 137725 8 30.838692 plms8_1
46 0 118452 9 30.187737 plms8_1
47 0 2674861 0 34.485867 plms8_1
47 0 2675754 1 34.485867 plms8_1
47 0 108545 2 31.25175 plms8_1
47 0 105417 3 28.237457 plms8_1
47 0 121149 4 28.000126 plms8_1
47 0 142882 5 27.798975 plms8_1
47 0 96147 6 27.786184 plms8_1
47 0 111362 7 27.612267 plms8_1
47 0 118218 8 27.418276 plms8_1
47 0 2518018 9 27.196896 plms8_1
48 0 2674861 0 32.762444 plms8_1
48 0 2675754 1 32.762444 plms8_1
48 0 103019 2 27.76918 plms8_1
48 0 112422 3 26.630268 plms8_1
48 0 108041 4 26.626657 plms8_1
48 0 107451 5 25.981115 plms8_1
48 0 103201 6 24.241896 plms8_1
48 0 96287 7 24.11598 plms8_1
48 0 109625 8 24.002293 plms8_1
48 0 104182 9 23.431358 plms8_1
49 0 4162535 0 30.833176 plms8_1
49 0 2672535 1 24.465015 plms8_1
49 0 101852 2 21.893147 plms8_1
49 0 95414 3 21.13487 plms8_1
49 0 90620 4 20.954428 plms8_1
49 0 95551 5 19.90418 plms8_1
49 0 1957917 6 19.34452 plms8_1
49 0 93031 7 19.041271 plms8_1
49 0 95847 8 18.878147 plms8_1
49 0 145626 9 18.74733 plms8_1
50 0 112733 0 29.603819 plms8_1
50 0 118449 1 29.227526 plms8_1
50 0 118203 2 29.196625 plms8_1
50 0 109776 3 29.175585 plms8_1
50 0 110763 4 27.867594 plms8_1
50 0 117950 5 27.831545 plms8_1
50 0 111953 6 27.78955 plms8_1
50 0 112671 7 27.684767 plms8_1
50 0 183479 8 27.667624 plms8_1
50 0 112606 9 27.574972 plms8_1
51 0 103299 0 11.617933 plms8_1
51 0 97890 1 11.422649 plms8_1
51 0 109466 2 11.402526 plms8_1
51 0 103986 3 10.938844 plms8_1
51 0 106991 4 10.482994 plms8_1
51 0 101177 5 10.433678 plms8_1
51 0 109715 6 10.04537 plms8_1
51 0 183480 7 9.962406 plms8_1
51 0 96957 8 9.947334 plms8_1
51 0 107254 9 9.88153 plms8_1
52 0 112770 0 27.774641 plms8_1
52 0 91094 1 24.046919 plms8_1
52 0 86293 2 23.868423 plms8_1
52 0 87549 3 23.658306 plms8_1
52 0 89717 4 22.549095 plms8_1
52 0 85452 5 22.380024 plms8_1
52 0 91913 6 22.189323 plms8_1
52 0 2477913 7 21.880661 plms8_1
52 0 91418 8 21.880661 plms8_1
52 0 90634 9 21.842554 plms8_1
53 0 625711 0 38.028217 plms8_1
53 0 872994 1 34.294956 plms8_1
53 0 621045 2 33.015587 plms8_1
53 0 112573 3 32.60902 plms8_1
53 0 145635 4 31.804464 plms8_1
53 0 145628 5 31.68149 plms8_1
53 0 112206 6 30.627213 plms8_1
53 0 118357 7 30.589478 plms8_1
53 0 112640 8 30.133793 plms8_1
53 0 112728 9 29.936218 plms8_1
54 0 616862 0 35.55498 plms8_1
54 0 205788 1 35.28337 plms8_1
54 0 216733 2 34.901634 plms8_1
54 0 145632 3 34.702778 plms8_1
54 0 2358 4 34.35077 plms8_1
54 0 931614 5 34.142696 plms8_1
54 0 1744 6 33.82577 plms8_1
54 0 145884 7 33.825287 plms8_1
54 0 931123 8 33.786995 plms8_1
54 0 145626 9 33.27696 plms8_1
55 0 4154603 0 85.34936 plms8_1
55 0 145731 1 60.76986 plms8_1
55 0 110774 2 59.300762 plms8_1
55 0 111261 3 55.863922 plms8_1
55 0 145855 4 51.888397 plms8_1
55 0 111420 5 49.58933 plms8_1
55 0 118269 6 48.416176 plms8_1
55 0 110021 7 43.622555 plms8_1
55 0 112910 8 43.340435 plms8_1
55 0 111982 9 39.13159 plms8_1
56 0 4154603 0 41.865887 plms8_1
56 0 145855 1 34.194946 plms8_1
56 0 145629 2 32.81727 plms8_1
56 0 2959741 3 30.157185 plms8_1
56 0 931616 4 30.157185 plms8_1
56 0 2677564 5 29.871822 plms8_1
56 0 2678135 6 29.871822 plms8_1
56 0 145731 7 27.913626 plms8_1
56 0 2679558 8 27.61991 plms8_1
56 0 2811845 9 25.727028 plms8_1
57 0 145907 0 11.489927 plms8_1
57 0 145745 1 11.393122 plms8_1
57 0 147953 2 11.254984 plms8_1
57 0 148480 3 11.254984 plms8_1
57 0 2804673 4 11.093848 plms8_1
57 0 110355 5 11.078581 plms8_1
57 0 145772 6 10.920686 plms8_1
57 0 112802 7 10.793517 plms8_1
57 0 3209687 8 10.760067 plms8_1
57 0 799986 9 10.597248 plms8_1
58 0 118467 0 23.593004 plms8_1
58 0 821305 1 22.774096 plms8_1
58 0 2811845 2 22.220308 plms8_1
58 0 118282 3 22.009024 plms8_1
58 0 106152 4 21.80811 plms8_1
58 0 117867 5 21.677975 plms8_1
58 0 112458 6 21.515501 plms8_1
58 0 105233 7 21.421783 plms8_1
58 0 112077 8 21.38822 plms8_1
58 0 145881 9 21.33203 plms8_1
59 0 2788983 0 76.4375 plms8_1
59 0 4170685 1 74.83846 plms8_1
59 0 145627 2 69.88545 plms8_1
59 0 112824 3 69.21816 plms8_1
59 0 931614 4 68.76525 plms8_1
59 0 130158 5 67.905235 plms8_1
59 0 112905 6 67.80509 plms8_1
59 0 117968 7 67.23664 plms8_1
59 0 118037 8 66.42259 plms8_1
59 0 2672208 9 65.72298 plms8_1
60 0 931614 0 56.46865 plms8_1
60 0 127905 1 53.098324 plms8_1
60 0 118257 2 52.202675 plms8_1
60 0 109810 3 50.406578 plms8_1
60 0 145856 4 50.223293 plms8_1
60 0 110510 5 50.13403 plms8_1
60 0 118334 6 49.870705 plms8_1
60 0 3195891 7 49.80592 plms8_1
60 0 118129 8 46.93126 plms8_1
60 0 109949 9 46.76992 plms8_1
61 0 2812210 0 72.755394 plms8_1
61 0 219815 1 67.64053 plms8_1
61 0 145923 2 67.4716 plms8_1
61 0 145743 3 65.78894 plms8_1
61 0 218457 4 63.86605 plms8_1
61 0 3195092 5 61.60036 plms8_1
61 0 1732 6 61.121197 plms8_1
61 0 1087955 7 56.4213 plms8_1
61 0 2620704 8 54.11901 plms8_1
61 0 218132 9 52.436718 plms8_1
62 0 218921 0 30.209225 plms8_1
62 0 117832 1 30.04274 plms8_1
62 0 219512 2 29.844383 plms8_1
62 0 802770 3 29.821325 plms8_1
62 0 2620703 4 29.676594 plms8_1
62 0 110091 5 29.617722 plms8_1
62 0 205788 6 29.525286 plms8_1
62 0 118381 7 29.36209 plms8_1
62 0 899483 8 29.35409 plms8_1
62 0 118188 9 29.18439 plms8_1
63 0 97274 0 12.278889 plms8_1
63 0 97779 1 12.177547 plms8_1
63 0 106208 2 12.094651 plms8_1
63 0 96019 3 11.970431 plms8_1
63 0 1332352 4 11.934937 plms8_1
63 0 1095862 5 11.876561 plms8_1
63 0 102072 6 11.762625 plms8_1
63 0 105496 7 11.759068 plms8_1
63 0 96350 8 11.753965 plms8_1
63 0 97873 9 11.656462 plms8_1
64 0 2758568 0 48.897903 plms8_1
64 0 145895 1 42.33429 plms8_1
64 0 110645 2 38.23774 plms8_1
64 0 102061 3 36.65334 plms8_1
64 0 111082 4 34.616917 plms8_1
64 0 109773 5 34.473644 plms8_1
64 0 111051 6 33.278313 plms8_1
64 0 93425 7 33.207554 plms8_1
64 0 110542 8 32.11348 plms8_1
64 0 98509 9 31.726383 plms8_1
65 0 118123 0 23.634132 plms8_1
65 0 112677 1 14.765429 plms8_1
65 0 111285 2 13.946826 plms8_1
65 0 112016 3 13.846302 plms8_1
65 0 145867 4 13.816968 plms8_1
65 0 112935 5 13.60833 plms8_1
65 0 111051 6 13.291323 plms8_1
65 0 4151825 7 13.121343 plms8_1
65 0 122242 8 12.956097 plms8_1
65 0 111838 9 12.657526 plms8_1
66 0 3211501 0 47.288746 plms8_1
66 0 145867 1 45.922943 plms8_1
66 0 111632 2 44.529213 plms8_1
66 0 112935 3 36.45479 plms8_1
66 0 112547 4 34.928104 plms8_1
66 0 112106 5 34.677483 plms8_1
66 0 111803 6 30.949886 plms8_1
66 0 121170 7 30.770168 plms8_1
66 0 110251 8 29.652668 plms8_1
66 0 134921 9 28.91545 plms8_1
67 0 867645 0 26.36453 plms8_1
67 0 145664 1 22.455893 plms8_1
67 0 2959738 2 22.19924 plms8_1
67 0 145800 3 21.54233 plms8_1
67 0 112891 4 21.443922 plms8_1
67 0 103093 5 21.373055 plms8_1
67 0 145635 6 21.301641 plms8_1
67 0 88797 7 20.697983 plms8_1
67 0 110753 8 20.687265 plms8_1
67 0 106757 9 20.500626 plms8_1
68 0 103675 0 46.636684 plms8_1
68 0 100945 1 40.239746 plms8_1
68 0 104522 2 37.82589 plms8_1
68 0 106483 3 37.478542 plms8_1
68 0 103678 4 37.01909 plms8_1
68 0 106930 5 36.49203 plms8_1
68 0 99167 6 36.326454 plms8_1
68 0 2455531 7 36.30238 plms8_1
68 0 105646 8 36.2022 plms8_1
68 0 104523 9 36.047432 plms8_1
69 0 112719 0 32.139885 plms8_1
69 0 111438 1 31.913446 plms8_1
69 0 117927 2 31.865389 plms8_1
69 0 118363 3 31.809835 plms8_1
69 0 799975 4 31.616272 plms8_1
69 0 109510 5 31.509745 plms8_1
69 0 118098 6 31.42092 plms8_1
69 0 112881 7 31.415846 plms8_1
69 0 127899 8 30.99409 plms8_1
69 0 799995 9 30.978746 plms8_1
70 0 118111 0 44.01532 plms8_1
70 0 111709 1 43.659534 plms8_1
70 0 112534 2 42.102837 plms8_1
70 0 118080 3 39.556873 plms8_1
70 0 117961 4 38.181065 plms8_1
70 0 1087961 5 37.83701 plms8_1
70 0 117927 6 37.802593 plms8_1
70 0 118317 7 37.397793 plms8_1
70 0 117859 8 37.11463 plms8_1
70 0 118379 9 36.438904 plms8_1
71 0 118052 0 37.59443 plms8_1
71 0 112904 1 37.299873 plms8_1
71 0 110331 2 35.22358 plms8_1
71 0 118234 3 35.222923 plms8_1
71 0 111103 4 33.065277 plms8_1
71 0 112324 5 31.968868 plms8_1
71 0 112914 6 31.579145 plms8_1
71 0 118005 7 31.206663 plms8_1
71 0 117979 8 30.102169 plms8_1
71 0 108303 9 29.824154 plms8_1
72 0 112904 0 30.178867 plms8_1
72 0 118052 1 29.92367 plms8_1
72 0 117979 2 29.508165 plms8_1
72 0 112914 3 28.631578 plms8_1
72 0 109721 4 28.106426 plms8_1
72 0 3189783 5 28.070826 plms8_1
72 0 118234 6 27.891302 plms8_1
72 0 112311 7 27.579075 plms8_1
72 0 2654533 8 27.162453 plms8_1
72 0 2654756 9 27.162453 plms8_1
73 0 2804674 0 34.90027 plms8_1
73 0 145624 1 34.56289 plms8_1
73 0 118043 2 33.15347 plms8_1
73 0 1087954 3 33.002167 plms8_1
73 0 110692 4 31.709284 plms8_1
73 0 111425 5 30.77474 plms8_1
73 0 145638 6 30.155174 plms8_1
73 0 868383 7 28.991041 plms8_1
73 0 118162 8 27.854845 plms8_1
73 0 145881 9 27.670286 plms8_1
74 0 2804674 0 31.948109 plms8_1
74 0 112774 1 31.802166 plms8_1
74 0 108616 2 30.448309 plms8_1
74 0 218667 3 30.265547 plms8_1
74 0 110798 4 29.082485 plms8_1
74 0 3183079 5 29.030499 plms8_1
74 0 219734 6 29.005775 plms8_1
74 0 103459 7 28.755896 plms8_1
74 0 127908 8 28.742216 plms8_1
74 0 110398 9 28.424334 plms8_1
75 0 118226 0 54.31794 plms8_1
75 0 111291 1 51.582184 plms8_1
75 0 111557 2 50.64997 plms8_1
75 0 112347 3 50.28673 plms8_1
75 0 106659 4 49.677227 plms8_1
75 0 106428 5 49.441685 plms8_1
75 0 110779 6 48.285755 plms8_1
75 0 110415 7 47.769806 plms8_1
75 0 2672210 8 47.697453 plms8_1
75 0 2654755 9 47.697453 plms8_1
76 0 1740 0 39.825623 plms8_1
76 0 108900 1 37.705025 plms8_1
76 0 145799 2 36.37757 plms8_1
76 0 2679833 3 36.25342 plms8_1
76 0 2680440 4 36.25342 plms8_1
76 0 111508 5 35.70786 plms8_1
76 0 145652 6 35.228443 plms8_1
76 0 118390 7 34.95131 plms8_1
76 0 111945 8 34.26586 plms8_1
76 0 150540 9 33.642956 plms8_1
77 0 104355 0 32.624027 plms8_1
77 0 111455 1 30.874825 plms8_1
77 0 112626 2 30.840805 plms8_1
77 0 97242 3 30.331722 plms8_1
77 0 111610 4 30.245558 plms8_1
77 0 112646 5 29.599323 plms8_1
77 0 110223 6 28.62431 plms8_1
77 0 112693 7 28.288939 plms8_1
77 0 108605 8 27.931107 plms8_1
77 0 110594 9 27.87626 plms8_1
78 0 2812588 0 56.37171 plms8_1
78 0 145632 1 54.20111 plms8_1
78 0 117899 2 53.141212 plms8_1
78 0 117968 3 51.800564 plms8_1
78 0 118022 4 51.370003 plms8_1
78 0 799976 5 50.615868 plms8_1
78 0 111717 6 50.54093 plms8_1
78 0 112485 7 50.33834 plms8_1
78 0 111250 8 50.099957 plms8_1
78 0 111092 9 49.048573 plms8_1
79 0 111009 0 64.37908 plms8_1
79 0 118143 1 60.113724 plms8_1
79 0 111470 2 56.52293 plms8_1
79 0 2680438 3 46.32174 plms8_1
79 0 110221 4 41.59632 plms8_1
79 0 3171728 5 37.597908 plms8_1
79 0 903979 6 32.186516 plms8_1
79 0 902768 7 32.186516 plms8_1
79 0 106328 8 30.179478 plms8_1
79 0 118375 9 29.079702 plms8_1
80 0 108900 0 30.440643 plms8_1
80 0 149285 1 29.52762 plms8_1
80 0 98551 2 28.966501 plms8_1
80 0 2679833 3 28.821203 plms8_1
80 0 2680440 4 28.821203 plms8_1
80 0 112738 5 28.460049 plms8_1
80 0 118143 6 27.55986 plms8_1
80 0 4106441 7 27.09541 plms8_1
80 0 102157 8 27.047773 plms8_1
80 0 102890 9 26.95847 plms8_1
81 0 118373 0 18.160915 plms8_1
81 0 112260 1 17.881277 plms8_1
81 0 4157383 2 17.842237 plms8_1
81 0 799991 3 17.452438 plms8_1
81 0 111914 4 17.413988 plms8_1
81 0 110073 5 17.017326 plms8_1
81 0 3209687 6 16.775108 plms8_1
81 0 145881 7 16.696049 plms8_1
81 0 111418 8 16.587273 plms8_1
81 0 802791 9 16.508785 plms8_1
82 0 821305 0 25.26758 plms8_1
82 0 112869 1 24.748762 plms8_1
82 0 104132 2 24.11952 plms8_1
82 0 105931 3 24.051147 plms8_1
82 0 111106 4 23.85712 plms8_1
82 0 117837 5 23.568459 plms8_1
82 0 112292 6 23.489183 plms8_1
82 0 112305 7 23.344389 plms8_1
82 0 104194 8 23.241152 plms8_1
82 0 112803 9 23.118076 plms8_1
83 0 145859 0 71.106186 plms8_1
83 0 111151 1 52.919518 plms8_1
83 0 111664 2 51.390724 plms8_1
83 0 111194 3 51.337685 plms8_1
83 0 111246 4 51.071724 plms8_1
83 0 111103 5 50.301132 plms8_1
83 0 111663 6 49.84865 plms8_1
83 0 820896 7 49.206543 plms8_1
83 0 137746 8 48.941666 plms8_1
83 0 112922 9 47.71697 plms8_1
84 0 145859 0 70.696365 plms8_1
84 0 111151 1 65.01792 plms8_1
84 0 111664 2 63.64982 plms8_1
84 0 110361 3 62.64864 plms8_1
84 0 109200 4 61.429893 plms8_1
84 0 800858 5 61.127106 plms8_1
84 0 109893 6 59.825565 plms8_1
84 0 122251 7 59.443974 plms8_1
84 0 110473 8 59.442688 plms8_1
84 0 110731 9 59.13011 plms8_1
85 0 802973 0 47.90128 plms8_1
85 0 803271 1 47.90128 plms8_1
85 0 2959737 2 47.90128 plms8_1
85 0 137749 3 41.47547 plms8_1
85 0 218925 4 41.214573 plms8_1
85 0 112240 5 38.37352 plms8_1
85 0 150543 6 37.961887 plms8_1
85 0 2959732 7 37.961887 plms8_1
85 0 111586 8 37.89585 plms8_1
85 0 146553 9 37.46519 plms8_1
86 0 3171724 0 44.91028 plms8_1
86 0 3177199 1 44.91028 plms8_1
86 0 3177200 2 44.91028 plms8_1
86 0 3195092 3 38.544533 plms8_1
86 0 3205766 4 35.027927 plms8_1
86 0 802973 5 32.978783 plms8_1
86 0 803271 6 32.978783 plms8_1
86 0 2959737 7 32.978783 plms8_1
86 0 3170730 8 31.538757 plms8_1
86 0 3177197 9 31.538757 plms8_1
87 0 143378 0 33.56225 plms8_1
87 0 112807 1 31.58429 plms8_1
87 0 136998 2 31.227102 plms8_1
87 0 112746 3 29.890528 plms8_1
87 0 111170 4 29.76436 plms8_1
87 0 112080 5 29.522455 plms8_1
87 0 105721 6 29.155678 plms8_1
87 0 111186 7 28.870268 plms8_1
87 0 104480 8 28.587425 plms8_1
87 0 118109 9 28.438622 plms8_1
88 0 625833 0 30.257235 plms8_1
88 0 145122 1 30.065334 plms8_1
88 0 111170 2 28.615261 plms8_1
88 0 625711 3 28.509624 plms8_1
88 0 182991 4 28.202763 plms8_1
88 0 130159 5 27.916092 plms8_1
88 0 145839 6 27.70943 plms8_1
88 0 145770 7 27.658537 plms8_1
88 0 127691 8 27.516386 plms8_1
88 0 147529 9 27.492153 plms8_1
89 0 4151822 0 120.95002 plms8_1
89 0 2812588 1 106.550964 plms8_1
89 0 4162110 2 90.18341 plms8_1
89 0 2770446 3 87.72717 plms8_1
89 0 145817 4 61.99566 plms8_1
89 0 145954 5 61.57223 plms8_1
89 0 4106440 6 59.608932 plms8_1
89 0 145647 7 58.862114 plms8_1
89 0 134747 8 53.5629 plms8_1
89 0 4094005 9 52.222927 plms8_1
90 0 145626 0 18.238026 plms8_1
90 0 109643 1 18.056898 plms8_1
90 0 109921 2 17.768366 plms8_1
90 0 118054 3 17.557247 plms8_1
90 0 118420 4 17.24871 plms8_1
90 0 109079 5 17.119562 plms8_1
90 0 2620698 6 16.891777 plms8_1
90 0 109776 7 16.6305 plms8_1
90 0 109080 8 16.502155 plms8_1
90 0 109016 9 16.355274 plms8_1
91 0 3212514 0 61.559315 plms8_1
91 0 219097 1 46.869984 plms8_1
91 0 145892 2 44.832882 plms8_1
91 0 856791 3 43.004402 plms8_1
91 0 145785 4 42.803013 plms8_1
91 0 1087959 5 42.631413 plms8_1
91 0 110032 6 41.395184 plms8_1
91 0 624280 7 40.825512 plms8_1
91 0 118507 8 39.33092 plms8_1
91 0 109043 9 38.827194 plms8_1
92 0 3212514 0 24.610302 plms8_1
92 0 2675751 1 18.246773 plms8_1
92 0 111828 2 17.87886 plms8_1
92 0 109818 3 17.45364 plms8_1
92 0 4162936 4 17.419933 plms8_1
92 0 98116 5 17.415014 plms8_1
92 0 111820 6 17.290508 plms8_1
92 0 109857 7 17.12993 plms8_1
92 0 111694 8 16.839731 plms8_1
92 0 102736 9 16.502573 plms8_1
93 0 110877 0 91.22007 plms8_1
93 0 118107 1 87.448105 plms8_1
93 0 130158 2 87.06432 plms8_1
93 0 118334 3 86.594986 plms8_1
93 0 109610 4 80.45431 plms8_1
93 0 4151827 5 78.06134 plms8_1
93 0 110248 6 77.32152 plms8_1
93 0 931614 7 75.990074 plms8_1
93 0 2788983 8 75.62189 plms8_1
93 0 110200 9 75.62085 plms8_1
94 0 931614 0 104.72462 plms8_1
94 0 3195891 1 93.23358 plms8_1
94 0 4151827 2 90.477936 plms8_1
94 0 2788983 3 84.64119 plms8_1
94 0 130158 4 71.79831 plms8_1
94 0 145901 5 70.1922 plms8_1
94 0 2743641 6 67.76042 plms8_1
94 0 2959756 7 67.76042 plms8_1
94 0 117874 8 67.512184 plms8_1
94 0 111736 9 67.06031 plms8_1
95 0 107232 0 30.574362 plms8_1
95 0 108555 1 29.353718 plms8_1
95 0 105495 2 28.265926 plms8_1
95 0 107794 3 25.112415 plms8_1
95 0 107475 4 24.552048 plms8_1
95 0 111385 5 23.200035 plms8_1
95 0 108161 6 22.607574 plms8_1
95 0 101863 7 22.561064 plms8_1
95 0 112765 8 22.32228 plms8_1
95 0 112343 9 22.22983 plms8_1
96 0 108330 0 15.968368 plms8_1
96 0 91961 1 15.914332 plms8_1
96 0 89763 2 15.738625 plms8_1
96 0 104330 3 15.734573 plms8_1
96 0 104523 4 15.677054 plms8_1
96 0 2650505 5 15.536873 plms8_1
96 0 91215 6 15.528403 plms8_1
96 0 97017 7 15.405807 plms8_1
96 0 91505 8 15.4048 plms8_1
96 0 89439 9 15.359218 plms8_1
97 0 112101 0 39.95979 plms8_1
97 0 111922 1 30.77679 plms8_1
97 0 136993 2 26.083454 plms8_1
97 0 2806208 3 21.800571 plms8_1
97 0 2808294 4 21.800571 plms8_1
97 0 118379 5 21.100834 plms8_1
97 0 145822 6 20.500788 plms8_1
97 0 105412 7 20.344902 plms8_1
97 0 134751 8 20.210981 plms8_1
97 0 109772 9 19.735806 plms8_1
98 0 2655591 0 26.637869 plms8_1
98 0 145903 1 25.95804 plms8_1
98 0 103809 2 25.830982 plms8_1
98 0 145822 3 25.792833 plms8_1
98 0 110146 4 25.323261 plms8_1
98 0 2676593 5 25.121826 plms8_1
98 0 117902 6 25.099054 plms8_1
98 0 118148 7 25.016054 plms8_1
98 0 110156 8 24.941757 plms8_1
98 0 2811845 9 24.832022 plms8_1
99 0 112267 0 55.80073 plms8_1
99 0 111884 1 41.490402 plms8_1
99 0 110552 2 40.783577 plms8_1
99 0 118121 3 35.63912 plms8_1
99 0 109976 4 35.190224 plms8_1
99 0 104759 5 31.73943 plms8_1
99 0 110578 6 31.72298 plms8_1
99 0 145914 7 29.703445 plms8_1
99 0 109673 8 28.798376 plms8_1
99 0 112723 9 28.080105 plms8_1
100 0 112267 0 84.82328 plms8_1
100 0 110552 1 68.516106 plms8_1
100 0 111884 2 57.96379 plms8_1
100 0 111886 3 54.685135 plms8_1
100 0 112723 4 52.74752 plms8_1
100 0 104883 5 50.574654 plms8_1
100 0 102981 6 50.3718 plms8_1
100 0 102161 7 49.426933 plms8_1
100 0 110098 8 49.026436 plms8_1
100 0 854177 9 48.881187 plms8_1
