1 0 112795 0 45.997543 plms10_1
1 0 111116 1 44.685417 plms10_1
1 0 219732 2 42.80862 plms10_1
1 0 2649076 3 42.47188 plms10_1
1 0 219733 4 42.42615 plms10_1
1 0 220342 5 42.42615 plms10_1
1 0 112924 6 42.336983 plms10_1
1 0 149702 7 40.86427 plms10_1
1 0 110370 8 40.59142 plms10_1
1 0 112436 9 40.187515 plms10_1
2 0 4170684 0 26.289684 plms10_1
2 0 2644673 1 23.928026 plms10_1
2 0 145692 2 21.598959 plms10_1
2 0 104571 3 21.181957 plms10_1
2 0 149006 4 20.746653 plms10_1
2 0 112423 5 20.59299 plms10_1
2 0 110134 6 20.089493 plms10_1
2 0 109466 7 20.031912 plms10_1
2 0 108555 8 19.687725 plms10_1
2 0 112930 9 19.547976 plms10_1
3 0 3162143 0 59.695198 plms10_1
3 0 215496 1 58.77721 plms10_1
3 0 215694 2 58.77721 plms10_1
3 0 2959735 3 58.77617 plms10_1
3 0 118029 4 57.76746 plms10_1
3 0 112212 5 56.828514 plms10_1
3 0 149007 6 54.513813 plms10_1
3 0 118475 7 54.381954 plms10_1
3 0 130157 8 54.34491 plms10_1
3 0 111091 9 54.027184 plms10_1
4 0 215496 0 78.51556 plms10_1
4 0 215694 1 78.46863 plms10_1
4 0 2959735 2 78.466545 plms10_1
4 0 149007 3 77.83755 plms10_1
4 0 118029 4 66.43524 plms10_1
4 0 623142 5 64.67627 plms10_1
4 0 3162143 6 63.881626 plms10_1
4 0 107492 7 63.861015 plms10_1
4 0 145890 8 63.356716 plms10_1
4 0 145821 9 63.189262 plms10_1
5 0 183480 0 54.58277 plms10_1
5 0 111789 1 51.287354 plms10_1
5 0 110056 2 49.76842 plms10_1
5 0 118174 3 49.20166 plms10_1
5 0 108089 4 49.05565 plms10_1
5 0 2672209 5 48.224457 plms10_1
5 0 2657779 6 48.224457 plms10_1
5 0 117911 7 45.774055 plms10_1
5 0 108088 8 45.065434 plms10_1
5 0 118217 9 44.217827 plms10_1
6 0 117932 0 34.428032 plms10_1
6 0 2811844 1 32.857452 plms10_1
6 0 2959750 2 32.857452 plms10_1
6 0 118174 3 24.634197 plms10_1
6 0 110883 4 24.496233 plms10_1
6 0 2672209 5 24.03218 plms10_1
6 0 2657779 6 24.03218 plms10_1
6 0 111789 7 23.966541 plms10_1
6 0 109004 8 23.890882 plms10_1
6 0 108449 9 23.77592 plms10_1
7 0 147531 0 49.562542 plms10_1
7 0 145715 1 48.425632 plms10_1
7 0 2672535 2 48.355274 plms10_1
7 0 134749 3 47.85298 plms10_1
7 0 217512 4 47.096252 plms10_1
7 0 2655591 5 46.998383 plms10_1
7 0 145713 6 46.457333 plms10_1
7 0 214949 7 46.179558 plms10_1
7 0 215071 8 46.179558 plms10_1
7 0 3195892 9 45.69552 plms10_1
8 0 146981 0 26.482069 plms10_1
8 0 2760668 1 25.078667 plms10_1
8 0 145911 2 25.066242 plms10_1
8 0 2771248 3 24.905802 plms10_1
8 0 104034 4 23.400154 plms10_1
8 0 182991 5 22.975664 plms10_1
8 0 820904 6 22.846846 plms10_1
8 0 2812587 7 22.362389 plms10_1
8 0 2959748 8 22.362389 plms10_1
8 0 145859 9 22.235659 plms10_1
9 0 112641 0 74.569466 plms10_1
9 0 2675751 1 72.28466 plms10_1
9 0 111694 2 70.803604 plms10_1
9 0 118212 3 70.72574 plms10_1
9 0 109720 4 70.21465 plms10_1
9 0 118011 5 69.38387 plms10_1
9 0 127923 6 68.48267 plms10_1
9 0 111191 7 65.93307 plms10_1
9 0 127887 8 65.115074 plms10_1
9 0 111007 9 63.231678 plms10_1
10 0 112931 0 53.787395 plms10_1
10 0 145715 1 53.197773 plms10_1
10 0 112423 2 52.65001 plms10_1
10 0 121163 3 49.949142 plms10_1
10 0 111500 4 49.768017 plms10_1
10 0 147531 5 49.577206 plms10_1
10 0 214949 6 48.991653 plms10_1
10 0 215071 7 48.991653 plms10_1
10 0 112094 8 48.91695 plms10_1
10 0 145713 9 48.24009 plms10_1
11 0 110800 0 34.92234 plms10_1
11 0 1747 1 34.50358 plms10_1
11 0 873668 2 34.214645 plms10_1
11 0 107553 3 34.018517 plms10_1
11 0 931123 4 33.784866 plms10_1
11 0 145960 5 33.490982 plms10_1
11 0 2809767 6 33.18622 plms10_1
11 0 2811850 7 33.18622 plms10_1
11 0 620560 8 32.90442 plms10_1
11 0 2959744 9 32.838078 plms10_1
12 0 2672535 0 43.504704 plms10_1
12 0 809121 1 32.330067 plms10_1
12 0 3153112 2 31.058426 plms10_1
12 0 109096 3 29.413738 plms10_1
12 0 107099 4 28.765854 plms10_1
12 0 621195 5 28.761112 plms10_1
12 0 621270 6 28.761112 plms10_1
12 0 3207860 7 28.36689 plms10_1
12 0 109248 8 27.856691 plms10_1
12 0 2154 9 27.719555 plms10_1
13 0 802973 0 80.12804 plms10_1
13 0 803271 1 80.12804 plms10_1
13 0 2959737 2 80.12804 plms10_1
13 0 2642828 3 79.01954 plms10_1
13 0 2812588 4 73.38476 plms10_1
13 0 145967 5 70.775154 plms10_1
13 0 2959730 6 69.70188 plms10_1
13 0 802770 7 69.18989 plms10_1
13 0 614392 8 67.67024 plms10_1
13 0 614485 9 67.67024 plms10_1
14 0 2812588 0 46.096252 plms10_1
14 0 614392 1 45.99523 plms10_1
14 0 614485 2 45.99523 plms10_1
14 0 124715 3 44.72648 plms10_1
14 0 145958 4 40.74605 plms10_1
14 0 145632 5 40.60277 plms10_1
14 0 145967 6 40.57695 plms10_1
14 0 145965 7 40.311066 plms10_1
14 0 110496 8 39.03754 plms10_1
14 0 105886 9 38.81154 plms10_1
15 0 2812588 0 62.78596 plms10_1
15 0 4162111 1 51.33763 plms10_1
15 0 4015951 2 48.52188 plms10_1
15 0 4151822 3 47.8356 plms10_1
15 0 3207858 4 47.293102 plms10_1
15 0 3199501 5 44.970684 plms10_1
15 0 4106440 6 44.622616 plms10_1
15 0 3177196 7 43.31042 plms10_1
15 0 2806207 8 42.794937 plms10_1
15 0 2810525 9 42.198833 plms10_1
16 0 2812588 0 56.177406 plms10_1
16 0 4151822 1 51.555115 plms10_1
16 0 2770446 2 47.969467 plms10_1
16 0 2155 3 47.513763 plms10_1
16 0 2771249 4 45.256165 plms10_1
16 0 121146 5 41.78371 plms10_1
16 0 145817 6 41.62807 plms10_1
16 0 150540 7 41.113113 plms10_1
16 0 134747 8 40.44648 plms10_1
16 0 620561 9 40.345497 plms10_1
17 0 117987 0 31.107822 plms10_1
17 0 118230 1 30.97623 plms10_1
17 0 117968 2 30.24213 plms10_1
17 0 111302 3 30.063995 plms10_1
17 0 118125 4 30.015942 plms10_1
17 0 2672535 5 29.221962 plms10_1
17 0 110593 6 29.214897 plms10_1
17 0 1087697 7 29.186924 plms10_1
17 0 110810 8 28.926521 plms10_1
17 0 145119 9 28.594429 plms10_1
18 0 148484 0 77.116615 plms10_1
18 0 105382 1 64.20958 plms10_1
18 0 110600 2 64.18057 plms10_1
18 0 145664 3 63.698322 plms10_1
18 0 137739 4 63.387096 plms10_1
18 0 110810 5 63.098934 plms10_1
18 0 4161362 6 62.58245 plms10_1
18 0 3209687 7 62.422577 plms10_1
18 0 111880 8 62.297684 plms10_1
18 0 4151826 9 62.271446 plms10_1
19 0 104895 0 19.659561 plms10_1
19 0 111219 1 18.026587 plms10_1
19 0 105721 2 17.971272 plms10_1
19 0 106639 3 17.8521 plms10_1
19 0 112557 4 17.76752 plms10_1
19 0 110694 5 17.62952 plms10_1
19 0 117867 6 17.517921 plms10_1
19 0 109097 7 17.476862 plms10_1
19 0 111880 8 17.410685 plms10_1
19 0 620671 9 17.317682 plms10_1
20 0 118243 0 32.26322 plms10_1
20 0 108538 1 30.671806 plms10_1
20 0 866023 2 30.266846 plms10_1
20 0 136996 3 30.08268 plms10_1
20 0 111727 4 29.808884 plms10_1
20 0 118043 5 29.440393 plms10_1
20 0 111433 6 29.119081 plms10_1
20 0 626454 7 29.117722 plms10_1
20 0 111198 8 29.103855 plms10_1
20 0 106282 9 29.020767 plms10_1
21 0 2659300 0 40.67312 plms10_1
21 0 118371 1 39.496662 plms10_1
21 0 112777 2 36.994694 plms10_1
21 0 117890 3 36.746548 plms10_1
21 0 145925 4 36.55804 plms10_1
21 0 867657 5 36.459263 plms10_1
21 0 112846 6 35.78762 plms10_1
21 0 112799 7 35.697525 plms10_1
21 0 2795279 8 34.796745 plms10_1
21 0 111858 9 34.76495 plms10_1
22 0 111021 0 86.47307 plms10_1
22 0 112737 1 83.10344 plms10_1
22 0 145644 2 82.28342 plms10_1
22 0 109807 3 79.43325 plms10_1
22 0 111517 4 79.316086 plms10_1
22 0 145788 5 78.53458 plms10_1
22 0 873660 6 77.85223 plms10_1
22 0 118416 7 77.52059 plms10_1
22 0 145903 8 76.58622 plms10_1
22 0 112880 9 76.54795 plms10_1
23 0 112257 0 21.756836 plms10_1
23 0 118449 1 19.572596 plms10_1
23 0 4162535 2 19.437204 plms10_1
23 0 2810525 3 18.149937 plms10_1
23 0 2811847 4 18.149937 plms10_1
23 0 137736 5 17.93666 plms10_1
23 0 111610 6 17.366291 plms10_1
23 0 145738 7 17.250048 plms10_1
23 0 3153112 8 17.18315 plms10_1
23 0 107645 9 17.01797 plms10_1
24 0 2804671 0 30.29592 plms10_1
24 0 182558 1 29.698597 plms10_1
24 0 2801435 2 28.835203 plms10_1
24 0 2654754 3 28.115475 plms10_1
24 0 802408 4 28.015839 plms10_1
24 0 625711 5 27.801199 plms10_1
24 0 145635 6 27.017954 plms10_1
24 0 3217476 7 26.724718 plms10_1
24 0 798626 8 26.621357 plms10_1
24 0 217512 9 26.55781 plms10_1
25 0 112345 0 40.39872 plms10_1
25 0 3211503 1 39.36091 plms10_1
25 0 112616 2 37.632893 plms10_1
25 0 118021 3 33.297905 plms10_1
25 0 101911 4 31.499458 plms10_1
25 0 108632 5 30.282568 plms10_1
25 0 107971 6 30.092628 plms10_1
25 0 97004 7 28.705822 plms10_1
25 0 134732 8 28.510563 plms10_1
25 0 108129 9 28.497501 plms10_1
26 0 117872 0 57.706066 plms10_1
26 0 118026 1 56.76472 plms10_1
26 0 112324 2 56.160454 plms10_1
26 0 145758 3 55.85362 plms10_1
26 0 112616 4 55.09126 plms10_1
26 0 112045 5 54.1295 plms10_1
26 0 112724 6 53.984375 plms10_1
26 0 111056 7 53.237442 plms10_1
26 0 127910 8 52.510986 plms10_1
26 0 112259 9 51.4168 plms10_1
27 0 4157405 0 45.25447 plms10_1
27 0 4157382 1 45.252296 plms10_1
27 0 111141 2 36.99459 plms10_1
27 0 112346 3 36.859886 plms10_1
27 0 110384 4 35.572598 plms10_1
27 0 112071 5 33.646507 plms10_1
27 0 110706 6 32.22843 plms10_1
27 0 110320 7 32.083458 plms10_1
27 0 118475 8 30.333822 plms10_1
27 0 620673 9 29.652294 plms10_1
28 0 4157382 0 75.271706 plms10_1
28 0 4157405 1 75.271706 plms10_1
28 0 112346 2 57.96631 plms10_1
28 0 112523 3 53.997112 plms10_1
28 0 111141 4 53.504726 plms10_1
28 0 217703 5 50.745777 plms10_1
28 0 112308 6 49.387146 plms10_1
28 0 107063 7 46.177338 plms10_1
28 0 2679557 8 45.119625 plms10_1
28 0 110374 9 43.665535 plms10_1
29 0 112620 0 33.08625 plms10_1
29 0 205788 1 30.933466 plms10_1
29 0 4151826 2 30.8259 plms10_1
29 0 145726 3 30.664484 plms10_1
29 0 111471 4 30.622921 plms10_1
29 0 145632 5 30.50982 plms10_1
29 0 626206 6 30.137995 plms10_1
29 0 145843 7 30.05118 plms10_1
29 0 118351 8 29.65272 plms10_1
29 0 3195890 9 29.613733 plms10_1
30 0 145841 0 63.00688 plms10_1
30 0 205788 1 60.518482 plms10_1
30 0 218921 2 59.6962 plms10_1
30 0 145708 3 57.662197 plms10_1
30 0 118117 4 56.988384 plms10_1
30 0 137739 5 55.752167 plms10_1
30 0 145843 6 54.776173 plms10_1
30 0 145761 7 53.796333 plms10_1
30 0 626206 8 53.251713 plms10_1
30 0 118343 9 52.73278 plms10_1
31 0 145925 0 55.01833 plms10_1
31 0 148797 1 54.424072 plms10_1
31 0 118412 2 49.820625 plms10_1
31 0 137003 3 48.648083 plms10_1
31 0 145857 4 48.22628 plms10_1
31 0 130146 5 48.039135 plms10_1
31 0 616433 6 47.47474 plms10_1
31 0 3207859 7 46.753296 plms10_1
31 0 117966 8 46.338116 plms10_1
31 0 2784695 9 46.12171 plms10_1
32 0 110561 0 25.556269 plms10_1
32 0 112329 1 24.631067 plms10_1
32 0 118458 2 24.50253 plms10_1
32 0 118499 3 23.763945 plms10_1
32 0 118023 4 23.590437 plms10_1
32 0 118455 5 23.416126 plms10_1
32 0 109450 6 23.38201 plms10_1
32 0 118139 7 23.079195 plms10_1
32 0 112836 8 23.059175 plms10_1
32 0 130162 9 22.91486 plms10_1
33 0 2809767 0 32.725983 plms10_1
33 0 2811850 1 32.725983 plms10_1
33 0 2676594 2 27.076948 plms10_1
33 0 2675753 3 26.602392 plms10_1
33 0 2679204 4 26.602392 plms10_1
33 0 112728 5 26.02868 plms10_1
33 0 118302 6 24.613617 plms10_1
33 0 110382 7 24.421005 plms10_1
33 0 182991 8 24.204945 plms10_1
33 0 110667 9 24.046747 plms10_1
34 0 2676594 0 96.55757 plms10_1
34 0 2809767 1 96.03895 plms10_1
34 0 2811850 2 96.03895 plms10_1
34 0 2675753 3 95.73708 plms10_1
34 0 2679204 4 95.73708 plms10_1
34 0 136994 5 54.66893 plms10_1
34 0 137727 6 49.90843 plms10_1
34 0 112325 7 49.61443 plms10_1
34 0 121158 8 49.58451 plms10_1
34 0 145870 9 46.197292 plms10_1
35 0 932061 0 37.759357 plms10_1
35 0 118329 1 36.119576 plms10_1
35 0 3205767 2 36.10086 plms10_1
35 0 149005 3 35.620754 plms10_1
35 0 821306 4 35.386177 plms10_1
35 0 109586 5 34.515533 plms10_1
35 0 112268 6 33.91416 plms10_1
35 0 213843 7 33.900578 plms10_1
35 0 214063 8 33.900578 plms10_1
35 0 214467 9 33.900578 plms10_1
36 0 109923 0 45.11885 plms10_1
36 0 112259 1 45.100105 plms10_1
36 0 131163 2 44.23248 plms10_1
36 0 109703 3 42.978203 plms10_1
36 0 112069 4 42.907 plms10_1
36 0 118234 5 42.777378 plms10_1
36 0 213843 6 42.595074 plms10_1
36 0 214063 7 42.595074 plms10_1
36 0 214467 8 42.595074 plms10_1
36 0 110599 9 42.205418 plms10_1
37 0 4151829 0 45.28705 plms10_1
37 0 145731 1 43.076054 plms10_1
37 0 112910 2 42.403503 plms10_1
37 0 111982 3 40.503067 plms10_1
37 0 118269 4 38.875294 plms10_1
37 0 110742 5 38.663933 plms10_1
37 0 110774 6 38.298927 plms10_1
37 0 111420 7 37.73544 plms10_1
37 0 103870 8 37.51767 plms10_1
37 0 145855 9 37.1383 plms10_1
38 0 118269 0 76.13866 plms10_1
38 0 1993216 1 69.4618 plms10_1
38 0 4151829 2 66.77449 plms10_1
38 0 112910 3 66.490036 plms10_1
38 0 145855 4 66.08662 plms10_1
38 0 112887 5 63.973804 plms10_1
38 0 145731 6 63.464653 plms10_1
38 0 112292 7 62.140923 plms10_1
38 0 145629 8 61.569656 plms10_1
38 0 111264 9 59.175743 plms10_1
39 0 102086 0 24.953531 plms10_1
39 0 112568 1 24.795803 plms10_1
39 0 2674861 2 24.414402 plms10_1
39 0 2675754 3 24.414402 plms10_1
39 0 111432 4 23.828089 plms10_1
39 0 111502 5 23.250586 plms10_1
39 0 112420 6 23.06305 plms10_1
39 0 118182 7 22.722298 plms10_1
39 0 112855 8 22.607128 plms10_1
39 0 105058 9 22.600723 plms10_1
40 0 931120 0 27.399002 plms10_1
40 0 145943 1 27.090025 plms10_1
40 0 112348 2 24.120508 plms10_1
40 0 2810526 3 23.859524 plms10_1
40 0 149007 4 22.873777 plms10_1
40 0 3170727 5 22.803518 plms10_1
40 0 2769807 6 22.762527 plms10_1
40 0 3171723 7 22.534523 plms10_1
40 0 945737 8 22.271152 plms10_1
40 0 932059 9 22.271152 plms10_1
41 0 112585 0 41.27364 plms10_1
41 0 109186 1 40.428062 plms10_1
41 0 110132 2 38.86986 plms10_1
41 0 111198 3 38.008003 plms10_1
41 0 110075 4 37.28 plms10_1
41 0 111891 5 36.779736 plms10_1
41 0 112924 6 36.328014 plms10_1
41 0 111254 7 35.482952 plms10_1
41 0 112440 8 35.23067 plms10_1
41 0 112833 9 34.044483 plms10_1
42 0 112924 0 52.143787 plms10_1
42 0 3189783 1 51.625298 plms10_1
42 0 137003 2 50.247913 plms10_1
42 0 3177199 3 50.05942 plms10_1
42 0 117864 4 50.038685 plms10_1
42 0 118131 5 49.573524 plms10_1
42 0 3171724 6 49.547108 plms10_1
42 0 3177200 7 49.547108 plms10_1
42 0 145632 8 49.25647 plms10_1
42 0 112810 9 49.237133 plms10_1
43 0 2680590 0 23.869875 plms10_1
43 0 2959745 1 23.869875 plms10_1
43 0 112920 2 23.582027 plms10_1
43 0 112305 3 21.959843 plms10_1
43 0 118113 4 21.555696 plms10_1
43 0 94717 5 21.274797 plms10_1
43 0 100926 6 21.008335 plms10_1
43 0 103735 7 20.971802 plms10_1
43 0 93137 8 20.963911 plms10_1
43 0 90079 9 20.816343 plms10_1
44 0 183480 0 28.477135 plms10_1
44 0 2781925 1 27.342436 plms10_1
44 0 802408 2 27.172035 plms10_1
44 0 145674 3 25.341654 plms10_1
44 0 112144 4 25.03353 plms10_1
44 0 117953 5 25.022896 plms10_1
44 0 110162 6 24.899303 plms10_1
44 0 145903 7 24.58026 plms10_1
44 0 109329 8 24.5425 plms10_1
44 0 2672209 9 24.535915 plms10_1
45 0 3181481 0 28.56097 plms10_1
45 0 112309 1 27.149784 plms10_1
45 0 118496 2 27.136114 plms10_1
45 0 111754 3 26.599747 plms10_1
45 0 145755 4 26.463577 plms10_1
45 0 130159 5 26.085932 plms10_1
45 0 127691 6 26.084854 plms10_1
45 0 110757 7 26.067368 plms10_1
45 0 107663 8 25.686502 plms10_1
45 0 106592 9 25.507252 plms10_1
46 0 2804673 0 43.656837 plms10_1
46 0 145772 1 41.059643 plms10_1
46 0 866024 2 38.392303 plms10_1
46 0 858802 3 38.392303 plms10_1
46 0 623145 4 35.933693 plms10_1
46 0 618680 5 35.658516 plms10_1
46 0 3204917 6 35.09395 plms10_1
46 0 1269289 7 34.48442 plms10_1
46 0 137725 8 34.138924 plms10_1
46 0 118452 9 33.530388 plms10_1
47 0 2674861 0 42.847775 plms10_1
47 0 2675754 1 42.847775 plms10_1
47 0 121149 2 36.71789 plms10_1
47 0 108545 3 36.47216 plms10_1
47 0 96147 4 35.782978 plms10_1
47 0 111362 5 35.65401 plms10_1
47 0 118218 6 35.120193 plms10_1
47 0 105417 7 34.598892 plms10_1
47 0 142882 8 34.277664 plms10_1
47 0 103019 9 33.954105 plms10_1
48 0 2674861 0 35.51393 plms10_1
48 0 2675754 1 35.51393 plms10_1
48 0 103019 2 30.14507 plms10_1
48 0 108041 3 30.06381 plms10_1
48 0 112422 4 29.899038 plms10_1
48 0 107451 5 28.787563 plms10_1
48 0 109625 6 27.283554 plms10_1
48 0 103201 7 26.9009 plms10_1
48 0 104182 8 26.817768 plms10_1
48 0 1116658 9 26.682638 plms10_1
49 0 4162535 0 34.475117 plms10_1
49 0 2672535 1 27.509727 plms10_1
49 0 95414 2 24.503885 plms10_1
49 0 101852 3 24.053967 plms10_1
49 0 90620 4 22.797724 plms10_1
49 0 93031 5 21.967508 plms10_1
49 0 1957917 6 21.505419 plms10_1
49 0 145626 7 21.450497 plms10_1
49 0 95551 8 21.002361 plms10_1
49 0 87007 9 20.745775 plms10_1
50 0 112733 0 32.424694 plms10_1
50 0 109776 1 32.20505 plms10_1
50 0 118203 2 31.998743 plms10_1
50 0 118449 3 31.714113 plms10_1
50 0 111953 4 30.525492 plms10_1
50 0 112671 5 30.455421 plms10_1
50 0 117950 6 30.43938 plms10_1
50 0 183479 7 30.421911 plms10_1
50 0 110763 8 30.36591 plms10_1
50 0 112606 9 30.351013 plms10_1
51 0 1741 0 12.799715 plms10_1
51 0 109715 1 12.79327 plms10_1
51 0 145791 2 12.592452 plms10_1
51 0 109466 3 12.415705 plms10_1
51 0 112867 4 12.1768055 plms10_1
51 0 2808293 5 12.10856 plms10_1
51 0 107254 6 11.955757 plms10_1
51 0 127913 7 11.8041315 plms10_1
51 0 145849 8 11.670228 plms10_1
51 0 103299 9 11.617933 plms10_1
52 0 112770 0 36.00448 plms10_1
52 0 112931 1 29.236263 plms10_1
52 0 110974 2 29.162045 plms10_1
52 0 112293 3 29.074526 plms10_1
52 0 112802 4 28.672676 plms10_1
52 0 111908 5 28.508305 plms10_1
52 0 110236 6 28.435541 plms10_1
52 0 854177 7 28.408976 plms10_1
52 0 118076 8 28.349611 plms10_1
52 0 802399 9 28.285875 plms10_1
53 0 625711 0 44.568264 plms10_1
53 0 872994 1 41.124054 plms10_1
53 0 621045 2 40.13719 plms10_1
53 0 112573 3 39.55619 plms10_1
53 0 145628 4 38.381405 plms10_1
53 0 145635 5 38.122864 plms10_1
53 0 118357 6 37.681004 plms10_1
53 0 112206 7 37.312984 plms10_1
53 0 1754 8 36.771915 plms10_1
53 0 112728 9 36.570133 plms10_1
54 0 205788 0 43.885162 plms10_1
54 0 145632 1 43.371803 plms10_1
54 0 216733 2 43.066746 plms10_1
54 0 616862 3 42.33224 plms10_1
54 0 1744 4 42.309116 plms10_1
54 0 2358 5 41.942932 plms10_1
54 0 145884 6 41.8793 plms10_1
54 0 931614 7 41.4358 plms10_1
54 0 145626 8 41.425247 plms10_1
54 0 2809764 9 41.075085 plms10_1
55 0 4154603 0 93.13638 plms10_1
55 0 145731 1 69.67645 plms10_1
55 0 110774 2 68.42975 plms10_1
55 0 111261 3 65.10181 plms10_1
55 0 145855 4 59.51773 plms10_1
55 0 111420 5 57.86314 plms10_1
55 0 118269 6 57.61726 plms10_1
55 0 110021 7 53.090122 plms10_1
55 0 112910 8 50.613777 plms10_1
55 0 111982 9 46.793056 plms10_1
56 0 4154603 0 44.76873 plms10_1
56 0 145855 1 37.4418 plms10_1
56 0 145629 2 35.783195 plms10_1
56 0 2959741 3 33.603275 plms10_1
56 0 931616 4 33.603275 plms10_1
56 0 2677564 5 33.204693 plms10_1
56 0 2678135 6 33.204693 plms10_1
56 0 145731 7 31.220623 plms10_1
56 0 2679558 8 30.65723 plms10_1
56 0 2811845 9 29.019957 plms10_1
57 0 145907 0 13.091988 plms10_1
57 0 145745 1 13.085828 plms10_1
57 0 147953 2 12.778311 plms10_1
57 0 148480 3 12.778311 plms10_1
57 0 110355 4 12.651692 plms10_1
57 0 2804673 5 12.624093 plms10_1
57 0 145772 6 12.540744 plms10_1
57 0 112802 7 12.511717 plms10_1
57 0 3209687 8 12.459825 plms10_1
57 0 799986 9 12.308776 plms10_1
58 0 118467 0 28.6968 plms10_1
58 0 821305 1 28.598925 plms10_1
58 0 2811845 2 27.469158 plms10_1
58 0 117867 3 27.196285 plms10_1
58 0 106152 4 27.04569 plms10_1
58 0 117832 5 26.98371 plms10_1
58 0 112458 6 26.977972 plms10_1
58 0 145804 7 26.877663 plms10_1
58 0 118282 8 26.791246 plms10_1
58 0 2672207 9 26.779242 plms10_1
59 0 2788983 0 88.57132 plms10_1
59 0 4170685 1 87.21142 plms10_1
59 0 145627 2 82.524796 plms10_1
59 0 931614 3 81.26909 plms10_1
59 0 112824 4 80.529 plms10_1
59 0 112905 5 79.38877 plms10_1
59 0 130158 6 79.09886 plms10_1
59 0 117968 7 78.95326 plms10_1
59 0 118037 8 78.922104 plms10_1
59 0 111736 9 77.42394 plms10_1
60 0 931614 0 62.627514 plms10_1
60 0 127905 1 59.07376 plms10_1
60 0 118257 2 58.945 plms10_1
60 0 109810 3 56.910385 plms10_1
60 0 110510 4 56.90764 plms10_1
60 0 145856 5 56.756912 plms10_1
60 0 118334 6 56.315178 plms10_1
60 0 3195891 7 56.301315 plms10_1
60 0 109949 8 53.687023 plms10_1
60 0 109706 9 53.066536 plms10_1
61 0 2812210 0 77.56184 plms10_1
61 0 145923 1 72.53508 plms10_1
61 0 219815 2 72.321175 plms10_1
61 0 145743 3 70.39467 plms10_1
61 0 218457 4 68.39702 plms10_1
61 0 3195092 5 66.29467 plms10_1
61 0 1732 6 66.239914 plms10_1
61 0 1087955 7 60.9716 plms10_1
61 0 2620704 8 58.29949 plms10_1
61 0 218132 9 57.339912 plms10_1
62 0 110091 0 36.244495 plms10_1
62 0 117832 1 36.13928 plms10_1
62 0 802770 2 35.94002 plms10_1
62 0 118381 3 35.697197 plms10_1
62 0 118188 4 35.647964 plms10_1
62 0 205788 5 35.447178 plms10_1
62 0 218921 6 35.359158 plms10_1
62 0 118045 7 34.957024 plms10_1
62 0 219512 8 34.93805 plms10_1
62 0 145708 9 34.878597 plms10_1
63 0 97274 0 12.286164 plms10_1
63 0 97779 1 12.185162 plms10_1
63 0 106208 2 12.102031 plms10_1
63 0 96019 3 11.97773 plms10_1
63 0 1332352 4 11.942256 plms10_1
63 0 1095862 5 11.883057 plms10_1
63 0 102072 6 11.769755 plms10_1
63 0 105496 7 11.76599 plms10_1
63 0 96350 8 11.761386 plms10_1
63 0 97873 9 11.663698 plms10_1
64 0 2758568 0 54.994377 plms10_1
64 0 145895 1 48.343857 plms10_1
64 0 110645 2 43.767616 plms10_1
64 0 102061 3 39.948963 plms10_1
64 0 109773 4 39.380272 plms10_1
64 0 111051 5 39.20464 plms10_1
64 0 111082 6 38.906445 plms10_1
64 0 110542 7 37.48986 plms10_1
64 0 111936 8 37.349022 plms10_1
64 0 150540 9 36.685635 plms10_1
65 0 118123 0 25.394444 plms10_1
65 0 112677 1 16.492966 plms10_1
65 0 111285 2 15.671227 plms10_1
65 0 145867 3 15.570523 plms10_1
65 0 112016 4 15.542758 plms10_1
65 0 112935 5 15.275963 plms10_1
65 0 111051 6 15.038713 plms10_1
65 0 4151825 7 14.853498 plms10_1
65 0 122242 8 14.605646 plms10_1
65 0 111838 9 14.368086 plms10_1
66 0 3211501 0 53.008682 plms10_1
66 0 145867 1 51.60137 plms10_1
66 0 111632 2 50.573936 plms10_1
66 0 112935 3 42.585117 plms10_1
66 0 112547 4 40.807564 plms10_1
66 0 112106 5 40.719772 plms10_1
66 0 121170 6 36.620506 plms10_1
66 0 110251 7 35.732742 plms10_1
66 0 111803 8 35.060516 plms10_1
66 0 110645 9 34.32403 plms10_1
67 0 867645 0 29.527975 plms10_1
67 0 103093 1 25.0998 plms10_1
67 0 145800 2 24.928947 plms10_1
67 0 145635 3 24.561466 plms10_1
67 0 145664 4 24.346361 plms10_1
67 0 110753 5 24.334658 plms10_1
67 0 104194 6 24.258774 plms10_1
67 0 102083 7 24.066866 plms10_1
67 0 88797 8 23.877499 plms10_1
67 0 106757 9 23.868473 plms10_1
68 0 103675 0 53.21366 plms10_1
68 0 100945 1 48.201447 plms10_1
68 0 106930 2 44.97434 plms10_1
68 0 106483 3 44.92663 plms10_1
68 0 104522 4 44.88749 plms10_1
68 0 103678 5 44.315765 plms10_1
68 0 99167 6 44.078835 plms10_1
68 0 2455531 7 44.05752 plms10_1
68 0 99090 8 43.92352 plms10_1
68 0 103093 9 43.45916 plms10_1
69 0 112719 0 34.64505 plms10_1
69 0 117927 1 34.323597 plms10_1
69 0 118363 2 34.31884 plms10_1
69 0 111438 3 34.28497 plms10_1
69 0 799975 4 34.119793 plms10_1
69 0 109510 5 34.09479 plms10_1
69 0 118098 6 33.970406 plms10_1
69 0 112881 7 33.8942 plms10_1
69 0 799995 8 33.546093 plms10_1
69 0 127899 9 33.46267 plms10_1
70 0 118111 0 47.06873 plms10_1
70 0 111709 1 46.77909 plms10_1
70 0 112534 2 45.326256 plms10_1
70 0 118080 3 42.41278 plms10_1
70 0 117961 4 41.083504 plms10_1
70 0 117927 5 40.852394 plms10_1
70 0 1087961 6 40.70335 plms10_1
70 0 118317 7 40.400063 plms10_1
70 0 117859 8 40.15761 plms10_1
70 0 118379 9 39.60425 plms10_1
71 0 118052 0 47.078224 plms10_1
71 0 112904 1 46.590355 plms10_1
71 0 118234 2 43.861107 plms10_1
71 0 110331 3 43.12703 plms10_1
71 0 112914 4 41.023926 plms10_1
71 0 118005 5 40.24593 plms10_1
71 0 111103 6 39.039833 plms10_1
71 0 112311 7 38.705666 plms10_1
71 0 108303 8 38.659863 plms10_1
71 0 112324 9 38.54596 plms10_1
72 0 118052 0 36.93286 plms10_1
72 0 112904 1 36.652824 plms10_1
72 0 117979 2 35.256 plms10_1
72 0 109721 3 35.027634 plms10_1
72 0 3189783 4 34.863377 plms10_1
72 0 112311 5 34.44401 plms10_1
72 0 118234 6 34.231815 plms10_1
72 0 112914 7 34.18366 plms10_1
72 0 2654533 8 34.15547 plms10_1
72 0 2654756 9 34.15547 plms10_1
73 0 2804674 0 43.762943 plms10_1
73 0 145624 1 41.79968 plms10_1
73 0 1087954 2 41.705055 plms10_1
73 0 118043 3 41.183563 plms10_1
73 0 111425 4 39.45513 plms10_1
73 0 110692 5 38.515995 plms10_1
73 0 145638 6 38.11732 plms10_1
73 0 868383 7 37.124817 plms10_1
73 0 145881 8 35.926003 plms10_1
73 0 118162 9 34.96979 plms10_1
74 0 2804674 0 36.021465 plms10_1
74 0 112774 1 35.88688 plms10_1
74 0 218667 2 34.386433 plms10_1
74 0 108616 3 34.327915 plms10_1
74 0 219734 4 33.036068 plms10_1
74 0 3183079 5 33.016212 plms10_1
74 0 110798 6 32.842213 plms10_1
74 0 127908 7 32.66495 plms10_1
74 0 110398 8 32.233204 plms10_1
74 0 103459 9 31.951797 plms10_1
75 0 118226 0 67.30797 plms10_1
75 0 112347 1 62.19247 plms10_1
75 0 111291 2 61.25782 plms10_1
75 0 2678134 3 60.928127 plms10_1
75 0 2672210 4 60.15181 plms10_1
75 0 2654755 5 60.15181 plms10_1
75 0 106659 6 59.49969 plms10_1
75 0 110779 7 59.011364 plms10_1
75 0 2677565 8 58.421036 plms10_1
75 0 110964 9 58.367188 plms10_1
76 0 1740 0 47.85186 plms10_1
76 0 108900 1 46.512848 plms10_1
76 0 145799 2 45.673397 plms10_1
76 0 118390 3 45.52665 plms10_1
76 0 2679833 4 45.418026 plms10_1
76 0 2680440 5 45.418026 plms10_1
76 0 111945 6 44.936615 plms10_1
76 0 111508 7 44.875786 plms10_1
76 0 145652 8 44.375195 plms10_1
76 0 150540 9 43.648575 plms10_1
77 0 104355 0 36.495995 plms10_1
77 0 112626 1 34.85713 plms10_1
77 0 111455 2 34.53504 plms10_1
77 0 111610 3 34.190044 plms10_1
77 0 112646 4 33.61359 plms10_1
77 0 97242 5 32.905235 plms10_1
77 0 112693 6 32.291233 plms10_1
77 0 110223 7 32.274117 plms10_1
77 0 108605 8 31.653728 plms10_1
77 0 109535 9 31.43584 plms10_1
78 0 2812588 0 69.95193 plms10_1
78 0 145632 1 68.79665 plms10_1
78 0 111717 2 65.887245 plms10_1
78 0 117899 3 65.878654 plms10_1
78 0 799976 4 65.56657 plms10_1
78 0 112485 5 65.33434 plms10_1
78 0 111250 6 64.3456 plms10_1
78 0 118022 7 63.979828 plms10_1
78 0 111092 8 63.289158 plms10_1
78 0 122258 9 63.257523 plms10_1
79 0 111009 0 71.0305 plms10_1
79 0 118143 1 66.51989 plms10_1
79 0 111470 2 62.03386 plms10_1
79 0 2680438 3 52.659874 plms10_1
79 0 110221 4 47.843914 plms10_1
79 0 3171728 5 44.303513 plms10_1
79 0 903979 6 36.948654 plms10_1
79 0 902768 7 36.948654 plms10_1
79 0 118375 8 35.405495 plms10_1
79 0 106328 9 34.803936 plms10_1
80 0 108900 0 39.000717 plms10_1
80 0 2679833 1 37.378834 plms10_1
80 0 2680440 2 37.378834 plms10_1
80 0 149285 3 37.185593 plms10_1
80 0 112738 4 36.481228 plms10_1
80 0 98551 5 35.23903 plms10_1
80 0 4106441 6 34.8553 plms10_1
80 0 142889 7 34.4665 plms10_1
80 0 118376 8 34.412502 plms10_1
80 0 111502 9 34.39647 plms10_1
81 0 4157383 0 21.515268 plms10_1
81 0 112260 1 21.143078 plms10_1
81 0 118373 2 21.024904 plms10_1
81 0 111914 3 20.932917 plms10_1
81 0 799991 4 20.850077 plms10_1
81 0 110073 5 20.182562 plms10_1
81 0 3209687 6 20.020332 plms10_1
81 0 145881 7 19.875565 plms10_1
81 0 111360 8 19.815662 plms10_1
81 0 118091 9 19.723673 plms10_1
82 0 821305 0 28.13815 plms10_1
82 0 112869 1 27.74648 plms10_1
82 0 105931 2 27.377205 plms10_1
82 0 104132 3 27.281189 plms10_1
82 0 112305 4 26.794714 plms10_1
82 0 104194 5 26.713266 plms10_1
82 0 112292 6 26.639341 plms10_1
82 0 111106 7 26.5244 plms10_1
82 0 112803 8 26.47235 plms10_1
82 0 117837 9 26.45096 plms10_1
83 0 145859 0 78.774605 plms10_1
83 0 111151 1 59.313934 plms10_1
83 0 111246 2 58.251114 plms10_1
83 0 111194 3 57.715786 plms10_1
83 0 111664 4 57.12304 plms10_1
83 0 111103 5 56.336884 plms10_1
83 0 111663 6 56.266216 plms10_1
83 0 137746 7 55.953243 plms10_1
83 0 820896 8 55.78751 plms10_1
83 0 109894 9 53.495747 plms10_1
84 0 145859 0 75.69386 plms10_1
84 0 111151 1 69.902824 plms10_1
84 0 111664 2 67.82434 plms10_1
84 0 110361 3 67.662895 plms10_1
84 0 109200 4 66.23784 plms10_1
84 0 800858 5 66.125404 plms10_1
84 0 109893 6 64.73376 plms10_1
84 0 122251 7 64.30422 plms10_1
84 0 110473 8 64.09021 plms10_1
84 0 110731 9 63.915638 plms10_1
85 0 802973 0 58.953728 plms10_1
85 0 803271 1 58.953728 plms10_1
85 0 2959737 2 58.953728 plms10_1
85 0 137749 3 51.307186 plms10_1
85 0 150543 4 48.426548 plms10_1
85 0 2959732 5 48.426548 plms10_1
85 0 146553 6 47.96394 plms10_1
85 0 146790 7 47.96394 plms10_1
85 0 111586 8 46.775375 plms10_1
85 0 218925 9 46.12075 plms10_1
86 0 3171724 0 48.462143 plms10_1
86 0 3177199 1 48.462143 plms10_1
86 0 3177200 2 48.462143 plms10_1
86 0 3195092 3 41.836475 plms10_1
86 0 3205766 4 37.36277 plms10_1
86 0 802973 5 36.43846 plms10_1
86 0 803271 6 36.43846 plms10_1
86 0 2959737 7 36.43846 plms10_1
86 0 3170730 8 35.070835 plms10_1
86 0 3177197 9 35.070835 plms10_1
87 0 143378 0 40.240925 plms10_1
87 0 112807 1 38.727127 plms10_1
87 0 112746 2 38.29953 plms10_1
87 0 112080 3 37.469715 plms10_1
87 0 111170 4 36.810707 plms10_1
87 0 136998 5 36.392204 plms10_1
87 0 118109 6 36.27906 plms10_1
87 0 117899 7 34.814476 plms10_1
87 0 111186 8 34.27337 plms10_1
87 0 1088038 9 34.075264 plms10_1
88 0 625833 0 35.904755 plms10_1
88 0 145122 1 35.834373 plms10_1
88 0 111170 2 34.738174 plms10_1
88 0 130159 3 34.28591 plms10_1
88 0 182991 4 34.07699 plms10_1
88 0 625711 5 33.943222 plms10_1
88 0 127691 6 33.831802 plms10_1
88 0 147529 7 33.55254 plms10_1
88 0 145770 8 33.543343 plms10_1
88 0 182992 9 33.188152 plms10_1
89 0 4151822 0 130.56439 plms10_1
89 0 2812588 1 117.078606 plms10_1
89 0 4162110 2 97.57915 plms10_1
89 0 2770446 3 95.266045 plms10_1
89 0 145817 4 71.586105 plms10_1
89 0 4106440 5 68.74583 plms10_1
89 0 145647 6 66.32311 plms10_1
89 0 145954 7 64.84646 plms10_1
89 0 134747 8 62.687298 plms10_1
89 0 111029 9 61.69123 plms10_1
90 0 145626 0 18.24007 plms10_1
90 0 109643 1 18.059114 plms10_1
90 0 109921 2 17.77049 plms10_1
90 0 118054 3 17.559464 plms10_1
90 0 118420 4 17.250887 plms10_1
90 0 109079 5 17.12165 plms10_1
90 0 2620698 6 16.893915 plms10_1
90 0 109776 7 16.632711 plms10_1
90 0 109080 8 16.504326 plms10_1
90 0 109016 9 16.35744 plms10_1
91 0 3212514 0 65.290085 plms10_1
91 0 219097 1 50.758373 plms10_1
91 0 145892 2 48.947025 plms10_1
91 0 145785 3 47.05103 plms10_1
91 0 1087959 4 47.029285 plms10_1
91 0 856791 5 46.12431 plms10_1
91 0 110032 6 45.977325 plms10_1
91 0 624280 7 44.94511 plms10_1
91 0 118507 8 43.67625 plms10_1
91 0 109043 9 43.250854 plms10_1
92 0 3212514 0 26.905886 plms10_1
92 0 2675751 1 20.718681 plms10_1
92 0 4162936 2 19.818466 plms10_1
92 0 109818 3 19.781258 plms10_1
92 0 111820 4 19.7048 plms10_1
92 0 111828 5 19.674215 plms10_1
92 0 109857 6 19.475721 plms10_1
92 0 111694 7 19.304749 plms10_1
92 0 112241 8 18.807932 plms10_1
92 0 111191 9 18.745813 plms10_1
93 0 110877 0 100.19508 plms10_1
93 0 118107 1 96.86826 plms10_1
93 0 118334 2 96.501785 plms10_1
93 0 130158 3 95.99535 plms10_1
93 0 109610 4 89.23948 plms10_1
93 0 4151827 5 87.32039 plms10_1
93 0 110248 6 85.96727 plms10_1
93 0 931614 7 85.16771 plms10_1
93 0 2788983 8 84.91067 plms10_1
93 0 110200 9 83.920685 plms10_1
94 0 931614 0 116.75858 plms10_1
94 0 3195891 1 102.957214 plms10_1
94 0 4151827 2 101.114006 plms10_1
94 0 2788983 3 95.91371 plms10_1
94 0 130158 4 82.50197 plms10_1
94 0 145901 5 81.143585 plms10_1
94 0 117874 6 78.33828 plms10_1
94 0 118107 7 77.685265 plms10_1
94 0 118334 8 77.55184 plms10_1
94 0 118129 9 77.31636 plms10_1
95 0 107232 0 32.153606 plms10_1
95 0 108555 1 30.857721 plms10_1
95 0 105495 2 29.85877 plms10_1
95 0 107794 3 26.724403 plms10_1
95 0 107475 4 26.162403 plms10_1
95 0 111385 5 24.758978 plms10_1
95 0 108161 6 24.15177 plms10_1
95 0 101863 7 24.150982 plms10_1
95 0 112765 8 23.938934 plms10_1
95 0 112343 9 23.816784 plms10_1
96 0 104330 0 19.185762 plms10_1
96 0 91961 1 18.871696 plms10_1
96 0 91505 2 18.858837 plms10_1
96 0 2650505 3 18.688366 plms10_1
96 0 104523 4 18.67131 plms10_1
96 0 86280 5 18.460608 plms10_1
96 0 108711 6 18.311138 plms10_1
96 0 106657 7 18.21592 plms10_1
96 0 108330 8 18.20992 plms10_1
96 0 2959738 9 18.147528 plms10_1
97 0 112101 0 45.22711 plms10_1
97 0 111922 1 35.744267 plms10_1
97 0 136993 2 31.044418 plms10_1
97 0 118379 3 26.531609 plms10_1
97 0 2806208 4 26.419971 plms10_1
97 0 2808294 5 26.419971 plms10_1
97 0 134751 6 25.904207 plms10_1
97 0 145822 7 25.732664 plms10_1
97 0 105412 8 25.491266 plms10_1
97 0 109772 9 25.423445 plms10_1
98 0 2655591 0 34.06924 plms10_1
98 0 103809 1 32.939964 plms10_1
98 0 145903 2 32.89201 plms10_1
98 0 145822 3 32.758045 plms10_1
98 0 117902 4 32.492283 plms10_1
98 0 118148 5 32.035583 plms10_1
98 0 2676593 6 31.900383 plms10_1
98 0 110146 7 31.643341 plms10_1
98 0 117832 8 31.614964 plms10_1
98 0 110996 9 31.607428 plms10_1
99 0 112267 0 60.537724 plms10_1
99 0 111884 1 46.39245 plms10_1
99 0 110552 2 45.38547 plms10_1
99 0 118121 3 40.468094 plms10_1
99 0 109976 4 39.18285 plms10_1
99 0 104759 5 36.534935 plms10_1
99 0 110578 6 36.227367 plms10_1
99 0 145914 7 34.338123 plms10_1
99 0 109673 8 33.940487 plms10_1
99 0 112723 9 32.90578 plms10_1
100 0 112267 0 95.14474 plms10_1
100 0 110552 1 85.0357 plms10_1
100 0 111884 2 68.78901 plms10_1
100 0 111886 3 67.703316 plms10_1
100 0 112723 4 64.4141 plms10_1
100 0 102981 5 63.71055 plms10_1
100 0 110098 6 61.83231 plms10_1
100 0 109678 7 61.13822 plms10_1
100 0 112227 8 60.815174 plms10_1
100 0 109633 9 59.68787 plms10_1
