1 0 106448 0 19.221725 plms4_10
1 0 102956 1 17.949656 plms4_10
1 0 104696 2 17.798851 plms4_10
1 0 101572 3 17.742895 plms4_10
1 0 96959 4 16.630087 plms4_10
1 0 1218943 5 16.292711 plms4_10
1 0 100509 6 16.225723 plms4_10
1 0 101120 7 16.194893 plms4_10
1 0 102529 8 16.194622 plms4_10
1 0 104200 9 16.170496 plms4_10
2 0 84884 0 10.294324 plms4_10
2 0 84791 1 9.876744 plms4_10
2 0 85680 2 9.841482 plms4_10
2 0 94143 3 9.436421 plms4_10
2 0 84798 4 9.367046 plms4_10
2 0 1087735 5 9.273134 plms4_10
2 0 95917 6 9.11647 plms4_10
2 0 85297 7 9.095692 plms4_10
2 0 89557 8 9.07425 plms4_10
2 0 86376 9 9.073874 plms4_10
3 0 107492 0 21.23974 plms4_10
3 0 118029 1 20.96026 plms4_10
3 0 215496 2 20.91772 plms4_10
3 0 215694 3 20.91772 plms4_10
3 0 2959735 4 20.91668 plms4_10
3 0 105171 5 20.911236 plms4_10
3 0 111361 6 20.903782 plms4_10
3 0 109066 7 20.858603 plms4_10
3 0 118394 8 20.828312 plms4_10
3 0 903973 9 20.824282 plms4_10
4 0 102354 0 38.648655 plms4_10
4 0 215496 1 38.074192 plms4_10
4 0 215694 2 38.074192 plms4_10
4 0 2959735 3 38.07211 plms4_10
4 0 118248 4 36.584484 plms4_10
4 0 149288 5 36.480576 plms4_10
4 0 111091 6 36.020718 plms4_10
4 0 112623 7 35.93473 plms4_10
4 0 106084 8 35.911488 plms4_10
4 0 122248 9 35.857822 plms4_10
5 0 110056 0 20.852856 plms4_10
5 0 117911 1 19.968779 plms4_10
5 0 111789 2 19.921011 plms4_10
5 0 183480 3 18.31811 plms4_10
5 0 108089 4 18.174631 plms4_10
5 0 108088 5 17.943918 plms4_10
5 0 145731 6 17.85481 plms4_10
5 0 107872 7 17.79868 plms4_10
5 0 109041 8 17.514849 plms4_10
5 0 2621076 9 17.144396 plms4_10
6 0 2811844 0 20.597914 plms4_10
6 0 2959750 1 20.597914 plms4_10
6 0 117932 2 19.520401 plms4_10
6 0 105790 3 18.73488 plms4_10
6 0 106257 4 16.433853 plms4_10
6 0 110048 5 15.905952 plms4_10
6 0 105695 6 14.545866 plms4_10
6 0 108449 7 14.442689 plms4_10
6 0 110883 8 14.149374 plms4_10
6 0 110176 9 13.396879 plms4_10
7 0 2675751 0 28.114662 plms4_10
7 0 145715 1 28.08385 plms4_10
7 0 147531 2 27.81539 plms4_10
7 0 145868 3 26.846176 plms4_10
7 0 3195892 4 26.529247 plms4_10
7 0 2678467 5 26.399166 plms4_10
7 0 2679202 6 26.399166 plms4_10
7 0 2959746 7 26.399166 plms4_10
7 0 112827 8 25.922287 plms4_10
7 0 3158927 9 25.646727 plms4_10
8 0 95311 0 12.745266 plms4_10
8 0 2771248 1 12.735073 plms4_10
8 0 2760668 2 12.584638 plms4_10
8 0 95262 3 12.509347 plms4_10
8 0 84842 4 12.482608 plms4_10
8 0 95551 5 12.363136 plms4_10
8 0 88055 6 12.299037 plms4_10
8 0 85160 7 12.24425 plms4_10
8 0 2620980 8 12.186214 plms4_10
8 0 100347 9 12.174917 plms4_10
9 0 110543 0 35.528843 plms4_10
9 0 2675751 1 30.934853 plms4_10
9 0 111680 2 30.5813 plms4_10
9 0 127923 3 30.260202 plms4_10
9 0 127887 4 30.255419 plms4_10
9 0 118212 5 30.133207 plms4_10
9 0 103995 6 29.791122 plms4_10
9 0 112641 7 29.713875 plms4_10
9 0 103120 8 29.561323 plms4_10
9 0 142882 9 29.472713 plms4_10
10 0 111541 0 19.402658 plms4_10
10 0 145697 1 19.105104 plms4_10
10 0 112641 2 18.147017 plms4_10
10 0 110923 3 17.945852 plms4_10
10 0 145713 4 17.922655 plms4_10
10 0 112931 5 17.874685 plms4_10
10 0 145665 6 17.674475 plms4_10
10 0 112537 7 17.55175 plms4_10
10 0 111503 8 17.51375 plms4_10
10 0 215077 9 17.488373 plms4_10
11 0 616357 0 20.464888 plms4_10
11 0 3187209 1 19.914177 plms4_10
11 0 809121 2 19.863928 plms4_10
11 0 145916 3 19.63613 plms4_10
11 0 1757 4 19.124561 plms4_10
11 0 108288 5 18.882973 plms4_10
11 0 623142 6 18.471325 plms4_10
11 0 145926 7 18.321077 plms4_10
11 0 621195 8 17.995134 plms4_10
11 0 621270 9 17.995134 plms4_10
12 0 2680438 0 18.293028 plms4_10
12 0 2672535 1 17.299896 plms4_10
12 0 3153112 2 16.660053 plms4_10
12 0 96880 3 16.326145 plms4_10
12 0 2812586 4 16.081753 plms4_10
12 0 95142 5 15.813137 plms4_10
12 0 2675749 6 15.7182045 plms4_10
12 0 2810525 7 15.526253 plms4_10
12 0 2811847 8 15.526253 plms4_10
12 0 206098 9 15.497324 plms4_10
13 0 614392 0 25.7641 plms4_10
13 0 614485 1 25.7641 plms4_10
13 0 4162111 2 25.45703 plms4_10
13 0 1749 3 24.368269 plms4_10
13 0 3170728 4 24.119877 plms4_10
13 0 148795 5 23.753788 plms4_10
13 0 2812588 6 23.410803 plms4_10
13 0 1752 7 23.210121 plms4_10
13 0 3209687 8 22.11121 plms4_10
13 0 2670965 9 20.937363 plms4_10
14 0 3199501 0 20.266369 plms4_10
14 0 124715 1 19.057713 plms4_10
14 0 145958 2 18.22032 plms4_10
14 0 111455 3 17.441332 plms4_10
14 0 3205768 4 17.324589 plms4_10
14 0 614392 5 17.11255 plms4_10
14 0 614485 6 17.11255 plms4_10
14 0 111591 7 16.967747 plms4_10
14 0 2812588 8 16.923035 plms4_10
14 0 105690 9 16.734901 plms4_10
15 0 2812588 0 28.453732 plms4_10
15 0 2810525 1 28.142384 plms4_10
15 0 2811847 2 28.142384 plms4_10
15 0 2809767 3 27.166012 plms4_10
15 0 2811850 4 27.166012 plms4_10
15 0 2812587 5 25.429132 plms4_10
15 0 2959748 6 25.429132 plms4_10
15 0 2812210 7 25.35512 plms4_10
15 0 2809766 8 25.09078 plms4_10
15 0 2811849 9 25.09078 plms4_10
16 0 2812588 0 18.838724 plms4_10
16 0 145965 1 18.829103 plms4_10
16 0 624280 2 17.542929 plms4_10
16 0 111029 3 17.052633 plms4_10
16 0 111447 4 16.999252 plms4_10
16 0 111831 5 16.869247 plms4_10
16 0 3199501 6 16.770397 plms4_10
16 0 2152 7 16.754526 plms4_10
16 0 2155 8 16.66875 plms4_10
16 0 150540 9 16.475777 plms4_10
17 0 111302 0 15.130831 plms4_10
17 0 112571 1 14.337115 plms4_10
17 0 109323 2 14.27829 plms4_10
17 0 2672535 3 13.417193 plms4_10
17 0 3187209 4 13.403012 plms4_10
17 0 618679 5 13.224922 plms4_10
17 0 121172 6 13.109787 plms4_10
17 0 108437 7 13.106101 plms4_10
17 0 118287 8 13.084223 plms4_10
17 0 108432 9 13.060409 plms4_10
18 0 104404 0 25.375732 plms4_10
18 0 145865 1 25.310532 plms4_10
18 0 110265 2 25.135214 plms4_10
18 0 145695 3 24.89974 plms4_10
18 0 813289 4 24.877354 plms4_10
18 0 109880 5 24.829618 plms4_10
18 0 112835 6 24.784847 plms4_10
18 0 110810 7 24.775045 plms4_10
18 0 112126 8 24.636 plms4_10
18 0 112490 9 24.587387 plms4_10
19 0 97519 0 8.685672 plms4_10
19 0 92051 1 8.135288 plms4_10
19 0 99642 2 7.9159565 plms4_10
19 0 96303 3 7.8717785 plms4_10
19 0 99295 4 7.8717785 plms4_10
19 0 93178 5 7.798399 plms4_10
19 0 94031 6 7.6740813 plms4_10
19 0 109486 7 7.638998 plms4_10
19 0 99782 8 7.5875278 plms4_10
19 0 87929 9 7.5484285 plms4_10
20 0 108897 0 16.720707 plms4_10
20 0 107322 1 15.036082 plms4_10
20 0 107014 2 14.151587 plms4_10
20 0 4151825 3 14.112034 plms4_10
20 0 2516349 4 13.89309 plms4_10
20 0 118243 5 13.801313 plms4_10
20 0 118442 6 13.779386 plms4_10
20 0 109465 7 13.585256 plms4_10
20 0 96619 8 13.538087 plms4_10
20 0 95716 9 13.402192 plms4_10
21 0 118371 0 17.005026 plms4_10
21 0 112846 1 16.62822 plms4_10
21 0 205315 2 15.580621 plms4_10
21 0 112068 3 15.430648 plms4_10
21 0 799983 4 15.270132 plms4_10
21 0 111858 5 14.999649 plms4_10
21 0 112512 6 14.986322 plms4_10
21 0 2659300 7 14.683368 plms4_10
21 0 145902 8 14.635278 plms4_10
21 0 111920 9 14.579493 plms4_10
22 0 111476 0 33.47455 plms4_10
22 0 109282 1 31.284248 plms4_10
22 0 110694 2 30.823282 plms4_10
22 0 111020 3 30.362183 plms4_10
22 0 111021 4 30.257862 plms4_10
22 0 111553 5 29.495152 plms4_10
22 0 118506 6 29.07234 plms4_10
22 0 110695 7 28.844412 plms4_10
22 0 112132 8 28.694002 plms4_10
22 0 106715 9 28.236988 plms4_10
23 0 107645 0 8.293313 plms4_10
23 0 108653 1 7.948611 plms4_10
23 0 104933 2 7.8752227 plms4_10
23 0 106793 3 7.799779 plms4_10
23 0 145728 4 7.700272 plms4_10
23 0 118180 5 7.677315 plms4_10
23 0 88428 6 7.5752687 plms4_10
23 0 103792 7 7.5141287 plms4_10
23 0 623144 8 7.4301586 plms4_10
23 0 105744 9 7.3710146 plms4_10
24 0 112846 0 14.985699 plms4_10
24 0 112257 1 14.748502 plms4_10
24 0 112693 2 13.64333 plms4_10
24 0 118449 3 12.897259 plms4_10
24 0 1738 4 12.699492 plms4_10
24 0 109087 5 12.677174 plms4_10
24 0 86423 6 12.507455 plms4_10
24 0 2810525 7 12.427785 plms4_10
24 0 2811847 8 12.427785 plms4_10
24 0 96594 9 12.090642 plms4_10
25 0 108129 0 17.135649 plms4_10
25 0 108632 1 15.425314 plms4_10
25 0 799970 2 14.735985 plms4_10
25 0 112345 3 14.6230345 plms4_10
25 0 109306 4 13.418207 plms4_10
25 0 97004 5 13.398789 plms4_10
25 0 99621 6 13.059134 plms4_10
25 0 96026 7 13.026019 plms4_10
25 0 96797 8 12.808888 plms4_10
25 0 118078 9 12.756614 plms4_10
26 0 145758 0 37.28823 plms4_10
26 0 118026 1 37.251984 plms4_10
26 0 112324 2 36.698452 plms4_10
26 0 117872 3 35.11861 plms4_10
26 0 127910 4 34.509678 plms4_10
26 0 112616 5 34.098896 plms4_10
26 0 110086 6 33.561573 plms4_10
26 0 112724 7 33.54688 plms4_10
26 0 111056 8 32.84346 plms4_10
26 0 112045 9 32.73451 plms4_10
27 0 4157382 0 20.137367 plms4_10
27 0 4157405 1 20.137367 plms4_10
27 0 109704 2 19.952612 plms4_10
27 0 111141 3 19.758398 plms4_10
27 0 112071 4 19.51735 plms4_10
27 0 118475 5 18.891539 plms4_10
27 0 145827 6 18.482574 plms4_10
27 0 110384 7 18.20007 plms4_10
27 0 118305 8 18.091694 plms4_10
27 0 3204918 9 17.778086 plms4_10
28 0 4157382 0 31.579344 plms4_10
28 0 4157405 1 31.579344 plms4_10
28 0 112346 2 27.932407 plms4_10
28 0 111141 3 25.945658 plms4_10
28 0 103617 4 23.408266 plms4_10
28 0 112523 5 22.335909 plms4_10
28 0 110902 6 21.500034 plms4_10
28 0 110384 7 21.287447 plms4_10
28 0 101070 8 21.021118 plms4_10
28 0 107063 9 20.550339 plms4_10
29 0 145843 0 19.223333 plms4_10
29 0 205788 1 19.206486 plms4_10
29 0 118073 2 19.178902 plms4_10
29 0 112383 3 19.161978 plms4_10
29 0 4151826 4 19.050442 plms4_10
29 0 899483 5 18.95819 plms4_10
29 0 145708 6 18.7319 plms4_10
29 0 111473 7 18.62907 plms4_10
29 0 110984 8 18.590982 plms4_10
29 0 112485 9 18.491257 plms4_10
30 0 205788 0 34.533257 plms4_10
30 0 145708 1 33.025127 plms4_10
30 0 145841 2 32.875828 plms4_10
30 0 137739 3 31.298954 plms4_10
30 0 218921 4 29.276104 plms4_10
30 0 145916 5 29.246262 plms4_10
30 0 112704 6 29.170437 plms4_10
30 0 145843 7 28.978764 plms4_10
30 0 118045 8 28.801264 plms4_10
30 0 118117 9 28.472778 plms4_10
31 0 1758 0 24.39335 plms4_10
31 0 118424 1 21.295849 plms4_10
31 0 110890 2 21.004154 plms4_10
31 0 118412 3 20.954884 plms4_10
31 0 145925 4 20.954824 plms4_10
31 0 137003 5 20.895075 plms4_10
31 0 145915 6 20.838764 plms4_10
31 0 2804674 7 20.67542 plms4_10
31 0 902771 8 20.623642 plms4_10
31 0 903985 9 20.623642 plms4_10
32 0 93402 0 13.81493 plms4_10
32 0 92148 1 12.188467 plms4_10
32 0 87461 2 11.260617 plms4_10
32 0 111513 3 10.872385 plms4_10
32 0 118423 4 10.784795 plms4_10
32 0 130143 5 10.653395 plms4_10
32 0 94876 6 10.483447 plms4_10
32 0 87495 7 10.42599 plms4_10
32 0 2655591 8 10.33412 plms4_10
32 0 100537 9 10.274104 plms4_10
33 0 145788 0 16.561768 plms4_10
33 0 118130 1 16.118092 plms4_10
33 0 111381 2 15.592979 plms4_10
33 0 109625 3 15.003953 plms4_10
33 0 110667 4 13.944102 plms4_10
33 0 112369 5 13.929224 plms4_10
33 0 109382 6 13.79222 plms4_10
33 0 111757 7 13.717828 plms4_10
33 0 111971 8 13.508276 plms4_10
33 0 145787 9 13.287674 plms4_10
34 0 2676594 0 35.325222 plms4_10
34 0 2675753 1 34.79544 plms4_10
34 0 2679204 2 34.79544 plms4_10
34 0 2809767 3 26.128056 plms4_10
34 0 2811850 4 26.128056 plms4_10
34 0 104635 5 19.74424 plms4_10
34 0 96837 6 19.322771 plms4_10
34 0 130154 7 18.969793 plms4_10
34 0 104159 8 18.073318 plms4_10
34 0 109012 9 17.976992 plms4_10
35 0 3205767 0 14.482159 plms4_10
35 0 104631 1 14.087535 plms4_10
35 0 118070 2 14.061726 plms4_10
35 0 145696 3 13.748681 plms4_10
35 0 104927 4 13.442194 plms4_10
35 0 107972 5 13.407341 plms4_10
35 0 105317 6 13.28882 plms4_10
35 0 110697 7 13.277225 plms4_10
35 0 105460 8 13.136064 plms4_10
35 0 111831 9 13.107625 plms4_10
36 0 109703 0 22.560368 plms4_10
36 0 105077 1 20.49257 plms4_10
36 0 108973 2 20.077845 plms4_10
36 0 110697 3 19.938435 plms4_10
36 0 110563 4 19.924826 plms4_10
36 0 112009 5 19.569878 plms4_10
36 0 112069 6 19.417099 plms4_10
36 0 110599 7 19.355951 plms4_10
36 0 109923 8 18.819376 plms4_10
36 0 213843 9 18.661133 plms4_10
37 0 145731 0 22.316095 plms4_10
37 0 111982 1 20.82553 plms4_10
37 0 112910 2 20.54959 plms4_10
37 0 4151829 3 19.898886 plms4_10
37 0 109528 4 19.80099 plms4_10
37 0 118407 5 19.678314 plms4_10
37 0 118269 6 19.662247 plms4_10
37 0 118315 7 19.293142 plms4_10
37 0 100451 8 18.905607 plms4_10
37 0 1993216 9 18.675194 plms4_10
38 0 118269 0 37.46381 plms4_10
38 0 1993216 1 37.01214 plms4_10
38 0 112910 2 36.116806 plms4_10
38 0 145855 3 35.16803 plms4_10
38 0 145731 4 34.26748 plms4_10
38 0 112292 5 33.215355 plms4_10
38 0 111420 6 32.55459 plms4_10
38 0 111982 7 32.104256 plms4_10
38 0 111264 8 30.482271 plms4_10
38 0 4151829 9 30.01995 plms4_10
39 0 112568 0 16.508442 plms4_10
39 0 111432 1 15.447577 plms4_10
39 0 1731 2 15.1533375 plms4_10
39 0 2674861 3 15.043285 plms4_10
39 0 2675754 4 15.043285 plms4_10
39 0 102086 5 14.94795 plms4_10
39 0 112936 6 14.885313 plms4_10
39 0 105058 7 14.671728 plms4_10
39 0 112855 8 14.042051 plms4_10
39 0 95048 9 13.991398 plms4_10
40 0 112405 0 9.16769 plms4_10
40 0 106787 1 9.037449 plms4_10
40 0 96766 2 8.910426 plms4_10
40 0 86374 3 8.900751 plms4_10
40 0 92618 4 8.883895 plms4_10
40 0 85842 5 8.860929 plms4_10
40 0 112516 6 8.747423 plms4_10
40 0 108884 7 8.743244 plms4_10
40 0 85507 8 8.718013 plms4_10
40 0 104969 9 8.708725 plms4_10
41 0 142878 0 18.413744 plms4_10
41 0 110926 1 18.129494 plms4_10
41 0 108801 2 18.112318 plms4_10
41 0 118066 3 18.007452 plms4_10
41 0 110635 4 17.949888 plms4_10
41 0 111382 5 17.840374 plms4_10
41 0 110096 6 17.70956 plms4_10
41 0 108995 7 17.596727 plms4_10
41 0 110890 8 17.392391 plms4_10
41 0 111509 9 17.36795 plms4_10
42 0 3171724 0 20.420734 plms4_10
42 0 3177199 1 20.420734 plms4_10
42 0 3177200 2 20.420734 plms4_10
42 0 2769807 3 20.164484 plms4_10
42 0 131151 4 19.946615 plms4_10
42 0 127899 5 19.902866 plms4_10
42 0 146552 6 19.79026 plms4_10
42 0 127898 7 19.72475 plms4_10
42 0 127897 8 19.610235 plms4_10
42 0 3207861 9 19.353748 plms4_10
43 0 111585 0 13.577841 plms4_10
43 0 94717 1 12.967938 plms4_10
43 0 93137 2 12.843949 plms4_10
43 0 106883 3 12.695238 plms4_10
43 0 90079 4 12.569207 plms4_10
43 0 118339 5 12.446823 plms4_10
43 0 90942 6 12.322107 plms4_10
43 0 112305 7 12.26373 plms4_10
43 0 118066 8 12.152909 plms4_10
43 0 109529 9 12.138306 plms4_10
44 0 4104823 0 12.317211 plms4_10
44 0 109907 1 11.502085 plms4_10
44 0 142881 2 11.485154 plms4_10
44 0 145806 3 11.361874 plms4_10
44 0 3213871 4 11.356709 plms4_10
44 0 2657927 5 11.233894 plms4_10
44 0 106503 6 11.131815 plms4_10
44 0 2390269 7 10.945534 plms4_10
44 0 2672209 8 10.897994 plms4_10
44 0 2657779 9 10.897994 plms4_10
45 0 4157382 0 15.715958 plms4_10
45 0 4157405 1 15.715958 plms4_10
45 0 4157406 2 15.715958 plms4_10
45 0 105688 3 15.055712 plms4_10
45 0 108025 4 14.957439 plms4_10
45 0 112016 5 13.825755 plms4_10
45 0 111526 6 13.715628 plms4_10
45 0 2359 7 13.606887 plms4_10
45 0 108167 8 13.519435 plms4_10
45 0 112424 9 13.404592 plms4_10
46 0 2804673 0 22.22863 plms4_10
46 0 618680 1 19.02686 plms4_10
46 0 145772 2 18.542864 plms4_10
46 0 866024 3 17.359959 plms4_10
46 0 858802 4 17.359959 plms4_10
46 0 623145 5 16.182192 plms4_10
46 0 137741 6 15.81261 plms4_10
46 0 1269289 7 15.742063 plms4_10
46 0 137740 8 15.543352 plms4_10
46 0 145792 9 15.291778 plms4_10
47 0 109879 0 15.671483 plms4_10
47 0 145917 1 15.607991 plms4_10
47 0 112662 2 15.563523 plms4_10
47 0 111843 3 15.547932 plms4_10
47 0 112657 4 15.458885 plms4_10
47 0 145647 5 15.232764 plms4_10
47 0 92122 6 15.206605 plms4_10
47 0 117886 7 15.026821 plms4_10
47 0 142877 8 14.940152 plms4_10
47 0 117907 9 14.934783 plms4_10
48 0 103136 0 15.594701 plms4_10
48 0 108041 1 14.853834 plms4_10
48 0 107451 2 13.942911 plms4_10
48 0 102961 3 13.657656 plms4_10
48 0 103537 4 13.414152 plms4_10
48 0 103750 5 13.183601 plms4_10
48 0 103191 6 13.077599 plms4_10
48 0 103245 7 13.021047 plms4_10
48 0 103112 8 12.888518 plms4_10
48 0 2674861 9 12.821667 plms4_10
49 0 104659 0 9.560157 plms4_10
49 0 95429 1 8.816344 plms4_10
49 0 1100812 2 8.810047 plms4_10
49 0 94535 3 8.810026 plms4_10
49 0 90817 4 8.8031845 plms4_10
49 0 112151 5 8.783108 plms4_10
49 0 109201 6 8.76103 plms4_10
49 0 89196 7 8.74365 plms4_10
49 0 86691 8 8.725999 plms4_10
49 0 98032 9 8.706539 plms4_10
50 0 111253 0 10.68701 plms4_10
50 0 98180 1 10.582108 plms4_10
50 0 111332 2 10.479523 plms4_10
50 0 98399 3 10.403396 plms4_10
50 0 95852 4 10.345511 plms4_10
50 0 112383 5 10.24076 plms4_10
50 0 98464 6 10.233447 plms4_10
50 0 111019 7 10.230499 plms4_10
50 0 112810 8 10.194692 plms4_10
50 0 89977 9 10.171707 plms4_10
51 0 145901 0 8.289229 plms4_10
51 0 103217 1 7.984836 plms4_10
51 0 903973 2 7.9671288 plms4_10
51 0 3216389 3 7.8680506 plms4_10
51 0 108307 4 7.8490906 plms4_10
51 0 105045 5 7.81569 plms4_10
51 0 109627 6 7.7836647 plms4_10
51 0 106181 7 7.6781216 plms4_10
51 0 4170685 8 7.655094 plms4_10
51 0 111276 9 7.6383386 plms4_10
52 0 91913 0 20.048841 plms4_10
52 0 90370 1 19.66286 plms4_10
52 0 112770 2 19.555437 plms4_10
52 0 92777 3 17.651442 plms4_10
52 0 85452 4 17.615559 plms4_10
52 0 85447 5 17.291092 plms4_10
52 0 107187 6 17.154554 plms4_10
52 0 98744 7 16.825327 plms4_10
52 0 102860 8 16.824429 plms4_10
52 0 88453 9 16.416433 plms4_10
53 0 1283337 0 15.739362 plms4_10
53 0 112642 1 15.343822 plms4_10
53 0 112677 2 15.067564 plms4_10
53 0 112335 3 14.972588 plms4_10
53 0 108218 4 14.752554 plms4_10
53 0 112573 5 14.604819 plms4_10
53 0 112210 6 14.556813 plms4_10
53 0 625711 7 14.490898 plms4_10
53 0 112640 8 14.442241 plms4_10
53 0 112728 9 14.345827 plms4_10
54 0 205788 0 19.532553 plms4_10
54 0 205713 1 19.376585 plms4_10
54 0 931123 2 19.193527 plms4_10
54 0 148483 3 18.833635 plms4_10
54 0 2358 4 18.803349 plms4_10
54 0 616862 5 18.758736 plms4_10
54 0 931614 6 18.539501 plms4_10
54 0 4162111 7 18.43302 plms4_10
54 0 145807 8 18.299904 plms4_10
54 0 145856 9 18.090445 plms4_10
55 0 4154603 0 35.70129 plms4_10
55 0 111261 1 34.08479 plms4_10
55 0 110774 2 31.962729 plms4_10
55 0 112910 3 27.708658 plms4_10
55 0 145731 4 27.335577 plms4_10
55 0 111420 5 27.17722 plms4_10
55 0 118269 6 26.410112 plms4_10
55 0 112883 7 24.685894 plms4_10
55 0 118198 8 23.263603 plms4_10
55 0 110021 9 22.297747 plms4_10
56 0 4154603 0 23.869638 plms4_10
56 0 107743 1 20.035028 plms4_10
56 0 110736 2 19.619833 plms4_10
56 0 145855 3 19.255516 plms4_10
56 0 108849 4 19.15626 plms4_10
56 0 110021 5 19.105793 plms4_10
56 0 109882 6 18.686502 plms4_10
56 0 109215 7 17.500559 plms4_10
56 0 117912 8 17.415813 plms4_10
56 0 108115 9 17.1937 plms4_10
57 0 91749 0 6.124057 plms4_10
57 0 87224 1 6.0493712 plms4_10
57 0 97178 2 6.0429945 plms4_10
57 0 86920 3 6.0305424 plms4_10
57 0 138003 4 6.0275846 plms4_10
57 0 117992 5 6.018356 plms4_10
57 0 86805 6 5.98843 plms4_10
57 0 87202 7 5.981516 plms4_10
57 0 121160 8 5.7541595 plms4_10
57 0 102646 9 5.7217784 plms4_10
58 0 104488 0 12.651474 plms4_10
58 0 99577 1 12.311614 plms4_10
58 0 111587 2 12.065201 plms4_10
58 0 105897 3 12.015239 plms4_10
58 0 118282 4 11.8951025 plms4_10
58 0 91965 5 11.743677 plms4_10
58 0 118467 6 11.644124 plms4_10
58 0 94136 7 11.631128 plms4_10
58 0 112633 8 11.62922 plms4_10
58 0 105207 9 11.60869 plms4_10
59 0 2788983 0 26.658617 plms4_10
59 0 108420 1 23.575558 plms4_10
59 0 111736 2 22.61809 plms4_10
59 0 108227 3 22.536695 plms4_10
59 0 145630 4 22.390007 plms4_10
59 0 112824 5 22.33408 plms4_10
59 0 111325 6 22.325834 plms4_10
59 0 108847 7 21.763494 plms4_10
59 0 130158 8 21.443329 plms4_10
59 0 107954 9 21.425354 plms4_10
60 0 109706 0 19.648024 plms4_10
60 0 2681962 1 18.420412 plms4_10
60 0 111225 2 18.116398 plms4_10
60 0 109810 3 17.70671 plms4_10
60 0 931614 4 17.549917 plms4_10
60 0 103858 5 17.464855 plms4_10
60 0 107182 6 17.428095 plms4_10
60 0 110978 7 17.404034 plms4_10
60 0 1991818 8 17.167776 plms4_10
60 0 118220 9 17.163412 plms4_10
61 0 145923 0 39.76797 plms4_10
61 0 145743 1 37.022243 plms4_10
61 0 1732 2 35.826885 plms4_10
61 0 1087955 3 35.2738 plms4_10
61 0 218132 4 35.16654 plms4_10
61 0 145808 5 34.89644 plms4_10
61 0 2620704 6 33.95857 plms4_10
61 0 145844 7 33.793926 plms4_10
61 0 179213 8 33.60152 plms4_10
61 0 218457 9 32.45143 plms4_10
62 0 127898 0 16.214695 plms4_10
62 0 104461 1 16.06891 plms4_10
62 0 110091 2 15.845666 plms4_10
62 0 150543 3 15.357313 plms4_10
62 0 2959732 4 15.357313 plms4_10
62 0 1742 5 15.287937 plms4_10
62 0 106050 6 15.197988 plms4_10
62 0 118452 7 15.156478 plms4_10
62 0 148484 8 15.099706 plms4_10
62 0 105176 9 15.04194 plms4_10
63 0 108823 0 5.4940224 plms4_10
63 0 101025 1 5.465105 plms4_10
63 0 118510 2 5.4428554 plms4_10
63 0 110457 3 5.43154 plms4_10
63 0 110011 4 5.4182386 plms4_10
63 0 98814 5 5.4166107 plms4_10
63 0 118006 6 5.392996 plms4_10
63 0 110001 7 5.3774605 plms4_10
63 0 103648 8 5.3434153 plms4_10
63 0 108990 9 5.3099937 plms4_10
64 0 2758568 0 19.175741 plms4_10
64 0 145895 1 17.707956 plms4_10
64 0 112016 2 17.699188 plms4_10
64 0 110645 3 16.967487 plms4_10
64 0 111265 4 16.800713 plms4_10
64 0 112677 5 16.354513 plms4_10
64 0 111660 6 16.138746 plms4_10
64 0 111838 7 15.958921 plms4_10
64 0 145667 8 15.865559 plms4_10
64 0 111051 9 15.755452 plms4_10
65 0 118123 0 18.625336 plms4_10
65 0 112016 1 11.658818 plms4_10
65 0 122242 2 11.288284 plms4_10
65 0 110645 3 10.901845 plms4_10
65 0 111065 4 10.792979 plms4_10
65 0 112677 5 10.752483 plms4_10
65 0 800568 6 10.7173605 plms4_10
65 0 111838 7 10.694167 plms4_10
65 0 2808291 8 10.680807 plms4_10
65 0 145867 9 10.62971 plms4_10
66 0 3211501 0 22.563107 plms4_10
66 0 111632 1 21.52654 plms4_10
66 0 110251 2 20.7157 plms4_10
66 0 145867 3 20.30479 plms4_10
66 0 2677564 4 20.091953 plms4_10
66 0 2678135 5 20.091953 plms4_10
66 0 110645 6 20.0103 plms4_10
66 0 108589 7 19.527184 plms4_10
66 0 118123 8 19.469574 plms4_10
66 0 111803 9 19.045595 plms4_10
67 0 867645 0 14.334034 plms4_10
67 0 145635 1 13.388576 plms4_10
67 0 118296 2 13.377375 plms4_10
67 0 112891 3 13.093908 plms4_10
67 0 104779 4 12.816191 plms4_10
67 0 2959744 5 12.662559 plms4_10
67 0 855518 6 12.662559 plms4_10
67 0 91394 7 12.444969 plms4_10
67 0 107944 8 12.412045 plms4_10
67 0 108336 9 12.251731 plms4_10
68 0 95196 0 19.702246 plms4_10
68 0 90678 1 18.570053 plms4_10
68 0 1509274 2 18.392569 plms4_10
68 0 103787 3 18.354868 plms4_10
68 0 101268 4 18.185106 plms4_10
68 0 802408 5 17.875103 plms4_10
68 0 109426 6 17.761234 plms4_10
68 0 99960 7 17.666393 plms4_10
68 0 103436 8 17.619205 plms4_10
68 0 88269 9 17.571522 plms4_10
69 0 112626 0 16.242865 plms4_10
69 0 218921 1 16.033836 plms4_10
69 0 109510 2 15.002718 plms4_10
69 0 146552 3 14.828987 plms4_10
69 0 112202 4 14.809147 plms4_10
69 0 101335 5 14.6892605 plms4_10
69 0 142877 6 14.637786 plms4_10
69 0 110829 7 14.574058 plms4_10
69 0 111002 8 14.536806 plms4_10
69 0 88420 9 14.529137 plms4_10
70 0 110996 0 17.482412 plms4_10
70 0 111709 1 17.283707 plms4_10
70 0 110068 2 16.90164 plms4_10
70 0 110308 3 16.346893 plms4_10
70 0 101939 4 16.276695 plms4_10
70 0 117859 5 16.241352 plms4_10
70 0 112108 6 16.233181 plms4_10
70 0 88075 7 16.218166 plms4_10
70 0 111824 8 16.173 plms4_10
70 0 1087907 9 16.100796 plms4_10
71 0 118052 0 23.181719 plms4_10
71 0 112904 1 23.148796 plms4_10
71 0 110331 2 23.023724 plms4_10
71 0 111103 3 22.242683 plms4_10
71 0 110936 4 22.160666 plms4_10
71 0 112914 5 21.993862 plms4_10
71 0 118234 6 21.975609 plms4_10
71 0 117979 7 21.704632 plms4_10
71 0 112311 8 21.626453 plms4_10
71 0 112324 9 21.14946 plms4_10
72 0 145950 0 15.570365 plms4_10
72 0 145961 1 14.041888 plms4_10
72 0 97314 2 13.992549 plms4_10
72 0 4162936 3 13.833058 plms4_10
72 0 96673 4 13.6083975 plms4_10
72 0 107893 5 13.466971 plms4_10
72 0 108029 6 12.518763 plms4_10
72 0 107819 7 12.09826 plms4_10
72 0 96721 8 12.0942335 plms4_10
72 0 90060 9 11.990503 plms4_10
73 0 1737 0 15.422512 plms4_10
73 0 104453 1 15.382996 plms4_10
73 0 118196 2 14.472443 plms4_10
73 0 112358 3 14.229668 plms4_10
73 0 111344 4 14.111616 plms4_10
73 0 2655499 5 13.67135 plms4_10
73 0 104534 6 13.5977545 plms4_10
73 0 103632 7 13.451511 plms4_10
73 0 111588 8 13.342463 plms4_10
73 0 108811 9 13.288761 plms4_10
74 0 4168298 0 13.687647 plms4_10
74 0 2675749 1 13.5856285 plms4_10
74 0 145909 2 12.702517 plms4_10
74 0 150541 3 11.369694 plms4_10
74 0 218667 4 11.099621 plms4_10
74 0 2789927 5 10.996454 plms4_10
74 0 2381762 6 10.904092 plms4_10
74 0 1855418 7 10.66855 plms4_10
74 0 3197746 8 10.420709 plms4_10
74 0 219105 9 10.060954 plms4_10
75 0 2672210 0 32.540188 plms4_10
75 0 2654755 1 32.540188 plms4_10
75 0 2677565 2 31.458122 plms4_10
75 0 110415 3 31.172548 plms4_10
75 0 108300 4 30.35501 plms4_10
75 0 2679833 5 29.576437 plms4_10
75 0 2680440 6 29.576437 plms4_10
75 0 2672526 7 29.178583 plms4_10
75 0 2674863 8 29.178583 plms4_10
75 0 2655499 9 28.973518 plms4_10
76 0 104727 0 20.932034 plms4_10
76 0 118298 1 19.807152 plms4_10
76 0 118513 2 19.513136 plms4_10
76 0 95482 3 19.249678 plms4_10
76 0 94978 4 19.054823 plms4_10
76 0 89728 5 18.6981 plms4_10
76 0 117864 6 18.630022 plms4_10
76 0 1740 7 18.580301 plms4_10
76 0 2679835 8 18.450693 plms4_10
76 0 101852 9 18.31119 plms4_10
77 0 104355 0 16.665586 plms4_10
77 0 112693 1 15.813769 plms4_10
77 0 112626 2 15.745392 plms4_10
77 0 111610 3 15.721225 plms4_10
77 0 112646 4 15.00025 plms4_10
77 0 95933 5 14.684472 plms4_10
77 0 97242 6 14.622778 plms4_10
77 0 111455 7 14.545939 plms4_10
77 0 110223 8 14.389116 plms4_10
77 0 137745 9 14.342826 plms4_10
78 0 145632 0 25.52289 plms4_10
78 0 104784 1 24.53018 plms4_10
78 0 108859 2 23.887 plms4_10
78 0 108913 3 22.947607 plms4_10
78 0 111686 4 22.91037 plms4_10
78 0 112133 5 22.647131 plms4_10
78 0 117968 6 22.42829 plms4_10
78 0 2812588 7 22.417677 plms4_10
78 0 105930 8 22.395084 plms4_10
78 0 112458 9 22.317076 plms4_10
79 0 118143 0 25.656925 plms4_10
79 0 3171728 1 24.208206 plms4_10
79 0 111009 2 23.859283 plms4_10
79 0 118375 3 23.662725 plms4_10
79 0 118372 4 22.182293 plms4_10
79 0 218665 5 21.432077 plms4_10
79 0 118008 6 21.332346 plms4_10
79 0 112867 7 21.116379 plms4_10
79 0 2801430 8 20.874823 plms4_10
79 0 118513 9 20.559446 plms4_10
80 0 108900 0 22.524397 plms4_10
80 0 118513 1 20.283695 plms4_10
80 0 98551 2 19.168617 plms4_10
80 0 112511 3 18.333221 plms4_10
80 0 4106441 4 18.212448 plms4_10
80 0 101997 5 18.1769 plms4_10
80 0 2803250 6 18.155619 plms4_10
80 0 112222 7 18.026924 plms4_10
80 0 118143 8 17.71592 plms4_10
80 0 145968 9 17.698387 plms4_10
81 0 112697 0 8.78522 plms4_10
81 0 112260 1 8.735014 plms4_10
81 0 111914 2 8.719219 plms4_10
81 0 117840 3 8.625781 plms4_10
81 0 111790 4 8.57217 plms4_10
81 0 118226 5 8.514968 plms4_10
81 0 110260 6 8.502559 plms4_10
81 0 117968 7 8.486696 plms4_10
81 0 112503 8 8.44143 plms4_10
81 0 142879 9 8.441377 plms4_10
82 0 101617 0 13.309534 plms4_10
82 0 107574 1 13.277435 plms4_10
82 0 4172500 2 12.741271 plms4_10
82 0 95235 3 12.662144 plms4_10
82 0 93242 4 12.525166 plms4_10
82 0 104132 5 12.315812 plms4_10
82 0 88136 6 12.1807995 plms4_10
82 0 105715 7 12.136766 plms4_10
82 0 98998 8 11.951388 plms4_10
82 0 112042 9 11.934172 plms4_10
83 0 145859 0 36.881947 plms4_10
83 0 111333 1 35.86447 plms4_10
83 0 112372 2 33.781075 plms4_10
83 0 111663 3 32.953274 plms4_10
83 0 111194 4 31.200659 plms4_10
83 0 137746 5 31.139141 plms4_10
83 0 111246 6 31.116598 plms4_10
83 0 109038 7 31.095257 plms4_10
83 0 110834 8 29.54429 plms4_10
83 0 820896 9 29.434175 plms4_10
84 0 109200 0 29.534847 plms4_10
84 0 800858 1 29.46986 plms4_10
84 0 110361 2 29.269455 plms4_10
84 0 109695 3 29.08302 plms4_10
84 0 111151 4 28.497477 plms4_10
84 0 109895 5 28.241215 plms4_10
84 0 107293 6 28.007185 plms4_10
84 0 111664 7 27.79963 plms4_10
84 0 110681 8 27.656887 plms4_10
84 0 110473 9 27.33388 plms4_10
85 0 107663 0 27.33134 plms4_10
85 0 112240 1 27.255676 plms4_10
85 0 802973 2 25.403845 plms4_10
85 0 803271 3 25.403845 plms4_10
85 0 2959737 4 25.403845 plms4_10
85 0 112319 5 25.249308 plms4_10
85 0 108530 6 25.17368 plms4_10
85 0 103933 7 24.427702 plms4_10
85 0 130153 8 24.136406 plms4_10
85 0 118147 9 23.871548 plms4_10
86 0 3171724 0 15.166116 plms4_10
86 0 3177199 1 15.166116 plms4_10
86 0 3177200 2 15.166116 plms4_10
86 0 101294 3 13.336989 plms4_10
86 0 90600 4 12.3586445 plms4_10
86 0 3170728 5 12.337672 plms4_10
86 0 96048 6 11.839612 plms4_10
86 0 112184 7 11.731921 plms4_10
86 0 1866189 8 11.535438 plms4_10
86 0 3162142 9 11.488544 plms4_10
87 0 145818 0 22.404154 plms4_10
87 0 111385 1 18.075594 plms4_10
87 0 105004 2 17.922966 plms4_10
87 0 99461 3 17.12891 plms4_10
87 0 4168363 4 17.128752 plms4_10
87 0 112755 5 17.096466 plms4_10
87 0 99736 6 16.762987 plms4_10
87 0 108795 7 16.64426 plms4_10
87 0 106464 8 16.347525 plms4_10
87 0 2620730 9 16.340143 plms4_10
88 0 111050 0 15.768368 plms4_10
88 0 181012 1 14.865465 plms4_10
88 0 182992 2 14.464609 plms4_10
88 0 182991 3 14.415892 plms4_10
88 0 625833 4 14.084151 plms4_10
88 0 106545 5 14.048828 plms4_10
88 0 143378 6 13.9528675 plms4_10
88 0 3007018 7 13.783605 plms4_10
88 0 88616 8 13.735861 plms4_10
88 0 145839 9 13.549844 plms4_10
89 0 4151822 0 75.83257 plms4_10
89 0 4162110 1 63.05124 plms4_10
89 0 2812588 2 59.731865 plms4_10
89 0 2770446 3 57.32952 plms4_10
89 0 180494 4 37.728935 plms4_10
89 0 4106440 5 36.454414 plms4_10
89 0 4094005 6 35.38697 plms4_10
89 0 3153112 7 34.67642 plms4_10
89 0 1087693 8 33.52724 plms4_10
89 0 219509 9 33.052364 plms4_10
90 0 105906 0 8.876422 plms4_10
90 0 109643 1 8.816442 plms4_10
90 0 111958 2 8.809404 plms4_10
90 0 109921 3 8.786524 plms4_10
90 0 118054 4 8.701338 plms4_10
90 0 121160 5 8.625731 plms4_10
90 0 111780 6 8.516579 plms4_10
90 0 134743 7 8.500715 plms4_10
90 0 110874 8 8.396415 plms4_10
90 0 112319 9 8.349673 plms4_10
91 0 856791 0 22.624298 plms4_10
91 0 3212514 1 21.667412 plms4_10
91 0 145892 2 21.433214 plms4_10
91 0 145785 3 20.459908 plms4_10
91 0 624280 4 19.339115 plms4_10
91 0 145873 5 18.702797 plms4_10
91 0 219097 6 18.51437 plms4_10
91 0 145880 7 17.182457 plms4_10
91 0 110032 8 16.849047 plms4_10
91 0 145899 9 16.706524 plms4_10
92 0 84694 0 5.413263 plms4_10
92 0 96829 1 5.3666935 plms4_10
92 0 118126 2 5.31784 plms4_10
92 0 2670965 3 5.306602 plms4_10
92 0 112257 4 5.3017097 plms4_10
92 0 218926 5 5.2861457 plms4_10
92 0 112403 6 5.2616954 plms4_10
92 0 118510 7 5.2616124 plms4_10
92 0 111622 8 5.2365584 plms4_10
92 0 134736 9 5.223303 plms4_10
93 0 110877 0 44.576355 plms4_10
93 0 118334 1 40.12229 plms4_10
93 0 109610 2 39.457394 plms4_10
93 0 118107 3 38.844986 plms4_10
93 0 110200 4 37.924206 plms4_10
93 0 130158 5 35.838062 plms4_10
93 0 110248 6 33.307594 plms4_10
93 0 109711 7 31.903276 plms4_10
93 0 111098 8 30.662086 plms4_10
93 0 118257 9 29.504162 plms4_10
94 0 931614 0 37.81595 plms4_10
94 0 3195891 1 35.577175 plms4_10
94 0 109949 2 30.71698 plms4_10
94 0 2959741 3 30.51792 plms4_10
94 0 931616 4 30.51792 plms4_10
94 0 111359 5 29.609104 plms4_10
94 0 903979 6 29.037888 plms4_10
94 0 902768 7 29.037888 plms4_10
94 0 4151827 8 28.190025 plms4_10
94 0 2788983 9 27.8443 plms4_10
95 0 107232 0 19.353134 plms4_10
95 0 108555 1 18.906654 plms4_10
95 0 105495 2 18.605257 plms4_10
95 0 106171 3 16.348824 plms4_10
95 0 106769 4 15.80781 plms4_10
95 0 101725 5 15.198952 plms4_10
95 0 105822 6 14.472324 plms4_10
95 0 104498 7 13.834989 plms4_10
95 0 145731 8 13.407011 plms4_10
95 0 1993216 9 12.988849 plms4_10
96 0 107263 0 7.721964 plms4_10
96 0 98056 1 7.673348 plms4_10
96 0 118360 2 7.658376 plms4_10
96 0 107264 3 7.635496 plms4_10
96 0 118401 4 7.632389 plms4_10
96 0 97314 5 7.6178417 plms4_10
96 0 110076 6 7.61163 plms4_10
96 0 84974 7 7.610533 plms4_10
96 0 96999 8 7.595533 plms4_10
96 0 111627 9 7.589648 plms4_10
97 0 112101 0 22.851482 plms4_10
97 0 111922 1 19.626457 plms4_10
97 0 118379 2 19.340376 plms4_10
97 0 136993 3 18.122581 plms4_10
97 0 2959744 4 14.8397875 plms4_10
97 0 855518 5 14.8397875 plms4_10
97 0 2806208 6 14.769465 plms4_10
97 0 2808294 7 14.769465 plms4_10
97 0 118444 8 13.722992 plms4_10
97 0 109115 9 13.507266 plms4_10
98 0 108650 0 14.811443 plms4_10
98 0 104675 1 14.2895355 plms4_10
98 0 112123 2 13.723229 plms4_10
98 0 110356 3 13.686934 plms4_10
98 0 104774 4 13.647836 plms4_10
98 0 102874 5 13.318611 plms4_10
98 0 902265 6 13.284236 plms4_10
98 0 105746 7 12.986273 plms4_10
98 0 88385 8 12.972811 plms4_10
98 0 102671 9 12.957584 plms4_10
99 0 112267 0 22.720303 plms4_10
99 0 96562 1 21.583805 plms4_10
99 0 110552 2 21.284304 plms4_10
99 0 118121 3 19.892084 plms4_10
99 0 111884 4 19.369282 plms4_10
99 0 109976 5 18.57658 plms4_10
99 0 106528 6 18.278208 plms4_10
99 0 97084 7 17.86729 plms4_10
99 0 87254 8 17.68864 plms4_10
99 0 109388 9 17.5886 plms4_10
100 0 112267 0 39.48872 plms4_10
100 0 111884 1 37.636005 plms4_10
100 0 110552 2 35.768456 plms4_10
100 0 108405 3 35.316628 plms4_10
100 0 112801 4 33.881428 plms4_10
100 0 111021 5 33.531776 plms4_10
100 0 110664 6 33.234055 plms4_10
100 0 110423 7 32.867226 plms4_10
100 0 110296 8 32.392944 plms4_10
100 0 111381 9 32.38547 plms4_10
