1 0 112795 0 47.577305 plms11_10
1 0 111116 1 46.28066 plms11_10
1 0 219732 2 44.316277 plms11_10
1 0 2649076 3 44.054356 plms11_10
1 0 219733 4 44.039722 plms11_10
1 0 220342 5 44.039722 plms11_10
1 0 112924 6 43.858658 plms11_10
1 0 149702 7 42.425888 plms11_10
1 0 110370 8 42.172623 plms11_10
1 0 112436 9 41.760414 plms11_10
2 0 4170684 0 26.289684 plms11_10
2 0 2644673 1 23.928026 plms11_10
2 0 145692 2 21.598959 plms11_10
2 0 104571 3 21.181957 plms11_10
2 0 149006 4 20.746653 plms11_10
2 0 112423 5 20.59299 plms11_10
2 0 110134 6 20.089493 plms11_10
2 0 109466 7 20.031912 plms11_10
2 0 108555 8 19.687725 plms11_10
2 0 112930 9 19.547976 plms11_10
3 0 3162143 0 59.69744 plms11_10
3 0 215496 1 58.77936 plms11_10
3 0 215694 2 58.77936 plms11_10
3 0 2959735 3 58.77832 plms11_10
3 0 118029 4 57.76965 plms11_10
3 0 112212 5 56.830723 plms11_10
3 0 149007 6 54.516018 plms11_10
3 0 118475 7 54.384155 plms11_10
3 0 130157 8 54.347103 plms11_10
3 0 111091 9 54.029415 plms11_10
4 0 215496 0 79.39441 plms11_10
4 0 215694 1 79.34748 plms11_10
4 0 2959735 2 79.3454 plms11_10
4 0 149007 3 78.7797 plms11_10
4 0 118029 4 67.25916 plms11_10
4 0 623142 5 65.45462 plms11_10
4 0 107492 6 64.8311 plms11_10
4 0 3162143 7 64.7113 plms11_10
4 0 145890 8 64.28397 plms11_10
4 0 145821 9 64.15689 plms11_10
5 0 183480 0 56.309128 plms11_10
5 0 111789 1 52.988964 plms11_10
5 0 110056 2 51.400166 plms11_10
5 0 118174 3 50.917156 plms11_10
5 0 108089 4 50.701134 plms11_10
5 0 2672209 5 49.972466 plms11_10
5 0 2657779 6 49.972466 plms11_10
5 0 117911 7 47.511818 plms11_10
5 0 108088 8 46.639824 plms11_10
5 0 118217 9 45.94415 plms11_10
6 0 117932 0 34.428032 plms11_10
6 0 2811844 1 32.857452 plms11_10
6 0 2959750 2 32.857452 plms11_10
6 0 118174 3 24.634197 plms11_10
6 0 110883 4 24.496233 plms11_10
6 0 2672209 5 24.03218 plms11_10
6 0 2657779 6 24.03218 plms11_10
6 0 111789 7 23.966541 plms11_10
6 0 109004 8 23.890882 plms11_10
6 0 108449 9 23.77592 plms11_10
7 0 147531 0 49.564735 plms11_10
7 0 145715 1 48.42775 plms11_10
7 0 2672535 2 48.357464 plms11_10
7 0 134749 3 47.855186 plms11_10
7 0 217512 4 47.098484 plms11_10
7 0 2655591 5 47.000587 plms11_10
7 0 145713 6 46.459522 plms11_10
7 0 214949 7 46.181744 plms11_10
7 0 215071 8 46.181744 plms11_10
7 0 3195892 9 45.69773 plms11_10
8 0 146981 0 26.482069 plms11_10
8 0 2760668 1 25.078667 plms11_10
8 0 145911 2 25.066242 plms11_10
8 0 2771248 3 24.905802 plms11_10
8 0 104034 4 23.400154 plms11_10
8 0 182991 5 22.975664 plms11_10
8 0 820904 6 22.846846 plms11_10
8 0 2812587 7 22.362389 plms11_10
8 0 2959748 8 22.362389 plms11_10
8 0 145859 9 22.235659 plms11_10
9 0 112641 0 77.749405 plms11_10
9 0 2675751 1 75.65068 plms11_10
9 0 111694 2 74.257706 plms11_10
9 0 118212 3 74.14794 plms11_10
9 0 109720 4 72.90892 plms11_10
9 0 118011 5 72.86861 plms11_10
9 0 127923 6 71.87149 plms11_10
9 0 111191 7 69.46212 plms11_10
9 0 127887 8 68.5039 plms11_10
9 0 118318 9 66.55452 plms11_10
10 0 112931 0 53.789467 plms11_10
10 0 145715 1 53.199886 plms11_10
10 0 112423 2 52.652225 plms11_10
10 0 121163 3 49.951286 plms11_10
10 0 111500 4 49.77018 plms11_10
10 0 147531 5 49.5794 plms11_10
10 0 214949 6 48.99384 plms11_10
10 0 215071 7 48.99384 plms11_10
10 0 112094 8 48.919056 plms11_10
10 0 145713 9 48.24228 plms11_10
11 0 110800 0 34.92234 plms11_10
11 0 1747 1 34.50358 plms11_10
11 0 873668 2 34.214645 plms11_10
11 0 107553 3 34.018517 plms11_10
11 0 931123 4 33.784866 plms11_10
11 0 145960 5 33.490982 plms11_10
11 0 2809767 6 33.18622 plms11_10
11 0 2811850 7 33.18622 plms11_10
11 0 620560 8 32.90442 plms11_10
11 0 2959744 9 32.838078 plms11_10
12 0 2672535 0 43.504704 plms11_10
12 0 809121 1 32.330067 plms11_10
12 0 3153112 2 31.058426 plms11_10
12 0 109096 3 29.413738 plms11_10
12 0 107099 4 28.765854 plms11_10
12 0 621195 5 28.761112 plms11_10
12 0 621270 6 28.761112 plms11_10
12 0 3207860 7 28.36689 plms11_10
12 0 109248 8 27.856691 plms11_10
12 0 2154 9 27.719555 plms11_10
13 0 802973 0 81.57155 plms11_10
13 0 803271 1 81.57155 plms11_10
13 0 2959737 2 81.57155 plms11_10
13 0 2642828 3 80.370384 plms11_10
13 0 2812588 4 74.732635 plms11_10
13 0 145967 5 72.15083 plms11_10
13 0 2959730 6 71.06607 plms11_10
13 0 802770 7 70.61346 plms11_10
13 0 146553 8 68.93563 plms11_10
13 0 146790 9 68.93543 plms11_10
14 0 2812588 0 46.098423 plms11_10
14 0 614392 1 45.997265 plms11_10
14 0 614485 2 45.997265 plms11_10
14 0 124715 3 44.728672 plms11_10
14 0 145958 4 40.74811 plms11_10
14 0 145632 5 40.604946 plms11_10
14 0 145967 6 40.57898 plms11_10
14 0 145965 7 40.31299 plms11_10
14 0 110496 8 39.039722 plms11_10
14 0 105886 9 38.813763 plms11_10
15 0 2812588 0 62.78596 plms11_10
15 0 4162111 1 51.33763 plms11_10
15 0 4015951 2 48.52188 plms11_10
15 0 4151822 3 47.8356 plms11_10
15 0 3207858 4 47.293102 plms11_10
15 0 3199501 5 44.970684 plms11_10
15 0 4106440 6 44.622616 plms11_10
15 0 3177196 7 43.31042 plms11_10
15 0 2806207 8 42.794937 plms11_10
15 0 2810525 9 42.198833 plms11_10
16 0 2812588 0 57.157104 plms11_10
16 0 4151822 1 52.477127 plms11_10
16 0 2770446 2 48.901928 plms11_10
16 0 2155 3 48.264503 plms11_10
16 0 2771249 4 46.19794 plms11_10
16 0 121146 5 42.78251 plms11_10
16 0 145817 6 42.532505 plms11_10
16 0 150540 7 42.09281 plms11_10
16 0 134747 8 41.312233 plms11_10
16 0 3209687 9 41.180305 plms11_10
17 0 117987 0 31.107822 plms11_10
17 0 118230 1 30.97623 plms11_10
17 0 117968 2 30.24213 plms11_10
17 0 111302 3 30.063995 plms11_10
17 0 118125 4 30.015942 plms11_10
17 0 2672535 5 29.221962 plms11_10
17 0 110593 6 29.214897 plms11_10
17 0 1087697 7 29.186924 plms11_10
17 0 110810 8 28.926521 plms11_10
17 0 145119 9 28.594429 plms11_10
18 0 148484 0 79.6415 plms11_10
18 0 105382 1 66.71558 plms11_10
18 0 110600 2 66.686516 plms11_10
18 0 145664 3 66.37116 plms11_10
18 0 137739 4 66.07409 plms11_10
18 0 110810 5 65.70579 plms11_10
18 0 4161362 6 65.27476 plms11_10
18 0 3209687 7 65.15648 plms11_10
18 0 4151826 8 65.023674 plms11_10
18 0 620566 9 64.91303 plms11_10
19 0 104895 0 19.659561 plms11_10
19 0 111219 1 18.026587 plms11_10
19 0 105721 2 17.971272 plms11_10
19 0 106639 3 17.8521 plms11_10
19 0 112557 4 17.76752 plms11_10
19 0 110694 5 17.62952 plms11_10
19 0 117867 6 17.517921 plms11_10
19 0 109097 7 17.476862 plms11_10
19 0 111880 8 17.410685 plms11_10
19 0 620671 9 17.317682 plms11_10
20 0 118243 0 33.161015 plms11_10
20 0 108538 1 31.636791 plms11_10
20 0 866023 2 31.241972 plms11_10
20 0 111727 3 30.753557 plms11_10
20 0 136996 4 30.734058 plms11_10
20 0 118043 5 30.43707 plms11_10
20 0 111198 6 30.057478 plms11_10
20 0 626454 7 30.052187 plms11_10
20 0 106282 8 30.012636 plms11_10
20 0 111433 9 30.00259 plms11_10
21 0 2659300 0 40.67312 plms11_10
21 0 118371 1 39.496662 plms11_10
21 0 112777 2 36.994694 plms11_10
21 0 117890 3 36.746548 plms11_10
21 0 145925 4 36.55804 plms11_10
21 0 867657 5 36.459263 plms11_10
21 0 112846 6 35.78762 plms11_10
21 0 112799 7 35.697525 plms11_10
21 0 2795279 8 34.796745 plms11_10
21 0 111858 9 34.76495 plms11_10
22 0 111021 0 91.53609 plms11_10
22 0 112737 1 88.04591 plms11_10
22 0 145644 2 86.78985 plms11_10
22 0 109807 3 84.159294 plms11_10
22 0 145788 4 83.49581 plms11_10
22 0 873660 5 82.48965 plms11_10
22 0 111517 6 82.21527 plms11_10
22 0 112880 7 81.74483 plms11_10
22 0 118416 8 81.67045 plms11_10
22 0 145903 9 81.40251 plms11_10
23 0 112257 0 21.756836 plms11_10
23 0 118449 1 19.572596 plms11_10
23 0 4162535 2 19.437204 plms11_10
23 0 2810525 3 18.149937 plms11_10
23 0 2811847 4 18.149937 plms11_10
23 0 137736 5 17.93666 plms11_10
23 0 111610 6 17.366291 plms11_10
23 0 145738 7 17.250048 plms11_10
23 0 3153112 8 17.18315 plms11_10
23 0 107645 9 17.01797 plms11_10
24 0 2804671 0 30.29592 plms11_10
24 0 182558 1 29.698597 plms11_10
24 0 2801435 2 28.835203 plms11_10
24 0 2654754 3 28.115475 plms11_10
24 0 802408 4 28.015839 plms11_10
24 0 625711 5 27.801199 plms11_10
24 0 145635 6 27.017954 plms11_10
24 0 3217476 7 26.724718 plms11_10
24 0 798626 8 26.621357 plms11_10
24 0 217512 9 26.55781 plms11_10
25 0 112345 0 40.39872 plms11_10
25 0 3211503 1 39.36091 plms11_10
25 0 112616 2 37.632893 plms11_10
25 0 118021 3 33.297905 plms11_10
25 0 101911 4 31.499458 plms11_10
25 0 108632 5 30.282568 plms11_10
25 0 107971 6 30.092628 plms11_10
25 0 97004 7 28.705822 plms11_10
25 0 134732 8 28.510563 plms11_10
25 0 108129 9 28.497501 plms11_10
26 0 117872 0 57.70828 plms11_10
26 0 118026 1 56.766907 plms11_10
26 0 112324 2 56.162613 plms11_10
26 0 145758 3 55.85579 plms11_10
26 0 112616 4 55.09351 plms11_10
26 0 112045 5 54.13173 plms11_10
26 0 112724 6 53.986465 plms11_10
26 0 111056 7 53.239605 plms11_10
26 0 127910 8 52.513172 plms11_10
26 0 112259 9 51.41897 plms11_10
27 0 4157405 0 45.25447 plms11_10
27 0 4157382 1 45.252296 plms11_10
27 0 111141 2 36.99459 plms11_10
27 0 112346 3 36.859886 plms11_10
27 0 110384 4 35.572598 plms11_10
27 0 112071 5 33.646507 plms11_10
27 0 110706 6 32.22843 plms11_10
27 0 110320 7 32.083458 plms11_10
27 0 118475 8 30.333822 plms11_10
27 0 620673 9 29.652294 plms11_10
28 0 4157382 0 75.27393 plms11_10
28 0 4157405 1 75.27393 plms11_10
28 0 112346 2 57.96839 plms11_10
28 0 112523 3 53.99932 plms11_10
28 0 111141 4 53.50681 plms11_10
28 0 217703 5 50.747944 plms11_10
28 0 112308 6 49.389374 plms11_10
28 0 107063 7 46.17948 plms11_10
28 0 2679557 8 45.121807 plms11_10
28 0 110374 9 43.66769 plms11_10
29 0 112620 0 33.08625 plms11_10
29 0 205788 1 30.933466 plms11_10
29 0 4151826 2 30.8259 plms11_10
29 0 145726 3 30.664484 plms11_10
29 0 111471 4 30.622921 plms11_10
29 0 145632 5 30.50982 plms11_10
29 0 626206 6 30.137995 plms11_10
29 0 145843 7 30.05118 plms11_10
29 0 118351 8 29.65272 plms11_10
29 0 3195890 9 29.613733 plms11_10
30 0 145841 0 63.009075 plms11_10
30 0 205788 1 60.520718 plms11_10
30 0 218921 2 59.698425 plms11_10
30 0 145708 3 57.664368 plms11_10
30 0 118117 4 56.990368 plms11_10
30 0 137739 5 55.754345 plms11_10
30 0 145843 6 54.778362 plms11_10
30 0 145761 7 53.798534 plms11_10
30 0 626206 8 53.253925 plms11_10
30 0 118343 9 52.73497 plms11_10
31 0 145925 0 55.02049 plms11_10
31 0 148797 1 54.42625 plms11_10
31 0 118412 2 49.822773 plms11_10
31 0 137003 3 48.6502 plms11_10
31 0 145857 4 48.228436 plms11_10
31 0 130146 5 48.041294 plms11_10
31 0 616433 6 47.476887 plms11_10
31 0 3207859 7 46.755512 plms11_10
31 0 117966 8 46.340122 plms11_10
31 0 2784695 9 46.12387 plms11_10
32 0 110561 0 26.552418 plms11_10
32 0 118458 1 25.623203 plms11_10
32 0 112329 2 25.598204 plms11_10
32 0 118499 3 25.029701 plms11_10
32 0 118023 4 24.723919 plms11_10
32 0 118455 5 24.597277 plms11_10
32 0 109450 6 24.502333 plms11_10
32 0 118139 7 24.442366 plms11_10
32 0 112836 8 24.393019 plms11_10
32 0 118321 9 24.372765 plms11_10
33 0 2809767 0 32.725983 plms11_10
33 0 2811850 1 32.725983 plms11_10
33 0 2676594 2 27.076948 plms11_10
33 0 2675753 3 26.602392 plms11_10
33 0 2679204 4 26.602392 plms11_10
33 0 112728 5 26.02868 plms11_10
33 0 118302 6 24.613617 plms11_10
33 0 110382 7 24.421005 plms11_10
33 0 182991 8 24.204945 plms11_10
33 0 110667 9 24.046747 plms11_10
34 0 2676594 0 98.29181 plms11_10
34 0 2809767 1 97.433395 plms11_10
34 0 2811850 2 97.433395 plms11_10
34 0 2675753 3 97.42503 plms11_10
34 0 2679204 4 97.42503 plms11_10
34 0 136994 5 56.30684 plms11_10
34 0 137727 6 51.61541 plms11_10
34 0 112325 7 51.31411 plms11_10
34 0 121158 8 50.836395 plms11_10
34 0 145870 9 46.791973 plms11_10
35 0 932061 0 37.759357 plms11_10
35 0 118329 1 36.119576 plms11_10
35 0 3205767 2 36.10086 plms11_10
35 0 149005 3 35.620754 plms11_10
35 0 821306 4 35.386177 plms11_10
35 0 109586 5 34.515533 plms11_10
35 0 112268 6 33.91416 plms11_10
35 0 213843 7 33.900578 plms11_10
35 0 214063 8 33.900578 plms11_10
35 0 214467 9 33.900578 plms11_10
36 0 109923 0 46.451237 plms11_10
36 0 112259 1 46.35653 plms11_10
36 0 131163 2 45.334103 plms11_10
36 0 109703 3 44.573166 plms11_10
36 0 118234 4 44.249187 plms11_10
36 0 112069 5 44.008625 plms11_10
36 0 213843 6 43.955887 plms11_10
36 0 214063 7 43.955887 plms11_10
36 0 214467 8 43.955887 plms11_10
36 0 110599 9 43.581745 plms11_10
37 0 4151829 0 45.289204 plms11_10
37 0 145731 1 43.078194 plms11_10
37 0 112910 2 42.40569 plms11_10
37 0 111982 3 40.505196 plms11_10
37 0 118269 4 38.87731 plms11_10
37 0 110742 5 38.666065 plms11_10
37 0 110774 6 38.301086 plms11_10
37 0 111420 7 37.737625 plms11_10
37 0 103870 8 37.51978 plms11_10
37 0 145855 9 37.14044 plms11_10
38 0 118269 0 76.145485 plms11_10
38 0 1993216 1 69.46897 plms11_10
38 0 4151829 2 66.780914 plms11_10
38 0 112910 3 66.4974 plms11_10
38 0 145855 4 66.09321 plms11_10
38 0 112887 5 63.980873 plms11_10
38 0 145731 6 63.471592 plms11_10
38 0 112292 7 62.14844 plms11_10
38 0 145629 8 61.57678 plms11_10
38 0 111264 9 59.1829 plms11_10
39 0 102086 0 24.953531 plms11_10
39 0 112568 1 24.795803 plms11_10
39 0 2674861 2 24.414402 plms11_10
39 0 2675754 3 24.414402 plms11_10
39 0 111432 4 23.828089 plms11_10
39 0 111502 5 23.250586 plms11_10
39 0 112420 6 23.06305 plms11_10
39 0 118182 7 22.722298 plms11_10
39 0 112855 8 22.607128 plms11_10
39 0 105058 9 22.600723 plms11_10
40 0 931120 0 27.399002 plms11_10
40 0 145943 1 27.090025 plms11_10
40 0 112348 2 24.120508 plms11_10
40 0 2810526 3 23.859524 plms11_10
40 0 149007 4 22.873777 plms11_10
40 0 3170727 5 22.803518 plms11_10
40 0 2769807 6 22.762527 plms11_10
40 0 3171723 7 22.534523 plms11_10
40 0 945737 8 22.271152 plms11_10
40 0 932059 9 22.271152 plms11_10
41 0 112585 0 41.27364 plms11_10
41 0 109186 1 40.428062 plms11_10
41 0 110132 2 38.86986 plms11_10
41 0 111198 3 38.008003 plms11_10
41 0 110075 4 37.28 plms11_10
41 0 111891 5 36.779736 plms11_10
41 0 112924 6 36.328014 plms11_10
41 0 111254 7 35.482952 plms11_10
41 0 112440 8 35.23067 plms11_10
41 0 112833 9 34.044483 plms11_10
42 0 112924 0 53.847084 plms11_10
42 0 3189783 1 53.36209 plms11_10
42 0 137003 2 51.96666 plms11_10
42 0 3177199 3 51.806072 plms11_10
42 0 117864 4 51.726456 plms11_10
42 0 118131 5 51.33178 plms11_10
42 0 3171724 6 51.29376 plms11_10
42 0 3177200 7 51.29376 plms11_10
42 0 112810 8 50.997265 plms11_10
42 0 145632 9 50.987705 plms11_10
43 0 2680590 0 25.611416 plms11_10
43 0 2959745 1 25.611416 plms11_10
43 0 112920 2 25.180817 plms11_10
43 0 112305 3 23.706697 plms11_10
43 0 118113 4 23.151306 plms11_10
43 0 94717 5 22.513674 plms11_10
43 0 100926 6 22.469244 plms11_10
43 0 103735 7 22.383137 plms11_10
43 0 112427 8 22.21511 plms11_10
43 0 93137 9 22.00299 plms11_10
44 0 183480 0 28.477135 plms11_10
44 0 2781925 1 27.342436 plms11_10
44 0 802408 2 27.172035 plms11_10
44 0 145674 3 25.341654 plms11_10
44 0 112144 4 25.03353 plms11_10
44 0 117953 5 25.022896 plms11_10
44 0 110162 6 24.899303 plms11_10
44 0 145903 7 24.58026 plms11_10
44 0 109329 8 24.5425 plms11_10
44 0 2672209 9 24.535915 plms11_10
45 0 3181481 0 28.56097 plms11_10
45 0 112309 1 27.149784 plms11_10
45 0 118496 2 27.136114 plms11_10
45 0 111754 3 26.599747 plms11_10
45 0 145755 4 26.463577 plms11_10
45 0 130159 5 26.085932 plms11_10
45 0 127691 6 26.084854 plms11_10
45 0 110757 7 26.067368 plms11_10
45 0 107663 8 25.686502 plms11_10
45 0 106592 9 25.507252 plms11_10
46 0 2804673 0 43.656837 plms11_10
46 0 145772 1 41.059643 plms11_10
46 0 866024 2 38.392303 plms11_10
46 0 858802 3 38.392303 plms11_10
46 0 623145 4 35.933693 plms11_10
46 0 618680 5 35.658516 plms11_10
46 0 3204917 6 35.09395 plms11_10
46 0 1269289 7 34.48442 plms11_10
46 0 137725 8 34.138924 plms11_10
46 0 118452 9 33.530388 plms11_10
47 0 2674861 0 42.847775 plms11_10
47 0 2675754 1 42.847775 plms11_10
47 0 121149 2 36.71789 plms11_10
47 0 108545 3 36.47216 plms11_10
47 0 96147 4 35.782978 plms11_10
47 0 111362 5 35.65401 plms11_10
47 0 118218 6 35.120193 plms11_10
47 0 105417 7 34.598892 plms11_10
47 0 142882 8 34.277664 plms11_10
47 0 103019 9 33.954105 plms11_10
48 0 2674861 0 35.51393 plms11_10
48 0 2675754 1 35.51393 plms11_10
48 0 103019 2 30.14507 plms11_10
48 0 108041 3 30.06381 plms11_10
48 0 112422 4 29.899038 plms11_10
48 0 107451 5 28.787563 plms11_10
48 0 109625 6 27.283554 plms11_10
48 0 103201 7 26.9009 plms11_10
48 0 104182 8 26.817768 plms11_10
48 0 1116658 9 26.682638 plms11_10
49 0 4162535 0 34.475117 plms11_10
49 0 2672535 1 27.509727 plms11_10
49 0 95414 2 24.503885 plms11_10
49 0 101852 3 24.053967 plms11_10
49 0 90620 4 22.797724 plms11_10
49 0 93031 5 21.967508 plms11_10
49 0 1957917 6 21.505419 plms11_10
49 0 145626 7 21.450497 plms11_10
49 0 95551 8 21.002361 plms11_10
49 0 87007 9 20.745775 plms11_10
50 0 112733 0 32.424694 plms11_10
50 0 109776 1 32.20505 plms11_10
50 0 118203 2 31.998743 plms11_10
50 0 118449 3 31.714113 plms11_10
50 0 111953 4 30.525492 plms11_10
50 0 112671 5 30.455421 plms11_10
50 0 117950 6 30.43938 plms11_10
50 0 183479 7 30.421911 plms11_10
50 0 110763 8 30.36591 plms11_10
50 0 112606 9 30.351013 plms11_10
51 0 1741 0 12.799715 plms11_10
51 0 109715 1 12.79327 plms11_10
51 0 145791 2 12.592452 plms11_10
51 0 109466 3 12.415705 plms11_10
51 0 112867 4 12.1768055 plms11_10
51 0 2808293 5 12.10856 plms11_10
51 0 107254 6 11.955757 plms11_10
51 0 127913 7 11.8041315 plms11_10
51 0 145849 8 11.670228 plms11_10
51 0 103299 9 11.617933 plms11_10
52 0 112770 0 36.00448 plms11_10
52 0 112931 1 29.236263 plms11_10
52 0 110974 2 29.162045 plms11_10
52 0 112293 3 29.074526 plms11_10
52 0 112802 4 28.672676 plms11_10
52 0 111908 5 28.508305 plms11_10
52 0 110236 6 28.435541 plms11_10
52 0 854177 7 28.408976 plms11_10
52 0 118076 8 28.349611 plms11_10
52 0 802399 9 28.285875 plms11_10
53 0 625711 0 44.570477 plms11_10
53 0 872994 1 41.126236 plms11_10
53 0 621045 2 40.139404 plms11_10
53 0 112573 3 39.5584 plms11_10
53 0 145628 4 38.38357 plms11_10
53 0 145635 5 38.125053 plms11_10
53 0 118357 6 37.683224 plms11_10
53 0 112206 7 37.315132 plms11_10
53 0 1754 8 36.774155 plms11_10
53 0 112728 9 36.572353 plms11_10
54 0 205788 0 45.639057 plms11_10
54 0 145632 1 45.10304 plms11_10
54 0 216733 2 44.727345 plms11_10
54 0 616862 3 44.09291 plms11_10
54 0 1744 4 44.033726 plms11_10
54 0 2358 5 43.651 plms11_10
54 0 145884 6 43.579678 plms11_10
54 0 145626 7 43.152897 plms11_10
54 0 931614 8 43.14563 plms11_10
54 0 2809764 9 42.830837 plms11_10
55 0 4154603 0 94.88564 plms11_10
55 0 145731 1 71.39139 plms11_10
55 0 110774 2 70.11799 plms11_10
55 0 111261 3 66.795265 plms11_10
55 0 145855 4 61.24319 plms11_10
55 0 111420 5 59.58387 plms11_10
55 0 118269 6 59.34127 plms11_10
55 0 110021 7 54.76415 plms11_10
55 0 112910 8 52.360855 plms11_10
55 0 111982 9 48.44729 plms11_10
56 0 4154603 0 44.76873 plms11_10
56 0 145855 1 37.4418 plms11_10
56 0 145629 2 35.783195 plms11_10
56 0 2959741 3 33.603275 plms11_10
56 0 931616 4 33.603275 plms11_10
56 0 2677564 5 33.204693 plms11_10
56 0 2678135 6 33.204693 plms11_10
56 0 145731 7 31.220623 plms11_10
56 0 2679558 8 30.65723 plms11_10
56 0 2811845 9 29.019957 plms11_10
57 0 145907 0 13.091988 plms11_10
57 0 145745 1 13.085828 plms11_10
57 0 147953 2 12.778311 plms11_10
57 0 148480 3 12.778311 plms11_10
57 0 110355 4 12.651692 plms11_10
57 0 2804673 5 12.624093 plms11_10
57 0 145772 6 12.540744 plms11_10
57 0 112802 7 12.511717 plms11_10
57 0 3209687 8 12.459825 plms11_10
57 0 799986 9 12.308776 plms11_10
58 0 118467 0 28.6968 plms11_10
58 0 821305 1 28.598925 plms11_10
58 0 2811845 2 27.469158 plms11_10
58 0 117867 3 27.196285 plms11_10
58 0 106152 4 27.04569 plms11_10
58 0 117832 5 26.98371 plms11_10
58 0 112458 6 26.977972 plms11_10
58 0 145804 7 26.877663 plms11_10
58 0 118282 8 26.791246 plms11_10
58 0 2672207 9 26.779242 plms11_10
59 0 2788983 0 89.989426 plms11_10
59 0 4170685 1 88.55038 plms11_10
59 0 145627 2 83.93106 plms11_10
59 0 931614 3 82.626656 plms11_10
59 0 112824 4 81.93637 plms11_10
59 0 112905 5 80.862785 plms11_10
59 0 130158 6 80.43959 plms11_10
59 0 118037 7 80.28742 plms11_10
59 0 117968 8 80.25638 plms11_10
59 0 111736 9 78.97425 plms11_10
60 0 931614 0 62.629635 plms11_10
60 0 127905 1 59.075977 plms11_10
60 0 118257 2 58.947197 plms11_10
60 0 109810 3 56.912487 plms11_10
60 0 110510 4 56.90987 plms11_10
60 0 145856 5 56.759045 plms11_10
60 0 118334 6 56.317276 plms11_10
60 0 3195891 7 56.30347 plms11_10
60 0 109949 8 53.689194 plms11_10
60 0 109706 9 53.06874 plms11_10
61 0 2812210 0 77.56402 plms11_10
61 0 145923 1 72.537254 plms11_10
61 0 219815 2 72.323296 plms11_10
61 0 145743 3 70.39676 plms11_10
61 0 218457 4 68.39911 plms11_10
61 0 3195092 5 66.29686 plms11_10
61 0 1732 6 66.24203 plms11_10
61 0 1087955 7 60.97381 plms11_10
61 0 2620704 8 58.301643 plms11_10
61 0 218132 9 57.342106 plms11_10
62 0 110091 0 36.244495 plms11_10
62 0 117832 1 36.13928 plms11_10
62 0 802770 2 35.94002 plms11_10
62 0 118381 3 35.697197 plms11_10
62 0 118188 4 35.647964 plms11_10
62 0 205788 5 35.447178 plms11_10
62 0 218921 6 35.359158 plms11_10
62 0 118045 7 34.957024 plms11_10
62 0 219512 8 34.93805 plms11_10
62 0 145708 9 34.878597 plms11_10
63 0 97274 0 12.286164 plms11_10
63 0 97779 1 12.185162 plms11_10
63 0 106208 2 12.102031 plms11_10
63 0 96019 3 11.97773 plms11_10
63 0 1332352 4 11.942256 plms11_10
63 0 1095862 5 11.883057 plms11_10
63 0 102072 6 11.769755 plms11_10
63 0 105496 7 11.76599 plms11_10
63 0 96350 8 11.761386 plms11_10
63 0 97873 9 11.663698 plms11_10
64 0 2758568 0 54.994377 plms11_10
64 0 145895 1 48.343857 plms11_10
64 0 110645 2 43.767616 plms11_10
64 0 102061 3 39.948963 plms11_10
64 0 109773 4 39.380272 plms11_10
64 0 111051 5 39.20464 plms11_10
64 0 111082 6 38.906445 plms11_10
64 0 110542 7 37.48986 plms11_10
64 0 111936 8 37.349022 plms11_10
64 0 150540 9 36.685635 plms11_10
65 0 118123 0 25.394444 plms11_10
65 0 112677 1 16.492966 plms11_10
65 0 111285 2 15.671227 plms11_10
65 0 145867 3 15.570523 plms11_10
65 0 112016 4 15.542758 plms11_10
65 0 112935 5 15.275963 plms11_10
65 0 111051 6 15.038713 plms11_10
65 0 4151825 7 14.853498 plms11_10
65 0 122242 8 14.605646 plms11_10
65 0 111838 9 14.368086 plms11_10
66 0 3211501 0 53.008682 plms11_10
66 0 145867 1 51.60137 plms11_10
66 0 111632 2 50.573936 plms11_10
66 0 112935 3 42.585117 plms11_10
66 0 112547 4 40.807564 plms11_10
66 0 112106 5 40.719772 plms11_10
66 0 121170 6 36.620506 plms11_10
66 0 110251 7 35.732742 plms11_10
66 0 111803 8 35.060516 plms11_10
66 0 110645 9 34.32403 plms11_10
67 0 867645 0 29.527975 plms11_10
67 0 103093 1 25.0998 plms11_10
67 0 145800 2 24.928947 plms11_10
67 0 145635 3 24.561466 plms11_10
67 0 145664 4 24.346361 plms11_10
67 0 110753 5 24.334658 plms11_10
67 0 104194 6 24.258774 plms11_10
67 0 102083 7 24.066866 plms11_10
67 0 88797 8 23.877499 plms11_10
67 0 106757 9 23.868473 plms11_10
68 0 103675 0 55.109688 plms11_10
68 0 100945 1 50.12326 plms11_10
68 0 106930 2 46.77835 plms11_10
68 0 104522 3 46.678062 plms11_10
68 0 106483 4 46.439285 plms11_10
68 0 103678 5 45.978157 plms11_10
68 0 99167 6 45.70636 plms11_10
68 0 2455531 7 45.685047 plms11_10
68 0 99090 8 45.403286 plms11_10
68 0 97584 9 45.21894 plms11_10
69 0 112719 0 34.64721 plms11_10
69 0 117927 1 34.325676 plms11_10
69 0 118363 2 34.320946 plms11_10
69 0 111438 3 34.286964 plms11_10
69 0 799975 4 34.121937 plms11_10
69 0 109510 5 34.096836 plms11_10
69 0 118098 6 33.972553 plms11_10
69 0 112881 7 33.896286 plms11_10
69 0 799995 8 33.548126 plms11_10
69 0 127899 9 33.464775 plms11_10
70 0 118111 0 47.06873 plms11_10
70 0 111709 1 46.77909 plms11_10
70 0 112534 2 45.326256 plms11_10
70 0 118080 3 42.41278 plms11_10
70 0 117961 4 41.083504 plms11_10
70 0 117927 5 40.852394 plms11_10
70 0 1087961 6 40.70335 plms11_10
70 0 118317 7 40.400063 plms11_10
70 0 117859 8 40.15761 plms11_10
70 0 118379 9 39.60425 plms11_10
71 0 118052 0 47.078224 plms11_10
71 0 112904 1 46.590355 plms11_10
71 0 118234 2 43.861107 plms11_10
71 0 110331 3 43.12703 plms11_10
71 0 112914 4 41.023926 plms11_10
71 0 118005 5 40.24593 plms11_10
71 0 111103 6 39.039833 plms11_10
71 0 112311 7 38.705666 plms11_10
71 0 108303 8 38.659863 plms11_10
71 0 112324 9 38.54596 plms11_10
72 0 118052 0 36.935 plms11_10
72 0 112904 1 36.654907 plms11_10
72 0 117979 2 35.258194 plms11_10
72 0 109721 3 35.029827 plms11_10
72 0 3189783 4 34.865475 plms11_10
72 0 112311 5 34.44604 plms11_10
72 0 118234 6 34.23389 plms11_10
72 0 112914 7 34.185806 plms11_10
72 0 2654533 8 34.157593 plms11_10
72 0 2654756 9 34.157593 plms11_10
73 0 2804674 0 43.765114 plms11_10
73 0 145624 1 41.801838 plms11_10
73 0 1087954 2 41.707115 plms11_10
73 0 118043 3 41.185654 plms11_10
73 0 111425 4 39.457195 plms11_10
73 0 110692 5 38.51821 plms11_10
73 0 145638 6 38.119423 plms11_10
73 0 868383 7 37.127064 plms11_10
73 0 145881 8 35.9281 plms11_10
73 0 118162 9 34.971924 plms11_10
74 0 2804674 0 36.021465 plms11_10
74 0 112774 1 35.88688 plms11_10
74 0 218667 2 34.386433 plms11_10
74 0 108616 3 34.327915 plms11_10
74 0 219734 4 33.036068 plms11_10
74 0 3183079 5 33.016212 plms11_10
74 0 110798 6 32.842213 plms11_10
74 0 127908 7 32.66495 plms11_10
74 0 110398 8 32.233204 plms11_10
74 0 103459 9 31.951797 plms11_10
75 0 118226 0 70.67801 plms11_10
75 0 112347 1 65.959335 plms11_10
75 0 2678134 2 64.0556 plms11_10
75 0 2672210 3 63.342598 plms11_10
75 0 2654755 4 63.342598 plms11_10
75 0 111291 5 63.340046 plms11_10
75 0 106659 6 62.4281 plms11_10
75 0 110779 7 62.062447 plms11_10
75 0 110964 8 61.66554 plms11_10
75 0 110362 9 61.23883 plms11_10
76 0 1740 0 49.4302 plms11_10
76 0 108900 1 48.087765 plms11_10
76 0 145799 2 47.226242 plms11_10
76 0 118390 3 47.105667 plms11_10
76 0 2679833 4 46.96721 plms11_10
76 0 2680440 5 46.96721 plms11_10
76 0 111945 6 46.50344 plms11_10
76 0 111508 7 46.472874 plms11_10
76 0 145652 8 45.975834 plms11_10
76 0 150540 9 45.21366 plms11_10
77 0 104355 0 36.495995 plms11_10
77 0 112626 1 34.85713 plms11_10
77 0 111455 2 34.53504 plms11_10
77 0 111610 3 34.190044 plms11_10
77 0 112646 4 33.61359 plms11_10
77 0 97242 5 32.905235 plms11_10
77 0 112693 6 32.291233 plms11_10
77 0 110223 7 32.274117 plms11_10
77 0 108605 8 31.653728 plms11_10
77 0 109535 9 31.43584 plms11_10
78 0 2812588 0 73.310295 plms11_10
78 0 145632 1 72.11143 plms11_10
78 0 111717 2 69.181 plms11_10
78 0 117899 3 69.166725 plms11_10
78 0 799976 4 68.85005 plms11_10
78 0 112485 5 68.62708 plms11_10
78 0 111250 6 67.54754 plms11_10
78 0 118022 7 67.17586 plms11_10
78 0 122258 8 66.559296 plms11_10
78 0 111092 9 66.2107 plms11_10
79 0 111009 0 71.0305 plms11_10
79 0 118143 1 66.51989 plms11_10
79 0 111470 2 62.03386 plms11_10
79 0 2680438 3 52.659874 plms11_10
79 0 110221 4 47.843914 plms11_10
79 0 3171728 5 44.303513 plms11_10
79 0 903979 6 36.948654 plms11_10
79 0 902768 7 36.948654 plms11_10
79 0 118375 8 35.405495 plms11_10
79 0 106328 9 34.803936 plms11_10
80 0 108900 0 40.185886 plms11_10
80 0 2679833 1 38.748547 plms11_10
80 0 2680440 2 38.748547 plms11_10
80 0 149285 3 38.606388 plms11_10
80 0 112738 4 37.936237 plms11_10
80 0 98551 5 36.510353 plms11_10
80 0 4106441 6 36.426456 plms11_10
80 0 111502 7 35.97363 plms11_10
80 0 102890 8 35.907154 plms11_10
80 0 118376 9 35.80325 plms11_10
81 0 4157383 0 22.661528 plms11_10
81 0 112260 1 22.607635 plms11_10
81 0 799991 2 22.52671 plms11_10
81 0 118373 3 22.415327 plms11_10
81 0 145881 4 21.900898 plms11_10
81 0 3209687 5 21.829933 plms11_10
81 0 111914 6 21.779152 plms11_10
81 0 148484 7 21.762539 plms11_10
81 0 118188 8 21.217377 plms11_10
81 0 110073 9 21.028797 plms11_10
82 0 821305 0 28.13815 plms11_10
82 0 112869 1 27.74648 plms11_10
82 0 105931 2 27.377205 plms11_10
82 0 104132 3 27.281189 plms11_10
82 0 112305 4 26.794714 plms11_10
82 0 104194 5 26.713266 plms11_10
82 0 112292 6 26.639341 plms11_10
82 0 111106 7 26.5244 plms11_10
82 0 112803 8 26.47235 plms11_10
82 0 117837 9 26.45096 plms11_10
83 0 145859 0 78.835884 plms11_10
83 0 111151 1 59.374958 plms11_10
83 0 111246 2 58.311485 plms11_10
83 0 111194 3 57.77545 plms11_10
83 0 111664 4 57.18306 plms11_10
83 0 111103 5 56.397476 plms11_10
83 0 111663 6 56.327812 plms11_10
83 0 137746 7 56.013996 plms11_10
83 0 820896 8 55.847282 plms11_10
83 0 109894 9 53.55776 plms11_10
84 0 145859 0 75.75515 plms11_10
84 0 111151 1 69.96385 plms11_10
84 0 111664 2 67.88436 plms11_10
84 0 110361 3 67.72444 plms11_10
84 0 109200 4 66.298 plms11_10
84 0 800858 5 66.18655 plms11_10
84 0 109893 6 64.79578 plms11_10
84 0 122251 7 64.36484 plms11_10
84 0 110473 8 64.151115 plms11_10
84 0 110731 9 63.97704 plms11_10
85 0 802973 0 59.925304 plms11_10
85 0 803271 1 59.925304 plms11_10
85 0 2959737 2 59.925304 plms11_10
85 0 137749 3 52.25441 plms11_10
85 0 150543 4 49.378178 plms11_10
85 0 2959732 5 49.378178 plms11_10
85 0 146553 6 48.911167 plms11_10
85 0 146790 7 48.911167 plms11_10
85 0 111586 8 47.782646 plms11_10
85 0 218925 9 47.07172 plms11_10
86 0 3171724 0 48.462143 plms11_10
86 0 3177199 1 48.462143 plms11_10
86 0 3177200 2 48.462143 plms11_10
86 0 3195092 3 41.836475 plms11_10
86 0 3205766 4 37.36277 plms11_10
86 0 802973 5 36.43846 plms11_10
86 0 803271 6 36.43846 plms11_10
86 0 2959737 7 36.43846 plms11_10
86 0 3170730 8 35.070835 plms11_10
86 0 3177197 9 35.070835 plms11_10
87 0 143378 0 40.243095 plms11_10
87 0 112807 1 38.72933 plms11_10
87 0 112746 2 38.301754 plms11_10
87 0 112080 3 37.471905 plms11_10
87 0 111170 4 36.812893 plms11_10
87 0 136998 5 36.39441 plms11_10
87 0 118109 6 36.28129 plms11_10
87 0 117899 7 34.816563 plms11_10
87 0 111186 8 34.275562 plms11_10
87 0 1088038 9 34.07749 plms11_10
88 0 625833 0 35.904755 plms11_10
88 0 145122 1 35.834373 plms11_10
88 0 111170 2 34.738174 plms11_10
88 0 130159 3 34.28591 plms11_10
88 0 182991 4 34.07699 plms11_10
88 0 625711 5 33.943222 plms11_10
88 0 127691 6 33.831802 plms11_10
88 0 147529 7 33.55254 plms11_10
88 0 145770 8 33.543343 plms11_10
88 0 182992 9 33.188152 plms11_10
89 0 4151822 0 132.68791 plms11_10
89 0 2812588 1 119.25696 plms11_10
89 0 4162110 2 98.549545 plms11_10
89 0 2770446 3 97.42663 plms11_10
89 0 145817 4 73.71697 plms11_10
89 0 4106440 5 69.768326 plms11_10
89 0 145647 6 68.622505 plms11_10
89 0 145954 7 67.02782 plms11_10
89 0 134747 8 64.63974 plms11_10
89 0 111029 9 63.61157 plms11_10
90 0 145626 0 18.24007 plms11_10
90 0 109643 1 18.059114 plms11_10
90 0 109921 2 17.77049 plms11_10
90 0 118054 3 17.559464 plms11_10
90 0 118420 4 17.250887 plms11_10
90 0 109079 5 17.12165 plms11_10
90 0 2620698 6 16.893915 plms11_10
90 0 109776 7 16.632711 plms11_10
90 0 109080 8 16.504326 plms11_10
90 0 109016 9 16.35744 plms11_10
91 0 3212514 0 65.290085 plms11_10
91 0 219097 1 50.758373 plms11_10
91 0 145892 2 48.947025 plms11_10
91 0 145785 3 47.05103 plms11_10
91 0 1087959 4 47.029285 plms11_10
91 0 856791 5 46.12431 plms11_10
91 0 110032 6 45.977325 plms11_10
91 0 624280 7 44.94511 plms11_10
91 0 118507 8 43.67625 plms11_10
91 0 109043 9 43.250854 plms11_10
92 0 3212514 0 26.905886 plms11_10
92 0 2675751 1 20.718681 plms11_10
92 0 4162936 2 19.818466 plms11_10
92 0 109818 3 19.781258 plms11_10
92 0 111820 4 19.7048 plms11_10
92 0 111828 5 19.674215 plms11_10
92 0 109857 6 19.475721 plms11_10
92 0 111694 7 19.304749 plms11_10
92 0 112241 8 18.807932 plms11_10
92 0 111191 9 18.745813 plms11_10
93 0 110877 0 101.82351 plms11_10
93 0 118107 1 98.5146 plms11_10
93 0 118334 2 98.168976 plms11_10
93 0 130158 3 97.64417 plms11_10
93 0 109610 4 90.869576 plms11_10
93 0 4151827 5 88.97147 plms11_10
93 0 110248 6 87.587326 plms11_10
93 0 931614 7 86.78755 plms11_10
93 0 2788983 8 86.56763 plms11_10
93 0 110200 9 85.529854 plms11_10
94 0 931614 0 118.376305 plms11_10
94 0 3195891 1 104.58744 plms11_10
94 0 4151827 2 102.76288 plms11_10
94 0 2788983 3 97.56848 plms11_10
94 0 130158 4 84.14861 plms11_10
94 0 145901 5 82.78333 plms11_10
94 0 117874 6 79.95571 plms11_10
94 0 118107 7 79.32947 plms11_10
94 0 118334 8 79.216934 plms11_10
94 0 118129 9 78.96462 plms11_10
95 0 107232 0 32.153606 plms11_10
95 0 108555 1 30.857721 plms11_10
95 0 105495 2 29.85877 plms11_10
95 0 107794 3 26.724403 plms11_10
95 0 107475 4 26.162403 plms11_10
95 0 111385 5 24.758978 plms11_10
95 0 108161 6 24.15177 plms11_10
95 0 101863 7 24.150982 plms11_10
95 0 112765 8 23.938934 plms11_10
95 0 112343 9 23.816784 plms11_10
96 0 104330 0 19.185762 plms11_10
96 0 91961 1 18.871696 plms11_10
96 0 91505 2 18.858837 plms11_10
96 0 2650505 3 18.688366 plms11_10
96 0 104523 4 18.67131 plms11_10
96 0 86280 5 18.460608 plms11_10
96 0 108711 6 18.311138 plms11_10
96 0 106657 7 18.21592 plms11_10
96 0 108330 8 18.20992 plms11_10
96 0 2959738 9 18.147528 plms11_10
97 0 112101 0 45.22711 plms11_10
97 0 111922 1 35.744267 plms11_10
97 0 136993 2 31.044418 plms11_10
97 0 118379 3 26.531609 plms11_10
97 0 2806208 4 26.419971 plms11_10
97 0 2808294 5 26.419971 plms11_10
97 0 134751 6 25.904207 plms11_10
97 0 145822 7 25.732664 plms11_10
97 0 105412 8 25.491266 plms11_10
97 0 109772 9 25.423445 plms11_10
98 0 2655591 0 34.06924 plms11_10
98 0 103809 1 32.939964 plms11_10
98 0 145903 2 32.89201 plms11_10
98 0 145822 3 32.758045 plms11_10
98 0 117902 4 32.492283 plms11_10
98 0 118148 5 32.035583 plms11_10
98 0 2676593 6 31.900383 plms11_10
98 0 110146 7 31.643341 plms11_10
98 0 117832 8 31.614964 plms11_10
98 0 110996 9 31.607428 plms11_10
99 0 112267 0 60.537724 plms11_10
99 0 111884 1 46.39245 plms11_10
99 0 110552 2 45.38547 plms11_10
99 0 118121 3 40.468094 plms11_10
99 0 109976 4 39.18285 plms11_10
99 0 104759 5 36.534935 plms11_10
99 0 110578 6 36.227367 plms11_10
99 0 145914 7 34.338123 plms11_10
99 0 109673 8 33.940487 plms11_10
99 0 112723 9 32.90578 plms11_10
100 0 112267 0 98.04753 plms11_10
100 0 110552 1 87.908066 plms11_10
100 0 111884 2 71.253296 plms11_10
100 0 111886 3 69.88633 plms11_10
100 0 112723 4 66.34746 plms11_10
100 0 102981 5 66.16413 plms11_10
100 0 110098 6 64.379745 plms11_10
100 0 109678 7 63.98957 plms11_10
100 0 112227 8 63.28122 plms11_10
100 0 109633 9 62.664497 plms11_10
