1 0 112795 0 40.10369 plms9_10
1 0 111116 1 37.39936 plms9_10
1 0 112924 2 36.008587 plms9_10
1 0 2649076 3 35.7158 plms9_10
1 0 219732 4 35.71075 plms9_10
1 0 149702 5 35.687424 plms9_10
1 0 106879 6 35.33832 plms9_10
1 0 219733 7 35.3193 plms9_10
1 0 220342 8 35.3193 plms9_10
1 0 110370 9 34.69228 plms9_10
2 0 4170684 0 24.717237 plms9_10
2 0 2644673 1 22.238184 plms9_10
2 0 145692 2 20.138178 plms9_10
2 0 149006 3 19.68697 plms9_10
2 0 104571 4 19.560413 plms9_10
2 0 112423 5 19.117582 plms9_10
2 0 110134 6 18.741924 plms9_10
2 0 109466 7 18.366964 plms9_10
2 0 108555 8 18.247244 plms9_10
2 0 103549 9 18.205023 plms9_10
3 0 3162143 0 51.286633 plms9_10
3 0 215496 1 50.84503 plms9_10
3 0 215694 2 50.84503 plms9_10
3 0 2959735 3 50.84399 plms9_10
3 0 118029 4 49.671078 plms9_10
3 0 112212 5 49.661053 plms9_10
3 0 130157 6 47.53075 plms9_10
3 0 111091 7 47.203472 plms9_10
3 0 145821 8 46.8108 plms9_10
3 0 118475 9 46.769585 plms9_10
4 0 215496 0 62.77423 plms9_10
4 0 215694 1 62.77423 plms9_10
4 0 2959735 2 62.77215 plms9_10
4 0 149007 3 61.494694 plms9_10
4 0 107492 4 57.30877 plms9_10
4 0 149288 5 56.239 plms9_10
4 0 3162143 6 55.527733 plms9_10
4 0 145890 7 55.246155 plms9_10
4 0 145821 8 54.61984 plms9_10
4 0 903973 9 54.197746 plms9_10
5 0 183480 0 45.847733 plms9_10
5 0 110056 1 44.6182 plms9_10
5 0 117911 2 42.02651 plms9_10
5 0 118217 3 41.80584 plms9_10
5 0 108089 4 41.538784 plms9_10
5 0 111789 5 41.5106 plms9_10
5 0 118025 6 40.305584 plms9_10
5 0 1087604 7 40.19266 plms9_10
5 0 118174 8 38.977978 plms9_10
5 0 112114 9 38.673378 plms9_10
6 0 2811844 0 29.1517 plms9_10
6 0 2959750 1 29.1517 plms9_10
6 0 117932 2 25.871174 plms9_10
6 0 110883 3 24.496233 plms9_10
6 0 105790 4 22.813618 plms9_10
6 0 106257 5 22.42388 plms9_10
6 0 112931 6 22.285355 plms9_10
6 0 1743 7 20.44877 plms9_10
6 0 110048 8 20.401903 plms9_10
6 0 626208 9 20.2786 plms9_10
7 0 145715 0 43.69458 plms9_10
7 0 2655591 1 42.88952 plms9_10
7 0 134749 2 42.31945 plms9_10
7 0 147531 3 41.57591 plms9_10
7 0 217512 4 41.55931 plms9_10
7 0 145713 5 41.362347 plms9_10
7 0 3195892 6 41.237938 plms9_10
7 0 2678467 7 41.224827 plms9_10
7 0 2679202 8 41.224827 plms9_10
7 0 2959746 9 41.224827 plms9_10
8 0 104034 0 23.400154 plms9_10
8 0 146981 1 22.384844 plms9_10
8 0 2771248 2 22.263487 plms9_10
8 0 110561 3 21.569218 plms9_10
8 0 2760668 4 21.422722 plms9_10
8 0 109837 5 21.152538 plms9_10
8 0 94171 6 20.920578 plms9_10
8 0 2676593 7 20.9103 plms9_10
8 0 112634 8 20.809195 plms9_10
8 0 96049 9 20.796013 plms9_10
9 0 111694 0 70.17949 plms9_10
9 0 109720 1 68.87734 plms9_10
9 0 118212 2 68.4391 plms9_10
9 0 2675751 3 68.12325 plms9_10
9 0 112641 4 67.53091 plms9_10
9 0 118011 5 67.316444 plms9_10
9 0 111191 6 67.21676 plms9_10
9 0 127923 7 65.48613 plms9_10
9 0 118423 8 62.89606 plms9_10
9 0 110543 9 62.628872 plms9_10
10 0 145715 0 49.858143 plms9_10
10 0 112931 1 49.83776 plms9_10
10 0 112423 2 49.24393 plms9_10
10 0 121163 3 45.80452 plms9_10
10 0 111500 4 45.637177 plms9_10
10 0 147531 5 45.33383 plms9_10
10 0 112094 6 45.09817 plms9_10
10 0 214949 7 45.01827 plms9_10
10 0 215071 8 45.01827 plms9_10
10 0 145713 9 44.61123 plms9_10
11 0 1747 0 31.79351 plms9_10
11 0 110800 1 31.760548 plms9_10
11 0 873668 2 31.638605 plms9_10
11 0 107553 3 30.90465 plms9_10
11 0 2743678 4 30.798687 plms9_10
11 0 931123 5 30.690304 plms9_10
11 0 145960 6 30.343596 plms9_10
11 0 2809767 7 30.144175 plms9_10
11 0 2811850 8 30.144175 plms9_10
11 0 620560 9 29.968521 plms9_10
12 0 2672535 0 39.92508 plms9_10
12 0 809121 1 28.232904 plms9_10
12 0 3207860 2 27.58718 plms9_10
12 0 3153112 3 27.579454 plms9_10
12 0 109248 4 26.34951 plms9_10
12 0 621195 5 26.211946 plms9_10
12 0 621270 6 26.211946 plms9_10
12 0 109096 7 25.576641 plms9_10
12 0 2812586 8 25.378994 plms9_10
12 0 118046 9 24.647768 plms9_10
13 0 802973 0 69.53802 plms9_10
13 0 803271 1 69.53802 plms9_10
13 0 2959737 2 69.53802 plms9_10
13 0 2642828 3 69.26366 plms9_10
13 0 145967 4 66.01511 plms9_10
13 0 802770 5 63.435246 plms9_10
13 0 2812588 6 63.262085 plms9_10
13 0 614392 7 62.299908 plms9_10
13 0 614485 8 62.299908 plms9_10
13 0 2959730 9 61.405544 plms9_10
14 0 614392 0 41.409943 plms9_10
14 0 614485 1 41.409943 plms9_10
14 0 2812588 2 40.782196 plms9_10
14 0 124715 3 40.433308 plms9_10
14 0 145967 4 37.73876 plms9_10
14 0 145958 5 37.63554 plms9_10
14 0 145965 6 35.67775 plms9_10
14 0 145632 7 35.583126 plms9_10
14 0 3199501 8 35.155373 plms9_10
14 0 110496 9 34.9738 plms9_10
15 0 2812588 0 58.49834 plms9_10
15 0 4162111 1 47.25972 plms9_10
15 0 4015951 2 45.05418 plms9_10
15 0 4151822 3 43.58796 plms9_10
15 0 3207858 4 43.52243 plms9_10
15 0 3199501 5 41.901394 plms9_10
15 0 4106440 6 41.08186 plms9_10
15 0 3177196 7 39.11587 plms9_10
15 0 2806207 8 38.537697 plms9_10
15 0 2810525 9 38.090088 plms9_10
16 0 2812588 0 46.57747 plms9_10
16 0 2155 1 41.349834 plms9_10
16 0 4151822 2 40.989555 plms9_10
16 0 145817 3 40.28812 plms9_10
16 0 121146 4 39.06579 plms9_10
16 0 1921234 5 38.487106 plms9_10
16 0 134747 6 38.346504 plms9_10
16 0 2152 7 38.18774 plms9_10
16 0 145966 8 38.08312 plms9_10
16 0 2771249 9 38.058563 plms9_10
17 0 145119 0 28.594429 plms9_10
17 0 111302 1 27.247543 plms9_10
17 0 118230 2 27.08314 plms9_10
17 0 217512 3 26.830685 plms9_10
17 0 131151 4 26.745243 plms9_10
17 0 1087697 5 26.325983 plms9_10
17 0 117968 6 26.12492 plms9_10
17 0 118063 7 26.068777 plms9_10
17 0 111122 8 25.904148 plms9_10
17 0 117987 9 25.83266 plms9_10
18 0 148484 0 60.26968 plms9_10
18 0 145664 1 59.801186 plms9_10
18 0 3209687 2 58.836666 plms9_10
18 0 112829 3 57.926945 plms9_10
18 0 110810 4 57.90252 plms9_10
18 0 131156 5 57.509144 plms9_10
18 0 105979 6 57.508175 plms9_10
18 0 112128 7 57.358715 plms9_10
18 0 112490 8 57.14564 plms9_10
18 0 112620 9 57.139805 plms9_10
19 0 99101 0 16.68697 plms9_10
19 0 104895 1 16.411045 plms9_10
19 0 106639 2 16.273401 plms9_10
19 0 105517 3 15.887723 plms9_10
19 0 104474 4 15.605298 plms9_10
19 0 105461 5 15.584386 plms9_10
19 0 111219 6 15.530655 plms9_10
19 0 92882 7 15.390483 plms9_10
19 0 109264 8 15.377478 plms9_10
19 0 111715 9 15.375636 plms9_10
20 0 118243 0 28.582943 plms9_10
20 0 108538 1 26.940214 plms9_10
20 0 866023 2 26.630009 plms9_10
20 0 626454 3 26.512724 plms9_10
20 0 111727 4 26.065407 plms9_10
20 0 118043 5 25.80327 plms9_10
20 0 136996 6 25.74289 plms9_10
20 0 106282 7 25.726252 plms9_10
20 0 118358 8 25.571058 plms9_10
20 0 111713 9 25.442894 plms9_10
21 0 2659300 0 38.909935 plms9_10
21 0 118371 1 37.216564 plms9_10
21 0 145925 2 35.022167 plms9_10
21 0 867657 3 34.952084 plms9_10
21 0 117890 4 34.94895 plms9_10
21 0 112777 5 34.77824 plms9_10
21 0 112846 6 34.280437 plms9_10
21 0 111858 7 33.08746 plms9_10
21 0 112512 8 32.290787 plms9_10
21 0 118010 9 32.09623 plms9_10
22 0 111021 0 82.40455 plms9_10
22 0 145644 1 78.10997 plms9_10
22 0 111517 2 76.74905 plms9_10
22 0 873660 3 75.06688 plms9_10
22 0 112880 4 74.94571 plms9_10
22 0 118416 5 74.41958 plms9_10
22 0 112737 6 74.15008 plms9_10
22 0 109565 7 71.06522 plms9_10
22 0 117898 8 70.996445 plms9_10
22 0 117949 9 70.955215 plms9_10
23 0 112257 0 19.81607 plms9_10
23 0 4162535 1 17.614586 plms9_10
23 0 118449 2 17.591003 plms9_10
23 0 2810525 3 16.210476 plms9_10
23 0 2811847 4 16.210476 plms9_10
23 0 137736 5 16.197916 plms9_10
23 0 107645 6 15.756484 plms9_10
23 0 111610 7 15.503132 plms9_10
23 0 145738 8 15.466079 plms9_10
23 0 3153112 9 15.233967 plms9_10
24 0 182558 0 23.278618 plms9_10
24 0 2801435 1 23.021559 plms9_10
24 0 109265 2 22.475182 plms9_10
24 0 112693 3 22.327667 plms9_10
24 0 112257 4 22.258242 plms9_10
24 0 2804671 5 22.00071 plms9_10
24 0 118044 6 21.909393 plms9_10
24 0 118449 7 21.818506 plms9_10
24 0 137736 8 21.617172 plms9_10
24 0 111318 9 21.37262 plms9_10
25 0 112345 0 37.622036 plms9_10
25 0 3211503 1 36.224514 plms9_10
25 0 112616 2 33.834034 plms9_10
25 0 118021 3 30.746262 plms9_10
25 0 108632 4 27.843687 plms9_10
25 0 101911 5 27.622936 plms9_10
25 0 107971 6 26.464497 plms9_10
25 0 109416 7 25.9462 plms9_10
25 0 110260 8 25.605598 plms9_10
25 0 108129 9 25.513496 plms9_10
26 0 112324 0 52.932976 plms9_10
26 0 118026 1 52.711086 plms9_10
26 0 117872 2 52.54014 plms9_10
26 0 145758 3 51.802734 plms9_10
26 0 112616 4 51.352177 plms9_10
26 0 112045 5 50.514305 plms9_10
26 0 112724 6 49.514156 plms9_10
26 0 111056 7 49.032715 plms9_10
26 0 118052 8 48.489216 plms9_10
26 0 127910 9 48.370388 plms9_10
27 0 4157405 0 42.078804 plms9_10
27 0 4157382 1 42.07663 plms9_10
27 0 111141 2 35.363255 plms9_10
27 0 112346 3 35.06116 plms9_10
27 0 110384 4 34.549934 plms9_10
27 0 112071 5 31.981562 plms9_10
27 0 110320 6 30.353092 plms9_10
27 0 110706 7 30.053774 plms9_10
27 0 118475 8 28.823778 plms9_10
27 0 112565 9 27.746805 plms9_10
28 0 4157382 0 67.145134 plms9_10
28 0 4157405 1 67.145134 plms9_10
28 0 112346 2 55.93319 plms9_10
28 0 111141 3 51.758503 plms9_10
28 0 112523 4 51.36317 plms9_10
28 0 217703 5 48.04836 plms9_10
28 0 112308 6 44.73253 plms9_10
28 0 107063 7 43.762535 plms9_10
28 0 110384 8 41.8833 plms9_10
28 0 110374 9 41.73797 plms9_10
29 0 112620 0 31.391644 plms9_10
29 0 4151826 1 29.60245 plms9_10
29 0 205788 2 29.314144 plms9_10
29 0 111471 3 29.219362 plms9_10
29 0 145726 4 28.821646 plms9_10
29 0 145632 5 28.752222 plms9_10
29 0 145843 6 28.416607 plms9_10
29 0 626206 7 28.39628 plms9_10
29 0 118351 8 28.257355 plms9_10
29 0 110984 9 27.941149 plms9_10
30 0 145841 0 58.334534 plms9_10
30 0 205788 1 55.435867 plms9_10
30 0 218921 2 55.029617 plms9_10
30 0 145708 3 54.28438 plms9_10
30 0 137739 4 53.363796 plms9_10
30 0 118117 5 52.384636 plms9_10
30 0 145843 6 51.136677 plms9_10
30 0 145761 7 50.62892 plms9_10
30 0 145916 8 49.970108 plms9_10
30 0 112704 9 49.45344 plms9_10
31 0 148797 0 50.071888 plms9_10
31 0 145925 1 45.804058 plms9_10
31 0 118412 2 43.686363 plms9_10
31 0 145857 3 43.175682 plms9_10
31 0 137003 4 42.838657 plms9_10
31 0 130146 5 42.754257 plms9_10
31 0 118374 6 40.808426 plms9_10
31 0 219733 7 40.351593 plms9_10
31 0 220342 8 40.351593 plms9_10
31 0 117966 9 40.276134 plms9_10
32 0 110561 0 23.186499 plms9_10
32 0 118458 1 23.005465 plms9_10
32 0 130162 2 22.417076 plms9_10
32 0 109450 3 21.996199 plms9_10
32 0 118023 4 21.810446 plms9_10
32 0 118369 5 21.613855 plms9_10
32 0 118455 6 21.613337 plms9_10
32 0 118321 7 21.529774 plms9_10
32 0 118139 8 21.528893 plms9_10
32 0 112836 9 21.372538 plms9_10
33 0 2809767 0 31.285364 plms9_10
33 0 2811850 1 31.285364 plms9_10
33 0 2676594 2 25.77761 plms9_10
33 0 2675753 3 25.357521 plms9_10
33 0 2679204 4 25.357521 plms9_10
33 0 112728 5 24.762924 plms9_10
33 0 118302 6 23.646479 plms9_10
33 0 110667 7 23.162918 plms9_10
33 0 110382 8 23.099968 plms9_10
33 0 182991 9 22.563576 plms9_10
34 0 2676594 0 87.75265 plms9_10
34 0 2675753 1 86.9763 plms9_10
34 0 2679204 2 86.9763 plms9_10
34 0 2809767 3 83.47643 plms9_10
34 0 2811850 4 83.47643 plms9_10
34 0 137727 5 45.69685 plms9_10
34 0 136994 6 45.65062 plms9_10
34 0 112325 7 44.201878 plms9_10
34 0 121158 8 43.840984 plms9_10
34 0 3216389 9 39.264545 plms9_10
35 0 932061 0 31.467646 plms9_10
35 0 109586 1 31.13601 plms9_10
35 0 149005 2 30.536419 plms9_10
35 0 118329 3 29.74402 plms9_10
35 0 3214778 4 29.319635 plms9_10
35 0 112132 5 28.659197 plms9_10
35 0 112268 6 28.155966 plms9_10
35 0 145782 7 28.084335 plms9_10
35 0 112884 8 28.05939 plms9_10
35 0 2620886 9 27.94112 plms9_10
36 0 109703 0 41.767895 plms9_10
36 0 112259 1 40.915344 plms9_10
36 0 112069 2 40.688213 plms9_10
36 0 109923 3 40.41749 plms9_10
36 0 131163 4 40.35108 plms9_10
36 0 213843 5 39.639194 plms9_10
36 0 214063 6 39.639194 plms9_10
36 0 214467 7 39.639194 plms9_10
36 0 118234 8 38.602005 plms9_10
36 0 110599 9 37.803158 plms9_10
37 0 145731 0 42.017117 plms9_10
37 0 4151829 1 40.66584 plms9_10
37 0 112910 2 40.47872 plms9_10
37 0 111982 3 38.370426 plms9_10
37 0 110742 4 37.103848 plms9_10
37 0 118269 5 36.890686 plms9_10
37 0 110774 6 36.760204 plms9_10
37 0 111264 7 35.549522 plms9_10
37 0 1993216 8 35.4761 plms9_10
37 0 111420 9 35.261757 plms9_10
38 0 118269 0 70.41579 plms9_10
38 0 1993216 1 67.23354 plms9_10
38 0 145731 2 62.93705 plms9_10
38 0 112910 3 62.451527 plms9_10
38 0 4151829 4 61.78047 plms9_10
38 0 145855 5 60.502716 plms9_10
38 0 112887 6 59.061302 plms9_10
38 0 112292 7 57.83266 plms9_10
38 0 145629 8 56.019405 plms9_10
38 0 111264 9 54.784 plms9_10
39 0 2674861 0 23.712774 plms9_10
39 0 2675754 1 23.712774 plms9_10
39 0 112568 2 23.08041 plms9_10
39 0 111432 3 22.904316 plms9_10
39 0 102086 4 22.393219 plms9_10
39 0 1731 5 22.32253 plms9_10
39 0 112936 6 22.2676 plms9_10
39 0 118182 7 21.97937 plms9_10
39 0 111502 8 21.729628 plms9_10
39 0 105058 9 21.512768 plms9_10
40 0 931120 0 26.296759 plms9_10
40 0 145943 1 25.644058 plms9_10
40 0 2810526 2 23.05194 plms9_10
40 0 112348 3 22.659832 plms9_10
40 0 3171723 4 22.046124 plms9_10
40 0 149007 5 21.878096 plms9_10
40 0 2769807 6 21.63561 plms9_10
40 0 3170727 7 21.381119 plms9_10
40 0 146981 8 21.009882 plms9_10
40 0 945737 9 20.987114 plms9_10
41 0 112585 0 38.386562 plms9_10
41 0 109186 1 37.02316 plms9_10
41 0 111891 2 36.01351 plms9_10
41 0 110132 3 35.6117 plms9_10
41 0 111198 4 34.862812 plms9_10
41 0 112440 5 34.220062 plms9_10
41 0 110075 6 34.022156 plms9_10
41 0 111254 7 33.255463 plms9_10
41 0 112924 8 33.082092 plms9_10
41 0 110230 9 32.606464 plms9_10
42 0 112924 0 48.193954 plms9_10
42 0 3189783 1 47.916317 plms9_10
42 0 118374 2 47.435333 plms9_10
42 0 111851 3 46.82945 plms9_10
42 0 112810 4 46.274532 plms9_10
42 0 108480 5 45.85532 plms9_10
42 0 118299 6 45.843285 plms9_10
42 0 118131 7 45.753025 plms9_10
42 0 111250 8 45.59112 plms9_10
42 0 112206 9 45.460896 plms9_10
43 0 103735 0 22.383137 plms9_10
43 0 117899 1 18.891617 plms9_10
43 0 2620710 2 18.608372 plms9_10
43 0 112482 3 18.315842 plms9_10
43 0 106883 4 18.230907 plms9_10
43 0 108139 5 18.037056 plms9_10
43 0 145873 6 17.544954 plms9_10
43 0 118113 7 17.487228 plms9_10
43 0 110126 8 17.141403 plms9_10
43 0 112305 9 17.132719 plms9_10
44 0 183480 0 24.454489 plms9_10
44 0 802408 1 23.142458 plms9_10
44 0 2781925 2 22.67579 plms9_10
44 0 3203624 3 21.829924 plms9_10
44 0 118269 4 21.701519 plms9_10
44 0 3213871 5 21.65244 plms9_10
44 0 110162 6 21.617382 plms9_10
44 0 109329 7 21.562025 plms9_10
44 0 117953 8 21.464098 plms9_10
44 0 118282 9 21.443928 plms9_10
45 0 106592 0 23.972033 plms9_10
45 0 104281 1 22.348476 plms9_10
45 0 112561 2 22.290987 plms9_10
45 0 108025 3 22.196787 plms9_10
45 0 2677564 4 22.05728 plms9_10
45 0 2678135 5 22.05728 plms9_10
45 0 117987 6 21.91944 plms9_10
45 0 800568 7 21.750074 plms9_10
45 0 118464 8 21.311653 plms9_10
45 0 104798 9 21.237612 plms9_10
46 0 2804673 0 41.44012 plms9_10
46 0 145772 1 38.619907 plms9_10
46 0 866024 2 36.138332 plms9_10
46 0 858802 3 36.138332 plms9_10
46 0 623145 4 33.586895 plms9_10
46 0 618680 5 33.245987 plms9_10
46 0 3204917 6 32.64753 plms9_10
46 0 1269289 7 32.087383 plms9_10
46 0 137725 8 31.73449 plms9_10
46 0 118452 9 31.08379 plms9_10
47 0 2674861 0 39.08488 plms9_10
47 0 2675754 1 39.08488 plms9_10
47 0 108545 2 32.959064 plms9_10
47 0 105417 3 32.59369 plms9_10
47 0 121149 4 32.4929 plms9_10
47 0 111362 5 32.22388 plms9_10
47 0 96147 6 31.822914 plms9_10
47 0 118218 7 31.704866 plms9_10
47 0 142882 8 30.872002 plms9_10
47 0 103019 9 30.60801 plms9_10
48 0 2674861 0 33.06904 plms9_10
48 0 2675754 1 33.06904 plms9_10
48 0 103019 2 28.815903 plms9_10
48 0 112422 3 27.682995 plms9_10
48 0 108041 4 27.221466 plms9_10
48 0 96287 5 25.168036 plms9_10
48 0 107451 6 25.02925 plms9_10
48 0 94040 7 24.861948 plms9_10
48 0 106385 8 24.602045 plms9_10
48 0 104644 9 24.309402 plms9_10
49 0 4162535 0 32.467445 plms9_10
49 0 2672535 1 25.356344 plms9_10
49 0 95414 2 23.417164 plms9_10
49 0 90620 3 22.797724 plms9_10
49 0 101852 4 22.232193 plms9_10
49 0 93031 5 20.422472 plms9_10
49 0 87007 6 19.892653 plms9_10
49 0 1957917 7 19.683645 plms9_10
49 0 145626 8 19.48472 plms9_10
49 0 98032 9 19.450045 plms9_10
50 0 109776 0 26.292616 plms9_10
50 0 112733 1 26.031176 plms9_10
50 0 110162 2 25.9742 plms9_10
50 0 118203 3 25.727404 plms9_10
50 0 118449 4 25.481684 plms9_10
50 0 110763 5 25.059353 plms9_10
50 0 112198 6 24.937449 plms9_10
50 0 109932 7 24.669464 plms9_10
50 0 117950 8 24.629536 plms9_10
50 0 111954 9 24.606297 plms9_10
51 0 1741 0 12.799715 plms9_10
51 0 109715 1 12.79327 plms9_10
51 0 145791 2 12.592452 plms9_10
51 0 109466 3 12.415705 plms9_10
51 0 112867 4 12.1768055 plms9_10
51 0 2808293 5 12.10856 plms9_10
51 0 107254 6 11.955757 plms9_10
51 0 127913 7 11.8041315 plms9_10
51 0 145849 8 11.670228 plms9_10
51 0 103299 9 11.617933 plms9_10
52 0 112770 0 33.694054 plms9_10
52 0 111908 1 28.508305 plms9_10
52 0 118076 2 28.349611 plms9_10
52 0 802399 3 27.791477 plms9_10
52 0 110974 4 27.3988 plms9_10
52 0 137750 5 26.955046 plms9_10
52 0 107187 6 26.871714 plms9_10
52 0 112931 7 26.57194 plms9_10
52 0 112293 8 26.507206 plms9_10
52 0 110236 9 26.381437 plms9_10
53 0 625711 0 41.916035 plms9_10
53 0 621045 1 38.38826 plms9_10
53 0 872994 2 37.06761 plms9_10
53 0 112573 3 36.75016 plms9_10
53 0 118357 4 35.954933 plms9_10
53 0 112206 5 34.517307 plms9_10
53 0 112728 6 34.334713 plms9_10
53 0 104615 7 34.31282 plms9_10
53 0 145635 8 34.26008 plms9_10
53 0 811778 9 34.146935 plms9_10
54 0 205788 0 40.89101 plms9_10
54 0 145632 1 40.679596 plms9_10
54 0 216733 2 39.739986 plms9_10
54 0 616862 3 39.386326 plms9_10
54 0 145884 4 39.087215 plms9_10
54 0 2358 5 38.895607 plms9_10
54 0 145626 6 38.821384 plms9_10
54 0 931614 7 38.549103 plms9_10
54 0 145807 8 38.48874 plms9_10
54 0 145792 9 38.048637 plms9_10
55 0 4154603 0 82.159966 plms9_10
55 0 145731 1 66.4912 plms9_10
55 0 111261 2 62.437653 plms9_10
55 0 110774 3 61.25544 plms9_10
55 0 145855 4 55.665607 plms9_10
55 0 118269 5 54.23739 plms9_10
55 0 111420 6 53.340405 plms9_10
55 0 112910 7 52.360855 plms9_10
55 0 110021 8 47.609238 plms9_10
55 0 109251 9 42.693943 plms9_10
56 0 4154603 0 34.584934 plms9_10
56 0 145855 1 31.639242 plms9_10
56 0 145629 2 30.019993 plms9_10
56 0 107743 3 28.704374 plms9_10
56 0 110021 4 28.080414 plms9_10
56 0 118269 5 27.196718 plms9_10
56 0 108548 6 26.962658 plms9_10
56 0 109215 7 26.75703 plms9_10
56 0 110736 8 26.293188 plms9_10
56 0 108115 9 26.271393 plms9_10
57 0 145907 0 11.489927 plms9_10
57 0 145745 1 11.393122 plms9_10
57 0 147953 2 11.254984 plms9_10
57 0 148480 3 11.254984 plms9_10
57 0 2804673 4 11.093848 plms9_10
57 0 110355 5 11.078581 plms9_10
57 0 145772 6 10.920686 plms9_10
57 0 112802 7 10.793517 plms9_10
57 0 3209687 8 10.760067 plms9_10
57 0 799986 9 10.597248 plms9_10
58 0 118467 0 27.377789 plms9_10
58 0 821305 1 26.787762 plms9_10
58 0 2811845 2 25.759092 plms9_10
58 0 117867 3 25.68421 plms9_10
58 0 112458 4 25.574415 plms9_10
58 0 118282 5 25.472235 plms9_10
58 0 117832 6 25.30833 plms9_10
58 0 106152 7 25.28846 plms9_10
58 0 2672207 8 25.2344 plms9_10
58 0 145881 9 25.1932 plms9_10
59 0 2788983 0 70.189445 plms9_10
59 0 4170685 1 69.06523 plms9_10
59 0 931614 2 62.85175 plms9_10
59 0 145627 3 62.68612 plms9_10
59 0 112824 4 60.777363 plms9_10
59 0 112905 5 60.582783 plms9_10
59 0 2672208 6 60.44177 plms9_10
59 0 2670794 7 60.44177 plms9_10
59 0 118037 8 60.20169 plms9_10
59 0 117968 9 60.166725 plms9_10
60 0 931614 0 53.850986 plms9_10
60 0 127905 1 50.84704 plms9_10
60 0 118257 2 49.586197 plms9_10
60 0 110510 3 48.168804 plms9_10
60 0 109810 4 47.926167 plms9_10
60 0 145856 5 47.75369 plms9_10
60 0 3195891 6 47.375668 plms9_10
60 0 118334 7 47.105648 plms9_10
60 0 109949 8 44.2876 plms9_10
60 0 109706 9 43.816006 plms9_10
61 0 145923 0 71.114174 plms9_10
61 0 1732 1 64.993126 plms9_10
61 0 2812210 2 63.944363 plms9_10
61 0 145743 3 62.991478 plms9_10
61 0 219815 4 62.15603 plms9_10
61 0 218457 5 61.981033 plms9_10
61 0 218132 6 57.342106 plms9_10
61 0 3195092 7 55.92505 plms9_10
61 0 1087955 8 55.506836 plms9_10
61 0 179213 9 55.18153 plms9_10
62 0 117832 0 33.846996 plms9_10
62 0 2620703 1 32.97349 plms9_10
62 0 802770 2 32.93033 plms9_10
62 0 205788 3 32.91522 plms9_10
62 0 110091 4 32.788864 plms9_10
62 0 219512 5 32.5592 plms9_10
62 0 118188 6 32.55694 plms9_10
62 0 148795 7 32.40935 plms9_10
62 0 118381 8 32.348774 plms9_10
62 0 902771 9 32.212536 plms9_10
63 0 97274 0 12.278889 plms9_10
63 0 97779 1 12.177547 plms9_10
63 0 106208 2 12.094651 plms9_10
63 0 96019 3 11.970431 plms9_10
63 0 1332352 4 11.934937 plms9_10
63 0 1095862 5 11.876561 plms9_10
63 0 102072 6 11.762625 plms9_10
63 0 105496 7 11.759068 plms9_10
63 0 96350 8 11.753965 plms9_10
63 0 97873 9 11.656462 plms9_10
64 0 2758568 0 51.976864 plms9_10
64 0 145895 1 44.729942 plms9_10
64 0 110645 2 40.64771 plms9_10
64 0 102061 3 37.09706 plms9_10
64 0 110542 4 36.1181 plms9_10
64 0 109773 5 36.102364 plms9_10
64 0 111082 6 35.482582 plms9_10
64 0 111051 7 35.14111 plms9_10
64 0 98509 8 33.593456 plms9_10
64 0 111936 9 33.374958 plms9_10
65 0 118123 0 21.694948 plms9_10
65 0 145867 1 15.570523 plms9_10
65 0 112016 2 15.542758 plms9_10
65 0 122242 3 14.605646 plms9_10
65 0 112677 4 14.544412 plms9_10
65 0 112935 5 14.418008 plms9_10
65 0 4151825 6 14.383054 plms9_10
65 0 111838 7 14.368086 plms9_10
65 0 2808291 8 14.194814 plms9_10
65 0 145667 9 14.193262 plms9_10
66 0 3211501 0 50.189262 plms9_10
66 0 145867 1 48.64404 plms9_10
66 0 111632 2 47.38251 plms9_10
66 0 112935 3 39.419724 plms9_10
66 0 112547 4 37.965504 plms9_10
66 0 112106 5 37.413437 plms9_10
66 0 121170 6 34.115913 plms9_10
66 0 110251 7 33.207413 plms9_10
66 0 111803 8 31.743599 plms9_10
66 0 218667 9 31.570951 plms9_10
67 0 867645 0 27.546436 plms9_10
67 0 145800 1 24.312738 plms9_10
67 0 145635 2 23.767849 plms9_10
67 0 103093 3 23.722027 plms9_10
67 0 110753 4 23.087383 plms9_10
67 0 102083 5 22.70868 plms9_10
67 0 104194 6 22.55015 plms9_10
67 0 2959738 7 22.5447 plms9_10
67 0 88797 8 22.527176 plms9_10
67 0 2959744 9 22.463852 plms9_10
68 0 103675 0 50.287872 plms9_10
68 0 100945 1 46.866505 plms9_10
68 0 103678 2 44.152122 plms9_10
68 0 106930 3 43.70299 plms9_10
68 0 106483 4 42.43965 plms9_10
68 0 104522 5 42.43423 plms9_10
68 0 99167 6 42.10406 plms9_10
68 0 2455531 7 42.08275 plms9_10
68 0 97584 8 41.170307 plms9_10
68 0 103093 9 41.106255 plms9_10
69 0 111438 0 33.711605 plms9_10
69 0 134745 1 33.06672 plms9_10
69 0 118363 2 32.779312 plms9_10
69 0 118098 3 32.621113 plms9_10
69 0 112719 4 32.373302 plms9_10
69 0 112881 5 32.02004 plms9_10
69 0 799995 6 31.838034 plms9_10
69 0 142877 7 31.828894 plms9_10
69 0 118140 8 31.70795 plms9_10
69 0 112774 9 31.634087 plms9_10
70 0 118111 0 45.636593 plms9_10
70 0 111709 1 45.450516 plms9_10
70 0 112534 2 43.68793 plms9_10
70 0 118080 3 41.071503 plms9_10
70 0 117927 4 39.462883 plms9_10
70 0 1087961 5 39.426117 plms9_10
70 0 117961 6 39.32959 plms9_10
70 0 118317 7 39.007023 plms9_10
70 0 117859 8 38.780704 plms9_10
70 0 118379 9 38.14955 plms9_10
71 0 118052 0 42.887863 plms9_10
71 0 112904 1 42.82376 plms9_10
71 0 118234 2 40.241768 plms9_10
71 0 110331 3 39.0905 plms9_10
71 0 112914 4 36.997387 plms9_10
71 0 118005 5 36.419765 plms9_10
71 0 111103 6 35.928135 plms9_10
71 0 112324 7 35.29855 plms9_10
71 0 117979 8 35.068848 plms9_10
71 0 112311 9 34.4943 plms9_10
72 0 112904 0 32.252243 plms9_10
72 0 118052 1 31.854116 plms9_10
72 0 117979 2 31.548292 plms9_10
72 0 118234 3 29.611391 plms9_10
72 0 112914 4 29.60027 plms9_10
72 0 109721 5 29.387583 plms9_10
72 0 3189783 6 28.73994 plms9_10
72 0 112311 7 28.334362 plms9_10
72 0 108624 8 28.224157 plms9_10
72 0 88166 9 28.190435 plms9_10
73 0 2804674 0 36.510815 plms9_10
73 0 145624 1 35.123913 plms9_10
73 0 1087954 2 34.07849 plms9_10
73 0 111425 3 33.619846 plms9_10
73 0 110692 4 32.709694 plms9_10
73 0 868383 5 32.675632 plms9_10
73 0 118043 6 32.433838 plms9_10
73 0 145638 7 31.36224 plms9_10
73 0 118162 8 29.852886 plms9_10
73 0 2679833 9 29.382374 plms9_10
74 0 2804674 0 32.64613 plms9_10
74 0 145909 1 31.282408 plms9_10
74 0 2675749 2 31.275019 plms9_10
74 0 218667 3 30.30651 plms9_10
74 0 112774 4 30.193245 plms9_10
74 0 150541 5 29.972715 plms9_10
74 0 3183079 6 29.905544 plms9_10
74 0 803268 7 29.471264 plms9_10
74 0 219511 8 29.435043 plms9_10
74 0 219616 9 29.435043 plms9_10
75 0 118226 0 63.051765 plms9_10
75 0 2672210 1 58.111507 plms9_10
75 0 2654755 2 58.111507 plms9_10
75 0 110779 3 57.194477 plms9_10
75 0 112347 4 56.59824 plms9_10
75 0 2678134 5 54.841248 plms9_10
75 0 106659 6 54.55406 plms9_10
75 0 2677565 7 54.53491 plms9_10
75 0 110964 8 54.489708 plms9_10
75 0 103571 9 54.367546 plms9_10
76 0 1740 0 42.029785 plms9_10
76 0 111945 1 39.631626 plms9_10
76 0 145799 2 38.33018 plms9_10
76 0 108900 3 38.127316 plms9_10
76 0 118390 4 37.936085 plms9_10
76 0 111508 5 37.467117 plms9_10
76 0 104727 6 37.025883 plms9_10
76 0 3214778 7 36.954113 plms9_10
76 0 2679833 8 36.939053 plms9_10
76 0 2680440 9 36.939053 plms9_10
77 0 104355 0 30.60021 plms9_10
77 0 111455 1 29.197926 plms9_10
77 0 112626 2 28.684427 plms9_10
77 0 111610 3 28.587486 plms9_10
77 0 112646 4 27.534798 plms9_10
77 0 110223 5 26.66464 plms9_10
77 0 97242 6 26.599365 plms9_10
77 0 109535 7 26.441366 plms9_10
77 0 112693 8 26.08883 plms9_10
77 0 112324 9 26.027716 plms9_10
78 0 2812588 0 58.38422 plms9_10
78 0 112358 1 58.024105 plms9_10
78 0 118022 2 57.68828 plms9_10
78 0 112485 3 57.66309 plms9_10
78 0 111250 4 57.587074 plms9_10
78 0 117836 5 57.432804 plms9_10
78 0 145632 6 57.246037 plms9_10
78 0 112601 7 55.783867 plms9_10
78 0 799976 8 55.69919 plms9_10
78 0 111869 9 55.39762 plms9_10
79 0 111009 0 64.15308 plms9_10
79 0 118143 1 59.685314 plms9_10
79 0 111470 2 55.98953 plms9_10
79 0 2680438 3 47.3088 plms9_10
79 0 3171728 4 42.49511 plms9_10
79 0 110221 5 41.610405 plms9_10
79 0 903979 6 34.250877 plms9_10
79 0 902768 7 34.250877 plms9_10
79 0 218665 8 32.72133 plms9_10
79 0 118375 9 32.385574 plms9_10
80 0 108900 0 35.82199 plms9_10
80 0 149285 1 34.017067 plms9_10
80 0 2679833 2 33.05438 plms9_10
80 0 2680440 3 33.05438 plms9_10
80 0 112738 4 32.27846 plms9_10
80 0 4106441 5 32.228683 plms9_10
80 0 111502 6 32.099915 plms9_10
80 0 102890 7 31.54593 plms9_10
80 0 142889 8 31.41801 plms9_10
80 0 3189783 9 31.139845 plms9_10
81 0 112260 0 21.143078 plms9_10
81 0 118373 1 21.024904 plms9_10
81 0 4157383 2 20.46961 plms9_10
81 0 111914 3 20.218872 plms9_10
81 0 145881 4 19.875565 plms9_10
81 0 799991 5 19.726038 plms9_10
81 0 111360 6 19.274288 plms9_10
81 0 111418 7 19.267359 plms9_10
81 0 145811 8 19.205805 plms9_10
81 0 110073 9 19.003914 plms9_10
82 0 821305 0 25.337612 plms9_10
82 0 112869 1 25.074364 plms9_10
82 0 111106 2 24.381933 plms9_10
82 0 105931 3 24.292156 plms9_10
82 0 117837 4 24.282225 plms9_10
82 0 104132 5 24.17281 plms9_10
82 0 112292 6 23.93766 plms9_10
82 0 108903 7 23.707361 plms9_10
82 0 118392 8 23.705229 plms9_10
82 0 109919 9 23.51269 plms9_10
83 0 145859 0 69.53134 plms9_10
83 0 111194 1 52.405125 plms9_10
83 0 111151 2 51.558777 plms9_10
83 0 111333 3 51.466858 plms9_10
83 0 111246 4 50.398533 plms9_10
83 0 111103 5 49.802074 plms9_10
83 0 112372 6 49.687405 plms9_10
83 0 111664 7 49.14058 plms9_10
83 0 111663 8 48.426804 plms9_10
83 0 137746 9 48.063404 plms9_10
84 0 145859 0 66.45061 plms9_10
84 0 111151 1 62.147667 plms9_10
84 0 111664 2 59.841877 plms9_10
84 0 110361 3 59.360302 plms9_10
84 0 109200 4 57.979176 plms9_10
84 0 109893 5 56.996925 plms9_10
84 0 122251 6 56.94114 plms9_10
84 0 800858 7 56.839634 plms9_10
84 0 110473 8 56.242523 plms9_10
84 0 110731 9 56.21495 plms9_10
85 0 802973 0 54.148445 plms9_10
85 0 803271 1 54.148445 plms9_10
85 0 2959737 2 54.148445 plms9_10
85 0 137749 3 48.547165 plms9_10
85 0 150543 4 46.497356 plms9_10
85 0 2959732 5 46.497356 plms9_10
85 0 146553 6 45.993515 plms9_10
85 0 146790 7 45.993515 plms9_10
85 0 111586 8 45.04757 plms9_10
85 0 112326 9 42.99488 plms9_10
86 0 3171724 0 44.1644 plms9_10
86 0 3177199 1 44.1644 plms9_10
86 0 3177200 2 44.1644 plms9_10
86 0 3195092 3 37.68751 plms9_10
86 0 3205766 4 33.147472 plms9_10
86 0 802973 5 31.99142 plms9_10
86 0 803271 6 31.99142 plms9_10
86 0 2959737 7 31.99142 plms9_10
86 0 3170730 8 30.96104 plms9_10
86 0 3177197 9 30.96104 plms9_10
87 0 112807 0 37.82371 plms9_10
87 0 111170 1 35.215607 plms9_10
87 0 124715 2 32.28077 plms9_10
87 0 111728 3 32.191277 plms9_10
87 0 117899 4 31.06835 plms9_10
87 0 143378 5 30.97952 plms9_10
87 0 111471 6 30.972004 plms9_10
87 0 136998 7 30.96451 plms9_10
87 0 112746 8 30.8303 plms9_10
87 0 2812588 9 30.810846 plms9_10
88 0 625833 0 31.710783 plms9_10
88 0 145122 1 31.66423 plms9_10
88 0 625711 2 30.35978 plms9_10
88 0 111170 3 30.315859 plms9_10
88 0 130159 4 29.728804 plms9_10
88 0 182991 5 29.68859 plms9_10
88 0 145839 6 29.323095 plms9_10
88 0 127691 7 29.318165 plms9_10
88 0 147529 8 29.307442 plms9_10
88 0 131143 9 29.030464 plms9_10
89 0 4151822 0 113.361115 plms9_10
89 0 2812588 1 100.32484 plms9_10
89 0 4162110 2 83.88092 plms9_10
89 0 2770446 3 78.86641 plms9_10
89 0 4106440 4 66.10842 plms9_10
89 0 111029 5 58.40607 plms9_10
89 0 4094005 6 56.748695 plms9_10
89 0 145817 7 56.419075 plms9_10
89 0 180494 8 54.431366 plms9_10
89 0 111455 9 54.429985 plms9_10
90 0 145626 0 18.24007 plms9_10
90 0 109643 1 18.059114 plms9_10
90 0 109921 2 17.77049 plms9_10
90 0 118054 3 17.559464 plms9_10
90 0 118420 4 17.250887 plms9_10
90 0 109079 5 17.12165 plms9_10
90 0 2620698 6 16.893915 plms9_10
90 0 109776 7 16.632711 plms9_10
90 0 109080 8 16.504326 plms9_10
90 0 109016 9 16.35744 plms9_10
91 0 3212514 0 62.053864 plms9_10
91 0 219097 1 48.54768 plms9_10
91 0 145892 2 45.835514 plms9_10
91 0 856791 3 45.14217 plms9_10
91 0 145785 4 44.012966 plms9_10
91 0 110032 5 43.53477 plms9_10
91 0 1087959 6 43.25818 plms9_10
91 0 624280 7 42.480503 plms9_10
91 0 145873 8 40.72862 plms9_10
91 0 109043 9 40.285503 plms9_10
92 0 111622 0 17.170113 plms9_10
92 0 3212514 1 16.322872 plms9_10
92 0 118417 2 16.311201 plms9_10
92 0 109414 3 16.268036 plms9_10
92 0 1746 4 16.210592 plms9_10
92 0 112127 5 16.11871 plms9_10
92 0 3204919 6 15.858876 plms9_10
92 0 145873 7 15.84651 plms9_10
92 0 1087959 8 15.727638 plms9_10
92 0 112080 9 15.721974 plms9_10
93 0 110877 0 91.66469 plms9_10
93 0 118107 1 86.630974 plms9_10
93 0 118334 2 86.10957 plms9_10
93 0 130158 3 86.002426 plms9_10
93 0 109610 4 79.79911 plms9_10
93 0 110200 5 78.22598 plms9_10
93 0 4151827 6 76.82389 plms9_10
93 0 110248 7 75.82386 plms9_10
93 0 2788983 8 75.17914 plms9_10
93 0 931614 9 75.01803 plms9_10
94 0 931614 0 97.052284 plms9_10
94 0 3195891 1 85.43458 plms9_10
94 0 4151827 2 84.965996 plms9_10
94 0 2788983 3 82.42583 plms9_10
94 0 145901 4 73.48292 plms9_10
94 0 130158 5 72.532135 plms9_10
94 0 111736 6 67.77133 plms9_10
94 0 118107 7 67.47073 plms9_10
94 0 117874 8 67.322495 plms9_10
94 0 110877 9 67.30317 plms9_10
95 0 107232 0 32.147663 plms9_10
95 0 108555 1 30.850906 plms9_10
95 0 105495 2 29.851585 plms9_10
95 0 107794 3 26.717066 plms9_10
95 0 107475 4 26.15594 plms9_10
95 0 111385 5 24.751472 plms9_10
95 0 108161 6 24.144556 plms9_10
95 0 101863 7 24.143497 plms9_10
95 0 112765 8 23.931528 plms9_10
95 0 112343 9 23.809704 plms9_10
96 0 103631 0 17.753439 plms9_10
96 0 104523 1 17.605232 plms9_10
96 0 104330 2 17.593988 plms9_10
96 0 91505 3 17.572731 plms9_10
96 0 2959738 4 17.178747 plms9_10
96 0 108330 5 17.143843 plms9_10
96 0 108711 6 17.074045 plms9_10
96 0 2650505 7 17.060997 plms9_10
96 0 104964 8 16.983368 plms9_10
96 0 92391 9 16.909716 plms9_10
97 0 112101 0 41.732243 plms9_10
97 0 111922 1 30.576273 plms9_10
97 0 136993 2 26.951584 plms9_10
97 0 134751 3 25.904207 plms9_10
97 0 118379 4 24.55378 plms9_10
97 0 118444 5 24.53667 plms9_10
97 0 118281 6 23.315174 plms9_10
97 0 112330 7 23.003744 plms9_10
97 0 145827 8 22.99217 plms9_10
97 0 3213873 9 22.650597 plms9_10
98 0 2655591 0 32.365223 plms9_10
98 0 110996 1 31.22692 plms9_10
98 0 145903 2 30.83643 plms9_10
98 0 103809 3 30.60766 plms9_10
98 0 118459 4 29.871891 plms9_10
98 0 145822 5 29.616795 plms9_10
98 0 112163 6 29.185112 plms9_10
98 0 118148 7 29.088438 plms9_10
98 0 2676593 8 29.08092 plms9_10
98 0 110146 9 28.917534 plms9_10
99 0 112267 0 53.48079 plms9_10
99 0 111884 1 44.680798 plms9_10
99 0 110552 2 43.937416 plms9_10
99 0 118121 3 36.837894 plms9_10
99 0 109976 4 36.53785 plms9_10
99 0 110578 5 34.73141 plms9_10
99 0 104759 6 32.88874 plms9_10
99 0 109673 7 32.172863 plms9_10
99 0 112723 8 31.137907 plms9_10
99 0 96562 9 29.474321 plms9_10
100 0 110552 0 80.65878 plms9_10
100 0 112267 1 79.99713 plms9_10
100 0 111886 2 58.887585 plms9_10
100 0 109633 3 58.502625 plms9_10
100 0 91843 4 57.851364 plms9_10
100 0 111884 5 55.944942 plms9_10
100 0 110177 6 55.806923 plms9_10
100 0 108781 7 54.94642 plms9_10
100 0 109414 8 54.578243 plms9_10
100 0 112723 9 54.466507 plms9_10
