1 0 112795 0 42.88719 plms9_4
1 0 111116 1 41.713585 plms9_4
1 0 2649076 2 39.474907 plms9_4
1 0 219732 3 39.46209 plms9_4
1 0 219733 4 39.34808 plms9_4
1 0 220342 5 39.34808 plms9_4
1 0 112924 6 39.056652 plms9_4
1 0 149702 7 37.78028 plms9_4
1 0 110370 8 37.373623 plms9_4
1 0 112436 9 37.109077 plms9_4
2 0 4170684 0 26.287487 plms9_4
2 0 2644673 1 23.925806 plms9_4
2 0 145692 2 21.596767 plms9_4
2 0 104571 3 21.179796 plms9_4
2 0 149006 4 20.744528 plms9_4
2 0 112423 5 20.590775 plms9_4
2 0 110134 6 20.087366 plms9_4
2 0 109466 7 20.029757 plms9_4
2 0 108555 8 19.685562 plms9_4
2 0 112930 9 19.545778 plms9_4
3 0 3162143 0 56.35064 plms9_4
3 0 215496 1 55.682533 plms9_4
3 0 215694 2 55.682533 plms9_4
3 0 2959735 3 55.68149 plms9_4
3 0 118029 4 54.765945 plms9_4
3 0 112212 5 53.825287 plms9_4
3 0 118475 6 51.350006 plms9_4
3 0 149007 7 51.311607 plms9_4
3 0 130157 8 51.05833 plms9_4
3 0 111091 9 51.019814 plms9_4
4 0 215496 0 74.41626 plms9_4
4 0 215694 1 74.36933 plms9_4
4 0 2959735 2 74.36725 plms9_4
4 0 149007 3 73.783615 plms9_4
4 0 118029 4 61.936012 plms9_4
4 0 623142 5 61.660877 plms9_4
4 0 3162143 6 59.747555 plms9_4
4 0 107492 7 59.722233 plms9_4
4 0 145890 8 59.713417 plms9_4
4 0 117959 9 59.181225 plms9_4
5 0 183480 0 51.38093 plms9_4
5 0 111789 1 47.810856 plms9_4
5 0 110056 2 46.353092 plms9_4
5 0 118174 3 45.948597 plms9_4
5 0 108089 4 45.67626 plms9_4
5 0 2672209 5 44.732464 plms9_4
5 0 2657779 6 44.732464 plms9_4
5 0 117911 7 42.189167 plms9_4
5 0 108088 8 41.657814 plms9_4
5 0 118217 9 41.439114 plms9_4
6 0 117932 0 32.711 plms9_4
6 0 2811844 1 31.12672 plms9_4
6 0 2959750 2 31.12672 plms9_4
6 0 118174 3 22.918701 plms9_4
6 0 110883 4 22.759403 plms9_4
6 0 109004 5 22.319094 plms9_4
6 0 2672209 6 22.284174 plms9_4
6 0 2657779 7 22.284174 plms9_4
6 0 111789 8 22.26493 plms9_4
6 0 108449 9 22.054926 plms9_4
7 0 147531 0 45.535263 plms9_4
7 0 145715 1 44.282986 plms9_4
7 0 2672535 2 44.235207 plms9_4
7 0 134749 3 43.678204 plms9_4
7 0 2655591 4 43.287735 plms9_4
7 0 217512 5 42.844826 plms9_4
7 0 145713 6 42.2929 plms9_4
7 0 214949 7 42.18625 plms9_4
7 0 215071 8 42.18625 plms9_4
7 0 3195892 9 41.550026 plms9_4
8 0 146981 0 25.108334 plms9_4
8 0 2771248 1 23.642681 plms9_4
8 0 2760668 2 23.540327 plms9_4
8 0 145911 3 23.413275 plms9_4
8 0 104034 4 21.818722 plms9_4
8 0 820904 5 21.576767 plms9_4
8 0 182991 6 21.492453 plms9_4
8 0 2812587 7 20.77425 plms9_4
8 0 2959748 8 20.77425 plms9_4
8 0 145903 9 20.722578 plms9_4
9 0 112641 0 68.8713 plms9_4
9 0 2675751 1 67.13848 plms9_4
9 0 111694 2 65.39912 plms9_4
9 0 118212 3 65.27361 plms9_4
9 0 109720 4 64.75686 plms9_4
9 0 118011 5 64.13638 plms9_4
9 0 127923 6 62.743286 plms9_4
9 0 111191 7 59.828266 plms9_4
9 0 127887 8 59.375687 plms9_4
9 0 112230 9 57.71675 plms9_4
10 0 112931 0 52.444466 plms9_4
10 0 145715 1 51.809143 plms9_4
10 0 112423 2 51.607006 plms9_4
10 0 121163 3 48.729702 plms9_4
10 0 111500 4 48.391994 plms9_4
10 0 147531 5 48.299698 plms9_4
10 0 214949 6 47.61672 plms9_4
10 0 215071 7 47.61672 plms9_4
10 0 112094 8 47.553185 plms9_4
10 0 145713 9 46.764725 plms9_4
11 0 110800 0 31.95338 plms9_4
11 0 873668 1 31.671492 plms9_4
11 0 1747 2 31.599518 plms9_4
11 0 107553 3 31.165781 plms9_4
11 0 931123 4 30.956167 plms9_4
11 0 145960 5 30.676975 plms9_4
11 0 2809767 6 30.244955 plms9_4
11 0 2811850 7 30.244955 plms9_4
11 0 620560 8 30.083422 plms9_4
11 0 2959744 9 29.9491 plms9_4
12 0 2672535 0 40.442184 plms9_4
12 0 809121 1 29.525806 plms9_4
12 0 3153112 2 28.304901 plms9_4
12 0 621195 3 27.129929 plms9_4
12 0 621270 4 27.129929 plms9_4
12 0 109096 5 26.343636 plms9_4
12 0 3207860 6 26.211689 plms9_4
12 0 2812586 7 25.678436 plms9_4
12 0 107099 8 25.61034 plms9_4
12 0 109248 9 24.911905 plms9_4
13 0 802973 0 72.21284 plms9_4
13 0 803271 1 72.21284 plms9_4
13 0 2959737 2 72.21284 plms9_4
13 0 2642828 3 71.635895 plms9_4
13 0 2812588 4 64.79095 plms9_4
13 0 145967 5 63.041786 plms9_4
13 0 2959730 6 62.06258 plms9_4
13 0 802770 7 60.71895 plms9_4
13 0 614392 8 59.509094 plms9_4
13 0 614485 9 59.509094 plms9_4
14 0 614392 0 43.61365 plms9_4
14 0 614485 1 43.61365 plms9_4
14 0 2812588 2 43.50019 plms9_4
14 0 124715 3 42.12847 plms9_4
14 0 145958 4 38.353016 plms9_4
14 0 145632 5 38.063156 plms9_4
14 0 145967 6 38.038696 plms9_4
14 0 145965 7 37.90066 plms9_4
14 0 110496 8 36.62453 plms9_4
14 0 105886 9 36.31077 plms9_4
15 0 2812588 0 60.985973 plms9_4
15 0 4162111 1 49.63605 plms9_4
15 0 4015951 2 47.184032 plms9_4
15 0 4151822 3 46.029285 plms9_4
15 0 3207858 4 45.842194 plms9_4
15 0 3199501 5 43.210686 plms9_4
15 0 4106440 6 42.956062 plms9_4
15 0 3177196 7 41.531067 plms9_4
15 0 2806207 8 41.043003 plms9_4
15 0 2810525 9 40.4056 plms9_4
16 0 2812588 0 49.603527 plms9_4
16 0 4151822 1 45.284355 plms9_4
16 0 2155 2 42.66106 plms9_4
16 0 2770446 3 41.627377 plms9_4
16 0 2771249 4 38.500496 plms9_4
16 0 145817 5 35.323547 plms9_4
16 0 121146 6 35.082058 plms9_4
16 0 134747 7 34.837753 plms9_4
16 0 150540 8 34.59939 plms9_4
16 0 145966 9 34.157707 plms9_4
17 0 117987 0 28.75205 plms9_4
17 0 118230 1 28.52665 plms9_4
17 0 117968 2 27.981016 plms9_4
17 0 118125 3 27.966436 plms9_4
17 0 111302 4 27.680836 plms9_4
17 0 1087697 5 27.063833 plms9_4
17 0 2672535 6 26.872334 plms9_4
17 0 145639 7 26.861933 plms9_4
17 0 110593 8 26.754028 plms9_4
17 0 110810 9 26.574598 plms9_4
18 0 148484 0 70.77361 plms9_4
18 0 110810 1 59.67825 plms9_4
18 0 145664 2 58.220093 plms9_4
18 0 118507 3 57.98774 plms9_4
18 0 105382 4 57.876892 plms9_4
18 0 112126 5 57.806488 plms9_4
18 0 137739 6 57.57657 plms9_4
18 0 4151826 7 57.110302 plms9_4
18 0 110600 8 57.07552 plms9_4
18 0 112128 9 57.015297 plms9_4
19 0 104895 0 18.445457 plms9_4
19 0 111219 1 16.83115 plms9_4
19 0 105721 2 16.667395 plms9_4
19 0 106639 3 16.410723 plms9_4
19 0 112557 4 16.354673 plms9_4
19 0 110694 5 16.248205 plms9_4
19 0 117867 6 16.216694 plms9_4
19 0 109097 7 16.131027 plms9_4
19 0 108562 8 16.054703 plms9_4
19 0 104474 9 16.05278 plms9_4
20 0 118243 0 29.3857 plms9_4
20 0 108538 1 27.646223 plms9_4
20 0 866023 2 27.243967 plms9_4
20 0 626454 3 27.169634 plms9_4
20 0 136996 4 26.95467 plms9_4
20 0 111727 5 26.899475 plms9_4
20 0 118043 6 26.459606 plms9_4
20 0 111198 7 26.26448 plms9_4
20 0 106282 8 26.176214 plms9_4
20 0 111433 9 26.158964 plms9_4
21 0 2659300 0 37.340324 plms9_4
21 0 118371 1 36.21829 plms9_4
21 0 112777 2 33.99635 plms9_4
21 0 867657 3 33.721573 plms9_4
21 0 145925 4 33.57081 plms9_4
21 0 117890 5 33.398903 plms9_4
21 0 112846 6 32.90418 plms9_4
21 0 112799 7 32.728672 plms9_4
21 0 111858 8 31.7112 plms9_4
21 0 2795279 9 31.547426 plms9_4
22 0 111021 0 77.07016 plms9_4
22 0 145644 1 74.28623 plms9_4
22 0 112737 2 72.42495 plms9_4
22 0 109807 3 69.786354 plms9_4
22 0 145788 4 68.76179 plms9_4
22 0 111517 5 68.55806 plms9_4
22 0 873660 6 67.82804 plms9_4
22 0 118416 7 67.60495 plms9_4
22 0 112880 8 67.1811 plms9_4
22 0 145903 9 66.76166 plms9_4
23 0 112257 0 21.754711 plms9_4
23 0 118449 1 19.57044 plms9_4
23 0 4162535 2 19.435024 plms9_4
23 0 2810525 3 18.147776 plms9_4
23 0 2811847 4 18.147776 plms9_4
23 0 137736 5 17.934534 plms9_4
23 0 111610 6 17.36422 plms9_4
23 0 145738 7 17.247889 plms9_4
23 0 3153112 8 17.18101 plms9_4
23 0 107645 9 17.015873 plms9_4
24 0 2804671 0 27.837353 plms9_4
24 0 182558 1 27.064346 plms9_4
24 0 2801435 2 26.241928 plms9_4
24 0 802408 3 25.989986 plms9_4
24 0 2654754 4 25.22781 plms9_4
24 0 616433 5 25.048613 plms9_4
24 0 625711 6 24.88049 plms9_4
24 0 3217476 7 24.652592 plms9_4
24 0 145635 8 24.350002 plms9_4
24 0 798626 9 23.903679 plms9_4
25 0 112345 0 38.948444 plms9_4
25 0 3211503 1 37.88881 plms9_4
25 0 112616 2 36.24272 plms9_4
25 0 118021 3 31.852018 plms9_4
25 0 101911 4 30.494253 plms9_4
25 0 108632 5 29.182936 plms9_4
25 0 107971 6 28.857552 plms9_4
25 0 97004 7 27.389309 plms9_4
25 0 108129 8 27.208672 plms9_4
25 0 134732 9 27.19817 plms9_4
26 0 117872 0 52.780045 plms9_4
26 0 118026 1 51.96902 plms9_4
26 0 145758 2 51.303886 plms9_4
26 0 112324 3 51.147877 plms9_4
26 0 112616 4 50.18947 plms9_4
26 0 112045 5 49.72059 plms9_4
26 0 112724 6 49.04212 plms9_4
26 0 111056 7 48.452206 plms9_4
26 0 127910 8 48.10904 plms9_4
26 0 112259 9 46.783314 plms9_4
27 0 4157382 0 43.77518 plms9_4
27 0 4157405 1 43.77518 plms9_4
27 0 111141 2 35.533 plms9_4
27 0 112346 3 35.4254 plms9_4
27 0 110384 4 34.16782 plms9_4
27 0 112071 5 32.26865 plms9_4
27 0 110706 6 30.79938 plms9_4
27 0 110320 7 30.57098 plms9_4
27 0 118475 8 28.882101 plms9_4
27 0 620673 9 28.205416 plms9_4
28 0 4157382 0 70.388275 plms9_4
28 0 4157405 1 70.388275 plms9_4
28 0 112346 2 53.132717 plms9_4
28 0 112523 3 48.551594 plms9_4
28 0 111141 4 47.901367 plms9_4
28 0 217703 5 45.682365 plms9_4
28 0 112308 6 43.826782 plms9_4
28 0 107063 7 41.69433 plms9_4
28 0 2679557 8 40.469578 plms9_4
28 0 110374 9 38.455452 plms9_4
29 0 112620 0 33.084045 plms9_4
29 0 205788 1 30.93123 plms9_4
29 0 4151826 2 30.823683 plms9_4
29 0 145726 3 30.662275 plms9_4
29 0 111471 4 30.620712 plms9_4
29 0 145632 5 30.507647 plms9_4
29 0 626206 6 30.135784 plms9_4
29 0 145843 7 30.04899 plms9_4
29 0 118351 8 29.650623 plms9_4
29 0 3195890 9 29.611502 plms9_4
30 0 145841 0 60.30299 plms9_4
30 0 205788 1 57.89876 plms9_4
30 0 218921 2 57.065067 plms9_4
30 0 145708 3 55.104633 plms9_4
30 0 118117 4 54.37732 plms9_4
30 0 137739 5 53.145077 plms9_4
30 0 145843 6 52.417747 plms9_4
30 0 145761 7 51.23457 plms9_4
30 0 626206 8 50.76992 plms9_4
30 0 118343 9 50.617485 plms9_4
31 0 145925 0 51.01343 plms9_4
31 0 148797 1 50.352585 plms9_4
31 0 118412 2 46.128742 plms9_4
31 0 137003 3 44.39551 plms9_4
31 0 145857 4 43.94568 plms9_4
31 0 130146 5 43.933765 plms9_4
31 0 616433 6 43.68927 plms9_4
31 0 3207859 7 43.26939 plms9_4
31 0 117966 8 42.56811 plms9_4
31 0 219733 9 42.111458 plms9_4
32 0 110561 0 24.20619 plms9_4
32 0 118458 1 23.251934 plms9_4
32 0 112329 2 23.23059 plms9_4
32 0 118499 3 22.796345 plms9_4
32 0 118023 4 22.488747 plms9_4
32 0 109450 5 22.122297 plms9_4
32 0 118455 6 22.074253 plms9_4
32 0 118303 7 21.99425 plms9_4
32 0 118139 8 21.849104 plms9_4
32 0 112836 9 21.833757 plms9_4
33 0 2809767 0 32.718517 plms9_4
33 0 2811850 1 32.718517 plms9_4
33 0 2676594 2 27.06954 plms9_4
33 0 2675753 3 26.59501 plms9_4
33 0 2679204 4 26.59501 plms9_4
33 0 112728 5 26.021244 plms9_4
33 0 118302 6 24.60769 plms9_4
33 0 110382 7 24.413511 plms9_4
33 0 182991 8 24.197521 plms9_4
33 0 110667 9 24.039297 plms9_4
34 0 2676594 0 91.137825 plms9_4
34 0 2809767 1 90.97269 plms9_4
34 0 2811850 2 90.97269 plms9_4
34 0 2675753 3 90.355965 plms9_4
34 0 2679204 4 90.355965 plms9_4
34 0 136994 5 52.917503 plms9_4
34 0 137727 6 49.90843 plms9_4
34 0 112325 7 47.753185 plms9_4
34 0 121158 8 45.81889 plms9_4
34 0 145870 9 43.60581 plms9_4
35 0 3205767 0 34.475365 plms9_4
35 0 932061 1 33.348015 plms9_4
35 0 118329 2 32.707592 plms9_4
35 0 821306 3 32.698586 plms9_4
35 0 149005 4 31.21581 plms9_4
35 0 213843 5 30.698635 plms9_4
35 0 214063 6 30.698635 plms9_4
35 0 214467 7 30.698635 plms9_4
35 0 3203656 8 30.034725 plms9_4
35 0 3206414 9 30.034725 plms9_4
36 0 109923 0 41.279255 plms9_4
36 0 112259 1 40.86686 plms9_4
36 0 131163 2 40.827866 plms9_4
36 0 109703 3 40.17293 plms9_4
36 0 112069 4 39.58659 plms9_4
36 0 213843 5 39.201523 plms9_4
36 0 214063 6 39.201523 plms9_4
36 0 214467 7 39.201523 plms9_4
36 0 118234 8 38.685905 plms9_4
36 0 110599 9 38.284103 plms9_4
37 0 4151829 0 41.84823 plms9_4
37 0 112910 1 39.269 plms9_4
37 0 145731 2 39.176712 plms9_4
37 0 111982 3 37.198563 plms9_4
37 0 118269 4 36.91697 plms9_4
37 0 110742 5 35.952805 plms9_4
37 0 110774 6 34.916245 plms9_4
37 0 145855 7 34.23965 plms9_4
37 0 111420 8 34.099945 plms9_4
37 0 103870 9 34.072456 plms9_4
38 0 118269 0 71.99381 plms9_4
38 0 1993216 1 65.52937 plms9_4
38 0 112910 2 63.24494 plms9_4
38 0 4151829 3 62.631115 plms9_4
38 0 145855 4 62.207535 plms9_4
38 0 112887 5 60.106857 plms9_4
38 0 145731 6 59.354115 plms9_4
38 0 112292 7 58.28912 plms9_4
38 0 145629 8 57.538906 plms9_4
38 0 111264 9 55.27766 plms9_4
39 0 112568 0 23.383678 plms9_4
39 0 111502 1 22.85464 plms9_4
39 0 102086 2 22.744747 plms9_4
39 0 112420 3 22.663942 plms9_4
39 0 2674861 4 22.193712 plms9_4
39 0 2675754 5 22.193712 plms9_4
39 0 111432 6 22.145638 plms9_4
39 0 105058 7 21.83596 plms9_4
39 0 118182 8 21.199877 plms9_4
39 0 2959744 9 20.975353 plms9_4
40 0 931120 0 27.396849 plms9_4
40 0 145943 1 27.087849 plms9_4
40 0 112348 2 24.118372 plms9_4
40 0 2810526 3 23.85734 plms9_4
40 0 149007 4 22.871572 plms9_4
40 0 3170727 5 22.80134 plms9_4
40 0 2769807 6 22.760328 plms9_4
40 0 3171723 7 22.53232 plms9_4
40 0 945737 8 22.26897 plms9_4
40 0 932059 9 22.26897 plms9_4
41 0 112585 0 41.27149 plms9_4
41 0 109186 1 40.425907 plms9_4
41 0 110132 2 38.86778 plms9_4
41 0 111198 3 38.005814 plms9_4
41 0 110075 4 37.27783 plms9_4
41 0 111891 5 36.777596 plms9_4
41 0 112924 6 36.32595 plms9_4
41 0 111254 7 35.48078 plms9_4
41 0 112440 8 35.22854 plms9_4
41 0 112833 9 34.04238 plms9_4
42 0 112924 0 47.27827 plms9_4
42 0 3189783 1 46.8199 plms9_4
42 0 3177199 2 45.45897 plms9_4
42 0 137003 3 45.433723 plms9_4
42 0 117864 4 45.217815 plms9_4
42 0 3171724 5 44.94666 plms9_4
42 0 3177200 6 44.94666 plms9_4
42 0 118131 7 44.86937 plms9_4
42 0 145632 8 44.33733 plms9_4
42 0 112810 9 44.324966 plms9_4
43 0 2680590 0 21.47459 plms9_4
43 0 2959745 1 21.47459 plms9_4
43 0 112920 2 21.391735 plms9_4
43 0 112305 3 19.523613 plms9_4
43 0 118113 4 19.272263 plms9_4
43 0 90079 5 19.269476 plms9_4
43 0 110519 6 18.835854 plms9_4
43 0 94717 7 18.81445 plms9_4
43 0 101403 8 18.71471 plms9_4
43 0 103366 9 18.624891 plms9_4
44 0 183480 0 25.275297 plms9_4
44 0 802408 1 24.562523 plms9_4
44 0 2781925 2 24.24775 plms9_4
44 0 110162 3 22.302822 plms9_4
44 0 109329 4 22.141115 plms9_4
44 0 145674 5 22.065685 plms9_4
44 0 112144 6 21.865353 plms9_4
44 0 111968 7 21.660112 plms9_4
44 0 2677564 8 21.44983 plms9_4
44 0 2678135 9 21.44983 plms9_4
45 0 3181481 0 27.15831 plms9_4
45 0 118496 1 25.800259 plms9_4
45 0 112309 2 25.522898 plms9_4
45 0 111754 3 25.445213 plms9_4
45 0 145755 4 24.846304 plms9_4
45 0 130159 5 24.81392 plms9_4
45 0 127691 6 24.812843 plms9_4
45 0 110757 7 24.799402 plms9_4
45 0 107663 8 24.181383 plms9_4
45 0 106592 9 23.969854 plms9_4
46 0 2804673 0 41.44012 plms9_4
46 0 145772 1 38.619907 plms9_4
46 0 866024 2 36.138332 plms9_4
46 0 858802 3 36.138332 plms9_4
46 0 623145 4 33.586895 plms9_4
46 0 618680 5 33.245987 plms9_4
46 0 3204917 6 32.64753 plms9_4
46 0 1269289 7 32.087383 plms9_4
46 0 137725 8 31.73449 plms9_4
46 0 118452 9 31.08379 plms9_4
47 0 2674861 0 38.24876 plms9_4
47 0 2675754 1 38.24876 plms9_4
47 0 108545 2 34.764843 plms9_4
47 0 121149 3 32.225117 plms9_4
47 0 96147 4 31.746248 plms9_4
47 0 142882 5 31.204638 plms9_4
47 0 111362 6 31.042395 plms9_4
47 0 118218 7 30.833603 plms9_4
47 0 105417 8 30.242657 plms9_4
47 0 2518018 9 29.892864 plms9_4
48 0 2674861 0 33.977715 plms9_4
48 0 2675754 1 33.977715 plms9_4
48 0 103019 2 29.098345 plms9_4
48 0 108041 3 28.221443 plms9_4
48 0 112422 4 28.122442 plms9_4
48 0 107451 5 27.403515 plms9_4
48 0 103201 6 25.736162 plms9_4
48 0 96287 7 25.53917 plms9_4
48 0 109625 8 25.424692 plms9_4
48 0 104182 9 24.892847 plms9_4
49 0 4162535 0 34.47294 plms9_4
49 0 2672535 1 27.507538 plms9_4
49 0 95414 2 24.50178 plms9_4
49 0 101852 3 24.052082 plms9_4
49 0 90620 4 22.795559 plms9_4
49 0 93031 5 21.965353 plms9_4
49 0 1957917 6 21.503456 plms9_4
49 0 145626 7 21.448452 plms9_4
49 0 95551 8 21.00045 plms9_4
49 0 87007 9 20.74356 plms9_4
50 0 112733 0 31.065308 plms9_4
50 0 109776 1 30.855486 plms9_4
50 0 118203 2 30.594301 plms9_4
50 0 118449 3 30.29419 plms9_4
50 0 111953 4 29.17219 plms9_4
50 0 112671 5 29.098896 plms9_4
50 0 183479 6 29.02568 plms9_4
50 0 117950 7 29.023872 plms9_4
50 0 110763 8 28.99451 plms9_4
50 0 112606 9 28.979593 plms9_4
51 0 1741 0 12.799715 plms9_4
51 0 109715 1 12.79327 plms9_4
51 0 145791 2 12.592452 plms9_4
51 0 109466 3 12.415705 plms9_4
51 0 112867 4 12.1768055 plms9_4
51 0 2808293 5 12.10856 plms9_4
51 0 107254 6 11.955757 plms9_4
51 0 127913 7 11.8041315 plms9_4
51 0 145849 8 11.670228 plms9_4
51 0 103299 9 11.617933 plms9_4
52 0 112770 0 33.173653 plms9_4
52 0 110974 1 26.197943 plms9_4
52 0 85452 2 26.143333 plms9_4
52 0 112931 3 26.12498 plms9_4
52 0 112293 4 26.052664 plms9_4
52 0 110236 5 25.633698 plms9_4
52 0 112802 6 25.415035 plms9_4
52 0 118076 7 25.361767 plms9_4
52 0 91094 8 25.31492 plms9_4
52 0 111908 9 25.281666 plms9_4
53 0 625711 0 41.223026 plms9_4
53 0 872994 1 37.680435 plms9_4
53 0 621045 2 36.766026 plms9_4
53 0 112573 3 36.195206 plms9_4
53 0 145628 4 34.80329 plms9_4
53 0 145635 5 34.5598 plms9_4
53 0 118357 6 34.223526 plms9_4
53 0 112206 7 33.89922 plms9_4
53 0 104615 8 33.501602 plms9_4
53 0 112728 9 33.48059 plms9_4
54 0 616862 0 39.080128 plms9_4
54 0 205788 1 39.036648 plms9_4
54 0 145632 2 38.435722 plms9_4
54 0 216733 3 38.433685 plms9_4
54 0 2358 4 38.090168 plms9_4
54 0 1744 5 37.771954 plms9_4
54 0 931614 6 37.747253 plms9_4
54 0 145884 7 37.416996 plms9_4
54 0 145626 8 36.993065 plms9_4
54 0 145850 9 36.59166 plms9_4
55 0 4154603 0 88.08987 plms9_4
55 0 145731 1 64.647194 plms9_4
55 0 110774 2 63.252586 plms9_4
55 0 111261 3 59.81726 plms9_4
55 0 145855 4 54.87399 plms9_4
55 0 111420 5 53.431396 plms9_4
55 0 118269 6 52.774315 plms9_4
55 0 110021 7 47.901897 plms9_4
55 0 112910 8 46.389874 plms9_4
55 0 111982 9 42.05612 plms9_4
56 0 4154603 0 44.7596 plms9_4
56 0 145855 1 37.433064 plms9_4
56 0 145629 2 35.773922 plms9_4
56 0 2959741 3 33.593853 plms9_4
56 0 931616 4 33.593853 plms9_4
56 0 2677564 5 33.196686 plms9_4
56 0 2678135 6 33.196686 plms9_4
56 0 145731 7 31.211544 plms9_4
56 0 2679558 8 30.648602 plms9_4
56 0 2811845 9 29.010239 plms9_4
57 0 145907 0 11.489927 plms9_4
57 0 145745 1 11.393122 plms9_4
57 0 147953 2 11.254984 plms9_4
57 0 148480 3 11.254984 plms9_4
57 0 2804673 4 11.093848 plms9_4
57 0 110355 5 11.078581 plms9_4
57 0 145772 6 10.920686 plms9_4
57 0 112802 7 10.793517 plms9_4
57 0 3209687 8 10.760067 plms9_4
57 0 799986 9 10.597248 plms9_4
58 0 118467 0 27.031853 plms9_4
58 0 821305 1 26.944477 plms9_4
58 0 2811845 2 25.870554 plms9_4
58 0 117867 3 25.453138 plms9_4
58 0 117832 4 25.376352 plms9_4
58 0 106152 5 25.36626 plms9_4
58 0 145804 6 25.31868 plms9_4
58 0 118282 7 25.25609 plms9_4
58 0 145881 8 25.198093 plms9_4
58 0 112458 9 25.193466 plms9_4
59 0 2788983 0 82.208855 plms9_4
59 0 4170685 1 80.87178 plms9_4
59 0 145627 2 76.06479 plms9_4
59 0 931614 3 74.8559 plms9_4
59 0 112824 4 74.50182 plms9_4
59 0 112905 5 73.3239 plms9_4
59 0 130158 6 73.15689 plms9_4
59 0 117968 7 72.98204 plms9_4
59 0 118037 8 72.46183 plms9_4
59 0 111736 9 71.691284 plms9_4
60 0 931614 0 59.51974 plms9_4
60 0 127905 1 55.7883 plms9_4
60 0 118257 2 55.442802 plms9_4
60 0 109810 3 53.476128 plms9_4
60 0 110510 4 53.368668 plms9_4
60 0 145856 5 53.285515 plms9_4
60 0 3195891 6 53.038715 plms9_4
60 0 118334 7 53.034874 plms9_4
60 0 109949 8 50.14533 plms9_4
60 0 109706 9 49.489166 plms9_4
61 0 2812210 0 74.103905 plms9_4
61 0 219815 1 69.175934 plms9_4
61 0 145923 2 69.10555 plms9_4
61 0 145743 3 66.99762 plms9_4
61 0 218457 4 65.412636 plms9_4
61 0 3195092 5 63.004562 plms9_4
61 0 1732 6 62.916416 plms9_4
61 0 1087955 7 57.9478 plms9_4
61 0 2620704 8 55.59477 plms9_4
61 0 218132 9 54.159843 plms9_4
62 0 117832 0 34.732063 plms9_4
62 0 802770 1 34.635784 plms9_4
62 0 110091 2 34.503376 plms9_4
62 0 118381 3 34.071663 plms9_4
62 0 118188 4 34.029354 plms9_4
62 0 218921 5 33.994316 plms9_4
62 0 205788 6 33.811188 plms9_4
62 0 219512 7 33.438354 plms9_4
62 0 145708 8 33.240185 plms9_4
62 0 137739 9 33.141495 plms9_4
63 0 97274 0 12.278889 plms9_4
63 0 97779 1 12.177547 plms9_4
63 0 106208 2 12.094651 plms9_4
63 0 96019 3 11.970431 plms9_4
63 0 1332352 4 11.934937 plms9_4
63 0 1095862 5 11.876561 plms9_4
63 0 102072 6 11.762625 plms9_4
63 0 105496 7 11.759068 plms9_4
63 0 96350 8 11.753965 plms9_4
63 0 97873 9 11.656462 plms9_4
64 0 2758568 0 53.92948 plms9_4
64 0 145895 1 47.2853 plms9_4
64 0 110645 2 42.734474 plms9_4
64 0 102061 3 39.04782 plms9_4
64 0 109773 4 38.360493 plms9_4
64 0 111051 5 38.18346 plms9_4
64 0 111082 6 37.84446 plms9_4
64 0 110542 7 36.509827 plms9_4
64 0 111936 8 36.37626 plms9_4
64 0 150540 9 35.610733 plms9_4
65 0 118123 0 25.392317 plms9_4
65 0 112677 1 16.490902 plms9_4
65 0 111285 2 15.669049 plms9_4
65 0 145867 3 15.568397 plms9_4
65 0 112016 4 15.540676 plms9_4
65 0 112935 5 15.273837 plms9_4
65 0 111051 6 15.036508 plms9_4
65 0 4151825 7 14.851296 plms9_4
65 0 122242 8 14.603481 plms9_4
65 0 111838 9 14.365953 plms9_4
66 0 3211501 0 50.138985 plms9_4
66 0 145867 1 48.58016 plms9_4
66 0 111632 2 47.190277 plms9_4
66 0 112935 3 39.410656 plms9_4
66 0 112547 4 37.867973 plms9_4
66 0 112106 5 37.43611 plms9_4
66 0 121170 6 33.841377 plms9_4
66 0 110251 7 32.619648 plms9_4
66 0 111803 8 31.876062 plms9_4
66 0 110645 9 31.355999 plms9_4
67 0 867645 0 28.356041 plms9_4
67 0 145800 1 23.473875 plms9_4
67 0 103093 2 23.394733 plms9_4
67 0 145664 3 22.933886 plms9_4
67 0 145635 4 22.89064 plms9_4
67 0 110753 5 22.591331 plms9_4
67 0 104194 6 22.40293 plms9_4
67 0 88797 7 22.328238 plms9_4
67 0 102083 8 22.315731 plms9_4
67 0 106757 9 22.267464 plms9_4
68 0 103675 0 50.046154 plms9_4
68 0 100945 1 44.775517 plms9_4
68 0 106483 2 41.993973 plms9_4
68 0 104522 3 41.48274 plms9_4
68 0 106930 4 41.414505 plms9_4
68 0 103678 5 41.33064 plms9_4
68 0 99090 6 40.587944 plms9_4
68 0 99167 7 40.505028 plms9_4
68 0 2455531 8 40.480953 plms9_4
68 0 103093 9 39.944305 plms9_4
69 0 112719 0 34.62563 plms9_4
69 0 117927 1 34.297974 plms9_4
69 0 118363 2 34.29333 plms9_4
69 0 111438 3 34.270744 plms9_4
69 0 799975 4 34.096214 plms9_4
69 0 109510 5 34.07413 plms9_4
69 0 118098 6 33.943214 plms9_4
69 0 112881 7 33.870815 plms9_4
69 0 799995 8 33.520588 plms9_4
69 0 127899 9 33.43772 plms9_4
70 0 118111 0 47.059177 plms9_4
70 0 111709 1 46.76944 plms9_4
70 0 112534 2 45.316628 plms9_4
70 0 118080 3 42.403378 plms9_4
70 0 117961 4 41.073677 plms9_4
70 0 117927 5 40.84296 plms9_4
70 0 1087961 6 40.69397 plms9_4
70 0 118317 7 40.390476 plms9_4
70 0 117859 8 40.148094 plms9_4
70 0 118379 9 39.59478 plms9_4
71 0 118052 0 42.80027 plms9_4
71 0 112904 1 42.198956 plms9_4
71 0 118234 2 39.942608 plms9_4
71 0 110331 3 39.08547 plms9_4
71 0 112914 4 36.801563 plms9_4
71 0 118005 5 35.859528 plms9_4
71 0 111103 6 35.28809 plms9_4
71 0 108303 7 34.70542 plms9_4
71 0 117979 8 34.469917 plms9_4
71 0 112311 9 34.367653 plms9_4
72 0 118052 0 33.19658 plms9_4
72 0 112904 1 32.913193 plms9_4
72 0 117979 2 32.209133 plms9_4
72 0 109721 3 31.450624 plms9_4
72 0 3189783 4 31.036861 plms9_4
72 0 112914 5 30.974754 plms9_4
72 0 118234 6 30.735592 plms9_4
72 0 112311 7 30.627144 plms9_4
72 0 2654533 8 30.21967 plms9_4
72 0 2654756 9 30.21967 plms9_4
73 0 2804674 0 39.464455 plms9_4
73 0 1087954 1 37.64218 plms9_4
73 0 145624 2 37.48148 plms9_4
73 0 118043 3 37.069492 plms9_4
73 0 111425 4 35.397053 plms9_4
73 0 145638 5 34.383636 plms9_4
73 0 110692 6 34.355644 plms9_4
73 0 868383 7 32.950706 plms9_4
73 0 145881 8 32.17611 plms9_4
73 0 217514 9 31.28383 plms9_4
74 0 2804674 0 34.296005 plms9_4
74 0 112774 1 34.177845 plms9_4
74 0 218667 2 32.663685 plms9_4
74 0 108616 3 32.612667 plms9_4
74 0 219734 4 31.326954 plms9_4
74 0 3183079 5 31.291628 plms9_4
74 0 110798 6 31.184141 plms9_4
74 0 127908 7 30.962334 plms9_4
74 0 110398 8 30.571812 plms9_4
74 0 103459 9 30.355797 plms9_4
75 0 118226 0 60.664215 plms9_4
75 0 111291 1 56.6243 plms9_4
75 0 112347 2 56.149395 plms9_4
75 0 106659 3 54.564636 plms9_4
75 0 105304 4 53.041702 plms9_4
75 0 2678134 5 53.021763 plms9_4
75 0 111557 6 52.869656 plms9_4
75 0 106428 7 52.310555 plms9_4
75 0 90423 8 52.305103 plms9_4
75 0 110779 9 52.13677 plms9_4
76 0 1740 0 44.32186 plms9_4
76 0 108900 1 43.327576 plms9_4
76 0 2679833 2 41.7563 plms9_4
76 0 2680440 3 41.7563 plms9_4
76 0 145799 4 41.104042 plms9_4
76 0 111508 5 41.02568 plms9_4
76 0 111945 6 40.1094 plms9_4
76 0 118390 7 40.104156 plms9_4
76 0 145652 8 40.032368 plms9_4
76 0 150540 9 38.631508 plms9_4
77 0 104355 0 34.30346 plms9_4
77 0 112626 1 32.686485 plms9_4
77 0 111455 2 32.104343 plms9_4
77 0 111610 3 32.019405 plms9_4
77 0 97242 4 31.838541 plms9_4
77 0 112646 5 31.281282 plms9_4
77 0 112693 6 30.049417 plms9_4
77 0 110223 7 29.945442 plms9_4
77 0 95933 8 29.75452 plms9_4
77 0 108605 9 29.449972 plms9_4
78 0 2812588 0 62.37751 plms9_4
78 0 145632 1 61.20651 plms9_4
78 0 117899 2 59.193592 plms9_4
78 0 799976 3 58.59757 plms9_4
78 0 111717 4 58.15785 plms9_4
78 0 112485 5 57.65249 plms9_4
78 0 111250 6 57.260742 plms9_4
78 0 118022 7 56.538647 plms9_4
78 0 122258 8 56.23897 plms9_4
78 0 111092 9 55.748333 plms9_4
79 0 111009 0 69.30773 plms9_4
79 0 118143 1 64.77174 plms9_4
79 0 111470 2 60.426094 plms9_4
79 0 2680438 3 50.945004 plms9_4
79 0 110221 4 46.201263 plms9_4
79 0 3171728 5 42.606693 plms9_4
79 0 903979 6 35.23866 plms9_4
79 0 902768 7 35.23866 plms9_4
79 0 118375 8 33.69704 plms9_4
79 0 106328 9 33.14443 plms9_4
80 0 108900 0 33.904987 plms9_4
80 0 149285 1 33.10591 plms9_4
80 0 2679833 2 32.286648 plms9_4
80 0 2680440 3 32.286648 plms9_4
80 0 112738 4 31.543568 plms9_4
80 0 98551 5 30.925646 plms9_4
80 0 4106441 6 30.86507 plms9_4
80 0 118143 7 30.484053 plms9_4
80 0 102890 8 30.252213 plms9_4
80 0 111502 9 29.867712 plms9_4
81 0 4157383 0 19.675306 plms9_4
81 0 112260 1 19.400074 plms9_4
81 0 111914 2 19.252375 plms9_4
81 0 118373 3 19.221434 plms9_4
81 0 799991 4 19.029211 plms9_4
81 0 3209687 5 18.485407 plms9_4
81 0 110073 6 18.301672 plms9_4
81 0 118091 7 18.28462 plms9_4
81 0 111418 8 18.249763 plms9_4
81 0 145881 9 18.15883 plms9_4
82 0 821305 0 26.76409 plms9_4
82 0 112869 1 26.304064 plms9_4
82 0 105931 2 25.900173 plms9_4
82 0 104132 3 25.773268 plms9_4
82 0 112305 4 25.309269 plms9_4
82 0 112292 5 25.228704 plms9_4
82 0 104194 6 25.226395 plms9_4
82 0 111106 7 25.037428 plms9_4
82 0 117837 8 25.018625 plms9_4
82 0 112803 9 24.975136 plms9_4
83 0 145859 0 76.99334 plms9_4
83 0 111151 1 57.568436 plms9_4
83 0 111246 2 56.508114 plms9_4
83 0 111194 3 55.982006 plms9_4
83 0 111664 4 55.41485 plms9_4
83 0 111103 5 54.685028 plms9_4
83 0 111663 6 54.504166 plms9_4
83 0 137746 7 54.17846 plms9_4
83 0 820896 8 54.020267 plms9_4
83 0 109894 9 51.74096 plms9_4
84 0 145859 0 73.912605 plms9_4
84 0 111151 1 68.157326 plms9_4
84 0 111664 2 66.11615 plms9_4
84 0 110361 3 65.91306 plms9_4
84 0 109200 4 64.50064 plms9_4
84 0 800858 5 64.34105 plms9_4
84 0 109893 6 63.04135 plms9_4
84 0 122251 7 62.551937 plms9_4
84 0 110473 8 62.346813 plms9_4
84 0 110731 9 62.21645 plms9_4
85 0 802973 0 57.010017 plms9_4
85 0 803271 1 57.010017 plms9_4
85 0 2959737 2 57.010017 plms9_4
85 0 137749 3 48.73209 plms9_4
85 0 150543 4 46.277203 plms9_4
85 0 2959732 5 46.277203 plms9_4
85 0 146553 6 45.825584 plms9_4
85 0 146790 7 45.825584 plms9_4
85 0 111586 8 44.171894 plms9_4
85 0 218925 9 43.9482 plms9_4
86 0 3171724 0 46.715496 plms9_4
86 0 3177199 1 46.715496 plms9_4
86 0 3177200 2 46.715496 plms9_4
86 0 3195092 3 40.13169 plms9_4
86 0 3205766 4 35.655624 plms9_4
86 0 802973 5 34.68296 plms9_4
86 0 803271 6 34.68296 plms9_4
86 0 2959737 7 34.68296 plms9_4
86 0 3170730 8 33.314663 plms9_4
86 0 3177197 9 33.314663 plms9_4
87 0 143378 0 36.378162 plms9_4
87 0 112807 1 35.117332 plms9_4
87 0 112746 2 34.45268 plms9_4
87 0 112080 3 33.99319 plms9_4
87 0 111170 4 33.08416 plms9_4
87 0 136998 5 32.579525 plms9_4
87 0 118109 6 32.49549 plms9_4
87 0 117899 7 31.171354 plms9_4
87 0 105721 8 31.048445 plms9_4
87 0 1088038 9 30.745586 plms9_4
88 0 625833 0 33.217472 plms9_4
88 0 145122 1 33.19619 plms9_4
88 0 111170 2 32.059788 plms9_4
88 0 130159 3 31.54272 plms9_4
88 0 182991 4 31.509851 plms9_4
88 0 625711 5 31.200941 plms9_4
88 0 127691 6 31.092642 plms9_4
88 0 145770 7 30.913069 plms9_4
88 0 147529 8 30.848574 plms9_4
88 0 182992 9 30.372425 plms9_4
89 0 4151822 0 124.56567 plms9_4
89 0 2812588 1 110.175156 plms9_4
89 0 4162110 2 92.91372 plms9_4
89 0 2770446 3 88.36411 plms9_4
89 0 145817 4 64.852066 plms9_4
89 0 145954 5 62.170662 plms9_4
89 0 4106440 6 62.12477 plms9_4
89 0 145647 7 61.10634 plms9_4
89 0 134747 8 56.922367 plms9_4
89 0 111029 9 54.96424 plms9_4
90 0 145626 0 18.24007 plms9_4
90 0 109643 1 18.059114 plms9_4
90 0 109921 2 17.77049 plms9_4
90 0 118054 3 17.559464 plms9_4
90 0 118420 4 17.250887 plms9_4
90 0 109079 5 17.12165 plms9_4
90 0 2620698 6 16.893915 plms9_4
90 0 109776 7 16.632711 plms9_4
90 0 109080 8 16.504326 plms9_4
90 0 109016 9 16.35744 plms9_4
91 0 3212514 0 64.07455 plms9_4
91 0 219097 1 49.43721 plms9_4
91 0 145892 2 47.455082 plms9_4
91 0 145785 3 45.597225 plms9_4
91 0 1087959 4 45.518284 plms9_4
91 0 856791 5 45.134956 plms9_4
91 0 110032 6 44.50816 plms9_4
91 0 624280 7 43.673656 plms9_4
91 0 118507 8 42.191525 plms9_4
91 0 109043 9 41.82038 plms9_4
92 0 3212514 0 26.903666 plms9_4
92 0 2675751 1 20.716505 plms9_4
92 0 4162936 2 19.816256 plms9_4
92 0 109818 3 19.779089 plms9_4
92 0 111820 4 19.702543 plms9_4
92 0 111828 5 19.672152 plms9_4
92 0 109857 6 19.473564 plms9_4
92 0 111694 7 19.302534 plms9_4
92 0 112241 8 18.80575 plms9_4
92 0 111191 9 18.743567 plms9_4
93 0 110877 0 96.43036 plms9_4
93 0 118107 1 92.80557 plms9_4
93 0 118334 2 92.37783 plms9_4
93 0 130158 3 91.83802 plms9_4
93 0 109610 4 85.42567 plms9_4
93 0 4151827 5 83.45534 plms9_4
93 0 110248 6 82.17757 plms9_4
93 0 931614 7 81.16656 plms9_4
93 0 2788983 8 80.85984 plms9_4
93 0 110200 9 80.49692 plms9_4
94 0 931614 0 111.628944 plms9_4
94 0 3195891 1 97.55281 plms9_4
94 0 4151827 2 95.90433 plms9_4
94 0 2788983 3 90.49983 plms9_4
94 0 130158 4 77.15203 plms9_4
94 0 145901 5 75.667305 plms9_4
94 0 117874 6 73.146126 plms9_4
94 0 110248 7 72.415794 plms9_4
94 0 2743641 8 72.37426 plms9_4
94 0 2959756 9 72.37426 plms9_4
95 0 107232 0 30.576504 plms9_4
95 0 108555 1 29.355883 plms9_4
95 0 105495 2 28.268023 plms9_4
95 0 107794 3 25.114546 plms9_4
95 0 107475 4 24.554241 plms9_4
95 0 111385 5 23.20215 plms9_4
95 0 108161 6 22.609653 plms9_4
95 0 101863 7 22.562778 plms9_4
95 0 112765 8 22.324251 plms9_4
95 0 112343 9 22.231812 plms9_4
96 0 104330 0 17.70571 plms9_4
96 0 91961 1 17.516226 plms9_4
96 0 91505 2 17.411898 plms9_4
96 0 104523 3 17.329176 plms9_4
96 0 2650505 4 17.316637 plms9_4
96 0 86280 5 17.313784 plms9_4
96 0 108711 6 16.9305 plms9_4
96 0 106657 7 16.904106 plms9_4
96 0 104055 8 16.803156 plms9_4
96 0 108330 9 16.772976 plms9_4
97 0 112101 0 43.02415 plms9_4
97 0 111922 1 33.567963 plms9_4
97 0 136993 2 28.577406 plms9_4
97 0 2806208 3 24.126965 plms9_4
97 0 2808294 4 24.126965 plms9_4
97 0 118379 5 24.119078 plms9_4
97 0 105412 6 23.690348 plms9_4
97 0 134751 7 23.67342 plms9_4
97 0 145822 8 23.305603 plms9_4
97 0 109772 9 23.142422 plms9_4
98 0 2655591 0 30.296953 plms9_4
98 0 103809 1 29.287413 plms9_4
98 0 145903 2 29.059025 plms9_4
98 0 145822 3 28.928753 plms9_4
98 0 117902 4 28.60322 plms9_4
98 0 118148 5 28.192278 plms9_4
98 0 2811845 6 28.141119 plms9_4
98 0 2676593 7 28.063961 plms9_4
98 0 110146 8 28.036303 plms9_4
98 0 117832 9 27.798607 plms9_4
99 0 112267 0 58.85179 plms9_4
99 0 111884 1 44.645824 plms9_4
99 0 110552 2 43.664936 plms9_4
99 0 118121 3 38.721222 plms9_4
99 0 109976 4 37.535072 plms9_4
99 0 104759 5 34.94689 plms9_4
99 0 110578 6 34.50684 plms9_4
99 0 145914 7 32.597404 plms9_4
99 0 109673 8 32.238636 plms9_4
99 0 112723 9 31.21624 plms9_4
100 0 112267 0 88.796585 plms9_4
100 0 110552 1 78.29805 plms9_4
100 0 111886 2 63.068317 plms9_4
100 0 111884 3 62.08904 plms9_4
100 0 112723 4 59.72494 plms9_4
100 0 110098 5 56.719696 plms9_4
100 0 109678 6 56.363705 plms9_4
100 0 112227 7 56.12541 plms9_4
100 0 102981 8 56.122963 plms9_4
100 0 102161 9 54.846092 plms9_4
