1 0 96425 0 11.76688 plms2_3
1 0 95485 1 11.296032 plms2_3
1 0 108315 2 11.07172 plms2_3
1 0 97562 3 10.719022 plms2_3
1 0 100203 4 10.607556 plms2_3
1 0 106452 5 10.5831175 plms2_3
1 0 87570 6 10.411026 plms2_3
1 0 97605 7 10.379396 plms2_3
1 0 91570 8 10.299537 plms2_3
1 0 96701 9 10.188475 plms2_3
2 0 95917 0 7.1771464 plms2_3
2 0 84799 1 6.946721 plms2_3
2 0 85277 2 6.6406565 plms2_3
2 0 84884 3 6.6406565 plms2_3
2 0 102321 4 6.551515 plms2_3
2 0 103525 5 6.1547976 plms2_3
2 0 84798 6 6.104244 plms2_3
2 0 84791 7 6.103677 plms2_3
2 0 84632 8 5.844971 plms2_3
2 0 85189 9 5.665236 plms2_3
3 0 118029 0 28.305012 plms2_3
3 0 112212 1 26.498241 plms2_3
3 0 215496 2 26.426546 plms2_3
3 0 215694 3 26.426546 plms2_3
3 0 2959735 4 26.425505 plms2_3
3 0 3162143 5 26.389513 plms2_3
3 0 145821 6 26.361965 plms2_3
3 0 112584 7 25.797094 plms2_3
3 0 111091 8 25.270235 plms2_3
3 0 145683 9 25.08964 plms2_3
4 0 149007 0 35.36127 plms2_3
4 0 215496 1 33.94116 plms2_3
4 0 215694 2 33.89423 plms2_3
4 0 2959735 3 33.892147 plms2_3
4 0 623142 4 31.97064 plms2_3
4 0 111920 5 31.415066 plms2_3
4 0 118029 6 30.610731 plms2_3
4 0 3162143 7 26.801735 plms2_3
4 0 105171 8 26.581453 plms2_3
4 0 78783 9 24.935484 plms2_3
5 0 110056 0 13.763533 plms2_3
5 0 111789 1 12.756896 plms2_3
5 0 108088 2 12.033911 plms2_3
5 0 183480 3 12.029507 plms2_3
5 0 108671 4 11.725707 plms2_3
5 0 117911 5 10.998062 plms2_3
5 0 98825 6 10.639856 plms2_3
5 0 118174 7 10.489657 plms2_3
5 0 109041 8 10.436665 plms2_3
5 0 107872 9 10.338688 plms2_3
6 0 117932 0 22.499422 plms2_3
6 0 2811844 1 19.035389 plms2_3
6 0 2959750 2 19.035389 plms2_3
6 0 108449 3 16.19541 plms2_3
6 0 106257 4 15.054063 plms2_3
6 0 105695 5 14.545866 plms2_3
6 0 105790 6 14.515762 plms2_3
6 0 110048 7 13.698967 plms2_3
6 0 110241 8 12.367091 plms2_3
6 0 2680591 9 11.36455 plms2_3
7 0 147531 0 19.749008 plms2_3
7 0 110932 1 18.10003 plms2_3
7 0 2678467 2 18.00396 plms2_3
7 0 2679202 3 18.00396 plms2_3
7 0 2959746 4 18.00396 plms2_3
7 0 145715 5 17.875553 plms2_3
7 0 134749 6 17.791693 plms2_3
7 0 105274 7 17.667902 plms2_3
7 0 109448 8 17.333513 plms2_3
7 0 112834 9 17.238398 plms2_3
8 0 2670643 0 15.036736 plms2_3
8 0 145911 1 14.995525 plms2_3
8 0 215806 2 12.424291 plms2_3
8 0 182991 3 11.980612 plms2_3
8 0 4104823 4 11.423844 plms2_3
8 0 2654532 5 11.124536 plms2_3
8 0 2812587 6 11.088314 plms2_3
8 0 2959748 7 11.088314 plms2_3
8 0 145859 8 10.967211 plms2_3
8 0 146981 9 10.628805 plms2_3
9 0 110543 0 30.459736 plms2_3
9 0 118423 1 22.985262 plms2_3
9 0 111680 2 22.861269 plms2_3
9 0 118212 3 22.790386 plms2_3
9 0 112641 4 22.547321 plms2_3
9 0 2675751 5 22.427124 plms2_3
9 0 127923 6 22.313398 plms2_3
9 0 127887 7 22.308647 plms2_3
9 0 95907 8 22.216724 plms2_3
9 0 112537 9 22.154877 plms2_3
10 0 4164892 0 18.534107 plms2_3
10 0 214949 1 17.699429 plms2_3
10 0 215071 2 17.699429 plms2_3
10 0 1992989 3 17.677916 plms2_3
10 0 107864 4 16.930336 plms2_3
10 0 145713 5 16.910175 plms2_3
10 0 147531 6 16.754784 plms2_3
10 0 127914 7 16.280024 plms2_3
10 0 145794 8 15.915394 plms2_3
10 0 111711 9 15.64403 plms2_3
11 0 111157 0 9.766832 plms2_3
11 0 110593 1 9.646219 plms2_3
11 0 182514 2 9.641112 plms2_3
11 0 623142 3 9.624074 plms2_3
11 0 2789927 4 9.611635 plms2_3
11 0 219731 5 9.563193 plms2_3
11 0 812450 6 9.546915 plms2_3
11 0 112790 7 9.542757 plms2_3
11 0 2742710 8 9.538005 plms2_3
11 0 873668 9 9.53052 plms2_3
12 0 2672535 0 14.369524 plms2_3
12 0 96880 1 12.169 plms2_3
12 0 809121 2 10.937838 plms2_3
12 0 95036 3 10.934208 plms2_3
12 0 94279 4 9.980058 plms2_3
12 0 2743640 5 8.969411 plms2_3
12 0 624280 6 8.664945 plms2_3
12 0 4162110 7 8.632956 plms2_3
12 0 2812586 8 8.292362 plms2_3
12 0 95142 9 8.282451 plms2_3
13 0 2642828 0 19.459621 plms2_3
13 0 145967 1 17.942278 plms2_3
13 0 802973 2 17.237059 plms2_3
13 0 803271 3 17.237059 plms2_3
13 0 2959737 4 17.237059 plms2_3
13 0 802770 5 16.668655 plms2_3
13 0 2959730 6 15.443943 plms2_3
13 0 3171724 7 14.54217 plms2_3
13 0 3177199 8 14.54217 plms2_3
13 0 3177200 9 14.54217 plms2_3
14 0 614392 0 21.043262 plms2_3
14 0 614485 1 21.043262 plms2_3
14 0 124715 2 19.50237 plms2_3
14 0 3199501 3 16.685106 plms2_3
14 0 4151817 4 15.697919 plms2_3
14 0 145967 5 15.3178835 plms2_3
14 0 145958 6 14.518171 plms2_3
14 0 3171726 7 14.223045 plms2_3
14 0 107679 8 14.100294 plms2_3
14 0 2153 9 13.873524 plms2_3
15 0 4162111 0 24.341267 plms2_3
15 0 2812588 1 24.043339 plms2_3
15 0 3207858 2 23.990568 plms2_3
15 0 4151821 3 22.435669 plms2_3
15 0 4106440 4 22.306736 plms2_3
15 0 4015951 5 20.970179 plms2_3
15 0 4162534 6 20.258577 plms2_3
15 0 3199501 7 20.258577 plms2_3
15 0 3177196 8 19.673008 plms2_3
15 0 4171965 9 18.520803 plms2_3
16 0 87001 0 14.649958 plms2_3
16 0 2155 1 13.917013 plms2_3
16 0 215412 2 13.69216 plms2_3
16 0 815320 3 12.393808 plms2_3
16 0 2642828 4 11.599224 plms2_3
16 0 3170728 5 11.538021 plms2_3
16 0 118435 6 10.151297 plms2_3
16 0 3204917 7 10.135857 plms2_3
16 0 4172500 8 9.871555 plms2_3
16 0 86764 9 9.864371 plms2_3
17 0 110593 0 12.003807 plms2_3
17 0 3187209 1 11.412626 plms2_3
17 0 3183080 2 10.264425 plms2_3
17 0 2675752 3 9.499791 plms2_3
17 0 802970 4 9.381357 plms2_3
17 0 112152 5 9.195099 plms2_3
17 0 111302 6 8.967786 plms2_3
17 0 2771250 7 8.756397 plms2_3
17 0 110345 8 8.701972 plms2_3
17 0 121172 9 8.701972 plms2_3
18 0 112126 0 12.911927 plms2_3
18 0 110810 1 12.777522 plms2_3
18 0 118436 2 12.7367115 plms2_3
18 0 112673 3 12.735061 plms2_3
18 0 111740 4 12.722317 plms2_3
18 0 112128 5 12.658759 plms2_3
18 0 87290 6 12.556405 plms2_3
18 0 105979 7 12.485849 plms2_3
18 0 110608 8 12.470921 plms2_3
18 0 106860 9 12.41054 plms2_3
19 0 92051 0 5.7900934 plms2_3
19 0 93391 1 5.4366975 plms2_3
19 0 92052 2 5.1557574 plms2_3
19 0 97478 3 5.1557574 plms2_3
19 0 99507 4 5.1557574 plms2_3
19 0 96303 5 5.0416956 plms2_3
19 0 99295 6 5.0416956 plms2_3
19 0 100736 7 4.974018 plms2_3
19 0 100502 8 4.974018 plms2_3
19 0 88230 9 4.962276 plms2_3
20 0 147528 0 12.8221035 plms2_3
20 0 98691 1 11.396887 plms2_3
20 0 118440 2 11.3317 plms2_3
20 0 3217477 3 11.188628 plms2_3
20 0 112554 4 11.049235 plms2_3
20 0 112581 5 10.88953 plms2_3
20 0 101788 6 10.88953 plms2_3
20 0 4162936 7 10.679635 plms2_3
20 0 117972 8 10.4545965 plms2_3
20 0 101848 9 10.223308 plms2_3
21 0 118371 0 15.858316 plms2_3
21 0 130139 1 14.647032 plms2_3
21 0 86383 2 14.469669 plms2_3
21 0 118055 3 14.462466 plms2_3
21 0 2659300 4 14.302446 plms2_3
21 0 867657 5 14.27202 plms2_3
21 0 112766 6 14.092934 plms2_3
21 0 109609 7 13.44058 plms2_3
21 0 117890 8 13.421295 plms2_3
21 0 112846 9 13.338984 plms2_3
22 0 110908 0 20.701185 plms2_3
22 0 96577 1 20.522713 plms2_3
22 0 108000 2 16.7788 plms2_3
22 0 111476 3 16.758215 plms2_3
22 0 111553 4 15.673316 plms2_3
22 0 111585 5 15.544831 plms2_3
22 0 1303477 6 15.168488 plms2_3
22 0 111020 7 14.841023 plms2_3
22 0 111430 8 14.6096325 plms2_3
22 0 105267 9 14.448491 plms2_3
23 0 92144 0 5.568259 plms2_3
23 0 88422 1 5.1887293 plms2_3
23 0 108725 2 5.174246 plms2_3
23 0 102324 3 5.174246 plms2_3
23 0 108150 4 5.001348 plms2_3
23 0 90659 5 4.991855 plms2_3
23 0 98585 6 4.9800706 plms2_3
23 0 101061 7 4.757036 plms2_3
23 0 89755 8 4.757036 plms2_3
23 0 112654 9 4.715233 plms2_3
24 0 109265 0 12.420426 plms2_3
24 0 2620844 1 9.897321 plms2_3
24 0 112872 2 9.847843 plms2_3
24 0 109698 3 9.701855 plms2_3
24 0 111318 4 9.465267 plms2_3
24 0 108492 5 9.270619 plms2_3
24 0 89102 6 9.148783 plms2_3
24 0 110916 7 9.147123 plms2_3
24 0 88597 8 8.962252 plms2_3
24 0 109674 9 8.632004 plms2_3
25 0 106384 0 12.037879 plms2_3
25 0 109512 1 11.298084 plms2_3
25 0 112345 2 11.181559 plms2_3
25 0 107516 3 10.76285 plms2_3
25 0 100613 4 10.76285 plms2_3
25 0 103002 5 10.680633 plms2_3
25 0 112046 6 10.247355 plms2_3
25 0 3211503 7 10.085775 plms2_3
25 0 110043 8 9.968374 plms2_3
25 0 102039 9 9.940209 plms2_3
26 0 112724 0 22.157413 plms2_3
26 0 145758 1 21.074436 plms2_3
26 0 118052 2 20.441319 plms2_3
26 0 102987 3 20.381472 plms2_3
26 0 111103 4 20.082842 plms2_3
26 0 127899 5 20.036732 plms2_3
26 0 117872 6 19.908237 plms2_3
26 0 110086 7 19.717003 plms2_3
26 0 112616 8 19.369514 plms2_3
26 0 1087946 9 19.066233 plms2_3
27 0 4157382 0 13.232417 plms2_3
27 0 4157405 1 13.232417 plms2_3
27 0 106577 2 10.874386 plms2_3
27 0 101071 3 10.874386 plms2_3
27 0 109998 4 10.771112 plms2_3
27 0 109257 5 10.646757 plms2_3
27 0 802398 6 10.320136 plms2_3
27 0 112120 7 10.247394 plms2_3
27 0 112118 8 10.033516 plms2_3
27 0 103617 9 9.80938 plms2_3
28 0 217703 0 19.137173 plms2_3
28 0 4157382 1 16.894934 plms2_3
28 0 4157405 2 16.894934 plms2_3
28 0 145975 3 14.817055 plms2_3
28 0 4168298 4 14.817055 plms2_3
28 0 2675752 5 13.87763 plms2_3
28 0 616869 6 13.677807 plms2_3
28 0 2742710 7 13.489571 plms2_3
28 0 2750102 8 13.489571 plms2_3
28 0 180494 9 13.489571 plms2_3
29 0 1759 0 14.314051 plms2_3
29 0 110490 1 14.018906 plms2_3
29 0 112620 2 13.766634 plms2_3
29 0 112180 3 13.765575 plms2_3
29 0 106329 4 13.688024 plms2_3
29 0 112189 5 13.583469 plms2_3
29 0 112182 6 13.457315 plms2_3
29 0 110051 7 13.346072 plms2_3
29 0 92924 8 13.285073 plms2_3
29 0 111092 9 13.258125 plms2_3
30 0 145916 0 30.55704 plms2_3
30 0 145841 1 28.218462 plms2_3
30 0 205788 2 26.259256 plms2_3
30 0 118045 3 25.032688 plms2_3
30 0 112704 4 23.67279 plms2_3
30 0 137739 5 23.47979 plms2_3
30 0 218921 6 23.47251 plms2_3
30 0 145843 7 23.26975 plms2_3
30 0 145708 8 23.25563 plms2_3
30 0 112734 9 22.846924 plms2_3
31 0 2750100 0 16.123882 plms2_3
31 0 2784695 1 15.153784 plms2_3
31 0 2809764 2 14.738792 plms2_3
31 0 4151820 3 14.725131 plms2_3
31 0 145854 4 14.241861 plms2_3
31 0 2812587 5 14.201239 plms2_3
31 0 2959748 6 14.201239 plms2_3
31 0 623843 7 13.742944 plms2_3
31 0 868384 8 12.97095 plms2_3
31 0 2809763 9 12.734681 plms2_3
32 0 112050 0 6.5272217 plms2_3
32 0 101206 1 6.3037944 plms2_3
32 0 108871 2 5.8497887 plms2_3
32 0 138014 3 5.7826858 plms2_3
32 0 121935 4 5.7826858 plms2_3
32 0 139853 5 5.7826858 plms2_3
32 0 139952 6 5.7826858 plms2_3
32 0 141230 7 5.7826858 plms2_3
32 0 100187 8 5.7355695 plms2_3
32 0 124284 9 5.7355695 plms2_3
33 0 118302 0 15.920593 plms2_3
33 0 2676594 1 10.753012 plms2_3
33 0 2675753 2 10.709804 plms2_3
33 0 2679204 3 10.709804 plms2_3
33 0 108583 4 10.378488 plms2_3
33 0 2959738 5 10.181498 plms2_3
33 0 2809767 6 9.966029 plms2_3
33 0 2811850 7 9.966029 plms2_3
33 0 3205766 8 9.886233 plms2_3
33 0 112962 9 9.638376 plms2_3
34 0 2676594 0 18.699203 plms2_3
34 0 2675753 1 18.53001 plms2_3
34 0 2679204 2 18.53001 plms2_3
34 0 2809767 3 13.721222 plms2_3
34 0 2811850 4 13.721222 plms2_3
34 0 130155 5 13.069492 plms2_3
34 0 110030 6 12.669294 plms2_3
34 0 110044 7 12.2507105 plms2_3
34 0 89237 8 11.958662 plms2_3
34 0 104635 9 11.944308 plms2_3
35 0 3205767 0 14.360502 plms2_3
35 0 3203656 1 13.790941 plms2_3
35 0 3206414 2 13.790941 plms2_3
35 0 821306 3 13.311962 plms2_3
35 0 2672209 4 12.912821 plms2_3
35 0 2657779 5 12.912821 plms2_3
35 0 2670966 6 12.359173 plms2_3
35 0 3214778 7 12.135355 plms2_3
35 0 145851 8 12.042107 plms2_3
35 0 111366 9 11.982522 plms2_3
36 0 105224 0 12.116477 plms2_3
36 0 108593 1 10.702543 plms2_3
36 0 104561 2 10.386957 plms2_3
36 0 97189 3 10.182846 plms2_3
36 0 145904 4 9.898818 plms2_3
36 0 108339 5 9.67252 plms2_3
36 0 131163 6 9.504584 plms2_3
36 0 100797 7 9.406115 plms2_3
36 0 109680 8 9.309716 plms2_3
36 0 218133 9 9.240122 plms2_3
37 0 4151829 0 19.006176 plms2_3
37 0 145855 1 14.705851 plms2_3
37 0 2676594 2 13.483779 plms2_3
37 0 111907 3 13.182606 plms2_3
37 0 112910 4 13.149134 plms2_3
37 0 118269 5 13.061218 plms2_3
37 0 4155979 6 13.0326605 plms2_3
37 0 145731 7 12.922949 plms2_3
37 0 111982 8 12.920777 plms2_3
37 0 2675753 9 12.853474 plms2_3
38 0 112910 0 21.65169 plms2_3
38 0 4151829 1 21.23682 plms2_3
38 0 145731 2 21.2135 plms2_3
38 0 118269 3 20.915274 plms2_3
38 0 111907 4 20.861847 plms2_3
38 0 111982 5 20.798584 plms2_3
38 0 145855 6 20.767288 plms2_3
38 0 1993216 7 20.583385 plms2_3
38 0 110930 8 20.003267 plms2_3
38 0 108333 9 19.894012 plms2_3
39 0 103135 0 11.031403 plms2_3
39 0 112420 1 11.003219 plms2_3
39 0 122254 2 10.979773 plms2_3
39 0 103810 3 10.979231 plms2_3
39 0 105200 4 10.9598255 plms2_3
39 0 621044 5 10.91454 plms2_3
39 0 621090 6 10.91454 plms2_3
39 0 2959739 7 10.91454 plms2_3
39 0 112568 8 10.901069 plms2_3
39 0 2959744 9 10.884845 plms2_3
40 0 931120 0 16.293604 plms2_3
40 0 92047 1 12.771536 plms2_3
40 0 2810526 2 12.322535 plms2_3
40 0 145943 3 12.146358 plms2_3
40 0 145964 4 11.18577 plms2_3
40 0 96968 5 11.039202 plms2_3
40 0 87749 6 10.836294 plms2_3
40 0 93051 7 10.205988 plms2_3
40 0 97534 8 10.034113 plms2_3
40 0 99701 9 10.034113 plms2_3
41 0 109186 0 19.405313 plms2_3
41 0 112585 1 18.314339 plms2_3
41 0 2810525 2 17.84219 plms2_3
41 0 2811847 3 17.84219 plms2_3
41 0 111198 4 17.592419 plms2_3
41 0 112440 5 16.752897 plms2_3
41 0 111891 6 16.62313 plms2_3
41 0 110075 7 16.529236 plms2_3
41 0 111254 8 16.13784 plms2_3
41 0 110230 9 16.017998 plms2_3
42 0 2150 0 16.791748 plms2_3
42 0 177069 1 16.573074 plms2_3
42 0 145943 2 15.407431 plms2_3
42 0 2751166 3 15.2153015 plms2_3
42 0 145959 4 15.2153015 plms2_3
42 0 2804671 5 14.17571 plms2_3
42 0 3171724 6 13.472251 plms2_3
42 0 3177199 7 13.472251 plms2_3
42 0 3177200 8 13.472251 plms2_3
42 0 821189 9 12.360975 plms2_3
43 0 109241 0 7.407729 plms2_3
43 0 111467 1 7.402882 plms2_3
43 0 1723 2 7.255859 plms2_3
43 0 109130 3 7.1882463 plms2_3
43 0 218665 4 7.109888 plms2_3
43 0 111539 5 6.982097 plms2_3
43 0 118420 6 6.982097 plms2_3
43 0 108762 7 6.945877 plms2_3
43 0 820897 8 6.918963 plms2_3
43 0 110374 9 6.8939443 plms2_3
44 0 1738 0 11.061074 plms2_3
44 0 183480 1 11.061074 plms2_3
44 0 91444 2 10.953227 plms2_3
44 0 2521732 3 8.734802 plms2_3
44 0 4172499 4 7.280644 plms2_3
44 0 623142 5 6.4314756 plms2_3
44 0 149287 6 6.200946 plms2_3
44 0 944097 7 6.169957 plms2_3
44 0 932060 8 6.169957 plms2_3
44 0 2153 9 5.753875 plms2_3
45 0 144101 0 17.164312 plms2_3
45 0 131835 1 15.256687 plms2_3
45 0 142063 2 15.256687 plms2_3
45 0 135844 3 15.087404 plms2_3
45 0 141558 4 15.087404 plms2_3
45 0 132780 5 15.03465 plms2_3
45 0 131715 6 14.454138 plms2_3
45 0 133890 7 14.454138 plms2_3
45 0 133698 8 14.013009 plms2_3
45 0 139182 9 13.4707155 plms2_3
46 0 2804673 0 19.95649 plms2_3
46 0 618680 1 17.236382 plms2_3
46 0 145772 2 15.216177 plms2_3
46 0 866024 3 14.4433365 plms2_3
46 0 858802 4 14.4433365 plms2_3
46 0 1269289 5 14.280615 plms2_3
46 0 118453 6 14.155903 plms2_3
46 0 137741 7 14.057953 plms2_3
46 0 105720 8 14.001232 plms2_3
46 0 623145 9 13.694792 plms2_3
47 0 100794 0 12.367696 plms2_3
47 0 92910 1 11.528412 plms2_3
47 0 108406 2 11.345069 plms2_3
47 0 2674861 3 10.967401 plms2_3
47 0 2675754 4 10.967401 plms2_3
47 0 101055 5 10.819423 plms2_3
47 0 97532 6 10.77711 plms2_3
47 0 108545 7 10.691933 plms2_3
47 0 96287 8 10.63968 plms2_3
47 0 85450 9 10.501608 plms2_3
48 0 99428 0 13.869049 plms2_3
48 0 96147 1 12.876062 plms2_3
48 0 2518018 2 12.85829 plms2_3
48 0 88765 3 12.835506 plms2_3
48 0 112422 4 12.804306 plms2_3
48 0 97532 5 12.758879 plms2_3
48 0 103019 6 12.714738 plms2_3
48 0 2674861 7 12.662074 plms2_3
48 0 2675754 8 12.662074 plms2_3
48 0 94225 9 12.650721 plms2_3
49 0 4162535 0 13.898171 plms2_3
49 0 95847 1 11.851145 plms2_3
49 0 101852 2 11.747002 plms2_3
49 0 90620 3 11.13395 plms2_3
49 0 102376 4 10.757997 plms2_3
49 0 95414 5 10.753803 plms2_3
49 0 95551 6 10.438482 plms2_3
49 0 96476 7 10.296395 plms2_3
49 0 96570 8 10.296395 plms2_3
49 0 101311 9 9.558294 plms2_3
50 0 118449 0 10.96637 plms2_3
50 0 2760668 1 10.816518 plms2_3
50 0 112733 2 10.779585 plms2_3
50 0 117996 3 10.72201 plms2_3
50 0 111481 4 10.6913395 plms2_3
50 0 112933 5 10.676937 plms2_3
50 0 111953 6 10.649292 plms2_3
50 0 118124 7 10.620569 plms2_3
50 0 145918 8 10.615758 plms2_3
50 0 118203 9 10.566746 plms2_3
51 0 109978 0 7.408356 plms2_3
51 0 101858 1 7.3504777 plms2_3
51 0 109745 2 7.15958 plms2_3
51 0 109435 3 7.1496687 plms2_3
51 0 91208 4 7.1195107 plms2_3
51 0 109466 5 7.023132 plms2_3
51 0 106522 6 6.886081 plms2_3
51 0 106561 7 6.8859434 plms2_3
51 0 94663 8 6.8856916 plms2_3
51 0 109702 9 6.7968087 plms2_3
52 0 132763 0 12.118112 plms2_3
52 0 109426 1 11.539377 plms2_3
52 0 137750 2 11.030007 plms2_3
52 0 112250 3 10.876732 plms2_3
52 0 802399 4 9.790538 plms2_3
52 0 112665 5 9.721106 plms2_3
52 0 91148 6 9.381419 plms2_3
52 0 3007018 7 9.187663 plms2_3
52 0 145915 8 8.751289 plms2_3
52 0 213843 9 8.297225 plms2_3
53 0 872994 0 15.233318 plms2_3
53 0 118357 1 14.433727 plms2_3
53 0 625711 2 14.412311 plms2_3
53 0 811778 3 14.130749 plms2_3
53 0 88434 4 13.860127 plms2_3
53 0 85200 5 13.689083 plms2_3
53 0 121172 6 13.523031 plms2_3
53 0 104615 7 13.3008375 plms2_3
53 0 621045 8 13.29854 plms2_3
53 0 145628 9 13.254774 plms2_3
54 0 616862 0 14.47573 plms2_3
54 0 100834 1 13.739355 plms2_3
54 0 100588 2 12.81414 plms2_3
54 0 108879 3 12.131039 plms2_3
54 0 109261 4 12.130858 plms2_3
54 0 100589 5 12.106984 plms2_3
54 0 112016 6 12.067183 plms2_3
54 0 1744 7 12.047007 plms2_3
54 0 109366 8 11.896994 plms2_3
54 0 109668 9 11.792923 plms2_3
55 0 4154603 0 33.070675 plms2_3
55 0 145855 1 28.87511 plms2_3
55 0 145731 2 28.19381 plms2_3
55 0 110774 3 14.4974165 plms2_3
55 0 111261 4 13.984677 plms2_3
55 0 110021 5 13.427409 plms2_3
55 0 84658 6 12.720892 plms2_3
55 0 111775 7 12.555826 plms2_3
55 0 118101 8 12.079876 plms2_3
55 0 108913 9 12.049483 plms2_3
56 0 4154603 0 18.803453 plms2_3
56 0 145855 1 15.632359 plms2_3
56 0 145629 2 13.975838 plms2_3
56 0 2679558 3 13.533244 plms2_3
56 0 145965 4 12.920283 plms2_3
56 0 625710 5 11.322006 plms2_3
56 0 149585 6 11.086906 plms2_3
56 0 149649 7 11.086906 plms2_3
56 0 902772 8 9.942952 plms2_3
56 0 902266 9 9.942952 plms2_3
57 0 131159 0 5.54235 plms2_3
57 0 148797 1 5.483963 plms2_3
57 0 3187496 2 5.3963256 plms2_3
57 0 117844 3 5.257495 plms2_3
57 0 137737 4 5.2422814 plms2_3
57 0 111366 5 5.191168 plms2_3
57 0 145745 6 5.1580772 plms2_3
57 0 101011 7 5.138307 plms2_3
57 0 856345 8 5.138307 plms2_3
57 0 112292 9 5.134445 plms2_3
58 0 88751 0 8.076731 plms2_3
58 0 107344 1 7.974267 plms2_3
58 0 94205 2 7.8855786 plms2_3
58 0 89633 3 7.617297 plms2_3
58 0 92943 4 7.573425 plms2_3
58 0 94259 5 7.5239463 plms2_3
58 0 89313 6 7.269361 plms2_3
58 0 88162 7 7.2420115 plms2_3
58 0 90574 8 7.205353 plms2_3
58 0 108549 9 7.1709857 plms2_3
59 0 99853 0 15.455003 plms2_3
59 0 104123 1 15.439307 plms2_3
59 0 2797290 2 14.604948 plms2_3
59 0 101753 3 14.505251 plms2_3
59 0 106807 4 13.8524885 plms2_3
59 0 102206 5 12.890114 plms2_3
59 0 219735 6 12.80277 plms2_3
59 0 112697 7 12.683479 plms2_3
59 0 2659301 8 12.354127 plms2_3
59 0 132095 9 12.29106 plms2_3
60 0 931614 0 30.134495 plms2_3
60 0 118257 1 28.331299 plms2_3
60 0 110510 2 26.239086 plms2_3
60 0 3195891 3 25.517607 plms2_3
60 0 118334 4 24.889956 plms2_3
60 0 127905 5 24.771698 plms2_3
60 0 109810 6 24.425411 plms2_3
60 0 145856 7 24.384363 plms2_3
60 0 621195 8 23.075825 plms2_3
60 0 621270 9 23.075825 plms2_3
61 0 145923 0 38.295174 plms2_3
61 0 145743 1 36.121502 plms2_3
61 0 219815 2 35.365143 plms2_3
61 0 218457 3 34.16308 plms2_3
61 0 2812210 4 33.65477 plms2_3
61 0 1732 5 33.6498 plms2_3
61 0 218132 6 30.831205 plms2_3
61 0 903971 7 28.873823 plms2_3
61 0 2959742 8 28.873823 plms2_3
61 0 2620704 9 26.997683 plms2_3
62 0 106159 0 10.486267 plms2_3
62 0 127898 1 10.120157 plms2_3
62 0 112234 2 9.78714 plms2_3
62 0 110091 3 9.705395 plms2_3
62 0 111840 4 9.611235 plms2_3
62 0 111288 5 9.533288 plms2_3
62 0 118045 6 9.501578 plms2_3
62 0 107894 7 9.493042 plms2_3
62 0 117979 8 9.236391 plms2_3
62 0 112794 9 9.1583605 plms2_3
63 0 107014 0 5.197232 plms2_3
63 0 97779 1 5.184491 plms2_3
63 0 104545 2 5.1602306 plms2_3
63 0 106218 3 5.1215863 plms2_3
63 0 104455 4 5.096146 plms2_3
63 0 118276 5 5.084071 plms2_3
63 0 96381 6 5.0457635 plms2_3
63 0 108307 7 5.0413127 plms2_3
63 0 109520 8 5.0254145 plms2_3
63 0 106545 9 5.0177345 plms2_3
64 0 145895 0 20.784557 plms2_3
64 0 219731 1 18.474274 plms2_3
64 0 821189 2 16.596863 plms2_3
64 0 1748 3 14.644304 plms2_3
64 0 2145 4 14.343227 plms2_3
64 0 2758568 5 13.992912 plms2_3
64 0 149007 6 13.650772 plms2_3
64 0 147951 7 13.246925 plms2_3
64 0 3171728 8 13.246925 plms2_3
64 0 146985 9 13.180614 plms2_3
66 0 3211501 0 22.56309 plms2_3
66 0 112935 1 22.428974 plms2_3
66 0 145867 2 21.811857 plms2_3
66 0 118495 3 20.397638 plms2_3
66 0 111632 4 19.372536 plms2_3
66 0 112760 5 16.837471 plms2_3
66 0 112409 6 16.530209 plms2_3
66 0 112106 7 15.969219 plms2_3
66 0 218667 8 15.106538 plms2_3
66 0 143378 9 13.991159 plms2_3
67 0 96006 0 10.37448 plms2_3
67 0 106543 1 10.2591305 plms2_3
67 0 91394 2 9.292753 plms2_3
67 0 111874 3 9.207802 plms2_3
67 0 867645 4 9.008791 plms2_3
67 0 100471 5 8.963235 plms2_3
67 0 101846 6 8.799959 plms2_3
67 0 101681 7 8.632143 plms2_3
67 0 104608 8 8.616804 plms2_3
67 0 1087669 9 8.480498 plms2_3
68 0 217702 0 12.142578 plms2_3
68 0 118429 1 11.563327 plms2_3
68 0 867657 2 11.36825 plms2_3
68 0 4151818 3 10.626311 plms2_3
68 0 3205736 4 10.5042925 plms2_3
68 0 219732 5 10.495558 plms2_3
68 0 108462 6 10.177402 plms2_3
68 0 145636 7 10.086572 plms2_3
68 0 145790 8 9.869725 plms2_3
68 0 2672210 9 9.52483 plms2_3
69 0 98386 0 10.55068 plms2_3
69 0 101333 1 10.326783 plms2_3
69 0 105739 2 10.207833 plms2_3
69 0 106507 3 10.184758 plms2_3
69 0 96909 4 10.169207 plms2_3
69 0 109510 5 9.818543 plms2_3
69 0 110719 6 9.802633 plms2_3
69 0 103590 7 9.7947235 plms2_3
69 0 94785 8 9.760919 plms2_3
69 0 109303 9 9.611056 plms2_3
70 0 111709 0 19.26337 plms2_3
70 0 118111 1 17.929644 plms2_3
70 0 145739 2 14.963913 plms2_3
70 0 112534 3 14.92241 plms2_3
70 0 2801433 4 14.641341 plms2_3
70 0 1087961 5 14.429938 plms2_3
70 0 866022 6 14.383855 plms2_3
70 0 85631 7 14.204977 plms2_3
70 0 118080 8 14.086738 plms2_3
70 0 118038 9 14.035328 plms2_3
71 0 88356 0 11.737027 plms2_3
71 0 85063 1 11.052132 plms2_3
71 0 118287 2 10.914482 plms2_3
71 0 88023 3 10.809881 plms2_3
71 0 97247 4 10.674114 plms2_3
71 0 96870 5 10.494143 plms2_3
71 0 145781 6 10.338636 plms2_3
71 0 101909 7 10.239141 plms2_3
71 0 118234 8 10.0911045 plms2_3
71 0 89265 9 9.683048 plms2_3
72 0 95186 0 12.184364 plms2_3
72 0 145950 1 12.148964 plms2_3
72 0 93385 2 12.0392 plms2_3
72 0 145961 3 11.9942465 plms2_3
72 0 95233 4 11.479935 plms2_3
72 0 2620873 5 10.821941 plms2_3
72 0 91714 6 10.821941 plms2_3
72 0 107165 7 10.7634325 plms2_3
72 0 91743 8 10.632042 plms2_3
72 0 97314 9 10.530471 plms2_3
73 0 145624 0 11.575567 plms2_3
73 0 107472 1 11.13987 plms2_3
73 0 621195 2 10.93021 plms2_3
73 0 621270 3 10.93021 plms2_3
73 0 108345 4 10.341291 plms2_3
73 0 1087954 5 10.177102 plms2_3
73 0 110517 6 10.150449 plms2_3
73 0 97383 7 10.13781 plms2_3
73 0 132824 8 10.137276 plms2_3
73 0 137346 9 9.930163 plms2_3
74 0 4168298 0 16.158102 plms2_3
74 0 127922 1 12.144085 plms2_3
74 0 618680 2 11.276934 plms2_3
74 0 145923 3 11.035219 plms2_3
74 0 218667 4 10.969772 plms2_3
74 0 2381762 5 10.904092 plms2_3
74 0 219734 6 10.006043 plms2_3
74 0 145881 7 9.865606 plms2_3
74 0 145909 8 9.787442 plms2_3
74 0 179213 9 9.713993 plms2_3
75 0 109745 0 20.923286 plms2_3
75 0 104722 1 20.286854 plms2_3
75 0 108011 2 20.014313 plms2_3
75 0 103728 3 19.136057 plms2_3
75 0 104806 4 18.867702 plms2_3
75 0 108300 5 18.502512 plms2_3
75 0 98317 6 18.433033 plms2_3
75 0 101536 7 18.331781 plms2_3
75 0 91872 8 18.31166 plms2_3
75 0 94636 9 18.304197 plms2_3
76 0 145938 0 16.621176 plms2_3
76 0 2750101 1 15.003527 plms2_3
76 0 112430 2 13.9627075 plms2_3
76 0 3171728 3 13.856757 plms2_3
76 0 149653 4 12.28538 plms2_3
76 0 145968 5 10.552934 plms2_3
76 0 2770446 6 10.552934 plms2_3
76 0 820896 7 9.590738 plms2_3
76 0 105783 8 8.887496 plms2_3
76 0 2804676 9 8.28449 plms2_3
77 0 97242 0 17.002491 plms2_3
77 0 112626 1 16.58208 plms2_3
77 0 112693 2 16.576925 plms2_3
77 0 92834 3 16.44484 plms2_3
77 0 112646 4 16.37064 plms2_3
77 0 104355 5 16.238258 plms2_3
77 0 108605 6 16.17654 plms2_3
77 0 112181 7 15.898958 plms2_3
77 0 110518 8 15.452563 plms2_3
77 0 110594 9 15.297441 plms2_3
78 0 145632 0 17.491457 plms2_3
78 0 101362 1 15.868971 plms2_3
78 0 2812588 2 15.103344 plms2_3
78 0 112255 3 14.522961 plms2_3
78 0 99736 4 13.827028 plms2_3
78 0 94531 5 13.480613 plms2_3
78 0 106964 6 13.392095 plms2_3
78 0 112097 7 13.368984 plms2_3
78 0 110128 8 13.364172 plms2_3
78 0 802973 9 13.319994 plms2_3
79 0 145932 0 17.804504 plms2_3
79 0 111470 1 17.589605 plms2_3
79 0 111009 2 16.98181 plms2_3
79 0 145941 3 16.727947 plms2_3
79 0 903979 4 16.712475 plms2_3
79 0 902768 5 16.712475 plms2_3
79 0 2771753 6 16.26509 plms2_3
79 0 118143 7 13.743529 plms2_3
79 0 2680438 8 13.146161 plms2_3
79 0 2789928 9 12.476487 plms2_3
80 0 1100709 0 12.167726 plms2_3
80 0 94532 1 12.167726 plms2_3
80 0 91984 2 11.546817 plms2_3
80 0 112664 3 10.591332 plms2_3
80 0 145871 4 10.562111 plms2_3
80 0 149285 5 10.279677 plms2_3
80 0 150541 6 9.86731 plms2_3
80 0 85857 7 9.78631 plms2_3
80 0 111502 8 9.7691965 plms2_3
80 0 115312 9 9.70993 plms2_3
81 0 145861 0 2.532622 plms2_3
81 0 118288 1 2.5127606 plms2_3
81 0 108539 2 2.4998107 plms2_3
81 0 112867 3 2.4993548 plms2_3
81 0 145793 4 2.4945233 plms2_3
81 0 1087695 5 2.4921467 plms2_3
81 0 111693 6 2.486584 plms2_3
81 0 112574 7 2.4857233 plms2_3
81 0 110111 8 2.483616 plms2_3
81 0 112904 9 2.4819107 plms2_3
82 0 118392 0 9.988689 plms2_3
82 0 98377 1 9.094416 plms2_3
82 0 108702 2 9.060259 plms2_3
82 0 118496 3 8.337762 plms2_3
82 0 4168363 4 8.101058 plms2_3
82 0 145448 5 7.871293 plms2_3
82 0 1087945 6 7.687949 plms2_3
82 0 105029 7 7.589258 plms2_3
82 0 102013 8 7.5699835 plms2_3
82 0 109872 9 7.5512676 plms2_3
83 0 2150 0 19.466003 plms2_3
83 0 145960 1 13.155611 plms2_3
83 0 109894 2 12.931295 plms2_3
83 0 112812 3 12.472717 plms2_3
83 0 129173 4 12.36095 plms2_3
83 0 145850 5 11.710878 plms2_3
83 0 87365 6 10.354333 plms2_3
83 0 110289 7 10.186884 plms2_3
83 0 2151 8 10.185343 plms2_3
83 0 85214 9 10.096566 plms2_3
84 0 145859 0 19.52112 plms2_3
84 0 110289 1 17.387356 plms2_3
84 0 145870 2 16.259659 plms2_3
84 0 111103 3 15.629026 plms2_3
84 0 112922 4 13.508574 plms2_3
84 0 112658 5 12.518372 plms2_3
84 0 110473 6 12.498025 plms2_3
84 0 112812 7 12.472717 plms2_3
84 0 800858 8 12.303585 plms2_3
84 0 111151 9 12.231518 plms2_3
85 0 101561 0 12.062578 plms2_3
85 0 104510 1 11.229067 plms2_3
85 0 99377 2 10.965469 plms2_3
85 0 95957 3 10.9146595 plms2_3
85 0 137749 4 10.732899 plms2_3
85 0 98869 5 10.497463 plms2_3
85 0 802973 6 10.436858 plms2_3
85 0 803271 7 10.436858 plms2_3
85 0 2959737 8 10.436858 plms2_3
85 0 145787 9 10.411682 plms2_3
86 0 3171728 0 20.527433 plms2_3
86 0 3205766 1 20.223799 plms2_3
86 0 3170730 2 19.008167 plms2_3
86 0 3177197 3 19.008167 plms2_3
86 0 3214774 4 18.764942 plms2_3
86 0 3181025 5 18.530613 plms2_3
86 0 3171724 6 17.921408 plms2_3
86 0 3177199 7 17.921408 plms2_3
86 0 3177200 8 17.921408 plms2_3
86 0 3177196 9 17.635773 plms2_3
87 0 145740 0 13.599756 plms2_3
87 0 106410 1 13.580228 plms2_3
87 0 1088038 2 12.960956 plms2_3
87 0 118313 3 12.439805 plms2_3
87 0 111446 4 12.39158 plms2_3
87 0 110372 5 12.149989 plms2_3
87 0 111134 6 12.126456 plms2_3
87 0 2812588 7 12.109459 plms2_3
87 0 110321 8 12.090391 plms2_3
87 0 3212516 9 11.775158 plms2_3
88 0 111976 0 12.99178 plms2_3
88 0 103505 1 12.817443 plms2_3
88 0 96961 2 12.435778 plms2_3
88 0 96585 3 12.375323 plms2_3
88 0 91293 4 11.658938 plms2_3
88 0 135138 5 11.525198 plms2_3
88 0 115025 6 11.525198 plms2_3
88 0 93986 7 11.041448 plms2_3
88 0 94544 8 9.63459 plms2_3
88 0 98822 9 8.727251 plms2_3
89 0 4151822 0 57.56435 plms2_3
89 0 2770446 1 50.09767 plms2_3
89 0 4162110 2 46.876923 plms2_3
89 0 2812588 3 45.81909 plms2_3
89 0 180494 4 26.588829 plms2_3
89 0 145647 5 23.514471 plms2_3
89 0 1087693 6 22.410362 plms2_3
89 0 145817 7 21.972023 plms2_3
89 0 134747 8 21.21547 plms2_3
89 0 145954 9 21.187603 plms2_3
90 0 110874 0 6.55748 plms2_3
90 0 118061 1 6.5306664 plms2_3
90 0 121160 2 6.520422 plms2_3
90 0 111958 3 6.492559 plms2_3
90 0 145118 4 6.4832683 plms2_3
90 0 110047 5 6.4831853 plms2_3
90 0 111780 6 6.455716 plms2_3
90 0 105906 7 6.454892 plms2_3
90 0 110905 8 6.44405 plms2_3
90 0 110557 9 6.393846 plms2_3
91 0 145897 0 21.558035 plms2_3
91 0 3007018 1 19.431183 plms2_3
91 0 3212514 2 18.101486 plms2_3
91 0 943668 3 16.73888 plms2_3
91 0 856791 4 16.473503 plms2_3
91 0 182991 5 16.068678 plms2_3
91 0 145892 6 14.769337 plms2_3
91 0 86714 7 13.954885 plms2_3
91 0 145880 8 13.815182 plms2_3
91 0 616863 9 12.484641 plms2_3
92 0 111820 0 10.829281 plms2_3
92 0 118454 1 10.74454 plms2_3
92 0 118105 2 10.693512 plms2_3
92 0 145782 3 10.685656 plms2_3
92 0 1087692 4 10.598236 plms2_3
92 0 3212514 5 10.5830145 plms2_3
92 0 109818 6 10.568823 plms2_3
92 0 112439 7 10.552558 plms2_3
92 0 118212 8 10.526228 plms2_3
92 0 111278 9 10.515114 plms2_3
93 0 118107 0 28.343784 plms2_3
93 0 118334 1 27.326221 plms2_3
93 0 110200 2 26.606443 plms2_3
93 0 110877 3 26.051514 plms2_3
93 0 130158 4 23.91615 plms2_3
93 0 110688 5 17.675219 plms2_3
93 0 111793 6 17.312483 plms2_3
93 0 109610 7 16.716206 plms2_3
93 0 117924 8 16.237537 plms2_3
93 0 4151827 9 15.485341 plms2_3
94 0 110200 0 20.0273 plms2_3
94 0 1087897 1 19.911545 plms2_3
94 0 118334 2 18.254581 plms2_3
94 0 3195891 3 17.910631 plms2_3
94 0 118107 4 17.542028 plms2_3
94 0 2788983 5 17.37607 plms2_3
94 0 110688 6 17.110807 plms2_3
94 0 4151827 7 16.149794 plms2_3
94 0 111793 8 14.973509 plms2_3
94 0 130158 9 14.392806 plms2_3
95 0 105495 0 14.969367 plms2_3
95 0 107232 1 14.365302 plms2_3
95 0 108555 2 13.468607 plms2_3
95 0 101725 3 12.390021 plms2_3
95 0 110838 4 11.742606 plms2_3
95 0 106171 5 11.397465 plms2_3
95 0 112351 6 11.226387 plms2_3
95 0 95904 7 10.9657135 plms2_3
95 0 112765 8 10.927576 plms2_3
95 0 2657927 9 10.6604805 plms2_3
96 0 93736 0 4.2602587 plms2_3
96 0 118257 1 4.178467 plms2_3
96 0 90648 2 4.176317 plms2_3
96 0 2009288 3 4.1477013 plms2_3
96 0 93588 4 4.1430335 plms2_3
96 0 91389 5 4.117063 plms2_3
96 0 118220 6 4.100938 plms2_3
96 0 90689 7 4.0457172 plms2_3
96 0 90605 8 4.0379376 plms2_3
96 0 92858 9 4.0308757 plms2_3
97 0 3213873 0 13.310873 plms2_3
97 0 118379 1 11.662163 plms2_3
97 0 101098 2 9.542541 plms2_3
97 0 105918 3 9.236003 plms2_3
97 0 86709 4 8.251958 plms2_3
97 0 84892 5 8.236296 plms2_3
97 0 89561 6 8.216852 plms2_3
97 0 84639 7 8.16455 plms2_3
97 0 102187 8 8.131341 plms2_3
97 0 93416 9 8.0279255 plms2_3
98 0 2769806 0 10.05346 plms2_3
98 0 112919 1 9.606504 plms2_3
98 0 104207 2 9.375116 plms2_3
98 0 103377 3 9.224301 plms2_3
98 0 103946 4 8.711332 plms2_3
98 0 118065 5 8.711332 plms2_3
98 0 101570 6 8.70483 plms2_3
98 0 142879 7 8.651537 plms2_3
98 0 101341 8 8.543114 plms2_3
98 0 112644 9 8.472344 plms2_3
99 0 112267 0 20.081686 plms2_3
99 0 111884 1 19.628942 plms2_3
99 0 110578 2 14.689841 plms2_3
99 0 104524 3 14.398515 plms2_3
99 0 105079 4 13.99724 plms2_3
99 0 111695 5 13.463299 plms2_3
99 0 145885 6 13.085444 plms2_3
99 0 104759 7 12.917527 plms2_3
99 0 106274 8 12.579575 plms2_3
99 0 111484 9 12.416357 plms2_3
100 0 127929 0 24.32591 plms2_3
100 0 112267 1 23.816372 plms2_3
100 0 127890 2 23.667526 plms2_3
100 0 106715 3 23.26085 plms2_3
100 0 112801 4 23.12281 plms2_3
100 0 108405 5 22.94164 plms2_3
100 0 145787 6 22.530083 plms2_3
100 0 111381 7 21.789036 plms2_3
100 0 112033 8 21.590769 plms2_3
100 0 112321 9 21.498106 plms2_3
