1 0 97605 0 18.07692 plms3_6
1 0 2649076 1 15.442228 plms3_6
1 0 112750 2 15.304263 plms3_6
1 0 112795 3 14.8510895 plms3_6
1 0 219732 4 14.798085 plms3_6
1 0 110235 5 14.717811 plms3_6
1 0 102956 6 14.607169 plms3_6
1 0 110464 7 14.340145 plms3_6
1 0 97467 8 14.332591 plms3_6
1 0 96746 9 14.222536 plms3_6
2 0 104571 0 12.498323 plms3_6
2 0 145692 1 11.363132 plms3_6
2 0 104543 2 10.260111 plms3_6
2 0 108555 3 10.192553 plms3_6
2 0 4170684 4 10.133535 plms3_6
2 0 107232 5 10.078937 plms3_6
2 0 118348 6 10.016153 plms3_6
2 0 107475 7 10.014966 plms3_6
2 0 104044 8 9.970714 plms3_6
2 0 105495 9 9.937759 plms3_6
3 0 3162143 0 29.29843 plms3_6
3 0 215496 1 29.0888 plms3_6
3 0 215694 2 29.0888 plms3_6
3 0 2959735 3 29.087759 plms3_6
3 0 112212 4 28.491274 plms3_6
3 0 118029 5 28.305012 plms3_6
3 0 145821 6 27.335482 plms3_6
3 0 117892 7 27.100237 plms3_6
3 0 812450 8 27.05594 plms3_6
3 0 130157 9 26.893162 plms3_6
4 0 623142 0 40.70931 plms3_6
4 0 215496 1 40.154064 plms3_6
4 0 215694 2 40.107136 plms3_6
4 0 2959735 3 40.105053 plms3_6
4 0 149007 4 39.35645 plms3_6
4 0 78783 5 32.10673 plms3_6
4 0 616808 6 31.894506 plms3_6
4 0 111920 7 31.415066 plms3_6
4 0 145890 8 30.970993 plms3_6
4 0 118029 9 30.610731 plms3_6
5 0 183480 0 24.705988 plms3_6
5 0 111789 1 22.660206 plms3_6
5 0 108088 2 21.08043 plms3_6
5 0 110056 3 20.534191 plms3_6
5 0 118174 4 20.129795 plms3_6
5 0 117932 5 19.932985 plms3_6
5 0 108671 6 19.648106 plms3_6
5 0 112538 7 19.163414 plms3_6
5 0 108089 8 17.54031 plms3_6
5 0 2672209 9 16.65608 plms3_6
6 0 117932 0 23.632034 plms3_6
6 0 2811844 1 20.892881 plms3_6
6 0 2959750 2 20.892881 plms3_6
6 0 108449 3 16.19541 plms3_6
6 0 106257 4 15.054063 plms3_6
6 0 105695 5 14.545866 plms3_6
6 0 105790 6 14.515762 plms3_6
6 0 110048 7 13.698967 plms3_6
6 0 2680591 8 13.329972 plms3_6
6 0 110883 9 13.318753 plms3_6
7 0 147531 0 26.013866 plms3_6
7 0 145868 1 21.616611 plms3_6
7 0 2675751 2 21.47689 plms3_6
7 0 3158927 3 20.869844 plms3_6
7 0 110932 4 20.834631 plms3_6
7 0 854177 5 20.360247 plms3_6
7 0 2678467 6 20.297373 plms3_6
7 0 2679202 7 20.297373 plms3_6
7 0 2959746 8 20.297373 plms3_6
7 0 3195445 9 20.178267 plms3_6
8 0 145911 0 17.67008 plms3_6
8 0 2670643 1 15.036736 plms3_6
8 0 146981 2 13.676572 plms3_6
8 0 215806 3 12.424291 plms3_6
8 0 182991 4 11.980612 plms3_6
8 0 4104823 5 11.423844 plms3_6
8 0 2654532 6 11.124536 plms3_6
8 0 2812587 7 11.088314 plms3_6
8 0 2959748 8 11.088314 plms3_6
8 0 145859 9 10.967211 plms3_6
9 0 110543 0 32.151413 plms3_6
9 0 145908 1 26.141504 plms3_6
9 0 2675751 2 26.122364 plms3_6
9 0 111680 3 25.191355 plms3_6
9 0 118212 4 25.055552 plms3_6
9 0 112641 5 24.793293 plms3_6
9 0 145889 6 24.68318 plms3_6
9 0 127923 7 24.633072 plms3_6
9 0 127887 8 24.628288 plms3_6
9 0 118423 9 24.518959 plms3_6
10 0 1992989 0 23.866304 plms3_6
10 0 112931 1 21.265316 plms3_6
10 0 779833 2 20.866693 plms3_6
10 0 798511 3 20.866693 plms3_6
10 0 4164892 4 20.291151 plms3_6
10 0 112802 5 19.854177 plms3_6
10 0 145713 6 19.72726 plms3_6
10 0 214949 7 18.311834 plms3_6
10 0 215071 8 18.311834 plms3_6
10 0 147531 9 18.280098 plms3_6
11 0 2750102 0 15.407527 plms3_6
11 0 931123 1 15.353411 plms3_6
11 0 1757 2 14.560843 plms3_6
11 0 873668 3 14.539965 plms3_6
11 0 212830 4 14.413389 plms3_6
11 0 3207860 5 14.253903 plms3_6
11 0 1750 6 14.083604 plms3_6
11 0 623142 7 14.073478 plms3_6
11 0 104371 8 14.019079 plms3_6
11 0 809121 9 13.842898 plms3_6
12 0 2672535 0 19.87089 plms3_6
12 0 105909 1 14.767527 plms3_6
12 0 106433 2 14.350559 plms3_6
12 0 109248 3 13.635432 plms3_6
12 0 1746 4 12.682972 plms3_6
12 0 109544 5 12.653013 plms3_6
12 0 104028 6 12.601959 plms3_6
12 0 111587 7 12.329205 plms3_6
12 0 100864 8 12.17194 plms3_6
12 0 96880 9 12.169 plms3_6
13 0 2642828 0 31.609953 plms3_6
13 0 145971 1 23.416239 plms3_6
13 0 3170728 2 23.405743 plms3_6
13 0 3168776 3 22.684933 plms3_6
13 0 802973 4 22.277048 plms3_6
13 0 803271 5 22.277048 plms3_6
13 0 2959737 6 22.277048 plms3_6
13 0 1749 7 21.975824 plms3_6
13 0 811777 8 21.791195 plms3_6
13 0 802770 9 21.757553 plms3_6
14 0 614392 0 21.043262 plms3_6
14 0 614485 1 21.043262 plms3_6
14 0 124715 2 19.50237 plms3_6
14 0 4151817 3 18.982712 plms3_6
14 0 145958 4 18.954994 plms3_6
14 0 145967 5 17.82815 plms3_6
14 0 3199501 6 16.685106 plms3_6
14 0 111939 7 16.278465 plms3_6
14 0 2812588 8 16.190695 plms3_6
14 0 108730 9 15.362422 plms3_6
15 0 2812588 0 31.113903 plms3_6
15 0 4162111 1 29.368303 plms3_6
15 0 3207858 2 29.017605 plms3_6
15 0 4151821 3 28.127533 plms3_6
15 0 4106440 4 26.84452 plms3_6
15 0 4015951 5 26.66204 plms3_6
15 0 4162534 6 26.457956 plms3_6
15 0 3199501 7 25.285614 plms3_6
15 0 3177196 8 25.012785 plms3_6
15 0 4151822 9 24.200191 plms3_6
16 0 2155 0 27.186363 plms3_6
16 0 2770446 1 21.579386 plms3_6
16 0 4151822 2 19.44853 plms3_6
16 0 2771249 3 18.954985 plms3_6
16 0 2812588 4 18.79444 plms3_6
16 0 177420 5 18.237747 plms3_6
16 0 620561 6 16.649689 plms3_6
16 0 2810523 7 16.395256 plms3_6
16 0 102717 8 16.095518 plms3_6
16 0 802398 9 16.077522 plms3_6
17 0 110593 0 13.815317 plms3_6
17 0 3187209 1 13.338173 plms3_6
17 0 3183080 2 13.304535 plms3_6
17 0 108603 3 12.6146965 plms3_6
17 0 2672535 4 11.933687 plms3_6
17 0 3213872 5 11.65376 plms3_6
17 0 1758 6 11.272718 plms3_6
17 0 121171 7 11.138672 plms3_6
17 0 112152 8 11.00661 plms3_6
17 0 118125 9 10.850361 plms3_6
18 0 148484 0 27.304556 plms3_6
18 0 2672526 1 23.381975 plms3_6
18 0 2674863 2 23.381975 plms3_6
18 0 112128 3 22.289135 plms3_6
18 0 145714 4 21.999931 plms3_6
18 0 88914 5 21.975958 plms3_6
18 0 105979 6 21.642406 plms3_6
18 0 145119 7 21.622875 plms3_6
18 0 2670966 8 21.445457 plms3_6
18 0 112337 9 21.422407 plms3_6
19 0 103133 0 9.285629 plms3_6
19 0 107661 1 9.197855 plms3_6
19 0 104895 2 8.954784 plms3_6
19 0 102034 3 8.866007 plms3_6
19 0 87884 4 8.828347 plms3_6
19 0 93820 5 8.630234 plms3_6
19 0 99101 6 8.612297 plms3_6
19 0 106314 7 8.507561 plms3_6
19 0 93149 8 8.339263 plms3_6
19 0 104063 9 8.304659 plms3_6
20 0 3158927 0 13.947176 plms3_6
20 0 147528 1 12.8221035 plms3_6
20 0 3203656 2 11.875186 plms3_6
20 0 3206414 3 11.875186 plms3_6
20 0 95121 4 11.798634 plms3_6
20 0 98691 5 11.396887 plms3_6
20 0 118440 6 11.3317 plms3_6
20 0 3217477 7 11.188628 plms3_6
20 0 118358 8 11.124987 plms3_6
20 0 112554 9 11.049235 plms3_6
21 0 112777 0 18.14583 plms3_6
21 0 2659300 1 18.046816 plms3_6
21 0 118371 2 17.409576 plms3_6
21 0 867657 3 16.979357 plms3_6
21 0 121161 4 16.471134 plms3_6
21 0 145747 5 16.333233 plms3_6
21 0 112799 6 16.271303 plms3_6
21 0 118055 7 16.116676 plms3_6
21 0 130139 8 16.017296 plms3_6
21 0 112846 9 15.45913 plms3_6
22 0 109807 0 23.98393 plms3_6
22 0 110908 1 20.701185 plms3_6
22 0 111476 2 20.676569 plms3_6
22 0 96577 3 20.522713 plms3_6
22 0 1303477 4 19.199883 plms3_6
22 0 105454 5 18.95889 plms3_6
22 0 112737 6 18.885443 plms3_6
22 0 111020 7 18.784758 plms3_6
22 0 94162 8 18.662788 plms3_6
22 0 626447 9 18.587475 plms3_6
23 0 146983 0 8.566297 plms3_6
23 0 4157382 1 7.9352474 plms3_6
23 0 4157405 2 7.9352474 plms3_6
23 0 4157406 3 7.9352474 plms3_6
23 0 109889 4 7.7524514 plms3_6
23 0 109052 5 7.6837115 plms3_6
23 0 105435 6 7.680641 plms3_6
23 0 110391 7 7.680641 plms3_6
23 0 112533 8 7.4543586 plms3_6
23 0 110474 9 7.3281317 plms3_6
24 0 109265 0 15.03803 plms3_6
24 0 111318 1 11.740637 plms3_6
24 0 86742 2 11.122641 plms3_6
24 0 89186 3 11.122641 plms3_6
24 0 182558 4 10.886372 plms3_6
24 0 108136 5 10.795138 plms3_6
24 0 86321 6 10.587089 plms3_6
24 0 109698 7 10.517013 plms3_6
24 0 93274 8 10.316706 plms3_6
24 0 109087 9 10.080685 plms3_6
25 0 3211503 0 17.993809 plms3_6
25 0 112616 1 15.479442 plms3_6
25 0 110095 2 13.398724 plms3_6
25 0 112345 3 13.354069 plms3_6
25 0 109416 4 13.154818 plms3_6
25 0 118021 5 13.114317 plms3_6
25 0 107574 6 12.765492 plms3_6
25 0 145864 7 12.293527 plms3_6
25 0 107971 8 12.111914 plms3_6
25 0 106384 9 12.037879 plms3_6
26 0 112724 0 28.169182 plms3_6
26 0 145758 1 26.858536 plms3_6
26 0 117872 2 26.507603 plms3_6
26 0 102987 3 26.408459 plms3_6
26 0 127899 4 26.373154 plms3_6
26 0 112616 5 25.801315 plms3_6
26 0 118052 6 25.570984 plms3_6
26 0 1087946 7 25.546886 plms3_6
26 0 111103 8 25.147152 plms3_6
26 0 118026 9 25.06623 plms3_6
27 0 4157382 0 27.389029 plms3_6
27 0 4157405 1 27.389029 plms3_6
27 0 112346 2 21.597296 plms3_6
27 0 111141 3 19.847883 plms3_6
27 0 110384 4 19.100264 plms3_6
27 0 620673 5 15.942444 plms3_6
27 0 112071 6 15.735123 plms3_6
27 0 110706 7 15.617771 plms3_6
27 0 110320 8 15.602868 plms3_6
27 0 145787 9 15.370321 plms3_6
28 0 4157382 0 27.40797 plms3_6
28 0 4157405 1 27.40797 plms3_6
28 0 217703 2 19.137173 plms3_6
28 0 108340 3 16.93865 plms3_6
28 0 873668 4 16.732777 plms3_6
28 0 616869 5 15.620355 plms3_6
28 0 145975 6 14.817055 plms3_6
28 0 4168298 7 14.817055 plms3_6
28 0 112346 8 14.414848 plms3_6
28 0 212830 9 13.95807 plms3_6
29 0 112620 0 15.537369 plms3_6
29 0 145910 1 15.284925 plms3_6
29 0 130150 2 14.651133 plms3_6
29 0 1759 3 14.314051 plms3_6
29 0 97427 4 14.0851 plms3_6
29 0 99464 5 14.062565 plms3_6
29 0 110490 6 14.018906 plms3_6
29 0 111092 7 13.969068 plms3_6
29 0 109526 8 13.881501 plms3_6
29 0 112180 9 13.765575 plms3_6
30 0 145916 0 32.892487 plms3_6
30 0 145841 1 31.483408 plms3_6
30 0 205788 2 30.551718 plms3_6
30 0 145708 3 28.43116 plms3_6
30 0 137739 4 26.343468 plms3_6
30 0 4151826 5 25.563688 plms3_6
30 0 218921 6 25.067307 plms3_6
30 0 118045 7 25.032688 plms3_6
30 0 112704 8 24.881937 plms3_6
30 0 118343 9 24.76497 plms3_6
31 0 1758 0 19.866756 plms3_6
31 0 2784695 1 19.031775 plms3_6
31 0 137003 2 17.632439 plms3_6
31 0 145925 3 17.586884 plms3_6
31 0 2809763 4 17.298244 plms3_6
31 0 118412 5 17.06834 plms3_6
31 0 902771 6 17.043053 plms3_6
31 0 903985 7 17.043053 plms3_6
31 0 149285 8 16.734695 plms3_6
31 0 121165 9 16.315023 plms3_6
32 0 102047 0 8.799673 plms3_6
32 0 100537 1 8.794094 plms3_6
32 0 93402 2 8.746318 plms3_6
32 0 87041 3 8.2782135 plms3_6
32 0 104629 4 8.254314 plms3_6
32 0 91276 5 8.06776 plms3_6
32 0 92148 6 8.06776 plms3_6
32 0 103012 7 8.043725 plms3_6
32 0 118458 8 7.9128666 plms3_6
32 0 98320 9 7.8147707 plms3_6
33 0 118302 0 15.920593 plms3_6
33 0 108984 1 10.846368 plms3_6
33 0 111757 2 10.7904415 plms3_6
33 0 2676594 3 10.753012 plms3_6
33 0 2675753 4 10.709804 plms3_6
33 0 2679204 5 10.709804 plms3_6
33 0 111433 6 10.6684675 plms3_6
33 0 108583 7 10.378488 plms3_6
33 0 2959738 8 10.181498 plms3_6
33 0 110676 9 10.101272 plms3_6
34 0 2676594 0 20.460691 plms3_6
34 0 2675753 1 20.286713 plms3_6
34 0 2679204 2 20.286713 plms3_6
34 0 2809767 3 15.487789 plms3_6
34 0 2811850 4 15.487789 plms3_6
34 0 130155 5 14.823972 plms3_6
34 0 110030 6 14.392603 plms3_6
34 0 110044 7 13.881752 plms3_6
34 0 104635 8 13.609299 plms3_6
34 0 89237 9 13.590442 plms3_6
35 0 932061 0 19.322287 plms3_6
35 0 3205767 1 18.808834 plms3_6
35 0 868381 2 18.468527 plms3_6
35 0 821306 3 18.43133 plms3_6
35 0 3203656 4 17.18843 plms3_6
35 0 3206414 5 17.18843 plms3_6
35 0 2654532 6 17.143236 plms3_6
35 0 2768888 7 16.914513 plms3_6
35 0 3214778 8 16.371193 plms3_6
35 0 799992 9 16.338697 plms3_6
36 0 105224 0 16.085732 plms3_6
36 0 106638 1 15.626917 plms3_6
36 0 112259 2 14.349626 plms3_6
36 0 100367 3 14.210306 plms3_6
36 0 118234 4 14.110898 plms3_6
36 0 98474 5 13.851414 plms3_6
36 0 109621 6 13.295993 plms3_6
36 0 104485 7 13.207262 plms3_6
36 0 103523 8 13.126582 plms3_6
36 0 108854 9 12.938988 plms3_6
37 0 4151829 0 19.006176 plms3_6
37 0 2676594 1 14.996592 plms3_6
37 0 145855 2 14.705851 plms3_6
37 0 111982 3 14.281458 plms3_6
37 0 2675753 4 14.214154 plms3_6
37 0 2679204 5 14.214154 plms3_6
37 0 145731 6 14.015318 plms3_6
37 0 4155979 7 13.788539 plms3_6
37 0 118407 8 13.767284 plms3_6
37 0 3171724 9 13.66654 plms3_6
38 0 1993216 0 30.707394 plms3_6
38 0 145731 1 30.550472 plms3_6
38 0 118269 2 30.038164 plms3_6
38 0 112910 3 29.478067 plms3_6
38 0 145855 4 28.700115 plms3_6
38 0 111982 5 27.168331 plms3_6
38 0 111420 6 26.631533 plms3_6
38 0 112292 7 26.117878 plms3_6
38 0 4151829 8 25.932089 plms3_6
38 0 145629 9 24.653862 plms3_6
39 0 97053 0 15.118889 plms3_6
39 0 112273 1 14.716006 plms3_6
39 0 101913 2 14.580933 plms3_6
39 0 96731 3 14.444937 plms3_6
39 0 86944 4 14.213389 plms3_6
39 0 98478 5 13.752573 plms3_6
39 0 111292 6 13.613483 plms3_6
39 0 88497 7 13.5168915 plms3_6
39 0 103196 8 13.457967 plms3_6
39 0 105419 9 13.433285 plms3_6
40 0 931120 0 17.358063 plms3_6
40 0 145943 1 14.905759 plms3_6
40 0 2756232 2 13.092133 plms3_6
40 0 2810526 3 12.935949 plms3_6
40 0 92047 4 12.771536 plms3_6
40 0 93051 5 11.715212 plms3_6
40 0 102656 6 11.4860115 plms3_6
40 0 145964 7 11.18577 plms3_6
40 0 96968 8 11.039202 plms3_6
40 0 2675750 9 10.839057 plms3_6
41 0 109186 0 21.03467 plms3_6
41 0 112585 1 20.692453 plms3_6
41 0 2810525 2 19.519762 plms3_6
41 0 2811847 3 19.519762 plms3_6
41 0 112440 4 19.318768 plms3_6
41 0 111198 5 18.971142 plms3_6
41 0 110075 6 18.30924 plms3_6
41 0 111891 7 17.99359 plms3_6
41 0 110132 8 17.665207 plms3_6
41 0 111254 9 17.3907 plms3_6
42 0 145943 0 19.230137 plms3_6
42 0 3177199 1 17.058453 plms3_6
42 0 2150 2 16.791748 plms3_6
42 0 177069 3 16.573074 plms3_6
42 0 3171724 4 16.54614 plms3_6
42 0 3177200 5 16.54614 plms3_6
42 0 118353 6 15.763404 plms3_6
42 0 145630 7 15.46759 plms3_6
42 0 145626 8 15.458155 plms3_6
42 0 134735 9 15.439936 plms3_6
43 0 103735 0 10.554098 plms3_6
43 0 112410 1 9.216232 plms3_6
43 0 109556 2 9.216232 plms3_6
43 0 111467 3 8.97213 plms3_6
43 0 108629 4 8.839016 plms3_6
43 0 112606 5 8.696049 plms3_6
43 0 110374 6 8.373557 plms3_6
43 0 105745 7 8.240937 plms3_6
43 0 103461 8 8.222773 plms3_6
43 0 104342 9 8.134415 plms3_6
44 0 183480 0 13.38608 plms3_6
44 0 1738 1 11.061074 plms3_6
44 0 91444 2 10.953227 plms3_6
44 0 2672209 3 9.267527 plms3_6
44 0 2657779 4 9.267527 plms3_6
44 0 2781925 5 9.186165 plms3_6
44 0 1755 6 9.144785 plms3_6
44 0 205202 7 8.7403755 plms3_6
44 0 2521732 8 8.734802 plms3_6
44 0 149006 9 8.329382 plms3_6
45 0 144101 0 17.164312 plms3_6
45 0 104281 1 16.961897 plms3_6
45 0 131835 2 15.256687 plms3_6
45 0 142063 3 15.256687 plms3_6
45 0 135844 4 15.087404 plms3_6
45 0 141558 5 15.087404 plms3_6
45 0 132780 6 15.03465 plms3_6
45 0 131715 7 14.454138 plms3_6
45 0 133890 8 14.454138 plms3_6
45 0 133698 9 14.013009 plms3_6
46 0 2804673 0 21.369877 plms3_6
46 0 618680 1 19.733873 plms3_6
46 0 145772 2 18.369432 plms3_6
46 0 118453 3 17.394508 plms3_6
46 0 866024 4 16.82741 plms3_6
46 0 858802 5 16.82741 plms3_6
46 0 623145 6 16.619596 plms3_6
46 0 1269289 7 15.9833355 plms3_6
46 0 3204917 8 15.663061 plms3_6
46 0 145792 9 15.322694 plms3_6
47 0 2674861 0 17.375854 plms3_6
47 0 2675754 1 17.375854 plms3_6
47 0 108545 2 16.050888 plms3_6
47 0 96287 3 15.625229 plms3_6
47 0 111362 4 15.341776 plms3_6
47 0 2518018 5 15.008173 plms3_6
47 0 101452 6 14.768609 plms3_6
47 0 96147 7 14.75359 plms3_6
47 0 97532 8 14.453104 plms3_6
47 0 94407 9 14.377566 plms3_6
48 0 103019 0 17.11354 plms3_6
48 0 2674861 1 16.429201 plms3_6
48 0 2675754 2 16.429201 plms3_6
48 0 99428 3 15.779324 plms3_6
48 0 96287 4 15.167417 plms3_6
48 0 95291 5 14.738144 plms3_6
48 0 92469 6 14.41494 plms3_6
48 0 91994 7 14.28933 plms3_6
48 0 86520 8 14.237415 plms3_6
48 0 2518018 9 14.12618 plms3_6
49 0 4162535 0 15.820852 plms3_6
49 0 101852 1 14.436086 plms3_6
49 0 90620 2 14.43404 plms3_6
49 0 95847 3 13.110421 plms3_6
49 0 95414 4 13.053939 plms3_6
49 0 96570 5 12.180768 plms3_6
49 0 1957917 6 11.88746 plms3_6
49 0 95551 7 11.697759 plms3_6
49 0 87072 8 11.334693 plms3_6
49 0 102376 9 10.757997 plms3_6
50 0 118203 0 17.47677 plms3_6
50 0 112733 1 17.269648 plms3_6
50 0 118449 2 16.824692 plms3_6
50 0 109776 3 16.321037 plms3_6
50 0 112800 4 16.245043 plms3_6
50 0 118124 5 15.976624 plms3_6
50 0 110763 6 15.972446 plms3_6
50 0 105591 7 15.875626 plms3_6
50 0 117996 8 15.616059 plms3_6
50 0 111953 9 15.481779 plms3_6
51 0 109978 0 7.408356 plms3_6
51 0 101858 1 7.3504777 plms3_6
51 0 109745 2 7.15958 plms3_6
51 0 109435 3 7.1496687 plms3_6
51 0 91208 4 7.1195107 plms3_6
51 0 109466 5 7.023132 plms3_6
51 0 106522 6 6.886081 plms3_6
51 0 106561 7 6.8859434 plms3_6
51 0 94663 8 6.8856916 plms3_6
51 0 109702 9 6.7968087 plms3_6
52 0 92777 0 13.193965 plms3_6
52 0 85111 1 12.88742 plms3_6
52 0 107187 2 12.863572 plms3_6
52 0 2518368 3 12.705825 plms3_6
52 0 117754 4 12.626416 plms3_6
52 0 85447 5 12.553668 plms3_6
52 0 85110 6 12.450111 plms3_6
52 0 111908 7 12.40805 plms3_6
52 0 132763 8 12.118112 plms3_6
52 0 97465 9 12.07768 plms3_6
53 0 625711 0 18.738266 plms3_6
53 0 872994 1 18.643303 plms3_6
53 0 621045 2 18.133656 plms3_6
53 0 118357 3 17.454378 plms3_6
53 0 145628 4 16.328297 plms3_6
53 0 134737 5 14.492319 plms3_6
53 0 148483 6 14.262904 plms3_6
53 0 811778 7 14.130749 plms3_6
53 0 85197 8 13.957461 plms3_6
53 0 88434 9 13.860127 plms3_6
54 0 1744 0 20.945297 plms3_6
54 0 931123 1 17.720798 plms3_6
54 0 145807 2 17.105171 plms3_6
54 0 145936 3 17.046513 plms3_6
54 0 145792 4 17.016079 plms3_6
54 0 145884 5 17.005995 plms3_6
54 0 815689 6 16.89218 plms3_6
54 0 145856 7 16.550188 plms3_6
54 0 2670965 8 16.27731 plms3_6
54 0 145924 9 16.247017 plms3_6
55 0 4154603 0 46.615173 plms3_6
55 0 145731 1 36.929462 plms3_6
55 0 145855 2 29.952654 plms3_6
55 0 110774 3 25.483063 plms3_6
55 0 111261 4 25.062471 plms3_6
55 0 112910 5 22.5378 plms3_6
55 0 111420 6 21.451008 plms3_6
55 0 118269 7 20.105516 plms3_6
55 0 118198 8 18.138245 plms3_6
55 0 111982 9 17.40288 plms3_6
56 0 4154603 0 23.650549 plms3_6
56 0 145855 1 19.67295 plms3_6
56 0 2679558 2 18.813808 plms3_6
56 0 145629 3 14.718138 plms3_6
56 0 149585 4 13.517967 plms3_6
56 0 149649 5 13.517967 plms3_6
56 0 110664 6 13.370203 plms3_6
56 0 109393 7 13.330849 plms3_6
56 0 112910 8 13.217823 plms3_6
56 0 145965 9 12.920283 plms3_6
57 0 131159 0 5.54235 plms3_6
57 0 148797 1 5.483963 plms3_6
57 0 3187496 2 5.3963256 plms3_6
57 0 117844 3 5.257495 plms3_6
57 0 137737 4 5.2422814 plms3_6
57 0 111366 5 5.191168 plms3_6
57 0 145745 6 5.1580772 plms3_6
57 0 101011 7 5.138307 plms3_6
57 0 856345 8 5.138307 plms3_6
57 0 112292 9 5.134445 plms3_6
58 0 107344 0 10.546945 plms3_6
58 0 109631 1 10.147336 plms3_6
58 0 110445 2 9.454837 plms3_6
58 0 108549 3 9.432227 plms3_6
58 0 110669 4 9.36437 plms3_6
58 0 88955 5 9.257401 plms3_6
58 0 106311 6 9.243611 plms3_6
58 0 112458 7 9.181166 plms3_6
58 0 110244 8 9.17766 plms3_6
58 0 110491 9 9.111825 plms3_6
59 0 219735 0 17.675186 plms3_6
59 0 99853 1 17.299921 plms3_6
59 0 136993 2 17.144308 plms3_6
59 0 2797290 3 16.989239 plms3_6
59 0 931614 4 16.400795 plms3_6
59 0 3214777 5 16.078737 plms3_6
59 0 106807 6 15.727696 plms3_6
59 0 112013 7 15.500946 plms3_6
59 0 104123 8 15.439307 plms3_6
59 0 4170685 9 15.34597 plms3_6
60 0 931614 0 38.884552 plms3_6
60 0 118257 1 34.48461 plms3_6
60 0 145856 2 33.491016 plms3_6
60 0 118334 3 32.246395 plms3_6
60 0 110510 4 32.235455 plms3_6
60 0 127905 5 31.777874 plms3_6
60 0 3195891 6 31.438438 plms3_6
60 0 118107 7 30.56034 plms3_6
60 0 109810 8 30.408043 plms3_6
60 0 130158 9 30.005093 plms3_6
61 0 2812210 0 46.01799 plms3_6
61 0 219815 1 43.75589 plms3_6
61 0 145743 2 41.19697 plms3_6
61 0 218457 3 39.199722 plms3_6
61 0 145923 4 38.295174 plms3_6
61 0 3195092 5 34.692894 plms3_6
61 0 1732 6 33.6498 plms3_6
61 0 2620704 7 31.208847 plms3_6
61 0 1087955 8 31.120747 plms3_6
61 0 218132 9 30.831205 plms3_6
62 0 118045 0 16.266836 plms3_6
62 0 219512 1 15.352879 plms3_6
62 0 145796 2 15.333853 plms3_6
62 0 110091 3 14.618019 plms3_6
62 0 145708 4 14.429996 plms3_6
62 0 145843 5 14.224456 plms3_6
62 0 218921 6 13.89088 plms3_6
62 0 112704 7 13.787324 plms3_6
62 0 148795 8 13.497882 plms3_6
62 0 117832 9 13.442513 plms3_6
63 0 107014 0 5.197232 plms3_6
63 0 97779 1 5.184491 plms3_6
63 0 104545 2 5.1602306 plms3_6
63 0 106218 3 5.1215863 plms3_6
63 0 104455 4 5.096146 plms3_6
63 0 118276 5 5.084071 plms3_6
63 0 96381 6 5.0457635 plms3_6
63 0 108307 7 5.0413127 plms3_6
63 0 109520 8 5.0254145 plms3_6
63 0 106545 9 5.0177345 plms3_6
64 0 2758568 0 24.555977 plms3_6
64 0 145895 1 20.784557 plms3_6
64 0 219731 2 18.474274 plms3_6
64 0 102061 3 17.527018 plms3_6
64 0 111285 4 16.924673 plms3_6
64 0 110645 5 16.770779 plms3_6
64 0 821189 6 16.596863 plms3_6
64 0 109773 7 14.985979 plms3_6
64 0 1748 8 14.644304 plms3_6
64 0 93425 9 14.596804 plms3_6
65 0 118123 0 7.6628866 plms3_6
65 0 103491 1 7.5102077 plms3_6
65 0 117976 2 7.5102077 plms3_6
65 0 104995 3 6.7245345 plms3_6
65 0 103256 4 6.3931336 plms3_6
65 0 107490 5 4.243258 plms3_6
65 0 105721 6 4.243258 plms3_6
65 0 137731 7 4.243258 plms3_6
65 0 105502 8 3.427217 plms3_6
65 0 109747 9 3.427217 plms3_6
66 0 3211501 0 25.09528 plms3_6
66 0 112935 1 24.645658 plms3_6
66 0 145867 2 23.838324 plms3_6
66 0 111632 3 22.646305 plms3_6
66 0 118495 4 20.397638 plms3_6
66 0 112106 5 16.945232 plms3_6
66 0 112760 6 16.837471 plms3_6
66 0 134921 7 16.727217 plms3_6
66 0 112409 8 16.530209 plms3_6
66 0 618680 9 16.452639 plms3_6
67 0 867645 0 13.162099 plms3_6
67 0 145635 1 11.717749 plms3_6
67 0 118296 2 11.535685 plms3_6
67 0 112891 3 11.473959 plms3_6
67 0 91394 4 11.273034 plms3_6
67 0 2959744 5 11.089093 plms3_6
67 0 855518 6 11.089093 plms3_6
67 0 104779 7 11.068899 plms3_6
67 0 107944 8 10.683266 plms3_6
67 0 108336 9 10.661726 plms3_6
68 0 103675 0 18.844004 plms3_6
68 0 94177 1 18.786339 plms3_6
68 0 93847 2 18.75142 plms3_6
68 0 100945 3 18.237167 plms3_6
68 0 93393 4 17.850235 plms3_6
68 0 97584 5 17.112202 plms3_6
68 0 88819 6 16.96162 plms3_6
68 0 93531 7 16.932598 plms3_6
68 0 88704 8 16.748392 plms3_6
68 0 88756 9 16.35719 plms3_6
69 0 97779 0 13.7593155 plms3_6
69 0 145642 1 13.270972 plms3_6
69 0 110719 2 13.058009 plms3_6
69 0 88424 3 12.777901 plms3_6
69 0 104422 4 12.691128 plms3_6
69 0 118184 5 12.541655 plms3_6
69 0 142877 6 12.051128 plms3_6
69 0 110950 7 11.977022 plms3_6
69 0 105739 8 11.79761 plms3_6
69 0 108280 9 11.734847 plms3_6
70 0 111709 0 21.165424 plms3_6
70 0 118111 1 18.70557 plms3_6
70 0 117961 2 17.698172 plms3_6
70 0 112534 3 17.175323 plms3_6
70 0 866022 4 16.648487 plms3_6
70 0 145739 5 16.38573 plms3_6
70 0 2801433 6 15.848266 plms3_6
70 0 1087961 7 15.535708 plms3_6
70 0 118038 8 15.457146 plms3_6
70 0 92142 9 15.412952 plms3_6
71 0 96870 0 16.156363 plms3_6
71 0 118234 1 16.07326 plms3_6
71 0 112904 2 15.789857 plms3_6
71 0 117979 3 15.567811 plms3_6
71 0 118052 4 15.183778 plms3_6
71 0 118005 5 14.814095 plms3_6
71 0 88325 6 14.491623 plms3_6
71 0 108303 7 14.087099 plms3_6
71 0 111103 8 14.050213 plms3_6
71 0 84788 9 13.9824505 plms3_6
72 0 108624 0 18.264969 plms3_6
72 0 85168 1 17.295853 plms3_6
72 0 112904 2 16.862564 plms3_6
72 0 118052 3 16.715982 plms3_6
72 0 101673 4 16.570387 plms3_6
72 0 111103 5 16.460562 plms3_6
72 0 103775 6 16.328978 plms3_6
72 0 85079 7 16.113863 plms3_6
72 0 112797 8 15.337874 plms3_6
72 0 88166 9 15.11214 plms3_6
73 0 145624 0 19.966806 plms3_6
73 0 1087954 1 18.230831 plms3_6
73 0 118043 2 17.669378 plms3_6
73 0 812524 3 16.888527 plms3_6
73 0 2804674 4 15.716238 plms3_6
73 0 108345 5 14.99002 plms3_6
73 0 145638 6 14.573858 plms3_6
73 0 111425 7 14.191061 plms3_6
73 0 145881 8 14.069156 plms3_6
73 0 2655590 9 13.695066 plms3_6
74 0 4168298 0 16.158102 plms3_6
74 0 2804674 1 16.080214 plms3_6
74 0 621292 2 13.831025 plms3_6
74 0 621349 3 13.831025 plms3_6
74 0 621715 4 13.831025 plms3_6
74 0 622303 5 13.831025 plms3_6
74 0 145674 6 13.062746 plms3_6
74 0 3183079 7 12.880174 plms3_6
74 0 107200 8 12.61854 plms3_6
74 0 103629 9 12.586869 plms3_6
75 0 108011 0 27.779768 plms3_6
75 0 108300 1 26.937069 plms3_6
75 0 117993 2 26.144894 plms3_6
75 0 88247 3 26.096642 plms3_6
75 0 110415 4 25.588907 plms3_6
75 0 100360 5 25.173748 plms3_6
75 0 90423 6 25.023005 plms3_6
75 0 112839 7 24.9266 plms3_6
75 0 111557 8 24.832518 plms3_6
75 0 112438 9 24.777416 plms3_6
76 0 145938 0 16.621176 plms3_6
76 0 112430 1 16.613945 plms3_6
76 0 145968 2 15.575634 plms3_6
76 0 112590 3 15.542595 plms3_6
76 0 2750101 4 15.003527 plms3_6
76 0 106490 5 14.600369 plms3_6
76 0 149653 6 13.933657 plms3_6
76 0 3171728 7 13.856757 plms3_6
76 0 112307 8 13.804478 plms3_6
76 0 117963 9 13.430658 plms3_6
77 0 104355 0 18.763298 plms3_6
77 0 112626 1 18.547657 plms3_6
77 0 97242 2 17.991493 plms3_6
77 0 112888 3 17.521955 plms3_6
77 0 111455 4 17.257193 plms3_6
77 0 95933 5 17.05132 plms3_6
77 0 1087956 6 16.97568 plms3_6
77 0 112726 7 16.971786 plms3_6
77 0 1087693 8 16.923563 plms3_6
77 0 614392 9 16.880781 plms3_6
78 0 145632 0 22.82458 plms3_6
78 0 2812588 1 22.370785 plms3_6
78 0 4162111 2 20.78696 plms3_6
78 0 110045 3 20.459623 plms3_6
78 0 121171 4 18.792547 plms3_6
78 0 101362 5 18.600664 plms3_6
78 0 118100 6 18.435095 plms3_6
78 0 117964 7 18.145714 plms3_6
78 0 112459 8 18.10704 plms3_6
78 0 117187 9 17.933874 plms3_6
79 0 111470 0 23.87238 plms3_6
79 0 111009 1 22.103037 plms3_6
79 0 118143 2 19.06183 plms3_6
79 0 145932 3 17.804504 plms3_6
79 0 2670795 4 17.058443 plms3_6
79 0 145941 5 16.727947 plms3_6
79 0 903979 6 16.712475 plms3_6
79 0 902768 7 16.712475 plms3_6
79 0 2771753 8 16.26509 plms3_6
79 0 92377 9 13.656232 plms3_6
80 0 87566 0 13.04265 plms3_6
80 0 94164 1 12.818774 plms3_6
80 0 87991 2 12.430233 plms3_6
80 0 1100709 3 12.167726 plms3_6
80 0 94532 4 12.167726 plms3_6
80 0 90028 5 11.7104225 plms3_6
80 0 91984 6 11.546817 plms3_6
80 0 150541 7 11.44206 plms3_6
80 0 108574 8 11.4321575 plms3_6
80 0 112664 9 11.367852 plms3_6
81 0 109535 0 9.710223 plms3_6
81 0 802973 1 9.485731 plms3_6
81 0 803271 2 9.485731 plms3_6
81 0 2959737 3 9.485731 plms3_6
81 0 111934 4 9.477132 plms3_6
81 0 802791 5 9.376385 plms3_6
81 0 111472 6 9.354617 plms3_6
81 0 111819 7 9.343039 plms3_6
81 0 118373 8 9.2968025 plms3_6
81 0 799991 9 9.28269 plms3_6
82 0 86824 0 12.814243 plms3_6
82 0 104132 1 12.308871 plms3_6
82 0 112869 2 12.010613 plms3_6
82 0 118392 3 11.592737 plms3_6
82 0 105931 4 11.419236 plms3_6
82 0 4168363 5 11.251782 plms3_6
82 0 109872 6 11.073585 plms3_6
82 0 2773182 7 10.872722 plms3_6
82 0 1087945 8 10.644725 plms3_6
82 0 105739 9 10.629091 plms3_6
83 0 145859 0 24.28493 plms3_6
83 0 2150 1 19.466003 plms3_6
83 0 110289 2 18.741007 plms3_6
83 0 112368 3 16.67368 plms3_6
83 0 145870 4 16.259659 plms3_6
83 0 111103 5 15.629026 plms3_6
83 0 111333 6 15.537935 plms3_6
83 0 2678133 7 15.269825 plms3_6
83 0 109038 8 14.345194 plms3_6
83 0 109894 9 13.957607 plms3_6
84 0 145859 0 26.082287 plms3_6
84 0 107293 1 22.225054 plms3_6
84 0 110473 2 21.545116 plms3_6
84 0 800858 3 21.244236 plms3_6
84 0 108164 4 21.025154 plms3_6
84 0 108469 5 20.669252 plms3_6
84 0 110289 6 20.460556 plms3_6
84 0 109695 7 20.343449 plms3_6
84 0 110361 8 20.204252 plms3_6
84 0 111151 9 19.750778 plms3_6
85 0 218925 0 22.732258 plms3_6
85 0 802973 1 21.25101 plms3_6
85 0 803271 2 21.25101 plms3_6
85 0 2959737 3 21.25101 plms3_6
85 0 137749 4 19.68933 plms3_6
85 0 124465 5 18.612297 plms3_6
85 0 111985 6 18.164268 plms3_6
85 0 111586 7 17.70646 plms3_6
85 0 146553 8 17.097849 plms3_6
85 0 146790 9 17.097849 plms3_6
86 0 3171724 0 23.73688 plms3_6
86 0 3177199 1 23.73688 plms3_6
86 0 3177200 2 23.73688 plms3_6
86 0 3205766 3 22.285595 plms3_6
86 0 3195092 4 22.00656 plms3_6
86 0 3171728 5 20.527433 plms3_6
86 0 3170730 6 20.337828 plms3_6
86 0 3177197 7 20.337828 plms3_6
86 0 3214774 8 18.764942 plms3_6
86 0 3181025 9 18.530613 plms3_6
87 0 1088038 0 19.405727 plms3_6
87 0 111446 1 18.116516 plms3_6
87 0 110372 2 17.874926 plms3_6
87 0 112689 3 17.360668 plms3_6
87 0 110760 4 15.802171 plms3_6
87 0 108037 5 15.607235 plms3_6
87 0 111364 6 14.877982 plms3_6
87 0 110714 7 14.845757 plms3_6
87 0 3189783 8 14.711033 plms3_6
87 0 110402 9 14.579829 plms3_6
88 0 103505 0 14.486374 plms3_6
88 0 96961 1 13.595268 plms3_6
88 0 143378 2 13.085893 plms3_6
88 0 111976 3 12.99178 plms3_6
88 0 3007018 4 12.648741 plms3_6
88 0 96585 5 12.375323 plms3_6
88 0 145958 6 12.275595 plms3_6
88 0 181012 7 12.006154 plms3_6
88 0 91293 8 11.658938 plms3_6
88 0 135138 9 11.525198 plms3_6
89 0 4151822 0 71.02199 plms3_6
89 0 4162110 1 60.20061 plms3_6
89 0 2770446 2 56.449776 plms3_6
89 0 2812588 3 55.061375 plms3_6
89 0 180494 4 36.02342 plms3_6
89 0 4106440 5 32.23895 plms3_6
89 0 4094005 6 30.582903 plms3_6
89 0 1087693 7 30.237297 plms3_6
89 0 3153112 8 29.455292 plms3_6
89 0 4151826 9 28.714453 plms3_6
90 0 109643 0 12.843188 plms3_6
90 0 118054 1 12.759495 plms3_6
90 0 109921 2 12.506008 plms3_6
90 0 109080 3 12.275431 plms3_6
90 0 109079 4 12.174857 plms3_6
90 0 145626 5 11.967179 plms3_6
90 0 109776 6 11.961134 plms3_6
90 0 107840 7 11.898104 plms3_6
90 0 145697 8 11.78793 plms3_6
90 0 92716 9 11.696222 plms3_6
91 0 3212514 0 28.196194 plms3_6
91 0 145897 1 21.558035 plms3_6
91 0 145892 2 21.33534 plms3_6
91 0 3007018 3 19.431183 plms3_6
91 0 182991 4 18.690483 plms3_6
91 0 219097 5 18.04271 plms3_6
91 0 943668 6 16.73888 plms3_6
91 0 856791 7 16.473503 plms3_6
91 0 145785 8 16.244808 plms3_6
91 0 624280 9 16.104637 plms3_6
92 0 3212514 0 15.91941 plms3_6
92 0 2675751 1 13.451235 plms3_6
92 0 98116 2 12.586119 plms3_6
92 0 98779 3 12.520999 plms3_6
92 0 99392 4 12.519806 plms3_6
92 0 99791 5 12.307007 plms3_6
92 0 111828 6 12.0695715 plms3_6
92 0 95758 7 11.874168 plms3_6
92 0 98913 8 11.874168 plms3_6
92 0 118166 9 11.179094 plms3_6
93 0 110877 0 37.564163 plms3_6
93 0 118334 1 35.056385 plms3_6
93 0 118107 2 34.994442 plms3_6
93 0 130158 3 32.67695 plms3_6
93 0 110200 4 32.51583 plms3_6
93 0 4151827 5 26.920307 plms3_6
93 0 109610 6 23.232319 plms3_6
93 0 118257 7 22.81971 plms3_6
93 0 110688 8 22.784395 plms3_6
93 0 3195891 9 22.200699 plms3_6
94 0 931614 0 40.90711 plms3_6
94 0 3195891 1 37.788074 plms3_6
94 0 2743641 2 31.867453 plms3_6
94 0 2959756 3 31.867453 plms3_6
94 0 4151827 4 31.81357 plms3_6
94 0 2788983 5 26.46441 plms3_6
94 0 2750101 6 20.938778 plms3_6
94 0 2743678 7 20.088257 plms3_6
94 0 2959755 8 20.088257 plms3_6
94 0 110200 9 20.0273 plms3_6
95 0 105495 0 19.019846 plms3_6
95 0 107232 1 19.00606 plms3_6
95 0 108555 2 17.8967 plms3_6
95 0 107794 3 14.459533 plms3_6
95 0 96226 4 13.921179 plms3_6
95 0 101290 5 13.783372 plms3_6
95 0 109444 6 13.774794 plms3_6
95 0 106171 7 13.75587 plms3_6
95 0 108161 8 13.551632 plms3_6
95 0 112750 9 13.543007 plms3_6
96 0 108708 0 7.5346384 plms3_6
96 0 145844 1 7.3573236 plms3_6
96 0 107955 2 7.307495 plms3_6
96 0 105694 3 7.105011 plms3_6
96 0 111770 4 7.0554876 plms3_6
96 0 106952 5 7.025324 plms3_6
96 0 111472 6 7.0003376 plms3_6
96 0 98361 7 6.8940477 plms3_6
96 0 112166 8 6.8254023 plms3_6
96 0 112063 9 6.7194977 plms3_6
97 0 112101 0 16.327415 plms3_6
97 0 3213873 1 13.310873 plms3_6
97 0 111922 2 12.678939 plms3_6
97 0 118379 3 11.662163 plms3_6
97 0 88181 4 11.273554 plms3_6
97 0 1303693 5 10.557499 plms3_6
97 0 2959744 6 10.058329 plms3_6
97 0 855518 7 10.058329 plms3_6
97 0 101098 8 9.542541 plms3_6
97 0 112082 9 9.450802 plms3_6
98 0 2676593 0 15.223952 plms3_6
98 0 106593 1 14.729451 plms3_6
98 0 85090 2 13.499105 plms3_6
98 0 2655591 3 13.47132 plms3_6
98 0 111516 4 13.363732 plms3_6
98 0 106046 5 12.72204 plms3_6
98 0 104104 6 12.574863 plms3_6
98 0 118346 7 12.362399 plms3_6
98 0 109772 8 12.360807 plms3_6
98 0 112919 9 12.301772 plms3_6
99 0 112267 0 33.836197 plms3_6
99 0 111884 1 25.506317 plms3_6
99 0 118121 2 19.553818 plms3_6
99 0 110552 3 18.836672 plms3_6
99 0 109673 4 18.667263 plms3_6
99 0 109976 5 18.617168 plms3_6
99 0 110578 6 18.405077 plms3_6
99 0 145914 7 18.150421 plms3_6
99 0 104759 8 17.5654 plms3_6
99 0 111671 9 17.1053 plms3_6
100 0 112267 0 31.373217 plms3_6
100 0 111884 1 29.808826 plms3_6
100 0 110552 2 29.678629 plms3_6
100 0 108405 3 29.434168 plms3_6
100 0 110664 4 29.232817 plms3_6
100 0 110423 5 29.225842 plms3_6
100 0 112801 6 29.078619 plms3_6
100 0 111021 7 28.471828 plms3_6
100 0 112799 8 28.182028 plms3_6
100 0 112723 9 27.86578 plms3_6
