1 0 3204919 0 147.19379 toppar
1 0 145782 1 126.376595 toppar
1 0 118105 2 125.52601 toppar
1 0 2649076 3 124.08957 toppar
1 0 112750 4 121.724434 toppar
1 0 118454 5 119.979836 toppar
1 0 215807 6 119.90523 toppar
1 0 145793 7 119.17125 toppar
1 0 118043 8 119.04323 toppar
1 0 219733 9 117.67448 toppar
2 0 103631 0 157.18474 toppar
2 0 103549 1 152.21313 toppar
2 0 145692 2 150.59676 toppar
2 0 104671 3 146.50374 toppar
2 0 108555 4 144.42487 toppar
2 0 104571 5 142.78986 toppar
2 0 4170684 6 137.26366 toppar
2 0 105116 7 136.26718 toppar
2 0 106522 8 134.30869 toppar
2 0 103244 9 130.24393 toppar
3 0 3162143 0 213.67311 toppar
3 0 215496 1 201.75648 toppar
3 0 215694 2 201.75648 toppar
3 0 2959735 3 201.75127 toppar
3 0 118475 4 200.85037 toppar
3 0 130157 5 196.6082 toppar
3 0 903973 6 196.48936 toppar
3 0 118248 7 195.80328 toppar
3 0 117907 8 194.9918 toppar
3 0 145821 9 192.82065 toppar
4 0 215694 0 408.16882 toppar
4 0 2959735 1 408.1605 toppar
4 0 215496 2 408.15024 toppar
4 0 3162143 3 379.90277 toppar
4 0 118029 4 364.9064 toppar
4 0 149007 5 357.1947 toppar
4 0 623142 6 355.9908 toppar
4 0 903973 7 343.8501 toppar
4 0 78783 8 319.20593 toppar
4 0 145900 9 312.66275 toppar
5 0 1740 0 125.11344 toppar
5 0 2672209 1 117.09287 toppar
5 0 2657779 2 117.09287 toppar
5 0 145652 3 114.31036 toppar
5 0 110056 4 112.24652 toppar
5 0 110831 5 110.501495 toppar
5 0 118360 6 109.09108 toppar
5 0 109301 7 108.69681 toppar
5 0 110916 8 107.319336 toppar
5 0 3197746 9 104.9594 toppar
6 0 110654 0 225.9017 toppar
6 0 110056 1 199.6242 toppar
6 0 183480 2 183.84785 toppar
6 0 111258 3 175.3278 toppar
6 0 3203656 4 173.92253 toppar
6 0 3206414 5 173.92253 toppar
6 0 111114 6 160.74368 toppar
6 0 110097 7 160.50612 toppar
6 0 117932 8 157.99257 toppar
6 0 111661 9 153.46889 toppar
7 0 2672535 0 91.63281 toppar
7 0 134749 1 89.46409 toppar
7 0 147531 2 87.65272 toppar
7 0 3195892 3 87.27159 toppar
7 0 118511 4 85.84744 toppar
7 0 110923 5 85.23064 toppar
7 0 145794 6 84.808876 toppar
7 0 110932 7 84.61753 toppar
7 0 112827 8 84.1373 toppar
7 0 145713 9 83.41179 toppar
8 0 112174 0 184.62216 toppar
8 0 134749 1 182.58794 toppar
8 0 145868 2 169.17249 toppar
8 0 145715 3 167.59906 toppar
8 0 112834 4 163.24615 toppar
8 0 110932 5 159.98222 toppar
8 0 147531 6 156.64967 toppar
8 0 2678467 7 153.97687 toppar
8 0 2679202 8 153.97687 toppar
8 0 2959746 9 153.97687 toppar
9 0 2675751 0 271.55978 toppar
9 0 127923 1 247.86313 toppar
9 0 118212 2 246.15482 toppar
9 0 109720 3 244.79729 toppar
9 0 127887 4 240.99825 toppar
9 0 118011 5 239.98169 toppar
9 0 111828 6 233.58699 toppar
9 0 802400 7 233.08952 toppar
9 0 118423 8 230.66646 toppar
9 0 112641 9 226.7137 toppar
10 0 112423 0 257.60736 toppar
10 0 111500 1 253.60898 toppar
10 0 147531 2 250.84563 toppar
10 0 214949 3 249.3476 toppar
10 0 215071 4 249.3476 toppar
10 0 118511 5 249.14755 toppar
10 0 112931 6 246.11542 toppar
10 0 112293 7 240.74031 toppar
10 0 118087 8 239.31963 toppar
10 0 111949 9 233.98575 toppar
11 0 873668 0 149.64026 toppar
11 0 217512 1 148.25732 toppar
11 0 3183080 2 140.04927 toppar
11 0 1750 3 140.0177 toppar
11 0 811228 4 138.8873 toppar
11 0 4151830 5 138.82603 toppar
11 0 148483 6 138.47841 toppar
11 0 2810524 7 137.9131 toppar
11 0 2811846 8 137.9131 toppar
11 0 2809767 9 136.74771 toppar
12 0 2672535 0 153.94667 toppar
12 0 3153112 1 119.100624 toppar
12 0 183479 2 117.346214 toppar
12 0 4151830 3 112.590034 toppar
12 0 2809767 4 112.23664 toppar
12 0 2811850 5 112.23664 toppar
12 0 108766 6 111.09421 toppar
12 0 112490 7 110.76462 toppar
12 0 3207860 8 110.6735 toppar
12 0 3216389 9 110.5041 toppar
13 0 2812588 0 141.79216 toppar
13 0 802973 1 129.667 toppar
13 0 803271 2 129.667 toppar
13 0 2959737 3 129.667 toppar
13 0 108605 4 124.27839 toppar
13 0 150543 5 123.875626 toppar
13 0 2959732 6 123.87524 toppar
13 0 145632 7 122.249214 toppar
13 0 146553 8 122.22845 toppar
13 0 146790 9 122.22805 toppar
14 0 2812588 0 92.75026 toppar
14 0 614392 1 86.8891 toppar
14 0 614485 2 86.8891 toppar
14 0 108730 3 86.41677 toppar
14 0 148483 4 84.89775 toppar
14 0 2670965 5 84.79754 toppar
14 0 118296 6 84.77841 toppar
14 0 118015 7 84.19856 toppar
14 0 2153 8 83.39259 toppar
14 0 145632 9 83.25823 toppar
15 0 2812588 0 210.95651 toppar
15 0 4151822 1 194.74974 toppar
15 0 2770446 2 151.59946 toppar
15 0 2809767 3 138.6664 toppar
15 0 2811850 4 138.6664 toppar
15 0 2771249 5 128.22281 toppar
15 0 2812210 6 125.97091 toppar
15 0 4170685 7 124.897316 toppar
15 0 4151826 8 124.25674 toppar
15 0 2809766 9 123.27599 toppar
16 0 4151822 0 169.43768 toppar
16 0 2812588 1 133.3993 toppar
16 0 2770446 2 118.74136 toppar
16 0 4151830 3 116.15348 toppar
16 0 4151826 4 115.6196 toppar
16 0 4155979 5 114.43787 toppar
16 0 145817 6 114.163345 toppar
16 0 4168362 7 113.26284 toppar
16 0 4161362 8 113.115654 toppar
16 0 3209687 9 111.4049 toppar
17 0 148484 0 99.21739 toppar
17 0 111122 1 95.33968 toppar
17 0 4161362 2 95.21653 toppar
17 0 112076 3 92.63276 toppar
17 0 118230 4 91.55975 toppar
17 0 117987 5 91.16815 toppar
17 0 620566 6 91.13299 toppar
17 0 217512 7 90.926956 toppar
17 0 134738 8 88.89192 toppar
17 0 134749 9 88.461136 toppar
18 0 205712 0 226.39137 toppar
18 0 148484 1 220.8117 toppar
18 0 620566 2 210.48175 toppar
18 0 131156 3 203.18733 toppar
18 0 145119 4 198.33194 toppar
18 0 1753 5 194.6311 toppar
18 0 217512 6 189.12807 toppar
18 0 145635 7 188.90889 toppar
18 0 219106 8 188.33002 toppar
18 0 219194 9 188.33002 toppar
19 0 2654533 0 272.44708 toppar
19 0 2654756 1 272.44708 toppar
19 0 112808 2 207.99762 toppar
19 0 4151826 3 207.21672 toppar
19 0 4172500 4 205.12756 toppar
19 0 219509 5 202.54686 toppar
19 0 112775 6 202.39507 toppar
19 0 118018 7 200.49747 toppar
19 0 145860 8 200.14996 toppar
19 0 2812210 9 195.35808 toppar
20 0 2654533 0 277.40536 toppar
20 0 2654756 1 277.40536 toppar
20 0 112775 2 204.6913 toppar
20 0 4172500 3 203.84656 toppar
20 0 4151826 4 202.93152 toppar
20 0 219509 5 200.12968 toppar
20 0 206098 6 199.41376 toppar
20 0 145121 7 195.64775 toppar
20 0 112808 8 195.12674 toppar
20 0 4151825 9 194.95079 toppar
21 0 873660 0 251.53584 toppar
21 0 117890 1 247.61966 toppar
21 0 112799 2 242.62946 toppar
21 0 118081 3 234.65904 toppar
21 0 145925 4 228.74706 toppar
21 0 2811845 5 228.52591 toppar
21 0 121159 6 227.23927 toppar
21 0 118119 7 225.66461 toppar
21 0 867657 8 223.55016 toppar
21 0 118416 9 223.1567 toppar
22 0 117890 0 306.31195 toppar
22 0 2659300 1 296.17792 toppar
22 0 112799 2 281.31262 toppar
22 0 118081 3 266.70447 toppar
22 0 145925 4 260.5887 toppar
22 0 118416 5 253.10709 toppar
22 0 112774 6 245.9446 toppar
22 0 867657 7 244.78159 toppar
22 0 118119 8 243.55476 toppar
22 0 2811845 9 241.6292 toppar
23 0 118449 0 196.86057 toppar
23 0 2811847 1 194.22112 toppar
23 0 2810525 2 194.21642 toppar
23 0 112257 3 182.31648 toppar
23 0 2801435 4 180.83052 toppar
23 0 145738 5 174.61064 toppar
23 0 118180 6 170.45511 toppar
23 0 1738 7 166.10405 toppar
23 0 3153112 8 165.61119 toppar
23 0 2675750 9 165.58275 toppar
24 0 1738 0 59.600086 toppar
24 0 145778 1 55.953068 toppar
24 0 145866 2 51.37683 toppar
24 0 118449 3 51.238003 toppar
24 0 2801435 4 50.75225 toppar
24 0 2678133 5 50.56663 toppar
24 0 2654754 6 50.204865 toppar
24 0 2790213 7 50.095833 toppar
24 0 112693 8 50.027416 toppar
24 0 3153112 9 50.019104 toppar
25 0 112616 0 175.6863 toppar
25 0 2655499 1 131.64563 toppar
25 0 110318 2 126.240845 toppar
25 0 821305 3 111.96325 toppar
25 0 108792 4 110.36474 toppar
25 0 111495 5 109.42461 toppar
25 0 118021 6 109.21197 toppar
25 0 112457 7 107.033516 toppar
25 0 3211503 8 106.604195 toppar
25 0 2671723 9 102.587135 toppar
26 0 117872 0 196.25711 toppar
26 0 118026 1 177.1306 toppar
26 0 112045 2 176.97667 toppar
26 0 112616 3 175.94669 toppar
26 0 112324 4 175.08386 toppar
26 0 145758 5 165.8984 toppar
26 0 111056 6 164.44818 toppar
26 0 127910 7 163.88142 toppar
26 0 110915 8 163.42912 toppar
26 0 117841 9 162.59923 toppar
27 0 4157405 0 323.8654 toppar
27 0 4157382 1 323.69977 toppar
27 0 111141 2 218.55077 toppar
27 0 112346 3 218.02661 toppar
27 0 112523 4 207.51906 toppar
27 0 3204918 5 175.82552 toppar
27 0 217703 6 172.73094 toppar
27 0 110384 7 172.26303 toppar
27 0 111861 8 170.42435 toppar
27 0 112792 9 170.23218 toppar
28 0 4157405 0 333.84546 toppar
28 0 4157382 1 333.67984 toppar
28 0 112346 2 250.0468 toppar
28 0 111141 3 220.0288 toppar
28 0 112523 4 183.93266 toppar
28 0 111861 5 168.17332 toppar
28 0 110706 6 166.29643 toppar
28 0 112308 7 165.66203 toppar
28 0 118489 8 165.26053 toppar
28 0 110384 9 165.11313 toppar
29 0 4151826 0 67.85973 toppar
29 0 205788 1 67.158165 toppar
29 0 137739 2 65.6287 toppar
29 0 118351 3 64.434494 toppar
29 0 111471 4 64.07418 toppar
29 0 118044 5 63.5754 toppar
29 0 145708 6 63.46669 toppar
29 0 626206 7 63.197174 toppar
29 0 145632 8 62.69343 toppar
29 0 117875 9 62.646324 toppar
30 0 205788 0 228.82974 toppar
30 0 218921 1 211.06157 toppar
30 0 145841 2 199.28735 toppar
30 0 148795 3 198.62851 toppar
30 0 4151826 4 197.78012 toppar
30 0 137739 5 192.95998 toppar
30 0 145708 6 188.83572 toppar
30 0 899483 7 187.11697 toppar
30 0 112704 8 186.93454 toppar
30 0 626206 9 186.92487 toppar
31 0 118023 0 166.12793 toppar
31 0 2795279 1 159.70093 toppar
31 0 145925 2 159.48157 toppar
31 0 118458 3 158.45132 toppar
31 0 110561 4 155.49228 toppar
31 0 131149 5 152.62616 toppar
31 0 112356 6 152.3555 toppar
31 0 118353 7 147.40833 toppar
31 0 109727 8 147.04663 toppar
31 0 112774 9 146.98506 toppar
32 0 112329 0 116.925095 toppar
32 0 111434 1 110.07778 toppar
32 0 1728 2 109.92071 toppar
32 0 112850 3 107.46677 toppar
32 0 112447 4 102.050644 toppar
32 0 118455 5 100.37929 toppar
32 0 111596 6 98.70258 toppar
32 0 112090 7 98.589485 toppar
32 0 118139 8 95.46523 toppar
32 0 125839 9 94.36743 toppar
33 0 109532 0 143.56798 toppar
33 0 121158 1 135.52467 toppar
33 0 2809767 2 134.33557 toppar
33 0 2811850 3 134.33557 toppar
33 0 112808 4 130.01692 toppar
33 0 110089 5 128.82574 toppar
33 0 111863 6 128.58838 toppar
33 0 112325 7 128.29082 toppar
33 0 145870 8 127.269966 toppar
33 0 112485 9 127.17972 toppar
34 0 2676594 0 538.80865 toppar
34 0 2675753 1 529.3745 toppar
34 0 2679204 2 529.3745 toppar
34 0 2809767 3 434.4766 toppar
34 0 2811850 4 434.4766 toppar
34 0 3216389 5 286.93335 toppar
34 0 121158 6 272.12326 toppar
34 0 136994 7 258.83624 toppar
34 0 112325 8 249.1393 toppar
34 0 137727 9 242.57568 toppar
35 0 821306 0 84.234215 toppar
35 0 205203 1 82.5837 toppar
35 0 213843 2 79.10701 toppar
35 0 214063 3 79.10701 toppar
35 0 214467 4 79.10701 toppar
35 0 149005 5 78.660385 toppar
35 0 932061 6 78.33337 toppar
35 0 218927 7 77.92678 toppar
35 0 2654532 8 77.81726 toppar
35 0 118079 9 77.27529 toppar
36 0 118319 0 149.82812 toppar
36 0 118238 1 146.51819 toppar
36 0 109923 2 145.23842 toppar
36 0 118329 3 144.56848 toppar
36 0 118142 4 142.93018 toppar
36 0 1087952 5 140.95677 toppar
36 0 213843 6 139.6646 toppar
36 0 214063 7 139.6646 toppar
36 0 214467 8 139.6646 toppar
36 0 3177197 9 138.07607 toppar
37 0 4151829 0 105.157524 toppar
37 0 110774 1 101.99243 toppar
37 0 118269 2 101.98263 toppar
37 0 145731 3 98.28394 toppar
37 0 111982 4 97.147446 toppar
37 0 110742 5 96.95324 toppar
37 0 112910 6 96.943184 toppar
37 0 118290 7 95.27432 toppar
37 0 112133 8 92.253334 toppar
37 0 108863 9 90.56473 toppar
38 0 145855 0 144.96577 toppar
38 0 145731 1 139.74524 toppar
38 0 4151829 2 139.39462 toppar
38 0 118269 3 127.98565 toppar
38 0 1993216 4 116.15864 toppar
38 0 110774 5 113.279076 toppar
38 0 112910 6 111.26838 toppar
38 0 111982 7 109.716125 toppar
38 0 145629 8 109.48607 toppar
38 0 112292 9 108.81241 toppar
39 0 112568 0 188.44531 toppar
39 0 112420 1 174.30333 toppar
39 0 111432 2 165.13692 toppar
39 0 118457 3 160.32939 toppar
39 0 2959744 4 157.47261 toppar
39 0 855518 5 157.47261 toppar
39 0 621044 6 153.29745 toppar
39 0 621090 7 153.29745 toppar
39 0 2959739 8 153.29745 toppar
39 0 2674861 9 152.9834 toppar
40 0 105200 0 218.01357 toppar
40 0 122254 1 195.07492 toppar
40 0 621044 2 190.61856 toppar
40 0 621090 3 190.61856 toppar
40 0 2959739 4 190.61856 toppar
40 0 108818 5 188.52036 toppar
40 0 2959744 6 184.02141 toppar
40 0 855518 7 184.02141 toppar
40 0 118457 8 182.58519 toppar
40 0 104688 9 182.276 toppar
41 0 112924 0 228.21945 toppar
41 0 111198 1 213.21596 toppar
41 0 2811847 2 212.41238 toppar
41 0 2810525 3 212.40298 toppar
41 0 112585 4 210.35014 toppar
41 0 2654533 5 209.24548 toppar
41 0 2654756 6 209.24548 toppar
41 0 109186 7 204.87451 toppar
41 0 111891 8 202.84439 toppar
41 0 110132 9 201.08606 toppar
42 0 112585 0 232.71288 toppar
42 0 2654533 1 226.95927 toppar
42 0 2654756 2 226.95927 toppar
42 0 111198 3 221.68169 toppar
42 0 112924 4 221.3899 toppar
42 0 109186 5 219.27832 toppar
42 0 111891 6 218.59236 toppar
42 0 110132 7 218.53905 toppar
42 0 109352 8 200.59668 toppar
42 0 2811847 9 200.12238 toppar
43 0 2680590 0 161.90747 toppar
43 0 2959745 1 161.90747 toppar
43 0 112305 2 151.23177 toppar
43 0 112920 3 144.93498 toppar
43 0 112803 4 135.63396 toppar
43 0 118148 5 124.921036 toppar
43 0 2959749 6 123.78779 toppar
43 0 2812589 7 123.76262 toppar
43 0 121170 8 120.29141 toppar
43 0 100926 9 120.25964 toppar
44 0 145903 0 39.430637 toppar
44 0 2781925 1 39.079285 toppar
44 0 802408 2 38.715733 toppar
44 0 183480 3 38.629917 toppar
44 0 3213871 4 38.07032 toppar
44 0 118182 5 37.889397 toppar
44 0 111107 6 37.84625 toppar
44 0 109864 7 37.631504 toppar
44 0 111731 8 37.40095 toppar
44 0 779833 9 37.248802 toppar
45 0 3204917 0 296.13934 toppar
45 0 3181481 1 258.1256 toppar
45 0 145861 2 257.48672 toppar
45 0 866024 3 253.48627 toppar
45 0 858802 4 253.47595 toppar
45 0 800568 5 250.09535 toppar
45 0 2959730 6 246.94272 toppar
45 0 150542 7 245.17087 toppar
45 0 618680 8 244.20111 toppar
45 0 118452 9 236.01372 toppar
46 0 866024 0 551.69653 toppar
46 0 858802 1 551.64496 toppar
46 0 3204917 2 408.7818 toppar
46 0 623145 3 399.15588 toppar
46 0 903971 4 390.96002 toppar
46 0 2959742 5 390.96002 toppar
46 0 2804673 6 384.9905 toppar
46 0 150542 7 381.77426 toppar
46 0 145861 8 363.04587 toppar
46 0 2657927 9 360.76764 toppar
47 0 2674861 0 212.99072 toppar
47 0 2675754 1 212.99072 toppar
47 0 2795703 2 142.5562 toppar
47 0 2797292 3 142.5562 toppar
47 0 2790213 4 134.66576 toppar
47 0 4172500 5 134.46576 toppar
47 0 2671723 6 133.8727 toppar
47 0 2810526 7 133.46701 toppar
47 0 2803251 8 133.2783 toppar
47 0 821305 9 132.83424 toppar
48 0 2674861 0 229.9035 toppar
48 0 2675754 1 229.9035 toppar
48 0 111362 2 140.75058 toppar
48 0 96147 3 133.18002 toppar
48 0 3170727 4 130.4977 toppar
48 0 103019 5 128.91913 toppar
48 0 142882 6 126.03961 toppar
48 0 96612 7 125.69511 toppar
48 0 2518018 8 123.96217 toppar
48 0 121149 9 123.95118 toppar
49 0 2810525 0 87.35157 toppar
49 0 2811847 1 87.35157 toppar
49 0 4162535 2 81.073074 toppar
49 0 3153112 3 71.6117 toppar
49 0 4151826 4 71.024765 toppar
49 0 2809767 5 66.89728 toppar
49 0 2811850 6 66.89728 toppar
49 0 2803251 7 66.199135 toppar
49 0 2812210 8 66.00397 toppar
49 0 2801435 9 64.70269 toppar
50 0 3153112 0 146.74388 toppar
50 0 4162535 1 141.8712 toppar
50 0 2810525 2 115.981606 toppar
50 0 2811847 3 115.981606 toppar
50 0 4151826 4 111.15049 toppar
50 0 3181025 5 104.417854 toppar
50 0 2809767 6 103.88963 toppar
50 0 2811850 7 103.88963 toppar
50 0 2812210 8 102.12016 toppar
50 0 3177197 9 100.500725 toppar
51 0 112770 0 149.39258 toppar
51 0 2812589 1 129.90916 toppar
51 0 2959749 2 129.90916 toppar
51 0 78783 3 123.46464 toppar
51 0 145872 4 123.18478 toppar
51 0 215412 5 120.37324 toppar
51 0 821305 6 119.738464 toppar
51 0 616433 7 119.13228 toppar
51 0 112931 8 118.62812 toppar
51 0 149006 9 118.49031 toppar
52 0 112770 0 117.408775 toppar
52 0 112931 1 113.0536 toppar
52 0 105869 2 101.70446 toppar
52 0 111908 3 101.49241 toppar
52 0 854177 4 100.536 toppar
52 0 112243 5 100.185814 toppar
52 0 103302 6 99.23019 toppar
52 0 134741 7 98.8565 toppar
52 0 107187 8 97.19004 toppar
52 0 100134 9 95.97573 toppar
53 0 799985 0 140.50984 toppar
53 0 148483 1 123.96381 toppar
53 0 2808291 2 121.95546 toppar
53 0 145792 3 121.10257 toppar
53 0 145635 4 118.08804 toppar
53 0 145664 5 117.11533 toppar
53 0 621045 6 116.3986 toppar
53 0 624280 7 114.0904 toppar
53 0 2771250 8 113.7224 toppar
53 0 145628 9 112.34186 toppar
54 0 872994 0 172.70119 toppar
54 0 811778 1 155.38097 toppar
54 0 625711 2 142.9508 toppar
54 0 931123 3 139.20663 toppar
54 0 2808291 4 132.27524 toppar
54 0 621045 5 129.86862 toppar
54 0 799985 6 129.07735 toppar
54 0 620566 7 126.879715 toppar
54 0 616862 8 125.09406 toppar
54 0 3177197 9 123.40378 toppar
55 0 4154603 0 264.66953 toppar
55 0 145731 1 200.67033 toppar
55 0 145855 2 196.9477 toppar
55 0 118269 3 184.81165 toppar
55 0 145629 4 181.38388 toppar
55 0 110774 5 168.34369 toppar
55 0 111261 6 168.30592 toppar
55 0 112910 7 157.77798 toppar
55 0 111982 8 148.35515 toppar
55 0 111420 9 146.8696 toppar
56 0 4154603 0 337.53946 toppar
56 0 145731 1 245.5624 toppar
56 0 118269 2 233.71896 toppar
56 0 145855 3 215.4906 toppar
56 0 112910 4 214.49802 toppar
56 0 145629 5 211.06833 toppar
56 0 110774 6 208.18442 toppar
56 0 111261 7 201.52086 toppar
56 0 111420 8 179.19745 toppar
56 0 1993216 9 177.54507 toppar
57 0 802408 0 172.03142 toppar
57 0 867644 1 167.87114 toppar
57 0 800569 2 165.20433 toppar
57 0 800859 3 162.06633 toppar
57 0 815320 4 157.78825 toppar
57 0 118297 5 157.46082 toppar
57 0 117856 6 157.43849 toppar
57 0 122254 7 155.87642 toppar
57 0 205720 8 153.66125 toppar
57 0 121162 9 151.27988 toppar
58 0 145735 0 225.99196 toppar
58 0 106179 1 192.89052 toppar
58 0 108547 2 187.85332 toppar
58 0 112467 3 182.39192 toppar
58 0 217702 4 181.92838 toppar
58 0 2676592 5 177.8561 toppar
58 0 106848 6 176.94875 toppar
58 0 110330 7 174.5286 toppar
58 0 145800 8 168.54701 toppar
58 0 902772 9 155.5208 toppar
59 0 2788983 0 431.90146 toppar
59 0 4170685 1 407.57483 toppar
59 0 118037 2 376.5383 toppar
59 0 117968 3 376.19928 toppar
59 0 145627 4 372.99542 toppar
59 0 118129 5 364.83344 toppar
59 0 118040 6 351.74765 toppar
59 0 1087691 7 341.85013 toppar
59 0 134735 8 331.55966 toppar
59 0 118422 9 331.144 toppar
60 0 2788983 0 391.66745 toppar
60 0 3195891 1 390.6663 toppar
60 0 4170685 2 373.26785 toppar
60 0 118129 3 357.22812 toppar
60 0 145627 4 354.21542 toppar
60 0 118334 5 344.23422 toppar
60 0 117968 6 343.73666 toppar
60 0 130158 7 332.16837 toppar
60 0 111737 8 327.1435 toppar
60 0 931614 9 324.85532 toppar
61 0 2812210 0 233.60905 toppar
61 0 145743 1 226.29224 toppar
61 0 145923 2 217.78673 toppar
61 0 218457 3 204.15372 toppar
61 0 3195092 4 192.74132 toppar
61 0 145815 5 188.82056 toppar
61 0 112854 6 176.29955 toppar
61 0 1732 7 175.08022 toppar
61 0 1087959 8 169.63844 toppar
61 0 899483 9 168.98946 toppar
62 0 2812210 0 110.29377 toppar
62 0 110091 1 92.04815 toppar
62 0 118299 2 91.149086 toppar
62 0 110661 3 89.79657 toppar
62 0 118381 4 89.10001 toppar
62 0 117875 5 89.090454 toppar
62 0 112485 6 88.96934 toppar
62 0 110926 7 87.8622 toppar
62 0 118188 8 86.735405 toppar
62 0 218457 9 86.249535 toppar
63 0 106985 0 100.282524 toppar
63 0 107685 1 99.88167 toppar
63 0 104521 2 99.667114 toppar
63 0 108539 3 98.707596 toppar
63 0 108538 4 97.22407 toppar
63 0 149702 5 96.3271 toppar
63 0 108186 6 94.98566 toppar
63 0 111250 7 94.11099 toppar
63 0 105525 8 93.68027 toppar
63 0 91054 9 93.32444 toppar
64 0 2758568 0 167.3 toppar
64 0 110645 1 153.36731 toppar
64 0 106391 2 142.22884 toppar
64 0 111051 3 139.79474 toppar
64 0 111660 4 139.11708 toppar
64 0 102061 5 136.60773 toppar
64 0 3205768 6 134.55971 toppar
64 0 109773 7 134.48178 toppar
64 0 2809766 8 132.62236 toppar
64 0 2811849 9 132.62236 toppar
65 0 118123 0 319.6616 toppar
65 0 3211501 1 239.997 toppar
65 0 150540 2 233.40625 toppar
65 0 111051 3 226.86499 toppar
65 0 131165 4 225.90907 toppar
65 0 110645 5 224.44315 toppar
65 0 1745 6 219.94337 toppar
65 0 112732 7 219.3042 toppar
65 0 145883 8 219.09662 toppar
65 0 130159 9 217.68619 toppar
66 0 3211501 0 379.15146 toppar
66 0 145867 1 350.72305 toppar
66 0 112935 2 308.03983 toppar
66 0 111632 3 297.5237 toppar
66 0 118123 4 296.74734 toppar
66 0 150540 5 287.40247 toppar
66 0 110645 6 281.8911 toppar
66 0 143378 7 280.16705 toppar
66 0 109237 8 278.75204 toppar
66 0 4151825 9 275.64307 toppar
67 0 145800 0 245.43092 toppar
67 0 867645 1 237.5281 toppar
67 0 103675 2 173.40825 toppar
67 0 104522 3 164.26512 toppar
67 0 110330 4 157.21582 toppar
67 0 103678 5 156.17479 toppar
67 0 2810526 6 155.06705 toppar
67 0 107938 7 150.38402 toppar
67 0 106757 8 147.67073 toppar
67 0 145673 9 145.97879 toppar
68 0 145800 0 225.08246 toppar
68 0 867645 1 201.09679 toppar
68 0 103093 2 155.88588 toppar
68 0 97584 3 154.45255 toppar
68 0 103675 4 151.64655 toppar
68 0 103678 5 151.5101 toppar
68 0 94177 6 151.03282 toppar
68 0 97893 7 149.9861 toppar
68 0 88704 8 149.76884 toppar
68 0 2810526 9 149.2176 toppar
69 0 111709 0 268.68283 toppar
69 0 117859 1 266.20062 toppar
69 0 110068 2 264.13434 toppar
69 0 110996 3 253.79904 toppar
69 0 112820 4 251.38692 toppar
69 0 2676593 5 247.64462 toppar
69 0 118111 6 246.92924 toppar
69 0 219733 7 246.14214 toppar
69 0 220342 8 246.14214 toppar
69 0 112534 9 245.89561 toppar
70 0 118111 0 319.3514 toppar
70 0 110068 1 311.0353 toppar
70 0 109835 2 310.70905 toppar
70 0 2676593 3 302.64746 toppar
70 0 111709 4 300.25687 toppar
70 0 117859 5 291.8447 toppar
70 0 219733 6 291.1693 toppar
70 0 220342 7 291.1693 toppar
70 0 112534 8 290.1448 toppar
70 0 2806208 9 288.54352 toppar
71 0 118052 0 235.2493 toppar
71 0 112914 1 235.1251 toppar
71 0 145121 2 232.04243 toppar
71 0 112904 3 227.81165 toppar
71 0 3189783 4 216.4603 toppar
71 0 118005 5 210.39777 toppar
71 0 118234 6 209.90785 toppar
71 0 112823 7 205.6842 toppar
71 0 118287 8 204.69121 toppar
71 0 2654533 9 202.6964 toppar
72 0 118052 0 241.43762 toppar
72 0 112904 1 230.59604 toppar
72 0 112914 2 227.11287 toppar
72 0 145121 3 222.56516 toppar
72 0 118234 4 213.97435 toppar
72 0 3189783 5 212.57262 toppar
72 0 118005 6 211.95709 toppar
72 0 117979 7 197.6372 toppar
72 0 2654533 8 196.87015 toppar
72 0 2654756 9 196.87015 toppar
73 0 2804674 0 95.22359 toppar
73 0 110692 1 92.127045 toppar
73 0 108538 2 90.12414 toppar
73 0 109931 3 84.14833 toppar
73 0 109935 4 82.98047 toppar
73 0 112573 5 82.46167 toppar
73 0 112206 6 82.192635 toppar
73 0 145632 7 82.11561 toppar
73 0 145624 8 81.99027 toppar
73 0 110662 9 81.799614 toppar
74 0 2804674 0 134.13823 toppar
74 0 107904 1 123.4475 toppar
74 0 112774 2 122.47303 toppar
74 0 109284 3 116.40197 toppar
74 0 127908 4 114.59559 toppar
74 0 803268 5 106.5473 toppar
74 0 112902 6 104.02104 toppar
74 0 108616 7 103.047195 toppar
74 0 2675749 8 102.80954 toppar
74 0 145810 9 101.31846 toppar
75 0 92916 0 247.56067 toppar
75 0 90423 1 246.74817 toppar
75 0 110964 2 243.18518 toppar
75 0 118226 3 242.51105 toppar
75 0 108011 4 239.01294 toppar
75 0 110779 5 233.79698 toppar
75 0 3189783 6 233.32384 toppar
75 0 111489 7 231.22845 toppar
75 0 218666 8 228.04152 toppar
75 0 112839 9 227.26184 toppar
76 0 2679833 0 218.93892 toppar
76 0 2680440 1 218.93892 toppar
76 0 108900 2 211.37231 toppar
76 0 2670966 3 188.32584 toppar
76 0 112919 4 186.94876 toppar
76 0 150540 5 186.2512 toppar
76 0 218666 6 186.16321 toppar
76 0 110779 7 185.55583 toppar
76 0 110964 8 182.27933 toppar
76 0 2674863 9 182.26802 toppar
77 0 2812588 0 207.22546 toppar
77 0 4151822 1 197.64584 toppar
77 0 145817 2 187.94553 toppar
77 0 111455 3 181.32687 toppar
77 0 111029 4 170.19852 toppar
77 0 112726 5 168.57529 toppar
77 0 2770446 6 164.49504 toppar
77 0 110518 7 163.53654 toppar
77 0 134747 8 162.48012 toppar
77 0 108605 9 158.8882 toppar
78 0 145632 0 83.81782 toppar
78 0 2812588 1 82.96344 toppar
78 0 112485 2 75.247475 toppar
78 0 111717 3 74.13888 toppar
78 0 799976 4 74.06501 toppar
78 0 118022 5 72.77257 toppar
78 0 111250 6 72.512985 toppar
78 0 117836 7 72.458855 toppar
78 0 117899 8 72.17501 toppar
78 0 111092 9 71.99506 toppar
79 0 111009 0 371.1966 toppar
79 0 111470 1 369.81955 toppar
79 0 118143 2 350.12094 toppar
79 0 110221 3 233.48398 toppar
79 0 2680438 4 192.72452 toppar
79 0 118513 5 161.98785 toppar
79 0 106328 6 161.97878 toppar
79 0 111964 7 159.36966 toppar
79 0 110183 8 149.84753 toppar
79 0 150540 9 146.92607 toppar
80 0 118143 0 245.75862 toppar
80 0 111009 1 240.08328 toppar
80 0 111470 2 231.08456 toppar
80 0 145859 3 180.97334 toppar
80 0 150540 4 176.9942 toppar
80 0 2672210 5 168.39696 toppar
80 0 2654755 6 168.39696 toppar
80 0 2679835 7 167.22595 toppar
80 0 110221 8 166.79471 toppar
80 0 112022 9 165.78271 toppar
81 0 148484 0 129.79579 toppar
81 0 112440 1 103.36724 toppar
81 0 122253 2 100.44994 toppar
81 0 117841 3 88.32157 toppar
81 0 112867 4 87.49861 toppar
81 0 112422 5 87.291695 toppar
81 0 121157 6 85.05259 toppar
81 0 799991 7 84.34677 toppar
81 0 112616 8 84.33602 toppar
81 0 137739 9 83.89664 toppar
82 0 118368 0 185.9216 toppar
82 0 127900 1 184.75435 toppar
82 0 1726 2 183.40834 toppar
82 0 2803250 3 182.71782 toppar
82 0 216735 4 175.2849 toppar
82 0 216806 5 175.2849 toppar
82 0 799981 6 175.15637 toppar
82 0 118126 7 172.7322 toppar
82 0 145865 8 170.38222 toppar
82 0 3213871 9 145.75975 toppar
83 0 145859 0 176.25752 toppar
83 0 112922 1 137.94792 toppar
83 0 137746 2 128.11133 toppar
83 0 109894 3 126.379326 toppar
83 0 111246 4 124.33978 toppar
83 0 111286 5 124.131294 toppar
83 0 111151 6 121.18368 toppar
83 0 110289 7 120.68716 toppar
83 0 800858 8 120.14912 toppar
83 0 109895 9 120.02299 toppar
84 0 145859 0 173.17679 toppar
84 0 112922 1 148.86504 toppar
84 0 800858 2 135.68362 toppar
84 0 109895 3 133.66348 toppar
84 0 111151 4 131.77257 toppar
84 0 107293 5 131.69112 toppar
84 0 109894 6 130.4199 toppar
84 0 109893 7 129.47699 toppar
84 0 109200 8 128.97572 toppar
84 0 111286 9 127.03594 toppar
85 0 2959737 0 271.39832 toppar
85 0 802973 1 270.67398 toppar
85 0 803271 2 270.67398 toppar
85 0 3177199 3 213.93137 toppar
85 0 3171724 4 213.62914 toppar
85 0 3177200 5 213.62914 toppar
85 0 150543 6 199.43459 toppar
85 0 2959732 7 199.43439 toppar
85 0 146553 8 198.59901 toppar
85 0 146790 9 198.59882 toppar
86 0 3177199 0 168.05243 toppar
86 0 3171724 1 167.95865 toppar
86 0 3177200 2 167.95865 toppar
86 0 802973 3 157.74315 toppar
86 0 803271 4 157.74315 toppar
86 0 2959737 5 157.74315 toppar
86 0 3205766 6 150.52338 toppar
86 0 150543 7 140.50253 toppar
86 0 2959732 8 140.50235 toppar
86 0 146553 9 139.81615 toppar
87 0 111170 0 56.756947 toppar
87 0 112807 1 56.414375 toppar
87 0 143378 2 56.038284 toppar
87 0 112746 3 54.10765 toppar
87 0 136998 4 53.69538 toppar
87 0 117987 5 52.739056 toppar
87 0 148483 6 52.08319 toppar
87 0 117899 7 51.995796 toppar
87 0 110760 8 51.64976 toppar
87 0 118109 9 50.88147 toppar
88 0 182992 0 179.03305 toppar
88 0 182991 1 169.54585 toppar
88 0 145897 2 164.66486 toppar
88 0 111170 3 163.34607 toppar
88 0 149653 4 157.56253 toppar
88 0 130159 5 155.3343 toppar
88 0 112807 6 155.32745 toppar
88 0 118339 7 154.96642 toppar
88 0 127691 8 154.73424 toppar
88 0 2654277 9 153.12256 toppar
89 0 4151822 0 342.65213 toppar
89 0 2812588 1 295.76968 toppar
89 0 2770446 2 286.53055 toppar
89 0 4162110 3 227.78085 toppar
89 0 145647 4 188.45537 toppar
89 0 145817 5 180.11673 toppar
89 0 134747 6 177.31592 toppar
89 0 145954 7 147.25545 toppar
89 0 111029 8 144.06323 toppar
89 0 4106440 9 138.94226 toppar
90 0 4151822 0 360.47653 toppar
90 0 2812588 1 345.93628 toppar
90 0 2770446 2 268.35104 toppar
90 0 145626 3 262.50424 toppar
90 0 118054 4 259.7039 toppar
90 0 137748 5 248.51909 toppar
90 0 130150 6 247.0514 toppar
90 0 121146 7 235.77351 toppar
90 0 2620698 8 235.26143 toppar
90 0 2959745 9 234.26274 toppar
91 0 3212514 0 424.44318 toppar
91 0 1087959 1 229.36578 toppar
91 0 118507 2 227.06789 toppar
91 0 145782 3 223.45581 toppar
91 0 134732 4 223.41116 toppar
91 0 109857 5 219.7268 toppar
91 0 112439 6 214.50905 toppar
91 0 110249 7 213.09253 toppar
91 0 109818 8 212.1225 toppar
91 0 110032 9 208.30121 toppar
92 0 3212514 0 412.43295 toppar
92 0 1087959 1 252.67027 toppar
92 0 118507 2 245.50093 toppar
92 0 110249 3 245.34827 toppar
92 0 110032 4 222.31366 toppar
92 0 134732 5 217.52563 toppar
92 0 109857 6 216.92476 toppar
92 0 110213 7 209.7709 toppar
92 0 112439 8 209.67075 toppar
92 0 109818 9 209.05772 toppar
93 0 145901 0 238.5394 toppar
93 0 117874 1 235.77165 toppar
93 0 118334 2 234.2564 toppar
93 0 118107 3 231.24971 toppar
93 0 112905 4 222.21675 toppar
93 0 130158 5 218.60698 toppar
93 0 112824 6 218.08507 toppar
93 0 110877 7 216.58194 toppar
93 0 118129 8 216.37541 toppar
93 0 2788983 9 216.12395 toppar
94 0 931614 0 246.54863 toppar
94 0 145901 1 244.905 toppar
94 0 117874 2 234.10565 toppar
94 0 2788983 3 227.1248 toppar
94 0 118334 4 215.30435 toppar
94 0 118129 5 214.5301 toppar
94 0 4151827 6 214.3283 toppar
94 0 118107 7 212.06458 toppar
94 0 112905 8 211.85715 toppar
94 0 111736 9 211.12198 toppar
95 0 105495 0 172.95195 toppar
95 0 108555 1 172.89397 toppar
95 0 107232 2 160.85283 toppar
95 0 107475 3 148.38882 toppar
95 0 106171 4 142.09737 toppar
95 0 103631 5 126.37109 toppar
95 0 106073 6 122.69831 toppar
95 0 109444 7 114.242615 toppar
95 0 101996 8 111.10793 toppar
95 0 100134 9 107.83596 toppar
96 0 108555 0 178.82306 toppar
96 0 103631 1 175.12239 toppar
96 0 96542 2 143.29242 toppar
96 0 92746 3 143.15988 toppar
96 0 96850 4 141.82657 toppar
96 0 92705 5 141.79274 toppar
96 0 93739 6 138.32123 toppar
96 0 93395 7 137.61525 toppar
96 0 96359 8 136.20665 toppar
96 0 96341 9 135.96028 toppar
97 0 112101 0 227.71452 toppar
97 0 111922 1 181.3346 toppar
97 0 2655597 2 135.69208 toppar
97 0 820748 3 127.93646 toppar
97 0 118111 4 124.94409 toppar
97 0 146554 5 123.733284 toppar
97 0 136993 6 122.625534 toppar
97 0 117959 7 122.45344 toppar
97 0 110718 8 122.30705 toppar
97 0 112820 9 120.19519 toppar
98 0 118148 0 42.29867 toppar
98 0 2655591 1 41.793797 toppar
98 0 118467 2 41.348324 toppar
98 0 134732 3 41.13049 toppar
98 0 145804 4 41.117012 toppar
98 0 2811845 5 41.10377 toppar
98 0 117832 6 41.091343 toppar
98 0 109088 7 41.017616 toppar
98 0 110996 8 40.949467 toppar
98 0 117902 9 40.702496 toppar
99 0 112267 0 211.77977 toppar
99 0 111884 1 168.20671 toppar
99 0 110552 2 140.84988 toppar
99 0 112723 3 125.41509 toppar
99 0 110578 4 125.32046 toppar
99 0 109673 5 116.65896 toppar
99 0 109976 6 116.164665 toppar
99 0 118121 7 113.42017 toppar
99 0 104759 8 109.95363 toppar
99 0 110935 9 109.48691 toppar
100 0 112267 0 343.95044 toppar
100 0 110552 1 299.32666 toppar
100 0 111884 2 279.35547 toppar
100 0 112723 3 259.0665 toppar
100 0 145787 4 253.08719 toppar
100 0 108405 5 252.37067 toppar
100 0 109633 6 250.02455 toppar
100 0 111381 7 249.09157 toppar
100 0 109673 8 248.27147 toppar
100 0 112321 9 246.01476 toppar
