1 0 111116 0 49.741394 topsen
1 0 219732 1 48.045467 topsen
1 0 2649076 2 47.754715 topsen
1 0 112795 3 47.59167 topsen
1 0 219733 4 46.296177 topsen
1 0 220342 5 46.296177 topsen
1 0 112924 6 44.996952 topsen
1 0 106879 7 44.452923 topsen
1 0 112436 8 44.016644 topsen
1 0 118272 9 43.616943 topsen
2 0 4170684 0 26.289684 topsen
2 0 2644673 1 23.928026 topsen
2 0 145692 2 21.598959 topsen
2 0 104571 3 21.181957 topsen
2 0 149006 4 20.746653 topsen
2 0 112423 5 20.59299 topsen
2 0 110134 6 20.089493 topsen
2 0 109466 7 20.031912 topsen
2 0 108555 8 19.687725 topsen
2 0 112930 9 19.547976 topsen
3 0 3162143 0 71.075294 topsen
3 0 215496 1 70.06948 topsen
3 0 215694 2 70.06948 topsen
3 0 2959735 3 70.0674 topsen
3 0 118029 4 69.12202 topsen
3 0 112212 5 68.107544 topsen
3 0 130157 6 65.558426 topsen
3 0 111091 7 65.49373 topsen
3 0 149007 8 65.308464 topsen
3 0 118475 9 65.28488 topsen
4 0 215496 0 93.22324 topsen
4 0 215694 1 93.176315 topsen
4 0 2959735 2 93.17319 topsen
4 0 149007 3 92.892365 topsen
4 0 118029 4 81.1307 topsen
4 0 623142 5 79.256195 topsen
4 0 107492 6 78.77716 topsen
4 0 3162143 7 78.42889 topsen
4 0 145821 8 77.96639 topsen
4 0 145890 9 77.83692 topsen
5 0 183480 0 56.309128 topsen
5 0 111789 1 55.302044 topsen
5 0 110056 2 53.184795 topsen
5 0 118174 3 51.681828 topsen
5 0 2672209 4 51.030476 topsen
5 0 2657779 5 51.030476 topsen
5 0 108089 6 50.701134 topsen
5 0 117911 7 48.848335 topsen
5 0 108088 8 48.150208 topsen
5 0 112538 9 46.761536 topsen
6 0 117932 0 34.428032 topsen
6 0 2811844 1 32.857452 topsen
6 0 2959750 2 32.857452 topsen
6 0 118174 3 24.634197 topsen
6 0 110883 4 24.496233 topsen
6 0 2672209 5 24.03218 topsen
6 0 2657779 6 24.03218 topsen
6 0 111789 7 23.966541 topsen
6 0 109004 8 23.890882 topsen
6 0 108449 9 23.77592 topsen
7 0 147531 0 67.21433 topsen
7 0 145715 1 66.3033 topsen
7 0 134749 2 65.64688 topsen
7 0 110932 3 63.402157 topsen
7 0 2678467 4 62.86535 topsen
7 0 2679202 5 62.86535 topsen
7 0 2959746 6 62.86535 topsen
7 0 145713 7 62.74511 topsen
7 0 112827 8 61.993782 topsen
7 0 112834 9 60.806656 topsen
8 0 146981 0 26.482069 topsen
8 0 2760668 1 25.078667 topsen
8 0 145911 2 25.066242 topsen
8 0 2771248 3 24.905802 topsen
8 0 104034 4 23.400154 topsen
8 0 182991 5 22.975664 topsen
8 0 820904 6 22.846846 topsen
8 0 2812587 7 22.362389 topsen
8 0 2959748 8 22.362389 topsen
8 0 145859 9 22.235659 topsen
9 0 112641 0 88.39034 topsen
9 0 2675751 1 86.61017 topsen
9 0 111694 2 85.04562 topsen
9 0 118212 3 84.98487 topsen
9 0 109720 4 82.95344 topsen
9 0 110543 5 82.83204 topsen
9 0 127923 6 82.76769 topsen
9 0 118011 7 81.73004 topsen
9 0 111191 8 79.539734 topsen
9 0 127887 9 79.39772 topsen
10 0 112931 0 61.58647 topsen
10 0 145715 1 61.30718 topsen
10 0 112423 2 60.21282 topsen
10 0 147531 3 57.756252 topsen
10 0 214949 4 56.960464 topsen
10 0 215071 5 56.960464 topsen
10 0 112094 6 56.66806 topsen
10 0 145794 7 56.487705 topsen
10 0 145713 8 56.312473 topsen
10 0 118511 9 55.823574 topsen
11 0 873668 0 67.99377 topsen
11 0 931123 1 67.026985 topsen
11 0 2750102 2 65.421425 topsen
11 0 1747 3 64.536354 topsen
11 0 1757 4 63.971725 topsen
11 0 811228 5 63.79565 topsen
11 0 3183080 6 63.689774 topsen
11 0 1750 7 63.43881 topsen
11 0 2789927 8 63.30205 topsen
11 0 1758 9 62.989033 topsen
12 0 2672535 0 43.504704 topsen
12 0 809121 1 32.330067 topsen
12 0 3153112 2 31.058426 topsen
12 0 109096 3 29.413738 topsen
12 0 107099 4 28.765854 topsen
12 0 621195 5 28.761112 topsen
12 0 621270 6 28.761112 topsen
12 0 3207860 7 28.36689 topsen
12 0 109248 8 27.856691 topsen
12 0 2154 9 27.719555 topsen
13 0 802973 0 84.53946 topsen
13 0 803271 1 84.53946 topsen
13 0 2959737 2 84.53946 topsen
13 0 2642828 3 83.671776 topsen
13 0 2812588 4 78.14239 topsen
13 0 2959730 5 73.87996 topsen
13 0 802770 6 73.86225 topsen
13 0 145967 7 73.853584 topsen
13 0 146553 8 72.60861 topsen
13 0 146790 9 72.608215 topsen
14 0 614392 0 48.573353 topsen
14 0 614485 1 48.573353 topsen
14 0 2812588 2 48.516014 topsen
14 0 124715 3 47.33858 topsen
14 0 145958 4 43.27469 topsen
14 0 145967 5 42.941833 topsen
14 0 145965 6 42.748703 topsen
14 0 145632 7 42.221954 topsen
14 0 110496 8 40.940098 topsen
14 0 105886 9 40.574123 topsen
15 0 2812588 0 62.78596 topsen
15 0 4162111 1 51.33763 topsen
15 0 4015951 2 48.52188 topsen
15 0 4151822 3 47.8356 topsen
15 0 3207858 4 47.293102 topsen
15 0 3199501 5 44.970684 topsen
15 0 4106440 6 44.622616 topsen
15 0 3177196 7 43.31042 topsen
15 0 2806207 8 42.794937 topsen
15 0 2810525 9 42.198833 topsen
16 0 2812588 0 57.157104 topsen
16 0 4151822 1 52.477127 topsen
16 0 2770446 2 48.901928 topsen
16 0 2155 3 48.264503 topsen
16 0 2771249 4 46.19794 topsen
16 0 121146 5 42.78251 topsen
16 0 145817 6 42.532505 topsen
16 0 150540 7 42.09281 topsen
16 0 134747 8 41.312233 topsen
16 0 3209687 9 41.180305 topsen
17 0 117987 0 31.107822 topsen
17 0 118230 1 30.97623 topsen
17 0 117968 2 30.24213 topsen
17 0 111302 3 30.063995 topsen
17 0 118125 4 30.015942 topsen
17 0 2672535 5 29.221962 topsen
17 0 110593 6 29.214897 topsen
17 0 1087697 7 29.186924 topsen
17 0 110810 8 28.926521 topsen
17 0 145119 9 28.594429 topsen
18 0 148484 0 89.98097 topsen
18 0 110810 1 79.0206 topsen
18 0 112128 2 77.816635 topsen
18 0 145664 3 77.767136 topsen
18 0 112126 4 77.736 topsen
18 0 620566 5 77.520805 topsen
18 0 112835 6 76.532555 topsen
18 0 112829 7 76.51287 topsen
18 0 110600 8 76.512245 topsen
18 0 105382 9 76.253525 topsen
19 0 104895 0 19.659561 topsen
19 0 111219 1 18.026587 topsen
19 0 105721 2 17.971272 topsen
19 0 106639 3 17.8521 topsen
19 0 112557 4 17.76752 topsen
19 0 110694 5 17.62952 topsen
19 0 117867 6 17.517921 topsen
19 0 109097 7 17.476862 topsen
19 0 111880 8 17.410685 topsen
19 0 620671 9 17.317682 topsen
20 0 118243 0 33.161015 topsen
20 0 108538 1 31.636791 topsen
20 0 866023 2 31.241972 topsen
20 0 111727 3 30.753557 topsen
20 0 136996 4 30.734058 topsen
20 0 118043 5 30.43707 topsen
20 0 111198 6 30.057478 topsen
20 0 626454 7 30.052187 topsen
20 0 106282 8 30.012636 topsen
20 0 111433 9 30.00259 topsen
21 0 2659300 0 40.67312 topsen
21 0 118371 1 39.496662 topsen
21 0 112777 2 36.994694 topsen
21 0 117890 3 36.746548 topsen
21 0 145925 4 36.55804 topsen
21 0 867657 5 36.459263 topsen
21 0 112846 6 35.78762 topsen
21 0 112799 7 35.697525 topsen
21 0 2795279 8 34.796745 topsen
21 0 111858 9 34.76495 topsen
22 0 111021 0 101.485146 topsen
22 0 145644 1 96.058945 topsen
22 0 112737 2 94.98999 topsen
22 0 109807 3 93.2097 topsen
22 0 873660 4 91.32173 topsen
22 0 145788 5 91.24676 topsen
22 0 118416 6 91.13717 topsen
22 0 112880 7 89.97334 topsen
22 0 112458 8 88.48978 topsen
22 0 108409 9 88.04074 topsen
23 0 112257 0 21.756836 topsen
23 0 118449 1 19.572596 topsen
23 0 4162535 2 19.437204 topsen
23 0 2810525 3 18.149937 topsen
23 0 2811847 4 18.149937 topsen
23 0 137736 5 17.93666 topsen
23 0 111610 6 17.366291 topsen
23 0 145738 7 17.250048 topsen
23 0 3153112 8 17.18315 topsen
23 0 107645 9 17.01797 topsen
24 0 2804671 0 30.29592 topsen
24 0 182558 1 29.698597 topsen
24 0 2801435 2 28.835203 topsen
24 0 2654754 3 28.115475 topsen
24 0 802408 4 28.015839 topsen
24 0 625711 5 27.801199 topsen
24 0 145635 6 27.017954 topsen
24 0 3217476 7 26.724718 topsen
24 0 798626 8 26.621357 topsen
24 0 217512 9 26.55781 topsen
25 0 112345 0 40.39872 topsen
25 0 3211503 1 39.36091 topsen
25 0 112616 2 37.632893 topsen
25 0 118021 3 33.297905 topsen
25 0 101911 4 31.499458 topsen
25 0 108632 5 30.282568 topsen
25 0 107971 6 30.092628 topsen
25 0 97004 7 28.705822 topsen
25 0 134732 8 28.510563 topsen
25 0 108129 9 28.497501 topsen
26 0 145758 0 68.49158 topsen
26 0 118026 1 68.10782 topsen
26 0 117872 2 67.21719 topsen
26 0 112324 3 67.17601 topsen
26 0 112724 4 65.67912 topsen
26 0 111056 5 64.61349 topsen
26 0 112045 6 63.639465 topsen
26 0 127910 7 63.56144 topsen
26 0 112616 8 63.339897 topsen
26 0 112557 9 63.21814 topsen
27 0 4157405 0 45.25447 topsen
27 0 4157382 1 45.252296 topsen
27 0 111141 2 36.99459 topsen
27 0 112346 3 36.859886 topsen
27 0 110384 4 35.572598 topsen
27 0 112071 5 33.646507 topsen
27 0 110706 6 32.22843 topsen
27 0 110320 7 32.083458 topsen
27 0 118475 8 30.333822 topsen
27 0 620673 9 29.652294 topsen
28 0 4157382 0 84.80757 topsen
28 0 4157405 1 84.80757 topsen
28 0 112346 2 66.1662 topsen
28 0 112523 3 63.7779 topsen
28 0 111141 4 62.16845 topsen
28 0 217703 5 56.531433 topsen
28 0 112308 6 55.180916 topsen
28 0 107063 7 54.377285 topsen
28 0 106130 8 53.18047 topsen
28 0 2679557 9 52.83411 topsen
29 0 112620 0 33.08625 topsen
29 0 205788 1 30.933466 topsen
29 0 4151826 2 30.8259 topsen
29 0 145726 3 30.664484 topsen
29 0 111471 4 30.622921 topsen
29 0 145632 5 30.50982 topsen
29 0 626206 6 30.137995 topsen
29 0 145843 7 30.05118 topsen
29 0 118351 8 29.65272 topsen
29 0 3195890 9 29.613733 topsen
30 0 145841 0 68.37944 topsen
30 0 205788 1 65.91356 topsen
30 0 218921 2 65.044136 topsen
30 0 145708 3 63.043495 topsen
30 0 118117 4 62.32915 topsen
30 0 137739 5 61.12155 topsen
30 0 145843 6 60.10732 topsen
30 0 145761 7 59.166805 topsen
30 0 626206 8 58.664318 topsen
30 0 112620 9 57.864117 topsen
31 0 145925 0 68.19407 topsen
31 0 148797 1 67.623985 topsen
31 0 616433 2 61.737457 topsen
31 0 137003 3 61.282158 topsen
31 0 130146 4 60.758812 topsen
31 0 118412 5 60.750343 topsen
31 0 117966 6 59.980843 topsen
31 0 2784695 7 59.7018 topsen
31 0 112810 8 59.556835 topsen
31 0 145857 9 59.06649 topsen
32 0 110561 0 26.552418 topsen
32 0 118458 1 25.623203 topsen
32 0 112329 2 25.598204 topsen
32 0 118499 3 25.029701 topsen
32 0 118023 4 24.723919 topsen
32 0 118455 5 24.597277 topsen
32 0 109450 6 24.502333 topsen
32 0 118139 7 24.442366 topsen
32 0 112836 8 24.393019 topsen
32 0 118321 9 24.372765 topsen
33 0 2809767 0 32.728214 topsen
33 0 2811850 1 32.728214 topsen
33 0 2676594 2 27.07917 topsen
33 0 2675753 3 26.604609 topsen
33 0 2679204 4 26.604609 topsen
33 0 112728 5 26.030901 topsen
33 0 118302 6 24.615845 topsen
33 0 110382 7 24.423265 topsen
33 0 182991 8 24.20717 topsen
33 0 110667 9 24.04901 topsen
34 0 2676594 0 116.087524 topsen
34 0 2675753 1 115.11704 topsen
34 0 2679204 2 115.11704 topsen
34 0 2809767 3 109.0699 topsen
34 0 2811850 4 109.0699 topsen
34 0 136994 5 63.579716 topsen
34 0 137727 6 59.558952 topsen
34 0 112325 7 58.24988 topsen
34 0 121158 8 58.11916 topsen
34 0 3216389 9 55.7015 topsen
35 0 932061 0 41.261395 topsen
35 0 118329 1 40.67926 topsen
35 0 3205767 2 40.661266 topsen
35 0 821306 3 39.963722 topsen
35 0 149005 4 39.549343 topsen
35 0 109586 5 38.775463 topsen
35 0 213843 6 38.09152 topsen
35 0 214063 7 38.09152 topsen
35 0 214467 8 38.09152 topsen
35 0 112268 9 38.001793 topsen
36 0 109923 0 49.83409 topsen
36 0 109703 1 48.077225 topsen
36 0 131163 2 47.847187 topsen
36 0 213843 3 47.763336 topsen
36 0 214063 4 47.763336 topsen
36 0 214467 5 47.763336 topsen
36 0 110599 6 47.440002 topsen
36 0 112259 7 46.35653 topsen
36 0 112681 8 45.541164 topsen
36 0 118234 9 45.382153 topsen
37 0 4151829 0 58.35818 topsen
37 0 145731 1 56.00114 topsen
37 0 112910 2 55.554825 topsen
37 0 111982 3 53.425972 topsen
37 0 118269 4 51.93853 topsen
37 0 145855 5 49.752213 topsen
37 0 110742 6 49.295418 topsen
37 0 1993216 7 48.841686 topsen
37 0 118407 8 47.67447 topsen
37 0 111420 9 47.444454 topsen
38 0 118269 0 84.31331 topsen
38 0 1993216 1 77.235825 topsen
38 0 4151829 2 75.41404 topsen
38 0 112910 3 74.855865 topsen
38 0 145855 4 73.95623 topsen
38 0 145731 5 71.588806 topsen
38 0 112887 6 69.847275 topsen
38 0 145629 7 68.65146 topsen
38 0 112292 8 67.423965 topsen
38 0 111982 9 63.28241 topsen
39 0 112568 0 35.696873 topsen
39 0 2674861 1 35.096878 topsen
39 0 2675754 2 35.096878 topsen
39 0 102086 3 35.05839 topsen
39 0 111432 4 34.540325 topsen
39 0 111502 5 34.0826 topsen
39 0 112420 6 34.06627 topsen
39 0 118182 7 33.490425 topsen
39 0 103135 8 33.475567 topsen
39 0 2959744 9 32.999077 topsen
40 0 931120 0 27.399002 topsen
40 0 145943 1 27.090025 topsen
40 0 112348 2 24.120508 topsen
40 0 2810526 3 23.859524 topsen
40 0 149007 4 22.873777 topsen
40 0 3170727 5 22.803518 topsen
40 0 2769807 6 22.762527 topsen
40 0 3171723 7 22.534523 topsen
40 0 945737 8 22.271152 topsen
40 0 932059 9 22.271152 topsen
41 0 112585 0 41.27364 topsen
41 0 109186 1 40.428062 topsen
41 0 110132 2 38.86986 topsen
41 0 111198 3 38.008003 topsen
41 0 110075 4 37.28 topsen
41 0 111891 5 36.779736 topsen
41 0 112924 6 36.328014 topsen
41 0 111254 7 35.482952 topsen
41 0 112440 8 35.23067 topsen
41 0 112833 9 34.044483 topsen
42 0 112924 0 54.9193 topsen
42 0 3189783 1 54.616768 topsen
42 0 3177199 2 53.16259 topsen
42 0 117864 3 53.04666 topsen
42 0 137003 4 52.940758 topsen
42 0 118131 5 52.651985 topsen
42 0 3171724 6 52.650276 topsen
42 0 3177200 7 52.650276 topsen
42 0 145632 8 52.297466 topsen
42 0 118374 9 52.146877 topsen
43 0 2680590 0 25.611416 topsen
43 0 2959745 1 25.611416 topsen
43 0 112920 2 25.180817 topsen
43 0 112305 3 23.706697 topsen
43 0 118113 4 23.151306 topsen
43 0 94717 5 22.513674 topsen
43 0 100926 6 22.469244 topsen
43 0 103735 7 22.383137 topsen
43 0 112427 8 22.21511 topsen
43 0 93137 9 22.00299 topsen
44 0 183480 0 28.477135 topsen
44 0 2781925 1 27.342436 topsen
44 0 802408 2 27.172035 topsen
44 0 145674 3 25.341654 topsen
44 0 112144 4 25.03353 topsen
44 0 117953 5 25.022896 topsen
44 0 110162 6 24.899303 topsen
44 0 145903 7 24.58026 topsen
44 0 109329 8 24.5425 topsen
44 0 2672209 9 24.535915 topsen
45 0 3181481 0 30.267422 topsen
45 0 112309 1 28.839258 topsen
45 0 118496 2 28.780846 topsen
45 0 111754 3 28.347675 topsen
45 0 145755 4 28.22596 topsen
45 0 130159 5 27.85494 topsen
45 0 127691 6 27.852787 topsen
45 0 110757 7 27.787382 topsen
45 0 107663 8 27.275124 topsen
45 0 106592 9 27.197716 topsen
46 0 2804673 0 45.587063 topsen
46 0 145772 1 43.28899 topsen
46 0 866024 2 40.39904 topsen
46 0 858802 3 40.39904 topsen
46 0 618680 4 38.38152 topsen
46 0 3204917 5 36.89993 topsen
46 0 1269289 6 36.575695 topsen
46 0 623145 7 36.513496 topsen
46 0 118452 8 34.7062 topsen
46 0 137725 9 34.138924 topsen
47 0 2674861 0 44.29583 topsen
47 0 2675754 1 44.29583 topsen
47 0 121149 2 38.422653 topsen
47 0 108545 3 38.017185 topsen
47 0 111362 4 37.305973 topsen
47 0 96147 5 37.09008 topsen
47 0 118218 6 36.76276 topsen
47 0 105417 7 36.28513 topsen
47 0 142882 8 35.787903 topsen
47 0 103019 9 35.458405 topsen
48 0 2674861 0 38.656662 topsen
48 0 2675754 1 38.656662 topsen
48 0 108041 2 34.419006 topsen
48 0 112422 3 33.407906 topsen
48 0 107451 4 32.299534 topsen
48 0 103201 5 31.311905 topsen
48 0 109625 6 31.193478 topsen
48 0 104182 7 31.125732 topsen
48 0 1116658 8 30.990602 topsen
48 0 2621048 9 30.761442 topsen
49 0 4162535 0 34.475117 topsen
49 0 2672535 1 27.509727 topsen
49 0 95414 2 24.503885 topsen
49 0 101852 3 24.053967 topsen
49 0 90620 4 22.797724 topsen
49 0 93031 5 21.967508 topsen
49 0 1957917 6 21.505419 topsen
49 0 145626 7 21.450497 topsen
49 0 95551 8 21.002361 topsen
49 0 87007 9 20.745775 topsen
50 0 112733 0 32.424694 topsen
50 0 109776 1 32.20505 topsen
50 0 118203 2 31.998743 topsen
50 0 118449 3 31.714113 topsen
50 0 111953 4 30.525492 topsen
50 0 112671 5 30.455421 topsen
50 0 117950 6 30.43938 topsen
50 0 183479 7 30.421911 topsen
50 0 110763 8 30.36591 topsen
50 0 112606 9 30.351013 topsen
51 0 1741 0 12.799715 topsen
51 0 109715 1 12.79327 topsen
51 0 145791 2 12.592452 topsen
51 0 109466 3 12.415705 topsen
51 0 112867 4 12.1768055 topsen
51 0 2808293 5 12.10856 topsen
51 0 107254 6 11.955757 topsen
51 0 127913 7 11.8041315 topsen
51 0 145849 8 11.670228 topsen
51 0 103299 9 11.617933 topsen
52 0 112770 0 36.00448 topsen
52 0 112931 1 29.236263 topsen
52 0 110974 2 29.162045 topsen
52 0 112293 3 29.074526 topsen
52 0 112802 4 28.672676 topsen
52 0 111908 5 28.508305 topsen
52 0 110236 6 28.435541 topsen
52 0 854177 7 28.408976 topsen
52 0 118076 8 28.349611 topsen
52 0 802399 9 28.285875 topsen
53 0 625711 0 46.477222 topsen
53 0 872994 1 42.964436 topsen
53 0 621045 2 42.13305 topsen
53 0 112573 3 41.529667 topsen
53 0 145628 4 40.268566 topsen
53 0 145635 5 39.788223 topsen
53 0 118357 6 39.67421 topsen
53 0 112206 7 39.053463 topsen
53 0 1754 8 38.67018 topsen
53 0 112728 9 38.43971 topsen
54 0 205788 0 45.639057 topsen
54 0 145632 1 45.10304 topsen
54 0 216733 2 44.727345 topsen
54 0 616862 3 44.09291 topsen
54 0 1744 4 44.033726 topsen
54 0 2358 5 43.651 topsen
54 0 145884 6 43.579678 topsen
54 0 145626 7 43.152897 topsen
54 0 931614 8 43.14563 topsen
54 0 2809764 9 42.830837 topsen
55 0 4154603 0 109.2509 topsen
55 0 110774 1 84.6154 topsen
55 0 145731 2 83.29293 topsen
55 0 111261 3 80.77994 topsen
55 0 145855 4 73.005035 topsen
55 0 111420 5 71.1933 topsen
55 0 118269 6 68.32163 topsen
55 0 110021 7 68.19156 topsen
55 0 112910 8 62.82614 topsen
55 0 111982 9 59.65741 topsen
56 0 4154603 0 44.76873 topsen
56 0 145855 1 37.4418 topsen
56 0 145629 2 35.783195 topsen
56 0 2959741 3 33.603275 topsen
56 0 931616 4 33.603275 topsen
56 0 2677564 5 33.204693 topsen
56 0 2678135 6 33.204693 topsen
56 0 145731 7 31.220623 topsen
56 0 2679558 8 30.65723 topsen
56 0 2811845 9 29.019957 topsen
57 0 145907 0 13.091988 topsen
57 0 145745 1 13.085828 topsen
57 0 147953 2 12.778311 topsen
57 0 148480 3 12.778311 topsen
57 0 110355 4 12.651692 topsen
57 0 2804673 5 12.624093 topsen
57 0 145772 6 12.540744 topsen
57 0 112802 7 12.511717 topsen
57 0 3209687 8 12.459825 topsen
57 0 799986 9 12.308776 topsen
58 0 118467 0 28.6968 topsen
58 0 821305 1 28.598925 topsen
58 0 2811845 2 27.469158 topsen
58 0 117867 3 27.196285 topsen
58 0 106152 4 27.04569 topsen
58 0 117832 5 26.98371 topsen
58 0 112458 6 26.977972 topsen
58 0 145804 7 26.877663 topsen
58 0 118282 8 26.791246 topsen
58 0 2672207 9 26.779242 topsen
59 0 2788983 0 92.202484 topsen
59 0 4170685 1 90.769844 topsen
59 0 145627 2 86.14696 topsen
59 0 931614 3 84.17225 topsen
59 0 112824 4 84.14669 topsen
59 0 112905 5 83.03546 topsen
59 0 130158 6 82.64374 topsen
59 0 118037 7 82.48277 topsen
59 0 117968 8 82.464745 topsen
59 0 111736 9 81.16648 topsen
60 0 931614 0 62.629635 topsen
60 0 127905 1 59.075977 topsen
60 0 118257 2 58.947197 topsen
60 0 109810 3 56.912487 topsen
60 0 110510 4 56.90987 topsen
60 0 145856 5 56.759045 topsen
60 0 118334 6 56.317276 topsen
60 0 3195891 7 56.30347 topsen
60 0 109949 8 53.689194 topsen
60 0 109706 9 53.06874 topsen
61 0 2812210 0 77.56402 topsen
61 0 145923 1 72.537254 topsen
61 0 219815 2 72.323296 topsen
61 0 145743 3 70.39676 topsen
61 0 218457 4 68.39911 topsen
61 0 3195092 5 66.29686 topsen
61 0 1732 6 66.24203 topsen
61 0 1087955 7 60.97381 topsen
61 0 2620704 8 58.301643 topsen
61 0 218132 9 57.342106 topsen
62 0 117832 0 41.555847 topsen
62 0 802770 1 41.101284 topsen
62 0 110091 2 41.04618 topsen
62 0 118381 3 40.95362 topsen
62 0 118188 4 40.840164 topsen
62 0 205788 5 40.840015 topsen
62 0 218921 6 40.704865 topsen
62 0 118045 7 40.31271 topsen
62 0 219512 8 40.304855 topsen
62 0 145708 9 40.257725 topsen
63 0 97274 0 12.286164 topsen
63 0 97779 1 12.185162 topsen
63 0 106208 2 12.102031 topsen
63 0 96019 3 11.97773 topsen
63 0 1332352 4 11.942256 topsen
63 0 1095862 5 11.883057 topsen
63 0 102072 6 11.769755 topsen
63 0 105496 7 11.76599 topsen
63 0 96350 8 11.761386 topsen
63 0 97873 9 11.663698 topsen
64 0 2758568 0 54.994377 topsen
64 0 145895 1 48.343857 topsen
64 0 110645 2 43.767616 topsen
64 0 102061 3 39.948963 topsen
64 0 109773 4 39.380272 topsen
64 0 111051 5 39.20464 topsen
64 0 111082 6 38.906445 topsen
64 0 110542 7 37.48986 topsen
64 0 111936 8 37.349022 topsen
64 0 150540 9 36.685635 topsen
65 0 118123 0 25.394444 topsen
65 0 112677 1 16.492966 topsen
65 0 111285 2 15.671227 topsen
65 0 145867 3 15.570523 topsen
65 0 112016 4 15.542758 topsen
65 0 112935 5 15.275963 topsen
65 0 111051 6 15.038713 topsen
65 0 4151825 7 14.853498 topsen
65 0 122242 8 14.605646 topsen
65 0 111838 9 14.368086 topsen
66 0 3211501 0 53.008682 topsen
66 0 145867 1 51.60137 topsen
66 0 111632 2 50.573936 topsen
66 0 112935 3 42.585117 topsen
66 0 112547 4 40.807564 topsen
66 0 112106 5 40.719772 topsen
66 0 121170 6 36.620506 topsen
66 0 110251 7 35.732742 topsen
66 0 111803 8 35.060516 topsen
66 0 110645 9 34.32403 topsen
67 0 867645 0 29.527975 topsen
67 0 103093 1 25.0998 topsen
67 0 145800 2 24.928947 topsen
67 0 145635 3 24.561466 topsen
67 0 145664 4 24.346361 topsen
67 0 110753 5 24.334658 topsen
67 0 104194 6 24.258774 topsen
67 0 102083 7 24.066866 topsen
67 0 88797 8 23.877499 topsen
67 0 106757 9 23.868473 topsen
68 0 103675 0 55.109688 topsen
68 0 100945 1 50.12326 topsen
68 0 106930 2 46.77835 topsen
68 0 104522 3 46.678062 topsen
68 0 106483 4 46.439285 topsen
68 0 103678 5 45.978157 topsen
68 0 99167 6 45.70636 topsen
68 0 2455531 7 45.685047 topsen
68 0 99090 8 45.403286 topsen
68 0 97584 9 45.21894 topsen
69 0 112719 0 34.64721 topsen
69 0 117927 1 34.325676 topsen
69 0 118363 2 34.320946 topsen
69 0 111438 3 34.286964 topsen
69 0 799975 4 34.121937 topsen
69 0 109510 5 34.096836 topsen
69 0 118098 6 33.972553 topsen
69 0 112881 7 33.896286 topsen
69 0 799995 8 33.548126 topsen
69 0 127899 9 33.464775 topsen
70 0 111709 0 56.921516 topsen
70 0 118111 1 56.14488 topsen
70 0 112534 2 52.69039 topsen
70 0 117859 3 50.051163 topsen
70 0 110068 4 48.978508 topsen
70 0 117927 5 48.779247 topsen
70 0 118317 6 47.87689 topsen
70 0 118080 7 47.73639 topsen
70 0 118379 8 47.62418 topsen
70 0 111385 9 47.566116 topsen
71 0 118052 0 47.078224 topsen
71 0 112904 1 46.590355 topsen
71 0 118234 2 43.861107 topsen
71 0 110331 3 43.12703 topsen
71 0 112914 4 41.023926 topsen
71 0 118005 5 40.24593 topsen
71 0 111103 6 39.039833 topsen
71 0 112311 7 38.705666 topsen
71 0 108303 8 38.659863 topsen
71 0 112324 9 38.54596 topsen
72 0 118052 0 36.935 topsen
72 0 112904 1 36.654907 topsen
72 0 117979 2 35.258194 topsen
72 0 109721 3 35.029827 topsen
72 0 3189783 4 34.865475 topsen
72 0 112311 5 34.44604 topsen
72 0 118234 6 34.23389 topsen
72 0 112914 7 34.185806 topsen
72 0 2654533 8 34.157593 topsen
72 0 2654756 9 34.157593 topsen
73 0 2804674 0 43.765114 topsen
73 0 145624 1 41.801838 topsen
73 0 1087954 2 41.707115 topsen
73 0 118043 3 41.185654 topsen
73 0 111425 4 39.457195 topsen
73 0 110692 5 38.51821 topsen
73 0 145638 6 38.119423 topsen
73 0 868383 7 37.127064 topsen
73 0 145881 8 35.9281 topsen
73 0 118162 9 34.971924 topsen
74 0 2804674 0 36.021465 topsen
74 0 112774 1 35.88688 topsen
74 0 218667 2 34.386433 topsen
74 0 108616 3 34.327915 topsen
74 0 219734 4 33.036068 topsen
74 0 3183079 5 33.016212 topsen
74 0 110798 6 32.842213 topsen
74 0 127908 7 32.66495 topsen
74 0 110398 8 32.233204 topsen
74 0 103459 9 31.951797 topsen
75 0 118226 0 94.27635 topsen
75 0 112347 1 91.71337 topsen
75 0 110779 2 86.24548 topsen
75 0 2672210 3 84.92902 topsen
75 0 2654755 4 84.92902 topsen
75 0 2678134 5 84.65168 topsen
75 0 110362 6 84.578094 topsen
75 0 111557 7 84.22041 topsen
75 0 110415 8 84.0334 topsen
75 0 90423 9 83.759125 topsen
76 0 1740 0 49.4302 topsen
76 0 108900 1 48.087765 topsen
76 0 145799 2 47.226242 topsen
76 0 118390 3 47.105667 topsen
76 0 2679833 4 46.96721 topsen
76 0 2680440 5 46.96721 topsen
76 0 111945 6 46.50344 topsen
76 0 111508 7 46.472874 topsen
76 0 145652 8 45.975834 topsen
76 0 150540 9 45.21366 topsen
77 0 104355 0 38.093426 topsen
77 0 112626 1 36.414135 topsen
77 0 111455 2 36.069942 topsen
77 0 111610 3 35.749348 topsen
77 0 112646 4 35.197845 topsen
77 0 97242 5 34.536747 topsen
77 0 112693 6 33.840416 topsen
77 0 110223 7 33.76959 topsen
77 0 108605 8 33.25437 topsen
77 0 109535 9 33.00791 topsen
78 0 145632 0 83.81782 topsen
78 0 2812588 1 82.96344 topsen
78 0 112485 2 75.247475 topsen
78 0 111717 3 74.13888 topsen
78 0 799976 4 74.06501 topsen
78 0 118022 5 72.77257 topsen
78 0 111250 6 72.512985 topsen
78 0 117836 7 72.458855 topsen
78 0 117899 8 72.17501 topsen
78 0 111092 9 71.99506 topsen
79 0 111009 0 71.0305 topsen
79 0 118143 1 66.51989 topsen
79 0 111470 2 62.03386 topsen
79 0 2680438 3 52.659874 topsen
79 0 110221 4 47.843914 topsen
79 0 3171728 5 44.303513 topsen
79 0 903979 6 36.948654 topsen
79 0 902768 7 36.948654 topsen
79 0 118375 8 35.405495 topsen
79 0 106328 9 34.803936 topsen
80 0 108900 0 51.44862 topsen
80 0 149285 1 49.770817 topsen
80 0 2679833 2 49.56698 topsen
80 0 2680440 3 49.56698 topsen
80 0 4106441 4 47.43427 topsen
80 0 142889 5 46.59736 topsen
80 0 111502 6 45.70938 topsen
80 0 118143 7 45.68631 topsen
80 0 118298 8 45.5338 topsen
80 0 111945 9 45.466404 topsen
81 0 799991 0 24.914633 topsen
81 0 112260 1 24.891768 topsen
81 0 118373 2 24.818398 topsen
81 0 4157383 3 24.59156 topsen
81 0 145881 4 24.254887 topsen
81 0 3209687 5 24.245495 topsen
81 0 148484 6 24.171055 topsen
81 0 111914 7 24.170881 topsen
81 0 118188 8 23.598839 topsen
81 0 802791 9 23.279642 topsen
82 0 821305 0 30.566086 topsen
82 0 112869 1 30.15667 topsen
82 0 105931 2 29.704876 topsen
82 0 104132 3 29.149906 topsen
82 0 112292 4 28.941156 topsen
82 0 112305 5 28.758795 topsen
82 0 117837 6 28.63965 topsen
82 0 111106 7 28.591938 topsen
82 0 112803 8 28.187994 topsen
82 0 104194 9 28.176905 topsen
83 0 145859 0 87.89395 topsen
83 0 111151 1 67.62747 topsen
83 0 111246 2 66.60809 topsen
83 0 111194 3 66.231476 topsen
83 0 111664 4 66.04722 topsen
83 0 111103 5 65.177795 topsen
83 0 137746 6 65.12875 topsen
83 0 111663 7 65.1102 topsen
83 0 820896 8 64.95871 topsen
83 0 109894 9 62.50658 topsen
84 0 145859 0 84.81321 topsen
84 0 111151 1 78.21636 topsen
84 0 111664 2 76.74851 topsen
84 0 110361 3 76.187164 topsen
84 0 109200 4 75.12795 topsen
84 0 800858 5 75.079414 topsen
84 0 109895 6 72.58765 topsen
84 0 122251 7 72.555084 topsen
84 0 110473 8 71.91693 topsen
84 0 109891 9 71.648895 topsen
85 0 802973 0 59.925304 topsen
85 0 803271 1 59.925304 topsen
85 0 2959737 2 59.925304 topsen
85 0 137749 3 52.25441 topsen
85 0 150543 4 49.378178 topsen
85 0 2959732 5 49.378178 topsen
85 0 146553 6 48.911167 topsen
85 0 146790 7 48.911167 topsen
85 0 111586 8 47.782646 topsen
85 0 218925 9 47.07172 topsen
86 0 3171724 0 48.462143 topsen
86 0 3177199 1 48.462143 topsen
86 0 3177200 2 48.462143 topsen
86 0 3195092 3 41.836475 topsen
86 0 3205766 4 37.36277 topsen
86 0 802973 5 36.43846 topsen
86 0 803271 6 36.43846 topsen
86 0 2959737 7 36.43846 topsen
86 0 3170730 8 35.070835 topsen
86 0 3177197 9 35.070835 topsen
87 0 143378 0 41.031513 topsen
87 0 112807 1 40.3281 topsen
87 0 112746 2 39.993614 topsen
87 0 112080 3 38.995914 topsen
87 0 111170 4 38.363518 topsen
87 0 136998 5 37.806885 topsen
87 0 118109 6 37.786255 topsen
87 0 117899 7 36.382454 topsen
87 0 1088038 8 35.8046 topsen
87 0 111186 9 35.73213 topsen
88 0 625833 0 35.904755 topsen
88 0 145122 1 35.834373 topsen
88 0 111170 2 34.738174 topsen
88 0 130159 3 34.28591 topsen
88 0 182991 4 34.07699 topsen
88 0 625711 5 33.943222 topsen
88 0 127691 6 33.831802 topsen
88 0 147529 7 33.55254 topsen
88 0 145770 8 33.543343 topsen
88 0 182992 9 33.188152 topsen
89 0 4151822 0 205.16435 topsen
89 0 2812588 1 175.76414 topsen
89 0 4162110 2 158.75015 topsen
89 0 2770446 3 154.75615 topsen
89 0 4106440 4 102.00727 topsen
89 0 145817 5 101.8906 topsen
89 0 180494 6 97.31343 topsen
89 0 145647 7 96.48214 topsen
89 0 145954 8 95.545425 topsen
89 0 4094005 9 93.03633 topsen
90 0 145626 0 18.24007 topsen
90 0 109643 1 18.059114 topsen
90 0 109921 2 17.77049 topsen
90 0 118054 3 17.559464 topsen
90 0 118420 4 17.250887 topsen
90 0 109079 5 17.12165 topsen
90 0 2620698 6 16.893915 topsen
90 0 109776 7 16.632711 topsen
90 0 109080 8 16.504326 topsen
90 0 109016 9 16.35744 topsen
91 0 3212514 0 65.290085 topsen
91 0 219097 1 50.758373 topsen
91 0 145892 2 48.947025 topsen
91 0 145785 3 47.05103 topsen
91 0 1087959 4 47.029285 topsen
91 0 856791 5 46.12431 topsen
91 0 110032 6 45.977325 topsen
91 0 624280 7 44.94511 topsen
91 0 118507 8 43.67625 topsen
91 0 109043 9 43.250854 topsen
92 0 3212514 0 26.905886 topsen
92 0 2675751 1 20.718681 topsen
92 0 4162936 2 19.818466 topsen
92 0 109818 3 19.781258 topsen
92 0 111820 4 19.7048 topsen
92 0 111828 5 19.674215 topsen
92 0 109857 6 19.475721 topsen
92 0 111694 7 19.304749 topsen
92 0 112241 8 18.807932 topsen
92 0 111191 9 18.745813 topsen
93 0 110877 0 101.82351 topsen
93 0 118107 1 98.5146 topsen
93 0 118334 2 98.168976 topsen
93 0 130158 3 97.64417 topsen
93 0 109610 4 90.869576 topsen
93 0 4151827 5 88.97147 topsen
93 0 110248 6 87.587326 topsen
93 0 931614 7 86.78755 topsen
93 0 2788983 8 86.56763 topsen
93 0 110200 9 85.529854 topsen
94 0 931614 0 118.376305 topsen
94 0 3195891 1 104.58744 topsen
94 0 4151827 2 102.76288 topsen
94 0 2788983 3 97.56848 topsen
94 0 130158 4 84.14861 topsen
94 0 145901 5 82.78333 topsen
94 0 117874 6 79.95571 topsen
94 0 118107 7 79.32947 topsen
94 0 118334 8 79.216934 topsen
94 0 118129 9 78.96462 topsen
95 0 107232 0 32.153606 topsen
95 0 108555 1 30.857721 topsen
95 0 105495 2 29.85877 topsen
95 0 107794 3 26.724403 topsen
95 0 107475 4 26.162403 topsen
95 0 111385 5 24.758978 topsen
95 0 108161 6 24.15177 topsen
95 0 101863 7 24.150982 topsen
95 0 112765 8 23.938934 topsen
95 0 112343 9 23.816784 topsen
96 0 104330 0 19.185762 topsen
96 0 91961 1 18.871696 topsen
96 0 91505 2 18.858837 topsen
96 0 2650505 3 18.688366 topsen
96 0 104523 4 18.67131 topsen
96 0 86280 5 18.460608 topsen
96 0 108711 6 18.311138 topsen
96 0 106657 7 18.21592 topsen
96 0 108330 8 18.20992 topsen
96 0 2959738 9 18.147528 topsen
97 0 112101 0 45.22711 topsen
97 0 111922 1 35.744267 topsen
97 0 136993 2 31.044418 topsen
97 0 118379 3 26.531609 topsen
97 0 2806208 4 26.419971 topsen
97 0 2808294 5 26.419971 topsen
97 0 134751 6 25.904207 topsen
97 0 145822 7 25.732664 topsen
97 0 105412 8 25.491266 topsen
97 0 109772 9 25.423445 topsen
98 0 2655591 0 35.712444 topsen
98 0 145903 1 34.41564 topsen
98 0 145822 2 34.151215 topsen
98 0 117902 3 34.11487 topsen
98 0 103809 4 33.870617 topsen
98 0 118148 5 33.492355 topsen
98 0 2811845 6 33.347797 topsen
98 0 117832 7 33.343582 topsen
98 0 2676593 8 33.225727 topsen
98 0 110996 9 33.207924 topsen
99 0 112267 0 63.628174 topsen
99 0 111884 1 49.149624 topsen
99 0 110552 2 47.66475 topsen
99 0 118121 3 43.369324 topsen
99 0 109976 4 40.70216 topsen
99 0 104759 5 37.9483 topsen
99 0 110578 6 36.227367 topsen
99 0 109673 7 35.834183 topsen
99 0 145914 8 35.599266 topsen
99 0 96562 9 33.244267 topsen
100 0 112267 0 200.9536 topsen
100 0 110552 1 179.02539 topsen
100 0 111884 2 163.48572 topsen
100 0 112723 3 153.89485 topsen
100 0 112321 4 151.32498 topsen
100 0 145787 5 149.62375 topsen
100 0 112227 6 146.79161 topsen
100 0 111381 7 145.03526 topsen
100 0 112801 8 144.63579 topsen
100 0 108405 9 142.56424 topsen
